~o
<STREAMINFO> 1 39
<VECSIZE> 39<NULLD><MFCC_D_A_0><DIAGC>
~h "belas"
<BEGINHMM>
<NUMSTATES> 20
<STATE> 2
<MEAN> 39
 -1.611857e+01 -6.459559e+00 3.579580e-02 -4.041216e+00 3.118634e+00 -4.825793e+00 2.327317e+00 -5.791034e+00 1.103343e+00 -6.850340e+00 3.059391e-01 -5.113875e+00 5.665523e+01 7.159746e-01 1.094329e+00 8.881097e-01 7.185485e-01 2.016867e-02 -2.183867e-01 -4.998061e-01 -7.675695e-01 -1.085745e+00 -9.681399e-01 -4.577308e-01 -4.777571e-01 3.592456e-01 4.623249e-01 4.896060e-01 3.979105e-01 2.403535e-01 -5.305398e-02 -2.199541e-01 -4.670429e-01 -4.678416e-01 -3.650199e-01 -2.054075e-01 -1.485601e-01 -2.167736e-01 2.001788e-01
<VARIANCE> 39
 2.227349e+00 8.306081e+00 7.920924e+00 1.556591e+01 1.541203e+01 2.027143e+01 1.686396e+01 2.393941e+01 1.861554e+01 1.633818e+01 1.297840e+01 1.631318e+01 6.126332e-01 1.304851e+00 1.982358e+00 1.747566e+00 1.851565e+00 1.226127e+00 1.927313e+00 2.610880e+00 3.519658e+00 3.435702e+00 2.631883e+00 2.287919e+00 2.421725e+00 2.338413e-01 1.788452e-01 2.355738e-01 2.030129e-01 3.145550e-01 2.745281e-01 3.313868e-01 3.242638e-01 3.290656e-01 4.380667e-01 3.842564e-01 3.569897e-01 3.694781e-01 3.598353e-02
<GCONST> 9.171590e+01
<STATE> 3
<MEAN> 39
 -6.959188e+00 5.183103e+00 9.044073e+00 2.022638e+00 2.401124e+00 -8.879454e+00 -5.651247e+00 -1.469349e+01 -7.862434e+00 -1.345586e+01 -5.124122e+00 -1.079731e+01 6.091219e+01 2.288914e+00 1.681862e+00 5.440902e-01 -2.399009e-01 -7.722001e-01 -1.136330e+00 -2.167386e+00 -1.484840e+00 -9.616828e-03 1.328548e+00 4.428163e-01 -6.227315e-01 1.342644e+00 -5.676067e-02 -9.470351e-01 -1.061528e+00 -9.994406e-01 -3.978660e-01 5.703032e-02 -2.173496e-01 1.474244e-01 9.738810e-01 1.252169e+00 6.353852e-01 3.132727e-01 2.046791e-01
<VARIANCE> 39
 8.424965e+00 1.335894e+01 9.607107e+00 1.426764e+01 2.643542e+01 3.231754e+01 3.702048e+01 3.766727e+01 3.222548e+01 2.623275e+01 5.492829e+01 3.912773e+01 2.376530e+00 1.304021e+00 4.025359e+00 4.913260e+00 5.279333e+00 3.104499e+00 3.127378e+00 3.223289e+00 3.417543e+00 3.496010e+00 6.793896e+00 5.431018e+00 2.718829e+00 4.805593e-01 1.346821e-01 3.349667e-01 4.007258e-01 5.815992e-01 9.189747e-01 4.760858e-01 5.684529e-01 1.005051e+00 6.085054e-01 6.236630e-01 5.960503e-01 5.335851e-01 7.587904e-02
<GCONST> 1.146687e+02
<STATE> 4
<MEAN> 39
 8.160726e-01 3.053640e+00 2.055428e+00 -7.081689e+00 -4.188022e+00 -1.264109e+01 -1.618097e+01 -1.897499e+01 5.387608e-01 2.430064e+00 3.183409e+00 -1.001820e+01 6.777008e+01 1.774898e+00 -2.332932e+00 -2.736281e+00 -2.530099e+00 -1.347091e+00 1.585209e-01 -2.541538e+00 -7.157059e-01 2.939303e+00 2.872908e+00 5.763472e-01 -7.827647e-02 2.139031e+00 -5.532846e-01 -4.328477e-01 1.537675e-01 4.669056e-01 5.409120e-01 6.254680e-01 6.460100e-01 7.388806e-01 -8.992326e-02 -1.183433e+00 -8.564787e-01 1.220365e-01 -2.718283e-01
<VARIANCE> 39
 6.037621e+00 2.189898e+01 4.052886e+01 2.495575e+01 7.077616e+01 6.813110e+01 5.976324e+01 8.127623e+01 3.047911e+01 6.422224e+01 7.646886e+01 3.651508e+01 7.720805e+00 7.277578e-01 1.778645e+00 3.536459e+00 4.015002e+00 1.442964e+01 7.021663e+00 3.319101e+00 9.166616e+00 5.003804e+00 1.167939e+01 4.184952e+00 4.415167e+00 3.677427e-01 1.267368e-01 4.892366e-01 7.606523e-01 6.383823e-01 8.455299e-01 2.962967e-01 3.368691e-01 9.446623e-01 7.723333e-01 6.140615e-01 5.059613e-01 3.511592e-01 1.152757e-01
<GCONST> 1.242705e+02
<STATE> 5
<MEAN> 39
 2.658932e+00 -3.968287e+00 -3.284281e+00 -9.567007e+00 -3.760800e+00 -8.781697e+00 -1.833972e+01 -1.746902e+01 5.803152e+00 1.559938e+00 -1.181994e+00 -8.563089e+00 7.137565e+01 9.606241e-02 -9.821899e-01 -3.321919e-01 -4.177273e-01 3.352506e-01 7.677523e-01 -4.099587e-01 6.711189e-01 1.010142e+00 -3.437058e-01 -1.191766e+00 7.588469e-01 4.468015e-01 -2.491546e-01 6.712128e-01 6.157891e-01 2.424092e-01 2.462355e-01 -1.255674e-01 3.172731e-01 -7.331462e-02 -6.485110e-01 -1.830464e-01 6.290663e-02 -8.449746e-02 -3.843028e-01
<VARIANCE> 39
 2.787710e+00 1.925236e+01 5.182177e+01 2.333307e+01 1.274301e+02 1.123829e+02 7.289336e+01 1.266879e+02 4.961996e+01 1.288105e+02 1.314940e+02 3.077152e+01 3.998233e+00 9.172469e-02 1.103895e+00 1.954393e+00 8.790606e-01 1.262738e+00 1.130012e+00 1.508508e+00 2.244730e+00 2.618269e+00 2.229556e+00 2.552123e+00 1.582494e+00 1.982678e-01 5.016199e-02 1.287475e-01 3.708946e-01 2.226795e-01 7.648273e-01 2.700610e-01 3.567834e-01 4.662242e-01 7.224008e-01 1.195724e+00 5.816944e-01 4.347802e-01 5.432512e-02
<GCONST> 1.059394e+02
<STATE> 6
<MEAN> 39
 2.589352e+00 -2.986876e+00 -3.696559e+00 -1.022115e+01 -6.163898e-03 -1.147140e+01 -1.948446e+01 -1.435513e+01 4.709445e+00 1.485580e+00 -4.745790e+00 -7.952543e+00 7.120349e+01 -7.525896e-03 1.578619e-02 -1.747176e-01 -5.502802e-01 4.500021e-01 2.914094e-01 4.111844e-01 1.805151e-01 -1.600272e-01 5.035086e-01 -1.571661e-01 -4.206695e-01 8.560786e-02 2.524947e-03 -9.756122e-02 -1.639912e-01 -9.854037e-02 -5.760253e-02 7.250364e-03 2.406967e-01 2.417437e-01 2.157452e-02 -1.056915e-01 -1.222616e-01 -1.995881e-01 4.912832e-02
<VARIANCE> 39
 1.488414e+00 1.797605e+01 3.319079e+01 2.299948e+01 8.072429e+01 1.534318e+02 3.357038e+01 1.403670e+02 4.285652e+01 7.452984e+01 1.481179e+02 3.172358e+01 6.025206e+00 6.222371e-02 3.199228e-01 5.819287e-01 5.328102e-01 4.896983e-01 4.165000e-01 1.131577e+00 1.101136e+00 1.524290e+00 1.466553e+00 1.371613e+00 7.338800e-01 4.803619e-02 8.068766e-03 6.161221e-02 8.825432e-02 1.139322e-01 7.713874e-02 1.152264e-01 1.439658e-01 2.481076e-01 2.346467e-01 3.455569e-01 3.574820e-01 1.632568e-01 1.171973e-02
<GCONST> 7.906036e+01
<STATE> 7
<MEAN> 39
 2.611441e+00 -5.271742e+00 -3.228265e+00 -1.608425e+01 4.942730e-01 -4.310439e+00 -1.597210e+01 -1.115546e+01 6.289112e+00 4.962231e+00 -2.404688e+00 -1.382164e+01 7.347045e+01 -1.992990e-01 -1.808248e+00 -5.495880e-01 -6.854082e-01 2.017945e-02 7.279250e-01 1.607329e+00 2.970692e+00 -3.492929e-02 -1.447165e+00 -2.322723e+00 -8.701825e-01 8.444032e-01 -1.243215e-01 -3.793104e-01 1.746583e-01 3.501420e-01 -1.609932e-01 1.074323e-01 2.110963e-01 2.579253e-01 -2.912327e-01 -6.014844e-01 -2.366204e-01 4.215313e-01 1.050183e-01
<VARIANCE> 39
 6.515328e-01 1.757376e+01 5.605793e+01 2.095895e+01 1.596648e+02 1.442928e+02 7.493897e+01 2.057010e+02 5.633305e+01 5.940919e+01 1.871993e+02 3.318518e+01 7.626667e+00 2.144943e-01 1.514418e+00 1.025888e+00 1.599944e+00 1.117077e+00 1.217693e+00 1.954623e+00 2.250890e+00 2.121924e+00 2.863573e+00 1.695325e+00 1.794106e+00 2.849638e-01 1.764824e-02 1.674754e-01 1.560552e-01 2.279688e-01 2.288306e-01 1.494349e-01 2.808454e-01 5.986484e-01 4.113370e-01 1.917770e-01 4.238561e-01 2.471100e-01 2.781088e-02
<GCONST> 9.987829e+01
<STATE> 8
<MEAN> 39
 2.642608e-01 -1.551352e+01 -2.128981e+00 -1.424184e+01 -3.217097e+00 1.191190e+00 -8.572533e+00 -3.221452e+00 3.817481e+00 -3.336211e+00 -1.147176e+01 -9.300691e+00 7.781738e+01 -2.252400e-01 -5.998570e-01 -1.551082e-01 6.021164e-01 -2.330967e-01 -1.695897e-01 8.049037e-01 6.592181e-01 -5.587928e-01 -1.778441e+00 -7.624318e-01 1.026435e+00 1.616778e-01 3.335564e-02 4.975075e-01 -1.206194e-02 5.630525e-02 4.929873e-02 -3.219179e-01 -2.214012e-01 -4.172594e-01 6.310885e-02 1.762248e-01 4.011349e-01 4.933761e-02 -2.281078e-01
<VARIANCE> 39
 2.418172e+00 1.006725e+01 5.068428e+01 1.242578e+01 1.816303e+02 1.753073e+02 3.690073e+01 2.136092e+02 1.043095e+02 2.977101e+01 9.235995e+01 7.178105e+01 1.133697e+01 1.427097e-01 1.863833e+00 7.997845e-01 9.684176e-01 1.748347e+00 1.219574e+00 1.207646e+00 2.353520e+00 1.472296e+00 2.288619e+00 1.498304e+00 8.832099e-01 3.344895e-01 4.268960e-02 1.100267e-01 1.580573e-01 1.732046e-01 1.929741e-01 1.460672e-01 1.599066e-01 4.526476e-01 1.810837e-01 3.667386e-01 1.608330e-01 2.192678e-01 2.139842e-02
<GCONST> 9.549100e+01
<STATE> 9
<MEAN> 39
 5.869944e-01 -1.070169e+01 -8.566140e+00 -1.062253e+01 -6.575950e-01 -1.288595e+01 -6.541912e+00 4.861344e-01 -5.336317e-01 -1.330328e+01 -1.527573e+01 -5.055469e+00 7.402373e+01 -2.481693e-01 6.445997e-01 6.116447e-01 7.562518e-01 -9.019530e-02 -6.647891e-01 4.723099e-01 -1.233851e-01 -4.225068e-01 -4.489004e-01 2.285331e-01 3.756089e-01 -4.669147e-01 -1.437581e-01 1.867722e-01 1.734908e-01 2.647019e-01 1.585665e-01 5.182169e-02 -1.408703e-02 -2.640389e-01 1.522324e-02 2.318809e-01 5.348622e-02 -1.256165e-02 -1.318463e-01
<VARIANCE> 39
 2.172710e+00 1.809104e+01 2.455352e+01 2.217150e+01 4.535729e+01 1.937613e+02 1.774222e+01 9.615705e+01 6.381599e+01 2.414955e+01 3.244329e+01 6.558530e+01 8.384015e+00 2.518165e-01 8.294582e-01 9.697182e-01 8.560727e-01 1.904355e+00 1.385692e+00 1.006313e+00 1.940178e+00 9.070098e-01 8.802159e-01 5.581715e-01 1.215485e+00 2.583099e-01 6.515616e-02 1.364711e-01 1.089231e-01 1.920270e-01 2.647137e-01 2.415188e-01 2.347491e-01 1.749742e-01 1.998694e-01 1.858470e-01 1.070939e-01 2.003551e-01 9.449777e-03
<GCONST> 8.689282e+01
<STATE> 10
<MEAN> 39
 -2.219366e+00 -7.581423e+00 -1.827996e+00 -5.657128e+00 -1.433808e+00 -8.866396e+00 -4.229644e+00 -5.769108e+00 2.124176e-01 -1.124107e+01 -1.428933e+01 -4.848905e+00 7.055922e+01 -1.732257e+00 1.775122e+00 -1.466382e-02 1.621022e+00 7.101249e-01 -1.798131e-01 1.141273e+00 -1.241739e+00 2.186066e-01 -2.163399e-01 7.805864e-01 -2.445618e-01 -9.417026e-01 -6.985763e-01 6.088663e-01 -8.508481e-01 -7.638274e-02 -9.550909e-02 -9.041592e-02 5.407338e-01 -2.383031e-01 4.002349e-01 -1.224523e-01 2.920111e-01 -5.321729e-01 2.571982e-01
<VARIANCE> 39
 4.426034e+00 8.976340e+00 1.377508e+01 2.777835e+01 2.257879e+01 1.212758e+02 1.514498e+01 5.162972e+01 9.658867e+01 3.017849e+01 5.816887e+01 3.286960e+01 1.333072e+01 7.897864e-01 2.169099e+00 1.828790e+00 1.443296e+00 1.183577e+00 2.431603e+00 2.438318e+00 2.174833e+00 4.148573e+00 1.454999e+00 2.237807e+00 3.342494e+00 2.164179e-01 1.296682e-01 2.365631e-01 1.616113e-01 2.446118e-01 3.253697e-01 3.598747e-01 3.315899e-01 1.878318e-01 7.551081e-01 2.753063e-01 4.708190e-01 3.826241e-01 5.433664e-02
<GCONST> 1.026874e+02
<STATE> 11
<MEAN> 39
 -9.903523e+00 -1.543072e-01 -5.225273e+00 -2.546884e+00 7.591525e-01 -1.089117e+01 1.327059e+00 -9.635720e+00 2.962634e+00 -1.352388e+01 -9.550016e+00 -1.027788e+01 6.995507e+01 -3.955208e+00 4.139242e+00 -2.710033e+00 1.910327e+00 5.282708e-01 -1.090733e+00 2.712600e+00 -1.644123e+00 1.140508e+00 -8.940830e-01 1.319385e+00 -5.763239e-01 3.400709e-01 -2.665263e-01 2.213465e-01 -3.776971e-01 -4.673469e-02 -4.882666e-02 -9.949311e-02 -5.653524e-02 4.560138e-01 -2.048338e-01 2.530241e-01 -1.067618e-02 5.017840e-01 2.732889e-01
<VARIANCE> 39
 1.726804e+01 1.136168e+01 1.188002e+01 2.425072e+01 3.240014e+01 6.765691e+01 2.006469e+01 3.695201e+01 3.615725e+01 2.627374e+01 4.459955e+01 4.033941e+01 1.283957e+01 3.644729e-01 2.195482e+00 1.227056e+00 1.833019e+00 5.610267e+00 2.202433e+00 2.286370e+00 3.150487e+00 6.370738e+00 1.280277e+00 4.008886e+00 1.859249e+00 2.555409e-01 1.838170e-01 2.312190e-01 1.874651e-01 2.663376e-01 2.728990e-01 9.612387e-02 2.284620e-01 2.913312e-01 6.800308e-01 3.085333e-01 2.816291e-01 1.986679e-01 2.961550e-02
<GCONST> 1.011742e+02
<STATE> 12
<MEAN> 39
 -1.949794e+01 1.005775e+01 -1.284277e+01 2.124732e+00 8.461421e-01 -1.301790e+01 6.967165e+00 -9.868117e+00 3.214133e+00 -1.373399e+01 -6.034307e+00 -6.639976e+00 7.183883e+01 -2.668432e+00 2.517869e+00 -1.401254e+00 7.117829e-01 7.256432e-01 -4.637277e-01 1.056973e+00 1.336447e-01 -6.237241e-01 5.707642e-01 8.554515e-01 1.857877e-01 7.079002e-02 6.073793e-01 -7.382326e-01 7.511782e-01 -3.606813e-01 9.166303e-02 3.040274e-01 -5.478028e-01 3.298635e-01 -3.880806e-01 2.898385e-01 -1.743982e-01 9.958374e-03 -1.510000e-01
<VARIANCE> 39
 1.169512e+01 1.738575e+01 1.647375e+01 2.804378e+01 6.300282e+01 4.846225e+01 3.980068e+01 1.515939e+01 2.469790e+01 5.075508e+01 4.813240e+01 4.431325e+01 7.862177e+00 8.688518e-01 1.642235e+00 2.012348e+00 1.193159e+00 1.804004e+00 1.928064e+00 1.803962e+00 1.400433e+00 3.063427e+00 1.616740e+00 1.364514e+00 1.417951e+00 1.845887e-01 7.281530e-02 1.693979e-01 1.281793e-01 2.359936e-01 5.809781e-01 2.786888e-01 3.685964e-01 2.852889e-01 5.606413e-01 2.515879e-01 3.335324e-01 1.909687e-01 2.092422e-02
<GCONST> 9.784432e+01
<STATE> 13
<MEAN> 39
 -2.504669e+01 1.446206e+01 -1.133297e+01 3.021098e+00 4.399010e+00 -1.415201e+01 7.419736e+00 -7.769627e+00 -3.638418e-01 -1.219874e+01 -1.736770e+00 -8.605840e+00 7.024255e+01 -6.655087e-01 2.430850e-01 1.236671e-01 -4.912055e-02 1.610521e-01 4.862219e-01 1.116604e-01 3.139780e-01 -2.103035e-01 2.985807e-01 5.912511e-01 -4.915756e-02 -4.589744e-01 1.865785e-01 -3.009081e-01 2.157922e-02 -5.566779e-02 -8.682293e-02 1.209501e-01 3.510953e-02 -5.152541e-02 1.452439e-01 -7.554401e-02 -1.467070e-02 3.700363e-02 -5.903088e-02
<VARIANCE> 39
 5.624698e+00 2.070294e+01 1.592518e+01 2.925128e+01 6.632043e+01 5.114762e+01 2.684096e+01 2.902741e+01 2.705901e+01 4.156324e+01 5.289299e+01 3.256338e+01 7.144871e+00 2.477591e-01 5.019225e-01 4.826695e-01 9.507711e-01 1.073022e+00 1.417497e+00 2.066341e+00 1.447960e+00 2.197736e+00 8.823463e-01 9.745969e-01 1.563466e+00 1.001183e-01 6.131529e-02 5.690824e-02 9.397360e-02 1.298423e-01 2.510433e-01 2.005890e-01 3.729983e-01 2.827141e-01 3.243564e-01 1.238354e-01 1.686507e-01 3.210217e-01 1.487194e-02
<GCONST> 8.560124e+01
<STATE> 14
<MEAN> 39
 -2.912431e+01 1.698577e+01 -1.633737e+01 4.893289e+00 4.348094e+00 -9.334505e+00 8.774743e+00 -6.312257e+00 -2.510154e+00 -3.332000e+00 -3.600717e+00 -3.315326e+00 6.723444e+01 -1.454598e-01 -4.600085e-01 1.455113e-01 1.683953e-01 -2.713172e-02 9.023207e-02 1.029354e-01 2.082065e-02 -2.569224e-01 -7.454225e-02 2.819813e-01 4.064640e-01 -4.927294e-01 7.772718e-02 -1.073838e-01 3.186329e-02 -5.423723e-03 3.469485e-02 2.094154e-02 -5.687903e-07 -8.865821e-02 -6.567251e-02 -1.466955e-01 -2.887231e-02 3.755253e-03 -2.587612e-02
<VARIANCE> 39
 5.098064e+00 1.113942e+01 1.425888e+01 2.318789e+01 2.759864e+01 1.302573e+01 1.812989e+01 1.497538e+01 2.380016e+01 2.781197e+01 2.899694e+01 3.869189e+01 7.786578e+00 2.608361e-01 4.366018e-01 3.690034e-01 6.004328e-01 9.803635e-01 9.175081e-01 1.146988e+00 1.179722e+00 1.559622e+00 1.292501e+00 1.179485e+00 8.519563e-01 1.682898e-01 5.238013e-02 5.335695e-02 4.101757e-02 7.081292e-02 2.381793e-01 1.660138e-01 2.262421e-01 2.466482e-01 3.606647e-01 2.351436e-01 1.863155e-01 1.116013e-01 2.348933e-02
<GCONST> 7.608775e+01
<STATE> 15
<MEAN> 39
 -2.628230e+01 7.014797e+00 -1.026483e+01 1.454744e+00 4.334077e+00 -6.867628e+00 8.431767e+00 -7.987598e+00 -2.085552e+00 -1.334827e+01 -1.651542e-01 -6.006518e+00 6.309445e+01 3.884829e-01 -1.218739e+00 4.288195e-01 -4.946615e-03 3.290189e-01 1.120845e+00 -9.530599e-03 -3.918702e-01 -7.969432e-02 -5.241605e-01 -6.585099e-01 -1.386764e-01 -8.897525e-01 8.972061e-02 2.586110e-02 9.958379e-02 7.229976e-02 7.344288e-02 7.155290e-02 -9.936431e-02 -7.244870e-04 1.204006e-01 1.586212e-01 -1.183209e-01 -1.861813e-01 1.516212e-02
<VARIANCE> 39
 6.597734e+00 1.590797e+01 2.335093e+01 3.809423e+01 7.604942e+01 2.262613e+01 1.688748e+01 2.229566e+01 5.166644e+01 2.625183e+01 3.411880e+01 3.869188e+01 8.210718e+00 1.357958e-01 4.555161e-01 7.225937e-01 7.388687e-01 1.411451e+00 8.460367e-01 1.360518e+00 1.412621e+00 1.494804e+00 1.560812e+00 1.588790e+00 8.763371e-01 9.179594e-02 3.051137e-02 7.607123e-02 1.007894e-01 1.211903e-01 1.417213e-01 1.700706e-01 2.800972e-01 1.576331e-01 3.233182e-01 2.853056e-01 2.628193e-01 1.736796e-01 1.658693e-02
<GCONST> 8.233092e+01
<STATE> 16
<MEAN> 39
 -2.420213e+01 4.963511e+00 -7.804679e+00 4.602314e+00 8.041336e+00 -3.012682e+00 1.059072e+01 -1.017604e+01 1.405317e+00 -1.197886e+01 -2.096224e+00 -8.579084e+00 6.054798e+01 6.954104e-01 -1.195025e+00 6.810381e-01 -3.268694e-01 3.227050e-02 7.855397e-01 -9.732167e-02 2.028199e-01 6.112842e-01 7.952907e-01 -2.188459e-01 -1.000216e+00 -5.054370e-01 -1.324497e-02 -1.523000e-01 -1.395167e-01 -1.808921e-01 -2.794140e-01 -1.592126e-01 -3.947750e-02 1.842598e-01 8.112800e-03 -4.651935e-02 -1.003058e-01 -7.561857e-02 1.151154e-02
<VARIANCE> 39
 6.123582e+00 2.422618e+01 1.133515e+01 1.270536e+01 3.064785e+01 5.129052e+01 2.705040e+01 3.092960e+01 5.625914e+01 3.234948e+01 1.719969e+01 2.362508e+01 5.716100e+00 1.074052e-01 6.386545e-01 7.249964e-01 1.517356e+00 1.350836e+00 1.523985e+00 1.452174e+00 3.013165e+00 2.765026e+00 1.717789e+00 9.857568e-01 1.512337e+00 6.201553e-02 1.680405e-02 7.718893e-02 1.277317e-01 1.709355e-01 9.844119e-02 1.658253e-01 2.503524e-01 3.967799e-01 5.620302e-01 3.188275e-01 1.702257e-01 3.259938e-01 1.076458e-02
<GCONST> 8.374561e+01
<STATE> 17
<MEAN> 39
 -2.245718e+01 -2.276018e+00 -6.673393e+00 1.450132e+00 4.388103e+00 -3.624602e-01 8.178758e+00 -7.489775e+00 2.030972e+00 -1.110260e+01 -5.794317e+00 -1.090328e+01 5.789688e+01 4.691751e-01 -1.062051e+00 7.037386e-01 -2.535986e-01 -2.567228e-01 3.024393e-01 -6.614891e-01 -1.573004e-01 -5.663463e-01 -6.016878e-01 -2.323815e-01 2.358127e-01 -5.260019e-01 2.701670e-02 2.121304e-01 1.266646e-01 5.805951e-02 1.208741e-01 -3.064833e-02 -7.659853e-02 -8.783701e-02 -2.935900e-01 -1.399317e-01 3.687311e-01 5.157391e-01 5.555169e-02
<VARIANCE> 39
 6.401629e+00 1.262822e+01 1.025390e+01 1.130859e+01 1.916885e+01 3.246967e+01 2.382044e+01 3.215029e+01 5.458493e+01 2.481410e+01 3.517168e+01 2.752552e+01 2.007967e+00 1.013585e-01 5.095263e-01 8.212436e-01 6.107099e-01 1.034315e+00 2.317675e+00 2.210114e+00 2.442318e+00 2.025318e+00 1.997976e+00 2.098684e+00 2.026315e+00 5.802379e-02 2.574685e-02 7.482942e-02 1.050425e-01 1.031177e-01 2.035097e-01 2.925233e-01 3.802151e-01 4.927968e-01 3.058254e-01 3.660007e-01 2.962563e-01 2.900604e-01 7.236191e-03
<GCONST> 8.274057e+01
<STATE> 18
<MEAN> 39
 -1.995507e+01 -6.369964e+00 -2.058256e+00 1.128311e+00 6.757455e+00 3.102629e+00 4.949584e+00 -8.312913e+00 -4.268929e+00 -1.371927e+01 -3.470648e+00 -5.199039e+00 5.591630e+01 6.566641e-01 -6.941065e-01 7.091334e-01 -4.819255e-01 4.806697e-01 5.321035e-01 8.650336e-02 2.561637e-01 -5.728757e-01 -2.118128e-01 -2.543376e-02 3.117609e-01 -2.467290e-01 -3.175958e-02 -4.280404e-02 -1.233777e-01 -2.088213e-01 -9.955134e-02 -9.367572e-02 7.956693e-02 3.076427e-01 2.378890e-01 1.588461e-01 -1.656948e-01 -3.013281e-01 2.710962e-02
<VARIANCE> 39
 6.361880e+00 1.879270e+01 1.027989e+01 2.699594e+01 2.833599e+01 2.291263e+01 1.833675e+01 3.272866e+01 6.359036e+01 3.715832e+01 4.019087e+01 1.693501e+01 1.456397e+00 2.425005e-01 7.889233e-01 1.183604e+00 1.140228e+00 1.296084e+00 9.184938e-01 1.660263e+00 2.728386e+00 2.054606e+00 2.674073e+00 2.350968e+00 1.374473e+00 4.802288e-02 2.791827e-02 1.090167e-01 2.352361e-01 2.130056e-01 2.422686e-01 2.305357e-01 3.271563e-01 7.367352e-01 5.255548e-01 4.383277e-01 4.109186e-01 1.988135e-01 1.089226e-02
<GCONST> 8.820919e+01
<STATE> 19
<MEAN> 39
 -1.851952e+01 -8.205173e+00 -1.367901e+00 -2.908629e+00 6.486039e+00 2.923725e+00 6.271588e+00 -6.070866e+00 -4.193662e+00 -1.335884e+01 -5.084118e+00 -8.488344e+00 5.535997e+01 1.278094e-01 -1.283556e+00 1.861015e-01 -9.438613e-01 -4.634676e-01 -1.652967e-01 -6.415619e-01 1.287196e+00 2.923293e-01 5.491038e-01 3.201384e-01 -3.524965e-01 -3.157798e-01 -9.234550e-02 -2.266338e-02 1.023671e-01 2.076709e-01 1.663748e-02 -6.314333e-02 -3.158477e-02 -5.242951e-02 -6.071999e-02 7.564219e-02 2.662033e-02 5.343014e-02 -1.244517e-02
<VARIANCE> 39
 5.647963e+00 1.957257e+01 1.361634e+01 1.848592e+01 1.095901e+01 2.131755e+01 3.366887e+01 3.105236e+01 4.647569e+01 4.048326e+01 2.189630e+01 1.878034e+01 2.438192e+00 2.533282e-01 4.160149e-01 5.264376e-01 1.180230e+00 1.045463e+00 1.264617e+00 1.499855e+00 2.691322e+00 2.420595e+00 2.359344e+00 2.738491e+00 1.290424e+00 8.948596e-02 3.010766e-02 6.816356e-02 6.121130e-02 1.277770e-01 2.712295e-01 2.351646e-01 3.114794e-01 2.722979e-01 2.622041e-01 3.712115e-01 3.892895e-01 1.904638e-01 1.097971e-02
<GCONST> 8.260445e+01
<TRANSP> 20
 0.000000e+00 1.000000e+00 0.000000e+00 0.000000e+00 0.000000e+00 0.000000e+00 0.000000e+00 0.000000e+00 0.000000e+00 0.000000e+00 0.000000e+00 0.000000e+00 0.000000e+00 0.000000e+00 0.000000e+00 0.000000e+00 0.000000e+00 0.000000e+00 0.000000e+00 0.000000e+00
 0.000000e+00 8.064587e-01 1.935414e-01 0.000000e+00 0.000000e+00 0.000000e+00 0.000000e+00 0.000000e+00 0.000000e+00 0.000000e+00 0.000000e+00 0.000000e+00 0.000000e+00 0.000000e+00 0.000000e+00 0.000000e+00 0.000000e+00 0.000000e+00 0.000000e+00 0.000000e+00
 0.000000e+00 0.000000e+00 7.645608e-01 2.354392e-01 0.000000e+00 0.000000e+00 0.000000e+00 0.000000e+00 0.000000e+00 0.000000e+00 0.000000e+00 0.000000e+00 0.000000e+00 0.000000e+00 0.000000e+00 0.000000e+00 0.000000e+00 0.000000e+00 0.000000e+00 0.000000e+00
 0.000000e+00 0.000000e+00 0.000000e+00 6.473657e-01 3.526343e-01 0.000000e+00 0.000000e+00 0.000000e+00 0.000000e+00 0.000000e+00 0.000000e+00 0.000000e+00 0.000000e+00 0.000000e+00 0.000000e+00 0.000000e+00 0.000000e+00 0.000000e+00 0.000000e+00 0.000000e+00
 0.000000e+00 0.000000e+00 0.000000e+00 0.000000e+00 6.618422e-01 3.381579e-01 0.000000e+00 0.000000e+00 0.000000e+00 0.000000e+00 0.000000e+00 0.000000e+00 0.000000e+00 0.000000e+00 0.000000e+00 0.000000e+00 0.000000e+00 0.000000e+00 0.000000e+00 0.000000e+00
 0.000000e+00 0.000000e+00 0.000000e+00 0.000000e+00 0.000000e+00 8.202803e-01 1.797197e-01 0.000000e+00 0.000000e+00 0.000000e+00 0.000000e+00 0.000000e+00 0.000000e+00 0.000000e+00 0.000000e+00 0.000000e+00 0.000000e+00 0.000000e+00 0.000000e+00 0.000000e+00
 0.000000e+00 0.000000e+00 0.000000e+00 0.000000e+00 0.000000e+00 0.000000e+00 7.054119e-01 2.945881e-01 0.000000e+00 0.000000e+00 0.000000e+00 0.000000e+00 0.000000e+00 0.000000e+00 0.000000e+00 0.000000e+00 0.000000e+00 0.000000e+00 0.000000e+00 0.000000e+00
 0.000000e+00 0.000000e+00 0.000000e+00 0.000000e+00 0.000000e+00 0.000000e+00 0.000000e+00 7.952541e-01 2.047460e-01 0.000000e+00 0.000000e+00 0.000000e+00 0.000000e+00 0.000000e+00 0.000000e+00 0.000000e+00 0.000000e+00 0.000000e+00 0.000000e+00 0.000000e+00
 0.000000e+00 0.000000e+00 0.000000e+00 0.000000e+00 0.000000e+00 0.000000e+00 0.000000e+00 0.000000e+00 8.077889e-01 1.922111e-01 0.000000e+00 0.000000e+00 0.000000e+00 0.000000e+00 0.000000e+00 0.000000e+00 0.000000e+00 0.000000e+00 0.000000e+00 0.000000e+00
 0.000000e+00 0.000000e+00 0.000000e+00 0.000000e+00 0.000000e+00 0.000000e+00 0.000000e+00 0.000000e+00 0.000000e+00 6.662966e-01 3.337034e-01 0.000000e+00 0.000000e+00 0.000000e+00 0.000000e+00 0.000000e+00 0.000000e+00 0.000000e+00 0.000000e+00 0.000000e+00
 0.000000e+00 0.000000e+00 0.000000e+00 0.000000e+00 0.000000e+00 0.000000e+00 0.000000e+00 0.000000e+00 0.000000e+00 0.000000e+00 5.191444e-01 4.808557e-01 0.000000e+00 0.000000e+00 0.000000e+00 0.000000e+00 0.000000e+00 0.000000e+00 0.000000e+00 0.000000e+00
 0.000000e+00 0.000000e+00 0.000000e+00 0.000000e+00 0.000000e+00 0.000000e+00 0.000000e+00 0.000000e+00 0.000000e+00 0.000000e+00 0.000000e+00 7.041625e-01 2.958375e-01 0.000000e+00 0.000000e+00 0.000000e+00 0.000000e+00 0.000000e+00 0.000000e+00 0.000000e+00
 0.000000e+00 0.000000e+00 0.000000e+00 0.000000e+00 0.000000e+00 0.000000e+00 0.000000e+00 0.000000e+00 0.000000e+00 0.000000e+00 0.000000e+00 0.000000e+00 8.310351e-01 1.689649e-01 0.000000e+00 0.000000e+00 0.000000e+00 0.000000e+00 0.000000e+00 0.000000e+00
 0.000000e+00 0.000000e+00 0.000000e+00 0.000000e+00 0.000000e+00 0.000000e+00 0.000000e+00 0.000000e+00 0.000000e+00 0.000000e+00 0.000000e+00 0.000000e+00 0.000000e+00 8.433355e-01 1.566646e-01 0.000000e+00 0.000000e+00 0.000000e+00 0.000000e+00 0.000000e+00
 0.000000e+00 0.000000e+00 0.000000e+00 0.000000e+00 0.000000e+00 0.000000e+00 0.000000e+00 0.000000e+00 0.000000e+00 0.000000e+00 0.000000e+00 0.000000e+00 0.000000e+00 0.000000e+00 8.169103e-01 1.830897e-01 0.000000e+00 0.000000e+00 0.000000e+00 0.000000e+00
 0.000000e+00 0.000000e+00 0.000000e+00 0.000000e+00 0.000000e+00 0.000000e+00 0.000000e+00 0.000000e+00 0.000000e+00 0.000000e+00 0.000000e+00 0.000000e+00 0.000000e+00 0.000000e+00 0.000000e+00 7.209217e-01 2.790784e-01 0.000000e+00 0.000000e+00 0.000000e+00
 0.000000e+00 0.000000e+00 0.000000e+00 0.000000e+00 0.000000e+00 0.000000e+00 0.000000e+00 0.000000e+00 0.000000e+00 0.000000e+00 0.000000e+00 0.000000e+00 0.000000e+00 0.000000e+00 0.000000e+00 0.000000e+00 7.149184e-01 2.850816e-01 0.000000e+00 0.000000e+00
 0.000000e+00 0.000000e+00 0.000000e+00 0.000000e+00 0.000000e+00 0.000000e+00 0.000000e+00 0.000000e+00 0.000000e+00 0.000000e+00 0.000000e+00 0.000000e+00 0.000000e+00 0.000000e+00 0.000000e+00 0.000000e+00 0.000000e+00 7.857947e-01 2.142054e-01 0.000000e+00
 0.000000e+00 0.000000e+00 0.000000e+00 0.000000e+00 0.000000e+00 0.000000e+00 0.000000e+00 0.000000e+00 0.000000e+00 0.000000e+00 0.000000e+00 0.000000e+00 0.000000e+00 0.000000e+00 0.000000e+00 0.000000e+00 0.000000e+00 0.000000e+00 6.776170e-01 3.223830e-01
 0.000000e+00 0.000000e+00 0.000000e+00 0.000000e+00 0.000000e+00 0.000000e+00 0.000000e+00 0.000000e+00 0.000000e+00 0.000000e+00 0.000000e+00 0.000000e+00 0.000000e+00 0.000000e+00 0.000000e+00 0.000000e+00 0.000000e+00 0.000000e+00 0.000000e+00 0.000000e+00
<ENDHMM>
