~o
<STREAMINFO> 1 39
<VECSIZE> 39<NULLD><MFCC_D_A_0><DIAGC>
~h "satu"
<BEGINHMM>
<NUMSTATES> 20
<STATE> 2
<MEAN> 39
 -1.876051e+01 -5.103631e+00 -3.402705e+00 -3.913577e+00 1.427038e-01 -7.325879e+00 2.634810e+00 -7.122625e+00 1.999757e+00 -6.791172e+00 2.416825e+00 -3.615620e+00 5.729387e+01 -1.058378e+00 1.481197e+00 -9.811819e-01 6.907026e-01 6.417463e-01 -7.991102e-01 1.230856e+00 -7.359617e-01 1.224098e+00 -1.590326e-01 7.757860e-01 -3.582308e-02 5.886778e-01 -3.149555e-01 5.207318e-01 -3.693729e-01 2.617407e-01 4.552235e-02 -1.105190e-01 2.904454e-01 -2.198527e-01 2.670473e-01 7.328454e-02 -2.879449e-02 -2.207198e-01 1.745472e-01
<VARIANCE> 39
 3.490066e+00 1.365803e+01 1.473072e+01 1.193253e+01 1.459248e+01 1.797528e+01 1.983328e+01 2.189930e+01 1.876490e+01 1.292136e+01 2.448778e+01 1.704312e+01 1.380183e+00 1.001811e+00 2.226946e+00 1.677582e+00 1.315688e+00 1.547185e+00 1.562613e+00 1.849681e+00 3.218113e+00 2.199780e+00 2.453472e+00 2.256637e+00 2.179380e+00 2.807571e-01 1.187744e-01 1.953214e-01 2.172254e-01 1.604172e-01 2.428664e-01 2.339609e-01 3.631622e-01 4.732723e-01 3.280618e-01 4.108573e-01 2.821739e-01 3.333858e-01 1.845165e-02
<GCONST> 9.036064e+01
<STATE> 3
<MEAN> 39
 -2.711790e+01 7.129703e+00 -1.134860e+01 1.821091e+00 1.817290e+00 -1.139165e+01 1.019302e+01 -1.221151e+01 9.186009e+00 -5.881645e+00 4.946471e+00 -3.355008e+00 6.146530e+01 -1.259329e+00 1.622772e+00 -1.263216e+00 7.588889e-01 4.635143e-01 -3.666551e-01 9.872373e-01 -3.472407e-01 4.360529e-01 5.516445e-01 -7.431878e-03 -2.038517e-02 7.078918e-01 5.708817e-01 -6.290349e-01 4.248216e-01 -4.673082e-01 -3.714553e-02 1.753898e-01 -4.578425e-01 3.916046e-01 -5.571522e-01 -9.707186e-02 -2.961270e-01 -4.811482e-02 -1.359765e-01
<VARIANCE> 39
 1.069367e+01 2.600173e+01 2.890788e+01 2.063893e+01 1.891415e+01 3.098988e+01 3.071848e+01 2.515814e+01 2.177813e+01 2.376805e+01 3.922932e+01 2.834407e+01 3.600203e+00 1.166051e+00 1.874832e+00 1.661664e+00 1.771302e+00 1.090221e+00 1.539762e+00 2.768970e+00 1.904258e+00 2.209341e+00 2.401792e+00 1.812462e+00 1.285136e+00 1.751976e-01 1.389700e-01 1.758589e-01 1.690426e-01 2.695932e-01 3.104628e-01 2.193119e-01 4.924708e-01 2.914275e-01 2.787816e-01 4.700039e-01 4.724607e-01 2.295359e-01 2.674794e-02
<GCONST> 9.677550e+01
<STATE> 4
<MEAN> 39
 -2.471915e+01 6.018812e+00 -1.168691e+01 -1.317042e+00 3.484018e+00 -1.264616e+01 8.839934e+00 -1.164788e+01 6.301621e+00 -5.691677e+00 1.739055e+00 -4.469503e+00 6.291716e+01 3.527253e+00 -7.706568e-01 -2.236211e-01 -1.955542e+00 -7.101270e-01 -1.129235e-01 -2.478260e+00 1.143870e-01 -8.868421e-01 -2.947476e-01 -1.744848e+00 -1.050320e+00 1.177719e+00 1.211090e+00 -3.228656e-01 -2.663454e-01 -3.742023e-01 -2.658628e-01 1.243003e-01 -6.346174e-01 -2.328435e-02 1.187771e-01 1.960360e-02 -4.383034e-01 -2.686617e-01 5.683969e-01
<VARIANCE> 39
 3.375654e+01 2.550483e+01 3.131620e+01 2.691302e+01 2.078971e+01 3.526012e+01 3.522323e+01 2.377310e+01 2.421376e+01 3.694251e+01 3.549081e+01 2.867296e+01 6.660689e+00 4.780312e+00 1.461075e+00 2.277476e+00 1.616414e+00 2.982088e+00 2.981590e+00 5.410023e+00 1.628725e+00 1.717546e+00 2.808477e+00 7.096170e+00 2.218030e+00 1.427624e+00 3.933612e-01 2.687908e-01 4.352466e-01 3.471119e-01 5.569009e-01 7.518285e-01 9.196088e-01 5.142970e-01 4.884558e-01 4.883060e-01 5.938615e-01 4.139029e-01 1.357815e-01
<GCONST> 1.158216e+02
<STATE> 5
<MEAN> 39
 -5.471118e+00 1.149085e+00 -1.584133e+01 -9.139050e+00 1.417197e+00 -1.082509e+01 -1.881794e+00 -9.849135e+00 4.758381e+00 -5.313214e+00 -6.189287e+00 -9.969135e+00 7.296986e+01 3.389374e+00 -2.575873e+00 -6.267579e-01 -9.140738e-01 4.745987e-01 1.129827e+00 -1.256828e+00 4.298064e-01 -1.223527e-01 2.053512e-02 -1.247082e+00 -5.297478e-01 2.074183e+00 -1.104859e+00 -1.201897e-01 3.834993e-01 7.003375e-01 2.974483e-01 1.975560e-01 6.630366e-01 -1.797066e-02 -2.052843e-02 -6.537608e-02 5.675719e-01 3.570204e-01 -5.616242e-01
<VARIANCE> 39
 1.157704e+01 2.752479e+01 3.520754e+01 2.441417e+01 4.247788e+01 6.698586e+01 7.853319e+01 8.445988e+01 4.043568e+01 1.151116e+02 1.456383e+02 3.031123e+01 2.161690e+01 3.539789e+00 2.091947e+00 4.449496e+00 2.497054e+00 3.140880e+00 4.267228e+00 5.115399e+00 7.614576e+00 3.721062e+00 3.720328e+00 4.554299e+00 3.312839e+00 1.765128e+00 1.330109e-01 4.034327e-01 3.681225e-01 2.207006e-01 4.002178e-01 7.776295e-01 7.816864e-01 6.372368e-01 4.361903e-01 6.491453e-01 6.499623e-01 3.925905e-01 1.647578e-01
<GCONST> 1.257101e+02
<STATE> 6
<MEAN> 39
 -3.192473e-01 -8.188231e+00 -1.092350e+01 -7.922417e+00 4.873941e+00 -8.964511e+00 -3.227885e+00 -5.371794e+00 1.840152e+00 -5.458998e+00 -5.383656e+00 -1.075737e+01 7.569717e+01 3.918870e-01 -2.921316e-01 8.187203e-01 1.247909e-01 -2.231803e-01 -6.988964e-02 -6.635293e-01 7.534385e-02 -1.987345e-01 1.919952e-01 -1.220784e-01 -4.103241e-03 -4.511541e-01 -3.124474e-01 4.719754e-01 2.206728e-01 2.915451e-02 -1.145693e-01 -1.726636e-01 -5.717061e-02 -5.239254e-02 -4.466508e-02 6.443956e-02 1.797884e-01 1.424733e-02 -3.703820e-01
<VARIANCE> 39
 3.927135e+00 2.871283e+01 9.002956e+01 2.173971e+01 5.904501e+01 3.647830e+01 8.544997e+01 1.572786e+02 6.936169e+01 7.005634e+01 1.356851e+02 2.934875e+01 2.135508e+01 1.962285e-01 1.055204e+00 1.079596e+00 7.326923e-01 8.501883e-01 8.895200e-01 1.708434e+00 1.062263e+00 1.231802e+00 1.708599e+00 1.590358e+00 7.750263e-01 4.408984e-01 5.324208e-02 1.004720e-01 2.359928e-01 1.734760e-01 1.991475e-01 2.320105e-01 2.942785e-01 3.607792e-01 2.993602e-01 2.197563e-01 3.839613e-01 1.993251e-01 2.172079e-02
<GCONST> 9.677924e+01
<STATE> 7
<MEAN> 39
 -2.010253e+00 -4.971563e+00 -4.945684e+00 -6.584620e+00 2.882923e+00 -6.864699e+00 -6.158125e+00 -5.546551e+00 3.291202e-01 -4.618280e+00 -4.774594e+00 -1.052855e+01 6.836989e+01 -7.745672e-01 4.765089e-01 8.868200e-01 4.625665e-01 -1.081787e-01 5.141226e-01 2.122318e-01 1.397229e-01 -7.358307e-01 -5.650181e-01 3.373774e-01 -2.731824e-02 -1.488752e+00 -1.479623e-01 -1.726045e-01 -1.392772e-01 -8.842326e-02 -5.437232e-03 5.436799e-02 2.170878e-01 1.319783e-01 -1.083038e-02 -2.584216e-02 1.581310e-02 -3.955827e-02 2.966201e-02
<VARIANCE> 39
 4.577292e+00 1.726365e+01 6.715684e+01 1.687313e+01 2.878520e+01 3.230261e+01 5.393502e+01 9.304565e+01 4.020593e+01 6.221326e+01 7.397596e+01 3.890147e+01 9.472351e+00 3.746447e-01 4.737328e-01 1.335158e+00 8.049743e-01 7.739116e-01 1.472479e+00 1.533541e+00 1.788354e+00 2.130344e+00 1.098801e+00 2.710913e+00 1.114529e+00 2.215337e-01 8.084735e-02 4.633465e-02 7.202905e-02 1.510582e-01 7.369335e-02 1.873895e-01 2.040350e-01 2.216851e-01 3.132504e-01 2.921226e-01 2.348522e-01 1.548791e-01 3.718574e-02
<GCONST> 8.992181e+01
<STATE> 8
<MEAN> 39
 -7.372750e+00 -4.386572e+00 -5.245837e+00 -7.359813e+00 6.541081e-01 -6.285731e+00 -3.894785e+00 -9.454900e+00 -1.757794e+00 -8.878572e+00 -5.048341e+00 -9.896236e+00 6.185490e+01 -7.475430e-01 -1.571923e-01 1.056734e+00 -1.911402e-01 1.196868e-01 1.317767e-01 4.325469e-01 4.435987e-01 -3.767172e-01 -2.516866e-01 1.901747e-01 -1.482341e-01 -7.977933e-01 6.220959e-02 5.158531e-02 -3.369745e-02 -2.297284e-03 2.966044e-02 -1.341437e-01 7.028109e-02 -7.436725e-02 2.056708e-01 6.144311e-02 -5.865167e-02 8.273609e-02 1.481558e-01
<VARIANCE> 39
 5.064085e+00 4.975595e+00 1.353751e+01 1.116348e+01 1.284626e+01 1.057507e+01 2.468139e+01 1.770783e+01 2.311870e+01 2.340460e+01 3.673035e+01 2.197429e+01 4.334239e+00 2.328454e-01 3.476741e-01 4.890427e-01 6.040795e-01 9.575512e-01 7.421476e-01 1.525123e+00 9.793474e-01 1.335794e+00 1.701435e+00 2.038128e+00 1.566609e+00 1.001141e-01 2.971344e-02 3.468546e-02 6.685351e-02 1.545365e-01 1.654351e-01 2.170687e-01 3.016047e-01 1.914026e-01 2.009916e-01 2.468235e-01 3.759498e-01 3.018636e-01 1.621827e-02
<GCONST> 7.444396e+01
<STATE> 9
<MEAN> 39
 -9.735896e+00 -4.244640e+00 9.238025e-02 -7.089765e+00 1.773031e+00 -5.935294e+00 -9.266372e-01 -5.075629e+00 -1.219145e+00 -8.183325e+00 -3.984220e+00 -1.077186e+01 5.948689e+01 -7.411855e-01 1.091904e-01 -2.137485e-01 -1.508378e-01 1.934349e-01 -2.040769e+00 2.607006e-01 -5.765965e-01 9.432686e-01 1.081578e+00 9.434321e-01 1.200604e+00 4.970438e-01 4.544686e-01 1.671926e-01 -3.771128e-01 -3.217811e-01 4.535289e-02 -1.082871e+00 -8.735686e-01 -7.703453e-01 -1.101239e-01 5.842440e-01 2.563725e-01 4.994558e-01 7.510145e-01
<VARIANCE> 39
 7.443187e+00 8.409136e+00 1.131376e+01 1.567258e+01 2.479820e+01 1.036967e+01 3.072328e+01 3.128274e+01 2.571715e+01 2.265452e+01 1.688992e+01 4.267917e+01 2.352454e+00 4.233792e-01 6.969253e-01 2.074309e+00 2.249215e+00 6.708264e+00 5.541769e+00 3.498537e+00 5.471879e+00 2.452974e+00 4.360042e+00 2.774049e+00 4.043298e+00 9.875612e-01 2.635822e-01 2.458645e-01 6.866078e-01 3.039147e-01 1.040560e+00 5.039590e-01 8.573753e-01 8.392734e-01 6.466253e-01 7.160323e-01 7.473295e-01 1.202699e+00 7.210148e-02
<GCONST> 1.100905e+02
<STATE> 10
<MEAN> 39
 -8.534916e+00 -2.763452e+00 -1.910690e+00 -1.024191e+01 3.363132e+00 -1.958490e+01 -6.920290e+00 -1.154061e+01 2.899556e-01 -1.472790e+00 -3.484994e-01 -3.884638e+00 6.604038e+01 2.427764e+00 1.104888e+00 -4.205855e-01 -1.773601e+00 1.551665e-01 -2.790572e+00 -3.706663e+00 -2.921653e+00 -1.331461e+00 2.867989e+00 1.322966e+00 1.248587e+00 2.678605e+00 6.624434e-01 1.713342e-01 5.156542e-02 -1.866260e-01 -1.263403e-01 1.455801e+00 -1.884877e-01 -3.543318e-02 -9.615442e-01 -2.034078e-01 3.055058e-02 -2.604730e-01 -7.200539e-02
<VARIANCE> 39
 2.696194e+01 1.822639e+01 3.704525e+01 2.610787e+01 5.726972e+01 6.905496e+01 1.041086e+02 1.132172e+02 6.617223e+01 5.824567e+01 7.125114e+01 3.593863e+01 2.215848e+01 1.937121e+00 3.405796e+00 7.133964e+00 2.307542e+00 6.131042e+00 8.383965e+00 6.467290e+00 9.570354e+00 6.396240e+00 6.112957e+00 5.712893e+00 7.424953e+00 6.127914e-01 5.217320e-01 3.647145e-01 8.146766e-01 6.199371e-01 1.030102e+00 1.140988e+00 1.328343e+00 1.393582e+00 6.662561e-01 1.335670e+00 6.058728e-01 5.970824e-01 3.671881e-01
<GCONST> 1.375860e+02
<STATE> 11
<MEAN> 39
 -8.824125e-02 7.305911e-01 -1.773006e+00 -1.519509e+01 2.422668e+00 -1.621995e+01 -1.648369e+01 -1.939100e+01 -7.631156e+00 4.631580e+00 2.783776e+00 -3.165870e+00 7.150097e+01 1.550964e+00 8.009960e-01 -6.510102e-01 -9.579133e-01 -2.399032e-01 2.574929e+00 -6.843005e-01 -1.024823e+00 -2.620090e+00 2.483467e-01 1.166888e+00 9.806447e-01 4.830504e-01 -5.614711e-01 -1.396427e-01 -1.613762e-01 1.624867e-01 -7.275477e-02 4.958799e-01 9.453780e-01 8.342507e-01 2.763709e-01 -8.447804e-01 -3.137497e-01 -6.973173e-02 -5.755371e-01
<VARIANCE> 39
 4.938426e+00 3.239070e+01 8.742621e+01 1.673604e+01 7.899810e+01 6.326105e+01 1.444207e+02 2.470595e+02 7.313295e+01 4.647136e+01 1.098315e+02 4.824109e+01 1.095670e+01 2.184271e+00 1.507206e+00 1.557868e+00 1.504373e+00 1.397676e+00 1.608569e+00 2.694729e+00 4.357086e+00 1.641731e+00 4.693494e+00 1.721294e+00 1.673717e+00 4.470047e-01 2.174065e-01 2.582145e-01 5.377967e-01 3.019960e-01 4.560072e-01 9.356198e-01 5.260037e-01 1.357022e+00 4.732172e-01 6.785614e-01 8.133425e-01 3.788796e-01 1.046173e-01
<GCONST> 1.192940e+02
<STATE> 12
<MEAN> 39
 1.523347e+00 2.238404e+00 -4.388931e+00 -1.922448e+01 3.944666e+00 -9.364549e+00 -1.789227e+01 -1.710613e+01 -1.485546e+01 3.441672e+00 6.443631e+00 -3.627952e+00 7.112308e+01 9.508199e-02 5.149148e-01 -3.701983e-01 -2.333577e-01 -8.919380e-01 5.315400e-01 9.932812e-01 9.437266e-02 -1.619518e-01 -1.017099e+00 5.016297e-01 4.057536e-01 -6.113111e-01 -1.818483e-01 -2.560735e-02 2.011987e-01 1.923541e-01 -8.984166e-02 -2.619877e-01 8.666928e-02 8.589853e-02 2.470089e-01 -6.796651e-02 -1.836569e-01 -1.308480e-01 -8.222590e-02
<VARIANCE> 39
 3.090591e+00 2.795550e+01 6.182225e+01 1.348815e+01 4.650135e+01 4.254085e+01 9.057628e+01 1.022643e+02 3.763404e+01 3.658730e+01 5.696925e+01 5.500164e+01 8.558264e+00 3.381903e-01 4.025353e-01 7.022467e-01 9.695781e-01 8.985313e-01 1.670265e+00 1.280573e+00 2.802920e+00 1.610807e+00 2.207699e+00 2.133736e+00 2.311695e+00 1.436809e-01 7.216655e-02 8.298419e-02 9.297328e-02 1.100162e-01 8.174960e-02 1.947792e-01 2.212137e-01 3.045387e-01 1.782693e-01 4.634539e-01 2.889698e-01 4.938172e-01 2.211319e-02
<GCONST> 9.245007e+01
<STATE> 13
<MEAN> 39
 2.234014e+00 6.492792e+00 -6.190159e+00 -1.787415e+01 -8.396175e+00 -9.138264e+00 -4.458389e+00 -1.612628e+01 -1.304094e+01 -8.908470e+00 4.486298e+00 1.660824e+00 6.680842e+01 -3.481397e-01 9.482392e-02 2.582343e-01 1.300553e-01 -7.028270e-01 4.075011e-01 4.801874e-01 6.504495e-01 -6.191659e-02 -8.070319e-01 -7.159039e-01 -1.551048e-01 -3.641293e-01 -1.835034e-01 -1.472052e-01 9.066632e-02 2.228536e-01 1.705282e-01 -1.254364e-01 -8.485431e-02 -3.919588e-02 1.710263e-01 1.691804e-01 8.665492e-02 1.053443e-02 -5.626771e-02
<VARIANCE> 39
 2.012196e+00 5.109380e+00 1.286654e+01 1.105303e+01 2.372670e+01 2.516027e+01 2.225511e+01 3.976561e+01 1.783454e+01 4.038104e+01 2.115124e+01 3.128935e+01 7.849569e-01 2.571713e-01 3.809015e-01 6.172077e-01 9.063096e-01 1.009153e+00 1.057317e+00 9.364818e-01 1.621461e+00 1.804882e+00 1.458516e+00 1.612084e+00 1.729845e+00 9.369694e-02 4.144791e-02 3.670627e-02 1.090888e-01 1.715883e-01 1.667266e-01 2.170087e-01 1.853750e-01 2.555458e-01 3.363334e-01 3.566454e-01 2.383874e-01 3.902407e-01 1.084274e-02
<GCONST> 7.632370e+01
<STATE> 14
<MEAN> 39
 -2.251828e+00 5.109025e+00 -2.305154e+00 -1.326734e+01 -6.687508e+00 -7.839978e+00 -6.131827e+00 -1.426017e+01 -1.131077e+01 -7.558999e+00 4.679908e+00 2.228818e+00 6.414632e+01 -8.265374e-01 -1.084619e-01 1.247043e+00 1.583562e+00 4.909500e-01 -2.463083e-01 1.579242e-01 8.323235e-04 3.309388e-01 -6.193048e-01 -1.237012e-01 -3.376479e-01 -6.373406e-01 3.420089e-02 1.999224e-02 1.268049e-01 6.199035e-02 1.299769e-01 1.750224e-02 -3.198158e-02 -8.612065e-02 -5.367101e-02 4.738732e-02 2.884078e-02 -2.185584e-01 4.265966e-02
<VARIANCE> 39
 5.214808e+00 9.005547e+00 2.359687e+01 2.478909e+01 2.897079e+01 1.839576e+01 3.255450e+01 3.185250e+01 1.633506e+01 2.738498e+01 1.604953e+01 4.351334e+01 1.798149e+00 3.363023e-01 4.381918e-01 3.417573e-01 5.740849e-01 1.702608e+00 1.686413e+00 2.150401e+00 2.273777e+00 9.862657e-01 1.644088e+00 1.315054e+00 9.862365e-01 1.042159e-01 3.175060e-02 4.283041e-02 6.198806e-02 1.384908e-01 2.057203e-01 3.291087e-01 2.880450e-01 3.550368e-01 2.070756e-01 1.965302e-01 2.288278e-01 2.094817e-01 1.269289e-02
<GCONST> 7.900268e+01
<STATE> 15
<MEAN> 39
 -4.603377e+00 5.901200e+00 4.766250e+00 -4.791913e+00 -2.044937e+00 -8.153766e+00 -4.937077e+00 -1.503612e+01 -9.047102e+00 -8.431634e+00 3.031836e+00 -8.642906e-01 6.216158e+01 -8.867930e-01 -4.366885e-01 3.553928e-01 8.298808e-01 -1.335049e-01 -3.133929e-01 2.529846e-01 4.038557e-02 6.073523e-01 -7.247286e-02 -2.291182e-02 -3.493624e-01 -4.830633e-01 -5.748107e-02 -1.788778e-01 -3.182983e-01 -2.678249e-01 -1.993085e-01 -6.316561e-02 -4.358167e-02 2.576845e-03 -6.036788e-02 -5.047874e-02 -2.913777e-02 1.407936e-01 1.365521e-02
<VARIANCE> 39
 3.607417e+00 7.339900e+00 1.785644e+01 2.605285e+01 2.124399e+01 8.514571e+00 3.176284e+01 2.739839e+01 2.473016e+01 1.441916e+01 2.619536e+01 5.470191e+01 8.729886e-01 2.393113e-01 4.383404e-01 8.573827e-01 8.791752e-01 9.786658e-01 7.484135e-01 1.351386e+00 1.322477e+00 1.964643e+00 1.508584e+00 1.245999e+00 2.294300e+00 4.608925e-02 2.605712e-02 5.847050e-02 7.333013e-02 8.115253e-02 1.296583e-01 2.052805e-01 2.341209e-01 2.988503e-01 3.696177e-01 2.353650e-01 3.187473e-01 2.375524e-01 7.047710e-03
<GCONST> 7.498787e+01
<STATE> 16
<MEAN> 39
 -8.810287e+00 9.959116e-01 -3.673888e-01 -8.365974e+00 -6.194534e+00 -9.623543e+00 -5.211281e+00 -1.493307e+01 -8.171936e+00 -1.062529e+01 3.196757e+00 -2.447616e+00 6.041060e+01 -8.149540e-01 -4.805615e-01 2.483067e-01 6.776499e-01 3.891972e-01 3.148726e-01 1.233282e-01 6.225287e-03 3.514068e-01 -1.490525e-01 -2.674950e-01 -1.684170e-02 -4.746536e-01 1.055571e-01 1.337840e-01 7.366277e-02 6.021300e-02 1.141323e-01 1.252700e-01 3.663842e-02 4.743594e-02 1.750010e-02 7.399034e-02 -1.007060e-01 4.266283e-02 4.862523e-02
<VARIANCE> 39
 2.320175e+00 5.384983e+00 1.379843e+01 2.132398e+01 1.324784e+01 1.391125e+01 1.537008e+01 1.640100e+01 1.481060e+01 1.200428e+01 1.217893e+01 2.747842e+01 9.786636e-01 6.117193e-02 2.761435e-01 6.313299e-01 7.570812e-01 7.460707e-01 8.264672e-01 7.904096e-01 7.565402e-01 1.887938e+00 1.532987e+00 9.203863e-01 1.365604e+00 2.263507e-02 1.869755e-02 1.966174e-02 8.985960e-02 1.300036e-01 1.526062e-01 1.603823e-01 1.598374e-01 1.710306e-01 2.634713e-01 2.827802e-01 1.548561e-01 3.291651e-01 5.628903e-03
<GCONST> 6.287058e+01
<STATE> 17
<MEAN> 39
 -1.144002e+01 1.766965e+00 4.737270e+00 -2.629203e+00 -3.791670e+00 -9.137426e+00 -4.566212e+00 -1.686340e+01 -1.028425e+01 -1.261873e+01 1.353753e+00 -3.309235e-01 5.845921e+01 -6.486439e-01 -3.798457e-01 -1.112246e-02 1.913218e-01 2.914969e-02 3.745328e-03 1.602212e-01 7.191927e-01 1.811857e-01 -4.118797e-01 -5.582081e-01 -4.790779e-01 -2.756566e-01 1.360792e-02 -5.972495e-02 -1.014698e-01 -1.396163e-01 2.119024e-02 5.888410e-02 1.177506e-01 1.862863e-01 1.710725e-01 9.571949e-02 2.322489e-02 -8.379128e-02 3.150478e-02
<VARIANCE> 39
 3.651016e+00 6.471466e+00 9.086463e+00 1.179631e+01 4.124498e+01 1.307558e+01 2.363168e+01 2.893758e+01 3.272349e+01 2.069882e+01 1.748981e+01 4.262078e+01 1.213635e+00 9.978914e-02 2.935283e-01 5.506932e-01 1.096703e+00 9.493948e-01 8.723338e-01 1.507435e+00 2.209017e+00 6.232163e-01 1.631721e+00 2.025236e+00 2.036420e+00 3.804827e-02 1.597987e-02 5.193585e-02 7.614506e-02 1.552218e-01 1.449910e-01 1.598012e-01 3.041028e-01 2.119387e-01 1.725515e-01 3.191908e-01 2.671397e-01 3.132504e-01 6.382507e-03
<GCONST> 7.232949e+01
<STATE> 18
<MEAN> 39
 -1.410922e+01 -1.711003e+00 2.032107e+00 -2.746417e+00 -1.026472e+00 -7.503346e+00 -2.298746e+00 -8.269370e+00 -9.743419e-01 -8.557595e+00 -2.418703e-02 -5.185460e+00 5.783484e+01 -3.927620e-01 -3.663300e-01 -6.581529e-02 5.469817e-02 3.918282e-01 3.623729e-01 5.550432e-01 5.289307e-01 5.452250e-01 2.610857e-01 -8.485755e-03 4.560216e-02 -1.529587e-01 4.295161e-03 -1.794863e-02 -3.514658e-02 6.657717e-03 -1.196653e-02 5.039542e-02 2.139834e-02 -8.606788e-02 -1.845801e-01 -9.753185e-02 3.065056e-02 5.315904e-02 -3.797242e-03
<VARIANCE> 39
 2.347738e+00 5.511120e+00 7.434927e+00 9.694583e+00 1.363624e+01 1.476980e+01 2.442727e+01 2.685023e+01 3.458158e+01 2.012896e+01 1.572441e+01 1.613411e+01 4.419143e-01 1.902743e-01 3.506404e-01 5.451242e-01 6.488262e-01 8.746024e-01 1.354179e+00 1.839981e+00 9.799159e-01 1.993757e+00 1.157756e+00 1.571978e+00 1.342595e+00 3.072847e-02 3.048984e-02 4.946635e-02 9.330683e-02 1.246606e-01 1.403558e-01 2.564239e-01 3.376198e-01 2.055648e-01 3.816977e-01 2.337338e-01 3.432174e-01 2.728827e-01 4.591270e-03
<GCONST> 6.957280e+01
<STATE> 19
<MEAN> 39
 -1.671683e+01 -3.890204e+00 1.664807e+00 -2.706476e+00 -6.229966e-01 -4.990102e+00 1.033409e+00 -7.843028e+00 -4.820084e+00 -1.236047e+01 -1.369967e+00 -3.056122e+00 5.658025e+01 -4.129758e-01 -4.228736e-01 -2.813760e-01 1.748587e-01 4.196012e-01 5.506044e-01 5.707568e-01 5.109385e-01 -1.387398e-01 -8.529414e-02 -1.361721e-01 8.798211e-02 -1.619118e-01 7.462910e-02 6.396708e-02 -1.842237e-02 5.456049e-02 -1.362617e-02 -1.901565e-01 -3.555871e-01 -1.465808e-01 1.667846e-01 1.850644e-01 7.324976e-02 -5.904761e-02 3.556196e-02
<VARIANCE> 39
 3.356779e+00 5.185672e+00 8.741241e+00 1.882461e+01 2.230422e+01 1.415870e+01 3.193856e+01 2.828040e+01 2.968944e+01 4.054401e+01 2.962425e+01 3.875119e+01 1.102777e+00 1.064752e-01 2.258524e-01 5.030678e-01 7.543299e-01 1.167137e+00 7.808769e-01 1.677129e+00 1.362943e+00 2.098125e+00 2.304476e+00 1.524526e+00 2.083831e+00 4.994882e-02 1.545591e-02 3.763149e-02 1.043952e-01 1.765804e-01 2.136040e-01 1.440420e-01 2.904654e-01 2.416399e-01 4.459221e-01 5.031902e-01 5.630407e-01 6.220551e-01 8.550905e-03
<GCONST> 7.732113e+01
<TRANSP> 20
 0.000000e+00 1.000000e+00 0.000000e+00 0.000000e+00 0.000000e+00 0.000000e+00 0.000000e+00 0.000000e+00 0.000000e+00 0.000000e+00 0.000000e+00 0.000000e+00 0.000000e+00 0.000000e+00 0.000000e+00 0.000000e+00 0.000000e+00 0.000000e+00 0.000000e+00 0.000000e+00
 0.000000e+00 7.640125e-01 2.359876e-01 0.000000e+00 0.000000e+00 0.000000e+00 0.000000e+00 0.000000e+00 0.000000e+00 0.000000e+00 0.000000e+00 0.000000e+00 0.000000e+00 0.000000e+00 0.000000e+00 0.000000e+00 0.000000e+00 0.000000e+00 0.000000e+00 0.000000e+00
 0.000000e+00 0.000000e+00 7.793767e-01 2.206232e-01 0.000000e+00 0.000000e+00 0.000000e+00 0.000000e+00 0.000000e+00 0.000000e+00 0.000000e+00 0.000000e+00 0.000000e+00 0.000000e+00 0.000000e+00 0.000000e+00 0.000000e+00 0.000000e+00 0.000000e+00 0.000000e+00
 0.000000e+00 0.000000e+00 0.000000e+00 7.433487e-01 2.566513e-01 0.000000e+00 0.000000e+00 0.000000e+00 0.000000e+00 0.000000e+00 0.000000e+00 0.000000e+00 0.000000e+00 0.000000e+00 0.000000e+00 0.000000e+00 0.000000e+00 0.000000e+00 0.000000e+00 0.000000e+00
 0.000000e+00 0.000000e+00 0.000000e+00 0.000000e+00 7.205320e-01 2.794680e-01 0.000000e+00 0.000000e+00 0.000000e+00 0.000000e+00 0.000000e+00 0.000000e+00 0.000000e+00 0.000000e+00 0.000000e+00 0.000000e+00 0.000000e+00 0.000000e+00 0.000000e+00 0.000000e+00
 0.000000e+00 0.000000e+00 0.000000e+00 0.000000e+00 0.000000e+00 8.141745e-01 1.858256e-01 0.000000e+00 0.000000e+00 0.000000e+00 0.000000e+00 0.000000e+00 0.000000e+00 0.000000e+00 0.000000e+00 0.000000e+00 0.000000e+00 0.000000e+00 0.000000e+00 0.000000e+00
 0.000000e+00 0.000000e+00 0.000000e+00 0.000000e+00 0.000000e+00 0.000000e+00 7.930720e-01 2.069280e-01 0.000000e+00 0.000000e+00 0.000000e+00 0.000000e+00 0.000000e+00 0.000000e+00 0.000000e+00 0.000000e+00 0.000000e+00 0.000000e+00 0.000000e+00 0.000000e+00
 0.000000e+00 0.000000e+00 0.000000e+00 0.000000e+00 0.000000e+00 0.000000e+00 0.000000e+00 8.393700e-01 1.606300e-01 0.000000e+00 0.000000e+00 0.000000e+00 0.000000e+00 0.000000e+00 0.000000e+00 0.000000e+00 0.000000e+00 0.000000e+00 0.000000e+00 0.000000e+00
 0.000000e+00 0.000000e+00 0.000000e+00 0.000000e+00 0.000000e+00 0.000000e+00 0.000000e+00 0.000000e+00 6.649147e-01 3.350853e-01 0.000000e+00 0.000000e+00 0.000000e+00 0.000000e+00 0.000000e+00 0.000000e+00 0.000000e+00 0.000000e+00 0.000000e+00 0.000000e+00
 0.000000e+00 0.000000e+00 0.000000e+00 0.000000e+00 0.000000e+00 0.000000e+00 0.000000e+00 0.000000e+00 0.000000e+00 6.664008e-01 3.335992e-01 0.000000e+00 0.000000e+00 0.000000e+00 0.000000e+00 0.000000e+00 0.000000e+00 0.000000e+00 0.000000e+00 0.000000e+00
 0.000000e+00 0.000000e+00 0.000000e+00 0.000000e+00 0.000000e+00 0.000000e+00 0.000000e+00 0.000000e+00 0.000000e+00 0.000000e+00 6.623992e-01 3.376009e-01 0.000000e+00 0.000000e+00 0.000000e+00 0.000000e+00 0.000000e+00 0.000000e+00 0.000000e+00 0.000000e+00
 0.000000e+00 0.000000e+00 0.000000e+00 0.000000e+00 0.000000e+00 0.000000e+00 0.000000e+00 0.000000e+00 0.000000e+00 0.000000e+00 0.000000e+00 8.228425e-01 1.771576e-01 0.000000e+00 0.000000e+00 0.000000e+00 0.000000e+00 0.000000e+00 0.000000e+00 0.000000e+00
 0.000000e+00 0.000000e+00 0.000000e+00 0.000000e+00 0.000000e+00 0.000000e+00 0.000000e+00 0.000000e+00 0.000000e+00 0.000000e+00 0.000000e+00 0.000000e+00 8.057902e-01 1.942098e-01 0.000000e+00 0.000000e+00 0.000000e+00 0.000000e+00 0.000000e+00 0.000000e+00
 0.000000e+00 0.000000e+00 0.000000e+00 0.000000e+00 0.000000e+00 0.000000e+00 0.000000e+00 0.000000e+00 0.000000e+00 0.000000e+00 0.000000e+00 0.000000e+00 0.000000e+00 7.538629e-01 2.461371e-01 0.000000e+00 0.000000e+00 0.000000e+00 0.000000e+00 0.000000e+00
 0.000000e+00 0.000000e+00 0.000000e+00 0.000000e+00 0.000000e+00 0.000000e+00 0.000000e+00 0.000000e+00 0.000000e+00 0.000000e+00 0.000000e+00 0.000000e+00 0.000000e+00 0.000000e+00 7.283134e-01 2.716866e-01 0.000000e+00 0.000000e+00 0.000000e+00 0.000000e+00
 0.000000e+00 0.000000e+00 0.000000e+00 0.000000e+00 0.000000e+00 0.000000e+00 0.000000e+00 0.000000e+00 0.000000e+00 0.000000e+00 0.000000e+00 0.000000e+00 0.000000e+00 0.000000e+00 0.000000e+00 7.452195e-01 2.547805e-01 0.000000e+00 0.000000e+00 0.000000e+00
 0.000000e+00 0.000000e+00 0.000000e+00 0.000000e+00 0.000000e+00 0.000000e+00 0.000000e+00 0.000000e+00 0.000000e+00 0.000000e+00 0.000000e+00 0.000000e+00 0.000000e+00 0.000000e+00 0.000000e+00 0.000000e+00 7.919334e-01 2.080667e-01 0.000000e+00 0.000000e+00
 0.000000e+00 0.000000e+00 0.000000e+00 0.000000e+00 0.000000e+00 0.000000e+00 0.000000e+00 0.000000e+00 0.000000e+00 0.000000e+00 0.000000e+00 0.000000e+00 0.000000e+00 0.000000e+00 0.000000e+00 0.000000e+00 0.000000e+00 8.196325e-01 1.803675e-01 0.000000e+00
 0.000000e+00 0.000000e+00 0.000000e+00 0.000000e+00 0.000000e+00 0.000000e+00 0.000000e+00 0.000000e+00 0.000000e+00 0.000000e+00 0.000000e+00 0.000000e+00 0.000000e+00 0.000000e+00 0.000000e+00 0.000000e+00 0.000000e+00 0.000000e+00 6.899800e-01 3.100200e-01
 0.000000e+00 0.000000e+00 0.000000e+00 0.000000e+00 0.000000e+00 0.000000e+00 0.000000e+00 0.000000e+00 0.000000e+00 0.000000e+00 0.000000e+00 0.000000e+00 0.000000e+00 0.000000e+00 0.000000e+00 0.000000e+00 0.000000e+00 0.000000e+00 0.000000e+00 0.000000e+00
<ENDHMM>
