~o
<STREAMINFO> 1 39
<VECSIZE> 39<NULLD><MFCC_D_A_0><DIAGC>
~h "alarm"
<BEGINHMM>
<NUMSTATES> 5
<STATE> 2
<MEAN> 39
 -9.302398e+00 -1.217916e+01 -8.796639e+00 -6.116244e+00 2.921620e+00 -2.900874e+00 -1.753859e+00 -9.382854e+00 1.039297e+00 -7.777050e+00 -4.650116e+00 -9.933969e+00 6.507594e+01 2.217622e+00 -1.190678e+00 -1.327427e+00 -5.630775e-01 2.770096e-01 4.741888e-01 -7.452880e-01 -5.495657e-01 1.002609e-01 -2.459326e-01 -1.011706e+00 -7.718026e-01 2.361760e+00 -1.898845e-02 7.490519e-02 1.299828e-01 1.875791e-02 -1.372446e-01 -4.666186e-02 -8.751099e-02 6.276476e-02 -1.258860e-01 5.134312e-02 5.891166e-02 8.232161e-02 1.280716e-02
<VARIANCE> 39
 5.636538e+01 3.289517e+01 6.117525e+01 2.237479e+01 5.481286e+01 4.503061e+01 7.068129e+01 8.074001e+01 5.706423e+01 5.850818e+01 4.476439e+01 2.622962e+01 6.586488e+01 2.737471e+00 2.836549e+00 4.403565e+00 2.666784e+00 4.985061e+00 3.409332e+00 4.149250e+00 7.916255e+00 4.014884e+00 4.984629e+00 4.179652e+00 2.753570e+00 2.824166e+00 7.069301e-01 7.241636e-01 8.733169e-01 4.061393e-01 7.858783e-01 5.698025e-01 6.709186e-01 1.170551e+00 6.754260e-01 6.774862e-01 6.370140e-01 6.051520e-01 7.841351e-01
<GCONST> 1.348401e+02
<STATE> 3
<MEAN> 39
 1.346717e+00 -1.004427e+01 -8.709397e+00 -8.966707e+00 3.702114e-01 -5.097810e+00 -7.130806e+00 -7.511502e+00 -1.130633e-01 -4.676579e+00 -4.346255e+00 -1.241081e+01 7.356132e+01 -1.180373e-02 4.539367e-01 3.208440e-01 1.073900e-01 -1.439527e-01 -2.371409e-01 -2.367602e-02 -3.001519e-02 -1.304580e-01 -3.204283e-02 8.110435e-02 -1.402957e-02 -2.303420e-01 -2.891526e-02 2.979777e-02 1.795843e-02 2.395813e-02 4.844386e-02 1.083169e-02 1.055663e-02 -2.283407e-02 2.273821e-03 -4.033580e-02 -5.740684e-03 -5.945685e-03 -3.901146e-02
<VARIANCE> 39
 4.475029e+00 2.587362e+01 8.276482e+01 3.936607e+01 8.433374e+01 6.692805e+01 6.278759e+01 1.441485e+02 4.127866e+01 7.614569e+01 1.136866e+02 3.767188e+01 1.388097e+01 2.516732e-01 1.659625e+00 1.417643e+00 1.312683e+00 1.614849e+00 1.765678e+00 1.350293e+00 2.042088e+00 1.843128e+00 2.474248e+00 1.626560e+00 1.767846e+00 3.602136e-01 4.630502e-02 1.884198e-01 1.966750e-01 1.938048e-01 2.376681e-01 2.840032e-01 2.164690e-01 3.100158e-01 2.918254e-01 4.320880e-01 2.713352e-01 2.953769e-01 6.064734e-02
<GCONST> 1.038723e+02
<STATE> 4
<MEAN> 39
 -1.072290e+01 3.051217e+00 7.248748e+00 8.563644e-01 -6.624956e-01 -8.432932e+00 -4.046692e+00 -1.103702e+01 -6.323483e+00 -1.239232e+01 -3.269767e+00 -9.167591e+00 5.923340e+01 -5.604675e-01 -7.237469e-02 2.428730e-01 2.003054e-01 1.216941e-01 9.588364e-02 1.498668e-01 1.155950e-01 3.771975e-02 1.806360e-02 1.866668e-01 3.089522e-01 -3.613866e-01 3.400514e-03 -6.612852e-02 -5.880278e-02 -3.068643e-02 -2.172306e-02 -9.412861e-03 6.883908e-03 2.468803e-02 3.131245e-02 3.119670e-02 -1.019665e-03 7.764000e-03 1.766368e-02
<VARIANCE> 39
 3.725045e+01 1.552283e+01 3.434058e+01 3.190296e+01 3.695107e+01 4.092702e+01 4.590961e+01 4.742647e+01 4.358904e+01 4.619484e+01 4.958683e+01 3.638484e+01 1.328443e+01 2.219631e-01 6.821070e-01 1.123654e+00 9.494947e-01 1.390919e+00 1.529696e+00 1.547815e+00 2.114441e+00 1.840185e+00 1.817929e+00 1.667022e+00 1.790474e+00 1.071566e-01 3.016368e-02 7.783986e-02 1.540335e-01 1.757724e-01 2.310542e-01 2.555880e-01 2.630583e-01 3.513849e-01 3.155517e-01 3.411940e-01 2.935002e-01 3.301691e-01 8.352853e-03
<GCONST> 9.369901e+01
<TRANSP> 5
 0.000000e+00 1.000000e+00 0.000000e+00 0.000000e+00 0.000000e+00
 0.000000e+00 8.782952e-01 1.217049e-01 0.000000e+00 0.000000e+00
 0.000000e+00 0.000000e+00 9.732992e-01 2.670082e-02 0.000000e+00
 0.000000e+00 0.000000e+00 0.000000e+00 9.688298e-01 3.117019e-02
 0.000000e+00 0.000000e+00 0.000000e+00 0.000000e+00 0.000000e+00
<ENDHMM>
