~o
<STREAMINFO> 1 39
<VECSIZE> 39<NULLD><MFCC_D_A_0><DIAGC>
~h "delapan"
<BEGINHMM>
<NUMSTATES> 20
<STATE> 2
<MEAN> 39
 -1.703357e+01 -6.066326e+00 -1.353897e+00 -2.534662e+00 2.483082e+00 -3.307032e+00 1.535695e+00 -5.501774e+00 8.085547e-02 -8.035437e+00 -1.473547e+00 -6.790436e+00 5.670866e+01 8.293786e-01 1.244361e+00 1.350859e+00 1.085637e+00 6.024691e-01 -5.168586e-02 -4.213277e-01 -3.387475e-01 -3.473898e-01 -8.381050e-01 -6.187220e-01 -2.974607e-01 3.783087e-01 5.485207e-01 5.307912e-01 5.292740e-01 2.323130e-01 -9.172039e-02 -2.863707e-01 -5.202698e-01 -4.086349e-01 -2.501755e-01 -1.107443e-01 -3.608897e-02 9.606303e-03 3.085828e-01
<VARIANCE> 39
 1.821784e+00 2.980050e+00 5.224365e+00 6.116129e+00 7.622910e+00 9.140802e+00 1.350897e+01 1.678587e+01 1.309604e+01 1.694135e+01 1.388128e+01 9.760584e+00 4.597267e-01 1.059378e+00 1.510847e+00 2.247257e+00 1.268556e+00 1.204902e+00 1.480971e+00 2.219095e+00 2.508841e+00 2.288082e+00 2.407400e+00 1.862641e+00 1.085111e+00 2.547271e-01 1.705867e-01 1.433879e-01 2.512543e-01 2.001922e-01 3.408993e-01 3.702344e-01 6.209036e-01 5.851004e-01 4.724207e-01 7.048848e-01 4.512765e-01 2.913707e-01 6.795090e-02
<GCONST> 8.529095e+01
<STATE> 3
<MEAN> 39
 -7.820508e+00 5.015663e+00 9.035561e+00 3.271141e+00 2.357548e+00 -6.819739e+00 -4.201945e+00 -1.206317e+01 -4.624363e+00 -1.057333e+01 -3.420315e+00 -7.903152e+00 6.116006e+01 2.149002e+00 1.220913e+00 1.053573e+00 -4.025334e-01 -1.947321e+00 -2.394745e+00 -2.328569e+00 -1.190651e+00 1.408698e-01 6.635971e-01 1.973719e-01 2.575855e-01 1.642769e+00 -8.010136e-02 -9.077657e-01 -7.090910e-01 -7.357646e-01 -6.077809e-01 -4.296631e-01 -2.488283e-01 4.535322e-01 7.570141e-01 6.613234e-01 2.514227e-01 2.557894e-01 2.760495e-01
<VARIANCE> 39
 1.695212e+01 1.779047e+01 1.084075e+01 1.114525e+01 2.161669e+01 2.628931e+01 2.449156e+01 3.040770e+01 3.031002e+01 3.609253e+01 2.414219e+01 1.845208e+01 5.181363e+00 2.118702e+00 3.478536e+00 3.154933e+00 2.537088e+00 5.937306e+00 4.094738e+00 7.479317e+00 8.036671e+00 5.468994e+00 7.648155e+00 2.416887e+00 2.402770e+00 8.207822e-01 3.163890e-01 2.669776e-01 4.582970e-01 3.022838e-01 1.366505e+00 8.377100e-01 7.604389e-01 1.006894e+00 1.000125e+00 8.336142e-01 5.758051e-01 5.466989e-01 1.373933e-01
<GCONST> 1.186353e+02
<STATE> 4
<MEAN> 39
 -1.293091e+00 -2.018444e+00 5.318408e+00 -5.357366e+00 -8.944422e+00 -1.611710e+01 -1.642447e+01 -1.232020e+01 5.137225e+00 -4.408034e+00 -4.330494e+00 -5.087077e+00 6.990388e+01 1.265382e+00 -2.017970e+00 -1.069472e+00 -1.337163e+00 -2.422899e-01 -1.551212e-02 -1.383423e+00 1.596527e-01 1.640794e+00 1.768090e+00 -3.992261e-01 1.540734e-01 1.672448e+00 -3.418661e-01 -1.145698e-01 -2.851255e-01 1.186758e-01 8.935772e-01 1.015887e+00 7.188280e-01 3.755312e-02 -4.448277e-01 -6.630506e-02 -1.038739e-01 -2.594629e-01 -3.272429e-01
<VARIANCE> 39
 7.018973e+00 2.973479e+01 6.853609e+01 3.006401e+01 1.296152e+02 6.304940e+01 8.262968e+01 8.669171e+01 8.584190e+01 1.274867e+02 6.612946e+01 5.272180e+01 8.958896e+00 1.029371e+00 2.033788e+00 4.372351e+00 3.250379e+00 1.145159e+01 9.024136e+00 4.766610e+00 5.618141e+00 7.472101e+00 3.678459e+00 4.394279e+00 4.545045e+00 1.114790e+00 1.896067e-01 5.370197e-01 8.725517e-01 4.209048e-01 8.412173e-01 1.015025e+00 9.314374e-01 1.069744e+00 7.873905e-01 9.822786e-01 4.606394e-01 6.936566e-01 9.783848e-02
<GCONST> 1.327490e+02
<STATE> 5
<MEAN> 39
 2.228332e+00 -7.446218e+00 -9.467509e-01 -1.101510e+01 1.990200e+00 -6.350404e+00 -1.669478e+01 -1.168799e+01 3.335643e+00 3.281284e+00 -1.712172e+00 -9.568086e+00 7.387875e+01 1.494103e-01 -5.103385e-01 -1.409268e+00 -1.335238e+00 1.038360e+00 1.888777e+00 7.668927e-01 2.247000e-01 -1.787446e-01 8.774276e-02 -8.611242e-01 -7.327800e-01 2.488962e-01 -1.049467e-01 4.928610e-02 4.695941e-02 8.277946e-02 -9.136863e-02 -5.685026e-02 2.171477e-01 1.802416e-01 -3.975961e-02 -4.196821e-01 -1.993811e-01 7.659024e-02 -6.224949e-02
<VARIANCE> 39
 1.854249e+00 1.960227e+01 6.187447e+01 3.904747e+01 1.586018e+02 8.685860e+01 3.771209e+01 1.338858e+02 9.287392e+01 6.422015e+01 2.055070e+02 4.348161e+01 4.589020e+00 1.990181e-01 1.276167e+00 1.547605e+00 8.983864e-01 1.080994e+00 1.398459e+00 2.229497e+00 3.962897e+00 2.630813e+00 3.438431e+00 3.153843e+00 2.088824e+00 1.963957e-01 3.187960e-02 2.527912e-01 1.548193e-01 2.297815e-01 1.755215e-01 3.091382e-01 1.930515e-01 5.892959e-01 4.308966e-01 2.450240e-01 4.881460e-01 3.184200e-01 4.849669e-02
<GCONST> 1.040631e+02
<STATE> 6
<MEAN> 39
 9.253018e-01 -1.171451e+01 -8.170100e+00 -1.679634e+01 3.623503e+00 3.097681e+00 -7.096735e+00 -8.663534e+00 2.628306e-01 -2.367698e-01 -1.018365e+01 -1.098236e+01 7.511543e+01 -9.704901e-02 -1.140824e-01 -3.490605e-01 -5.734515e-02 6.385667e-02 3.218539e-01 4.345289e-01 -2.122359e-01 -6.260471e-01 -2.064641e-01 1.844038e-01 -3.094178e-01 -1.132069e-01 3.495862e-02 3.845810e-01 2.397088e-01 1.052723e-01 -2.168280e-01 -3.530481e-01 -2.666902e-01 -2.522712e-01 7.121296e-02 2.744868e-01 4.327200e-01 -5.238147e-02 -1.863729e-01
<VARIANCE> 39
 1.490308e+00 8.866410e+00 4.940511e+01 1.109992e+01 1.501112e+02 1.161103e+02 4.221389e+01 1.729736e+02 1.245296e+02 4.252340e+01 7.473629e+01 3.799010e+01 9.297511e+00 1.338682e-01 1.056743e+00 7.840419e-01 8.938360e-01 1.676694e+00 1.249813e+00 1.547572e+00 9.783038e-01 1.264873e+00 2.468338e+00 1.560746e+00 1.519668e+00 1.936981e-01 3.366046e-02 9.060044e-02 1.645045e-01 2.006949e-01 2.570168e-01 1.935906e-01 2.218999e-01 3.275696e-01 2.326585e-01 4.539987e-01 2.169946e-01 3.227713e-01 2.237637e-02
<GCONST> 9.365489e+01
<STATE> 7
<MEAN> 39
 1.438472e+00 -7.941919e+00 -9.431719e+00 -1.696984e+01 9.244733e-01 1.283794e+00 -7.582272e+00 -1.202840e+01 1.494051e+00 1.840170e-01 -6.239718e+00 -1.289408e+01 7.217249e+01 -6.962060e-01 1.750076e+00 9.086162e-01 1.035749e+00 -5.402657e-01 -1.068277e+00 1.169499e-01 -7.048968e-02 -2.375060e-01 -6.405776e-01 1.066326e+00 4.713787e-01 -1.474636e+00 -4.630319e-01 -1.090172e-01 2.214451e-01 4.133275e-01 1.104053e-01 -2.625030e-02 1.571045e-01 1.206491e-01 -1.209524e-01 -5.187806e-01 -4.040758e-01 1.859858e-01 -2.729554e-01
<VARIANCE> 39
 1.190818e+00 1.258261e+01 3.713480e+01 9.340591e+00 6.885339e+01 9.992657e+01 5.263514e+01 1.367850e+02 7.556985e+01 2.607972e+01 8.880917e+01 5.284565e+01 9.310451e+00 5.205192e-01 4.043868e-01 1.241601e+00 8.801574e-01 1.356249e+00 8.861095e-01 6.929069e-01 3.113825e+00 2.590051e+00 3.068634e+00 2.566215e+00 1.783863e+00 2.688953e-01 1.780728e-02 1.531815e-01 1.567875e-01 1.200331e-01 2.141465e-01 2.043232e-01 1.870728e-01 2.688034e-01 2.504105e-01 3.450876e-01 2.593542e-01 3.572755e-01 3.184754e-02
<GCONST> 9.371593e+01
<STATE> 8
<MEAN> 39
 -5.587481e+00 -4.140641e+00 -6.068944e+00 -1.132208e+01 8.368867e-01 -2.508222e+00 -5.278623e+00 -1.023913e+01 -1.583924e+00 -6.831093e+00 -6.159976e+00 -1.250144e+01 6.469099e+01 -1.017770e+00 3.007781e-01 2.589193e-01 6.743970e-01 -5.298207e-02 -3.945814e-01 5.565277e-01 2.741192e-01 -3.538821e-01 -1.115017e+00 -4.009022e-02 -2.223880e-01 -9.867010e-01 1.230419e-01 -1.507663e-01 -1.204487e-01 -1.112220e-01 1.531300e-02 7.093457e-02 6.604730e-03 6.981749e-03 6.673998e-02 1.504075e-01 8.810169e-02 1.276072e-02 1.919305e-01
<VARIANCE> 39
 5.260184e+00 6.129361e+00 1.466532e+01 7.622689e+00 2.343265e+01 4.840481e+01 3.045041e+01 4.381450e+01 2.114751e+01 3.149444e+01 3.789715e+01 3.008102e+01 6.027262e+00 2.401504e-01 3.025248e-01 5.519608e-01 6.349218e-01 1.359671e+00 1.098025e+00 1.334688e+00 1.726826e+00 2.026044e+00 1.464509e+00 1.679929e+00 1.272345e+00 2.052538e-01 3.677934e-02 7.591275e-02 1.186206e-01 1.361792e-01 1.371942e-01 1.559840e-01 2.162897e-01 2.745824e-01 2.659604e-01 3.228913e-01 4.131676e-01 3.360731e-01 1.802134e-02
<GCONST> 8.214213e+01
<STATE> 9
<MEAN> 39
 -9.035148e+00 -3.879690e+00 -5.810363e+00 -8.293435e+00 -1.957336e-01 -4.892562e+00 -2.720261e+00 -9.368661e+00 -2.170033e+00 -9.905867e+00 -3.548369e+00 -1.178996e+01 6.202428e+01 1.277781e+00 -8.132531e-01 -1.345885e+00 -1.028430e+00 -1.246289e-01 9.512315e-01 -3.691918e-02 -7.447271e-01 9.630138e-01 2.199089e+00 1.204430e+00 8.008282e-02 1.340323e+00 8.837339e-01 -5.702324e-01 -6.262048e-01 -8.482211e-01 1.701925e-01 8.132220e-01 -4.417053e-01 -2.545212e-01 4.449120e-01 9.895702e-01 -3.507976e-01 -4.277406e-01 8.837765e-01
<VARIANCE> 39
 4.535269e+00 8.367099e+00 1.261949e+01 1.505744e+01 1.784043e+01 4.502899e+01 2.206174e+01 1.970017e+01 3.047932e+01 2.497740e+01 4.820121e+01 2.917180e+01 3.413002e+00 2.623090e+00 1.476596e+00 2.819528e+00 3.401204e+00 2.993170e+00 5.555505e+00 2.277728e+00 2.721960e+00 3.510292e+00 7.140697e+00 3.485646e+00 2.995081e+00 1.846314e+00 1.239830e-01 2.543455e-01 4.216661e-01 2.357188e-01 4.788282e-01 8.735782e-01 5.895907e-01 8.213244e-01 4.753093e-01 8.822109e-01 8.214517e-01 6.283944e-01 8.450592e-02
<GCONST> 1.115023e+02
<STATE> 10
<MEAN> 39
 9.000200e-01 -1.008506e+01 -1.424911e+01 -1.800886e+01 2.874718e-01 5.335226e+00 -5.124814e+00 -1.465383e+01 4.018020e+00 3.480998e+00 -4.326695e+00 -1.642999e+01 7.166647e+01 2.315636e+00 -2.766551e+00 -1.262797e+00 -1.949499e+00 6.042373e-01 2.379147e+00 -1.808102e+00 5.007493e-02 1.593254e+00 1.969213e+00 -2.051704e+00 -1.372286e+00 3.085745e+00 -7.292193e-01 7.238173e-02 1.091983e+00 1.030720e+00 9.779075e-02 -9.130098e-01 6.234335e-02 9.175777e-01 -4.053544e-01 -1.588166e+00 -6.215905e-01 6.421931e-01 -4.002873e-01
<VARIANCE> 39
 7.821174e+00 2.982509e+01 5.678936e+01 1.958352e+01 5.546879e+01 8.959941e+01 4.258261e+01 9.054025e+01 5.306040e+01 4.290263e+01 4.117081e+01 5.486720e+01 9.528116e+00 1.332991e+00 2.431777e+00 6.308364e+00 2.557228e+00 5.391202e+00 7.822058e+00 3.875172e+00 9.548325e+00 4.673536e+00 7.619076e+00 2.266020e+00 4.760607e+00 1.142407e+00 1.983781e-01 4.371128e-01 3.411382e-01 3.516962e-01 4.827470e-01 6.317586e-01 8.244043e-01 6.525777e-01 5.496797e-01 8.713683e-01 5.980650e-01 6.486208e-01 2.056879e-01
<GCONST> 1.263752e+02
<STATE> 11
<MEAN> 39
 1.445524e+00 -1.592895e+01 -8.756081e+00 -1.472913e+01 4.247453e+00 6.134208e-01 -7.366389e+00 -5.459942e+00 4.271578e+00 -2.384362e+00 -1.002512e+01 -1.585026e+01 7.685356e+01 -1.062669e-01 -1.588930e-01 9.893640e-01 1.062083e+00 3.392000e-01 -1.846889e+00 -1.866833e-01 1.620954e+00 -3.448600e-01 -1.850676e+00 -1.050160e+00 1.663042e+00 3.162732e-01 -2.864745e-01 5.682665e-01 1.879513e-01 3.701761e-01 -3.844917e-01 -4.894755e-01 1.697087e-01 -2.259118e-01 -4.328213e-01 -3.277194e-01 4.627209e-01 3.098408e-01 -5.530475e-01
<VARIANCE> 39
 1.362092e+00 1.851368e+01 1.459122e+02 1.196874e+01 5.552709e+01 1.213051e+02 3.770849e+01 1.280182e+02 8.253902e+01 5.392030e+01 6.698407e+01 4.804934e+01 9.385085e+00 1.708743e-01 2.443319e+00 2.021857e+00 1.121635e+00 1.181887e+00 2.106412e+00 2.247854e+00 3.173215e+00 1.576118e+00 4.625463e+00 1.412631e+00 1.377526e+00 8.966175e-01 1.556265e-01 2.665703e-01 5.897136e-01 3.270562e-01 3.697361e-01 6.858694e-01 6.748102e-01 1.121122e+00 3.066178e-01 8.212929e-01 2.026052e-01 5.950377e-01 8.650726e-02
<GCONST> 1.113278e+02
<STATE> 12
<MEAN> 39
 8.223375e-02 -1.604994e+01 -7.494485e+00 -9.413165e+00 -2.587902e-01 -5.175554e+00 -7.211813e+00 -3.715406e+00 -3.581331e-01 -7.444620e+00 -1.043388e+01 -3.757082e+00 7.648272e+01 -1.771141e-01 3.976413e-01 1.085804e+00 1.153333e+00 -8.098360e-01 -1.184387e+00 4.356140e-01 3.848106e-01 -5.017370e-01 -8.560941e-01 6.371402e-01 8.772628e-01 -3.492009e-01 1.277152e-02 3.845391e-01 1.588548e-03 -8.993481e-02 1.836858e-02 1.781987e-01 -6.501228e-02 -3.558606e-01 5.340497e-03 2.361908e-01 2.093879e-01 -2.333489e-01 -2.192706e-01
<VARIANCE> 39
 2.314276e+00 1.485244e+01 3.350364e+01 1.032707e+01 8.394889e+01 1.874490e+02 3.868391e+01 8.942767e+01 1.217531e+02 5.214141e+01 2.535784e+01 3.943248e+01 8.159660e+00 7.490407e-02 1.819088e+00 6.875308e-01 4.562706e-01 2.023456e+00 1.439651e+00 1.282878e+00 2.977658e+00 1.356840e+00 1.663807e+00 1.174612e+00 9.945346e-01 5.763286e-01 1.241642e-02 9.077913e-02 9.269594e-02 7.015225e-02 2.537703e-01 2.681217e-01 2.215792e-01 4.797770e-01 1.595914e-01 2.698570e-01 1.841398e-01 1.930182e-01 2.085770e-02
<GCONST> 8.920718e+01
<STATE> 13
<MEAN> 39
 -1.979308e-01 -5.590292e+00 -3.422871e-01 -5.741066e+00 -3.175381e+00 -8.747937e+00 -7.745500e+00 -7.869368e+00 -7.536474e-01 -1.009920e+01 -6.054790e+00 -5.246595e+00 7.058126e+01 -1.390333e-01 2.095169e+00 8.686312e-01 4.298258e-01 -6.922067e-02 3.339334e-01 -3.457162e-01 -1.159498e+00 -2.551374e-01 -3.839794e-01 2.352722e-01 -1.755227e-01 -1.086128e+00 1.261835e-02 -1.973142e-01 -1.486634e-01 -8.941122e-02 2.551467e-01 2.346151e-01 2.976685e-01 1.977256e-01 1.124568e-01 -5.368115e-02 -3.179849e-01 -1.649154e-01 1.517203e-01
<VARIANCE> 39
 1.654570e+00 1.284431e+01 3.422016e+01 1.008722e+01 2.699651e+01 6.708147e+01 2.228510e+01 4.279251e+01 8.038482e+01 4.346821e+01 4.496499e+01 4.795179e+01 4.717478e+00 1.633908e-01 6.133077e-01 8.565238e-01 5.495557e-01 2.136876e+00 1.685377e+00 1.345156e+00 3.253184e+00 3.593772e+00 1.227818e+00 1.226640e+00 1.315721e+00 1.456281e-01 2.175155e-02 7.682999e-02 1.165248e-01 9.627647e-02 1.133879e-01 2.598478e-01 1.886392e-01 4.315138e-01 3.598973e-01 2.430956e-01 1.777932e-01 1.642770e-01 1.519560e-02
<GCONST> 8.499201e+01
<STATE> 14
<MEAN> 39
 -5.470761e-01 1.895639e+00 2.233376e+00 -2.791274e+00 3.098161e-01 -5.896353e+00 -6.597232e+00 -1.049392e+01 -2.829561e+00 -1.394700e+01 -7.676856e+00 -7.641575e+00 6.675945e+01 -4.209330e-01 1.063717e+00 3.861660e-01 5.436511e-01 6.557499e-01 2.726229e-01 4.417528e-01 -6.327682e-01 -7.796550e-01 -5.306346e-01 -2.376289e-01 -3.918866e-01 -7.699850e-01 -1.742479e-01 -2.457688e-01 -1.189856e-01 -8.310436e-02 -4.290962e-02 -8.896490e-02 6.282992e-03 1.385445e-01 2.189207e-02 1.431456e-01 1.154627e-01 5.544722e-02 -2.134651e-02
<VARIANCE> 39
 3.488611e+00 9.820579e+00 1.863131e+01 1.622896e+01 3.634922e+01 5.163610e+01 2.179393e+01 2.262422e+01 4.950280e+01 4.623199e+01 4.514299e+01 3.754389e+01 2.687536e+00 1.405170e-01 2.971992e-01 7.278425e-01 3.406236e-01 1.171488e+00 1.302130e+00 1.466577e+00 1.286463e+00 1.254085e+00 1.491568e+00 8.393328e-01 6.355069e-01 4.856156e-02 1.277058e-02 3.506926e-02 7.345324e-02 9.094805e-02 1.655508e-01 2.288642e-01 2.240756e-01 2.124662e-01 2.496791e-01 2.019569e-01 8.396504e-02 1.079872e-01 6.386834e-03
<GCONST> 7.249867e+01
<STATE> 15
<MEAN> 39
 -6.335199e+00 2.928213e+00 1.328190e+00 -4.330189e+00 -9.311430e-01 -7.387990e+00 -5.393974e+00 -1.206999e+01 -6.534260e+00 -1.629443e+01 -7.767565e+00 -9.524346e+00 6.184442e+01 -1.127524e+00 -2.798236e-01 -1.971761e-01 -2.129585e-01 1.101965e-01 3.341905e-01 6.526282e-01 3.453886e-01 -1.479359e-02 2.250063e-01 5.681033e-01 7.568612e-02 -7.571784e-01 3.745941e-02 -9.365372e-02 -4.470094e-03 -1.284202e-02 2.816921e-02 1.082463e-01 7.025489e-02 5.564221e-02 2.888926e-03 4.119766e-02 4.982905e-02 -2.651493e-02 6.064117e-02
<VARIANCE> 39
 8.817924e+00 1.261615e+01 1.189211e+01 1.229365e+01 1.692768e+01 1.543151e+01 9.477463e+00 2.045353e+01 3.642687e+01 3.743293e+01 3.548036e+01 4.891438e+01 3.060421e+00 1.353642e-01 2.003907e-01 4.195496e-01 4.945008e-01 6.733101e-01 1.083715e+00 9.234800e-01 1.144841e+00 1.023532e+00 8.845233e-01 1.269940e+00 1.264494e+00 6.378822e-02 2.487845e-02 3.835751e-02 7.048915e-02 9.191378e-02 1.674923e-01 1.832467e-01 1.740236e-01 2.350577e-01 2.198167e-01 2.334453e-01 2.977138e-01 3.019161e-01 8.093902e-03
<GCONST> 7.131466e+01
<STATE> 16
<MEAN> 39
 -8.898833e+00 3.794780e+00 4.780346e+00 1.530211e+00 6.603177e+00 -4.127487e-01 2.905792e+00 -5.328047e+00 -4.668776e+00 -1.184795e+01 -3.366272e+00 -1.069409e+01 5.985572e+01 -6.702328e-01 -3.170411e-01 4.462020e-02 3.000715e-01 2.939546e-01 2.635701e-01 4.977558e-01 3.371725e-01 -4.640745e-01 -3.002609e-01 -2.212455e-02 -5.825968e-01 -3.943168e-01 -7.983259e-03 -1.165411e-01 -6.276499e-02 -6.851168e-03 -2.740441e-02 -2.891698e-02 -1.652444e-01 -1.606845e-01 5.724344e-02 4.630117e-02 -3.712070e-02 2.860134e-02 3.236400e-02
<VARIANCE> 39
 5.991267e+00 5.754304e+00 1.268830e+01 2.274892e+01 2.144968e+01 1.777999e+01 3.109620e+01 3.403987e+01 2.747384e+01 2.598433e+01 1.827893e+01 1.766187e+01 2.521912e+00 1.511517e-01 5.072601e-01 9.812247e-01 5.599176e-01 1.112123e+00 1.576893e+00 1.426653e+00 1.249573e+00 1.454412e+00 2.067459e+00 1.278497e+00 1.155734e+00 6.216956e-02 2.642945e-02 6.614155e-02 1.593090e-01 9.272362e-02 1.944474e-01 2.086859e-01 2.127270e-01 1.437715e-01 2.112076e-01 3.986269e-01 3.050063e-01 1.846982e-01 8.643628e-03
<GCONST> 7.639204e+01
<STATE> 17
<MEAN> 39
 -1.374687e+01 -1.140538e+00 2.838440e+00 9.469797e-01 6.708658e+00 -1.587405e-01 -3.697327e-01 -1.195681e+01 -1.119698e+01 -1.872291e+01 -9.517635e+00 -1.418310e+01 5.778929e+01 -4.796362e-01 -5.974187e-01 -2.277851e-01 -2.961801e-03 1.126774e-01 6.437024e-01 6.640225e-01 1.453761e-01 2.507919e-01 3.977448e-02 -7.755682e-02 -5.044270e-02 -1.847257e-01 6.868898e-02 5.813748e-02 -4.452138e-02 -1.506012e-01 -1.941248e-01 -5.969649e-02 1.258674e-01 2.116972e-01 1.390564e-01 -3.274225e-02 -5.795838e-02 2.982923e-02 4.023992e-02
<VARIANCE> 39
 2.775287e+00 3.460833e+00 6.599134e+00 1.785904e+01 2.330880e+01 2.290954e+01 2.638624e+01 3.957060e+01 3.506276e+01 3.516998e+01 3.839883e+01 1.178581e+01 8.491596e-01 1.714598e-01 2.313965e-01 7.276851e-01 1.097597e+00 1.421412e+00 1.741082e+00 2.348501e+00 2.183690e+00 1.738703e+00 1.935473e+00 1.845178e+00 1.030698e+00 4.874494e-02 3.842350e-02 4.823538e-02 7.043878e-02 1.749764e-01 2.300352e-01 4.012709e-01 3.909570e-01 3.249449e-01 2.188694e-01 3.141956e-01 2.696157e-01 1.100172e-01 8.483638e-03
<GCONST> 7.683603e+01
<STATE> 18
<MEAN> 39
 -1.468177e+01 -3.128232e+00 -7.138416e-01 -3.200723e+00 2.725156e+00 2.016353e-01 5.373021e+00 -3.802872e+00 -2.553317e+00 -1.137007e+01 -2.785443e+00 -1.003376e+01 5.761465e+01 -3.936410e-01 -5.595068e-01 -4.080478e-01 -2.298103e-01 -1.428320e-01 -1.809078e-01 -1.021572e-01 1.359365e-01 1.930348e-01 3.348522e-01 2.313708e-01 8.337381e-02 -1.445765e-01 -1.883271e-02 -2.459860e-02 7.738793e-02 1.479092e-01 1.776166e-01 -1.562119e-02 -1.989545e-01 -1.706880e-01 -1.257715e-01 3.983512e-02 6.393671e-02 -6.169812e-03 -1.918055e-02
<VARIANCE> 39
 1.722662e+00 4.446651e+00 5.132046e+00 1.228790e+01 1.815966e+01 1.875148e+01 1.778509e+01 2.902991e+01 5.255262e+01 7.041685e+01 3.867551e+01 3.193389e+01 4.832285e-01 2.125062e-01 4.684395e-01 5.803080e-01 1.025449e+00 1.313167e+00 1.569393e+00 8.720109e-01 1.699115e+00 1.713695e+00 2.044686e+00 1.288767e+00 9.364071e-01 5.982800e-02 2.766537e-02 7.904159e-02 1.129258e-01 1.213436e-01 1.287776e-01 2.088732e-01 1.624952e-01 3.729790e-01 3.666167e-01 3.901916e-01 3.231383e-01 2.260741e-01 8.182337e-03
<GCONST> 7.525660e+01
<STATE> 19
<MEAN> 39
 -1.784619e+01 -6.576434e+00 -2.323499e+00 -1.935739e+00 6.452865e+00 2.635970e+00 4.426318e+00 -6.451952e+00 -3.391716e+00 -9.630451e+00 -1.188040e+00 -1.036209e+01 5.602834e+01 -3.985861e-01 -3.219626e-01 7.240127e-03 4.910606e-02 2.956866e-01 4.301084e-01 3.452374e-01 7.675926e-02 -4.862761e-02 1.254662e-01 7.627993e-02 7.882515e-02 -1.747082e-01 9.169729e-02 9.590930e-02 5.141374e-02 2.439670e-02 -1.588903e-01 -1.346208e-01 6.038849e-02 5.288665e-02 2.625309e-02 -5.368437e-02 -4.574724e-02 1.101065e-01 4.556196e-02
<VARIANCE> 39
 2.125782e+00 3.446979e+00 9.944566e+00 2.349835e+01 3.894042e+01 2.945045e+01 3.177974e+01 4.290687e+01 3.890535e+01 5.064250e+01 4.108432e+01 1.670743e+01 4.929336e-01 1.560221e-01 2.372396e-01 7.559598e-01 1.041836e+00 1.830983e+00 2.393637e+00 1.487595e+00 1.806505e+00 1.326266e+00 2.491798e+00 1.364088e+00 2.364895e+00 4.939490e-02 2.248542e-02 4.134743e-02 1.626447e-01 1.788150e-01 2.459296e-01 3.277777e-01 2.130410e-01 2.751076e-01 1.751259e-01 3.469689e-01 2.380124e-01 4.195193e-01 4.925266e-03
<GCONST> 7.879366e+01
<TRANSP> 20
 0.000000e+00 1.000000e+00 0.000000e+00 0.000000e+00 0.000000e+00 0.000000e+00 0.000000e+00 0.000000e+00 0.000000e+00 0.000000e+00 0.000000e+00 0.000000e+00 0.000000e+00 0.000000e+00 0.000000e+00 0.000000e+00 0.000000e+00 0.000000e+00 0.000000e+00 0.000000e+00
 0.000000e+00 7.497700e-01 2.502299e-01 0.000000e+00 0.000000e+00 0.000000e+00 0.000000e+00 0.000000e+00 0.000000e+00 0.000000e+00 0.000000e+00 0.000000e+00 0.000000e+00 0.000000e+00 0.000000e+00 0.000000e+00 0.000000e+00 0.000000e+00 0.000000e+00 0.000000e+00
 0.000000e+00 0.000000e+00 7.501788e-01 2.498212e-01 0.000000e+00 0.000000e+00 0.000000e+00 0.000000e+00 0.000000e+00 0.000000e+00 0.000000e+00 0.000000e+00 0.000000e+00 0.000000e+00 0.000000e+00 0.000000e+00 0.000000e+00 0.000000e+00 0.000000e+00 0.000000e+00
 0.000000e+00 0.000000e+00 0.000000e+00 7.915557e-01 2.084444e-01 0.000000e+00 0.000000e+00 0.000000e+00 0.000000e+00 0.000000e+00 0.000000e+00 0.000000e+00 0.000000e+00 0.000000e+00 0.000000e+00 0.000000e+00 0.000000e+00 0.000000e+00 0.000000e+00 0.000000e+00
 0.000000e+00 0.000000e+00 0.000000e+00 0.000000e+00 8.601347e-01 1.398654e-01 0.000000e+00 0.000000e+00 0.000000e+00 0.000000e+00 0.000000e+00 0.000000e+00 0.000000e+00 0.000000e+00 0.000000e+00 0.000000e+00 0.000000e+00 0.000000e+00 0.000000e+00 0.000000e+00
 0.000000e+00 0.000000e+00 0.000000e+00 0.000000e+00 0.000000e+00 8.536638e-01 1.463362e-01 0.000000e+00 0.000000e+00 0.000000e+00 0.000000e+00 0.000000e+00 0.000000e+00 0.000000e+00 0.000000e+00 0.000000e+00 0.000000e+00 0.000000e+00 0.000000e+00 0.000000e+00
 0.000000e+00 0.000000e+00 0.000000e+00 0.000000e+00 0.000000e+00 0.000000e+00 6.633032e-01 3.366968e-01 0.000000e+00 0.000000e+00 0.000000e+00 0.000000e+00 0.000000e+00 0.000000e+00 0.000000e+00 0.000000e+00 0.000000e+00 0.000000e+00 0.000000e+00 0.000000e+00
 0.000000e+00 0.000000e+00 0.000000e+00 0.000000e+00 0.000000e+00 0.000000e+00 0.000000e+00 8.679084e-01 1.320916e-01 0.000000e+00 0.000000e+00 0.000000e+00 0.000000e+00 0.000000e+00 0.000000e+00 0.000000e+00 0.000000e+00 0.000000e+00 0.000000e+00 0.000000e+00
 0.000000e+00 0.000000e+00 0.000000e+00 0.000000e+00 0.000000e+00 0.000000e+00 0.000000e+00 0.000000e+00 7.218977e-01 2.781024e-01 0.000000e+00 0.000000e+00 0.000000e+00 0.000000e+00 0.000000e+00 0.000000e+00 0.000000e+00 0.000000e+00 0.000000e+00 0.000000e+00
 0.000000e+00 0.000000e+00 0.000000e+00 0.000000e+00 0.000000e+00 0.000000e+00 0.000000e+00 0.000000e+00 0.000000e+00 5.959497e-01 4.040503e-01 0.000000e+00 0.000000e+00 0.000000e+00 0.000000e+00 0.000000e+00 0.000000e+00 0.000000e+00 0.000000e+00 0.000000e+00
 0.000000e+00 0.000000e+00 0.000000e+00 0.000000e+00 0.000000e+00 0.000000e+00 0.000000e+00 0.000000e+00 0.000000e+00 0.000000e+00 7.409866e-01 2.590134e-01 0.000000e+00 0.000000e+00 0.000000e+00 0.000000e+00 0.000000e+00 0.000000e+00 0.000000e+00 0.000000e+00
 0.000000e+00 0.000000e+00 0.000000e+00 0.000000e+00 0.000000e+00 0.000000e+00 0.000000e+00 0.000000e+00 0.000000e+00 0.000000e+00 0.000000e+00 8.286355e-01 1.713646e-01 0.000000e+00 0.000000e+00 0.000000e+00 0.000000e+00 0.000000e+00 0.000000e+00 0.000000e+00
 0.000000e+00 0.000000e+00 0.000000e+00 0.000000e+00 0.000000e+00 0.000000e+00 0.000000e+00 0.000000e+00 0.000000e+00 0.000000e+00 0.000000e+00 0.000000e+00 7.846205e-01 2.153796e-01 0.000000e+00 0.000000e+00 0.000000e+00 0.000000e+00 0.000000e+00 0.000000e+00
 0.000000e+00 0.000000e+00 0.000000e+00 0.000000e+00 0.000000e+00 0.000000e+00 0.000000e+00 0.000000e+00 0.000000e+00 0.000000e+00 0.000000e+00 0.000000e+00 0.000000e+00 8.025277e-01 1.974723e-01 0.000000e+00 0.000000e+00 0.000000e+00 0.000000e+00 0.000000e+00
 0.000000e+00 0.000000e+00 0.000000e+00 0.000000e+00 0.000000e+00 0.000000e+00 0.000000e+00 0.000000e+00 0.000000e+00 0.000000e+00 0.000000e+00 0.000000e+00 0.000000e+00 0.000000e+00 8.077739e-01 1.922261e-01 0.000000e+00 0.000000e+00 0.000000e+00 0.000000e+00
 0.000000e+00 0.000000e+00 0.000000e+00 0.000000e+00 0.000000e+00 0.000000e+00 0.000000e+00 0.000000e+00 0.000000e+00 0.000000e+00 0.000000e+00 0.000000e+00 0.000000e+00 0.000000e+00 0.000000e+00 8.195770e-01 1.804231e-01 0.000000e+00 0.000000e+00 0.000000e+00
 0.000000e+00 0.000000e+00 0.000000e+00 0.000000e+00 0.000000e+00 0.000000e+00 0.000000e+00 0.000000e+00 0.000000e+00 0.000000e+00 0.000000e+00 0.000000e+00 0.000000e+00 0.000000e+00 0.000000e+00 0.000000e+00 7.808419e-01 2.191581e-01 0.000000e+00 0.000000e+00
 0.000000e+00 0.000000e+00 0.000000e+00 0.000000e+00 0.000000e+00 0.000000e+00 0.000000e+00 0.000000e+00 0.000000e+00 0.000000e+00 0.000000e+00 0.000000e+00 0.000000e+00 0.000000e+00 0.000000e+00 0.000000e+00 0.000000e+00 8.130074e-01 1.869926e-01 0.000000e+00
 0.000000e+00 0.000000e+00 0.000000e+00 0.000000e+00 0.000000e+00 0.000000e+00 0.000000e+00 0.000000e+00 0.000000e+00 0.000000e+00 0.000000e+00 0.000000e+00 0.000000e+00 0.000000e+00 0.000000e+00 0.000000e+00 0.000000e+00 0.000000e+00 7.879710e-01 2.120291e-01
 0.000000e+00 0.000000e+00 0.000000e+00 0.000000e+00 0.000000e+00 0.000000e+00 0.000000e+00 0.000000e+00 0.000000e+00 0.000000e+00 0.000000e+00 0.000000e+00 0.000000e+00 0.000000e+00 0.000000e+00 0.000000e+00 0.000000e+00 0.000000e+00 0.000000e+00 0.000000e+00
<ENDHMM>
