~o
<STREAMINFO> 1 39
<VECSIZE> 39<NULLD><MFCC_D_A_0><DIAGC>
~h "dua"
<BEGINHMM>
<NUMSTATES> 5
<STATE> 2
<MEAN> 39
 -8.568180e+00 1.131647e+00 4.608648e+00 6.081132e-01 2.325859e-01 -9.033632e+00 -7.846505e+00 -1.283152e+01 -5.024993e+00 -8.976479e+00 -1.036014e+00 -7.710667e+00 6.139016e+01 1.473810e+00 1.004613e+00 4.382468e-01 4.570354e-02 -2.794157e-01 -6.076680e-01 -1.423619e+00 -1.304490e+00 -7.939383e-01 4.135231e-01 6.330478e-01 9.121165e-02 8.693364e-01 -1.373317e-03 -1.559769e-02 -1.706233e-01 -2.063000e-01 -1.617795e-02 1.322108e-01 1.271209e-01 -3.590912e-03 -4.037041e-02 2.540482e-02 1.283289e-01 1.300652e-01 -1.877479e-02
<VARIANCE> 39
 4.581300e+01 3.809234e+01 4.912402e+01 2.840713e+01 3.067917e+01 5.672327e+01 9.033371e+01 8.329927e+01 3.800235e+01 4.992503e+01 6.305979e+01 4.163637e+01 2.024637e+01 9.823575e-01 2.753940e+00 5.067615e+00 4.140882e+00 3.339752e+00 5.051312e+00 4.376227e+00 3.822990e+00 4.785357e+00 7.450153e+00 6.852824e+00 4.414862e+00 5.533429e-01 2.109062e-01 5.103800e-01 6.582512e-01 5.186139e-01 6.347842e-01 1.067485e+00 1.054129e+00 8.324162e-01 9.725685e-01 1.512744e+00 1.010115e+00 6.705901e-01 1.141820e-01
<GCONST> 1.312762e+02
<STATE> 3
<MEAN> 39
 1.859614e+00 -1.120230e+00 -5.251893e+00 -1.241674e+01 -3.774596e+00 -3.686141e+00 -9.087343e+00 -1.519591e+01 -4.414436e+00 -2.352921e+00 1.641412e+00 -6.965229e+00 7.001717e+01 -1.089254e-01 -4.987063e-01 -3.572565e-01 -2.950551e-01 5.352221e-02 3.216865e-01 3.459959e-01 4.885279e-01 4.560540e-01 -1.486484e-01 -7.264083e-01 -3.519797e-01 7.217160e-02 -4.908113e-02 1.628476e-02 6.939493e-02 9.948784e-02 7.121429e-03 -8.128032e-02 -1.640354e-02 2.672598e-02 3.106745e-02 -2.484687e-02 -2.119609e-02 -1.939616e-02 -4.156611e-02
<VARIANCE> 39
 5.579603e+00 9.542052e+01 8.039146e+01 2.810127e+01 4.537191e+01 8.488084e+01 3.234300e+01 1.060813e+02 1.071432e+02 5.921996e+01 1.233468e+02 9.347698e+01 1.748455e+01 2.755501e-01 1.648185e+00 1.349267e+00 1.041876e+00 1.328068e+00 2.412707e+00 2.199588e+00 3.493662e+00 3.622876e+00 3.931323e+00 3.238531e+00 3.679676e+00 4.515609e-01 3.652183e-02 1.524102e-01 1.784810e-01 1.237664e-01 1.974297e-01 2.902093e-01 3.034306e-01 4.919927e-01 4.781744e-01 5.230746e-01 5.549905e-01 5.262787e-01 3.386653e-02
<GCONST> 1.103707e+02
<STATE> 4
<MEAN> 39
 -9.982485e+00 -4.943182e+00 -4.768195e+00 -7.681839e+00 -8.890648e-01 -4.950948e+00 -1.755912e+00 -5.701764e+00 1.043703e+00 -9.447192e+00 -6.445419e+00 -9.191359e+00 6.139646e+01 -6.824601e-01 2.211053e-01 2.475970e-01 3.017017e-01 5.280958e-02 3.735940e-02 6.278422e-01 1.902364e-01 -3.152078e-01 -2.006154e-01 5.797838e-01 4.425968e-01 -6.287482e-01 1.877035e-02 -6.028840e-02 -2.450767e-02 -3.968930e-02 -9.206281e-03 8.811668e-02 2.481917e-02 2.988923e-02 2.596780e-02 5.031339e-02 1.409803e-02 6.372347e-03 4.711778e-02
<VARIANCE> 39
 2.271850e+01 1.268715e+01 2.413930e+01 1.736636e+01 1.372938e+01 3.438986e+01 3.242413e+01 3.718498e+01 2.290319e+01 2.167891e+01 4.541220e+01 3.143715e+01 1.522119e+01 1.527338e-01 4.990995e-01 6.147332e-01 7.307173e-01 1.138047e+00 1.808750e+00 1.324450e+00 1.743819e+00 1.316934e+00 1.446179e+00 1.614044e+00 1.148503e+00 1.340738e-01 1.886856e-02 5.701115e-02 9.696145e-02 1.122558e-01 1.636490e-01 2.083179e-01 2.188715e-01 2.614089e-01 2.023696e-01 2.458028e-01 2.372514e-01 1.974076e-01 6.484943e-03
<GCONST> 8.156722e+01
<TRANSP> 5
 0.000000e+00 1.000000e+00 0.000000e+00 0.000000e+00 0.000000e+00
 0.000000e+00 9.201092e-01 7.989088e-02 0.000000e+00 0.000000e+00
 0.000000e+00 0.000000e+00 9.666662e-01 3.333377e-02 0.000000e+00
 0.000000e+00 0.000000e+00 0.000000e+00 9.515738e-01 4.842617e-02
 0.000000e+00 0.000000e+00 0.000000e+00 0.000000e+00 0.000000e+00
<ENDHMM>
