~o
<STREAMINFO> 1 39
<VECSIZE> 39<NULLD><MFCC_D_A_0><DIAGC>
~h "lima"
<BEGINHMM>
<NUMSTATES> 20
<STATE> 2
<MEAN> 39
 -1.737920e+01 -4.667200e+00 8.733178e-01 -2.176151e+00 2.091652e-02 -6.165095e+00 -4.721641e-01 -7.053577e+00 -2.268691e+00 -9.310656e+00 1.232173e+00 -3.478173e+00 5.647093e+01 2.137738e+00 2.059144e+00 1.304205e+00 2.458638e-01 -8.935607e-01 -1.849361e+00 -2.037423e+00 -2.188336e+00 -1.526095e+00 -5.439215e-01 9.170077e-02 -1.527930e-01 1.090884e+00 7.129183e-01 6.026161e-01 5.709587e-01 8.985071e-02 -6.671203e-01 -7.071734e-01 -4.612737e-01 -2.837571e-01 -1.010954e-01 2.584746e-01 4.788834e-02 -2.019418e-02 4.438512e-01
<VARIANCE> 39
 8.655935e+00 8.380597e+00 1.863965e+01 1.390488e+01 1.600006e+01 2.466602e+01 1.608505e+01 2.046266e+01 2.556882e+01 3.625417e+01 2.586245e+01 1.864679e+01 2.327428e+00 2.315270e+00 2.348898e+00 2.836891e+00 2.779494e+00 4.609541e+00 3.820981e+00 3.293802e+00 2.194279e+00 3.437259e+00 4.793668e+00 3.096093e+00 2.309588e+00 6.583390e-01 1.634439e-01 2.712359e-01 3.140303e-01 3.919445e-01 9.021397e-01 3.357360e-01 5.170586e-01 4.245269e-01 4.415360e-01 7.324802e-01 4.498779e-01 4.409176e-01 5.052106e-02
<GCONST> 1.064511e+02
<STATE> 3
<MEAN> 39
 -5.764727e+00 7.049052e+00 1.015484e+01 -3.647391e-01 -7.234070e+00 -1.663614e+01 -1.136266e+01 -1.626803e+01 -7.188963e+00 -8.441274e+00 2.500425e+00 -3.108853e+00 6.253780e+01 2.236159e+00 1.381722e+00 2.348491e+00 4.152052e-01 -3.000045e+00 -2.330431e+00 -1.221521e+00 -7.879403e-01 -1.432191e-01 1.156756e+00 9.079506e-01 4.459569e-01 1.708983e+00 -6.861469e-01 -1.021764e+00 -5.000019e-02 -1.597366e-01 -4.590080e-01 6.385825e-01 1.137169e+00 6.881968e-01 1.871109e-01 1.629716e-01 -2.955479e-02 2.485286e-02 -1.047844e-01
<VARIANCE> 39
 8.528342e+00 1.148469e+01 1.869021e+01 2.062300e+01 4.166341e+01 1.968485e+01 3.324905e+01 1.811765e+01 2.323975e+01 4.735744e+01 7.231174e+01 4.339186e+01 4.035681e+00 1.804789e+00 4.243869e+00 2.585364e+00 4.320809e+00 8.053417e+00 4.028011e+00 7.372779e+00 6.648791e+00 2.595994e+00 5.973185e+00 3.904439e+00 3.337569e+00 5.411381e-01 1.060050e-01 2.340745e-01 3.300267e-01 5.551570e-01 9.456977e-01 6.080146e-01 9.516524e-01 7.055922e-01 8.138641e-01 1.293782e+00 7.310546e-01 4.240335e-01 2.924267e-02
<GCONST> 1.172949e+02
<STATE> 4
<MEAN> 39
 -3.723913e+00 1.958256e+00 2.035101e+01 4.406424e+00 -2.144066e+01 -2.057980e+01 -3.887309e+00 -1.154395e+01 -9.489509e+00 -2.440171e+00 9.160625e+00 -1.664555e+00 6.828145e+01 -2.107081e-01 -1.222021e+00 2.655573e+00 -1.119035e+00 -3.163350e+00 1.417873e+00 4.822412e-01 -2.032085e-02 -6.520081e-01 1.638720e+00 3.415603e-01 -8.710793e-01 1.183099e+00 -4.014230e-01 2.544249e-01 -4.017546e-01 -8.232481e-01 1.413230e+00 1.200758e+00 -8.662277e-01 -2.840872e-01 2.545507e-01 -1.174259e-01 -3.581030e-01 -3.684684e-01 -3.876557e-01
<VARIANCE> 39
 2.346112e+00 4.039445e+01 4.955373e+01 6.214220e+01 1.538301e+02 4.434426e+01 3.620304e+01 7.988214e+01 1.033161e+02 9.034319e+01 8.645889e+01 6.618511e+01 5.955354e+00 4.812803e-01 1.642334e+00 1.965451e+00 3.828857e+00 1.026757e+01 5.566708e+00 8.079776e+00 5.286247e+00 5.382881e+00 5.533473e+00 2.443003e+00 3.673718e+00 4.517399e-01 1.154199e-01 4.058003e-01 2.923180e-01 5.206339e-01 1.066932e+00 8.575321e-01 1.039893e+00 7.163890e-01 7.689365e-01 1.137211e+00 6.198097e-01 4.876539e-01 7.104719e-02
<GCONST> 1.257116e+02
<STATE> 5
<MEAN> 39
 -5.689021e+00 1.369401e+00 2.562417e+01 -4.163307e+00 -2.353015e+01 -1.092762e+01 -1.028644e+01 -1.407495e+01 -7.962002e+00 -4.313497e-02 6.169451e+00 -5.845963e+00 7.003677e+01 -1.828457e-01 2.817246e-01 8.675231e-01 -1.536656e+00 3.007104e-01 1.612440e+00 -9.447054e-01 -1.757438e-01 -5.459707e-01 -1.254767e-01 -4.749042e-01 -4.613418e-01 2.373241e-01 1.689210e-01 8.261964e-02 -6.641245e-01 6.941000e-01 4.170501e-01 -6.929001e-01 4.890258e-01 1.676812e-03 -3.112102e-01 -3.682903e-01 9.133136e-02 2.548641e-01 -2.700133e-01
<VARIANCE> 39
 6.594256e+00 4.273928e+01 8.320165e+01 7.920752e+01 2.186388e+02 4.217608e+01 1.088163e+01 1.142113e+02 8.041467e+01 7.633886e+01 9.813649e+01 1.001820e+02 5.200778e+00 3.316182e-01 5.424077e-01 1.141991e+00 2.514201e+00 3.020663e+00 2.079148e+00 3.550345e+00 3.472677e+00 1.526236e+00 2.366980e+00 2.905284e+00 2.015222e+00 1.254833e-01 5.038966e-02 1.263807e-01 9.450717e-02 3.019398e-01 4.758098e-01 7.321493e-01 2.535260e-01 8.515288e-01 2.561648e-01 6.655656e-01 2.493137e-01 4.859197e-01 2.108303e-02
<GCONST> 1.076559e+02
<STATE> 6
<MEAN> 39
 -4.406718e+00 6.318696e+00 2.431566e+01 -4.806297e+00 -1.385862e+01 -1.330515e+01 -9.910097e+00 -1.325286e+01 -1.543738e+01 -2.698139e+00 8.985300e+00 -8.159248e+00 6.778210e+01 2.535990e-01 5.360015e-03 -3.229008e-01 5.599679e-01 -2.985541e-01 1.351748e-01 9.646700e-01 -8.710105e-01 -2.059306e-01 3.678595e-01 2.000713e-01 -3.058740e-01 -1.552791e-01 4.764388e-02 2.691325e-02 -4.147742e-01 4.632343e-01 4.494940e-01 -1.839898e-01 7.805055e-02 1.124660e-01 1.146088e-01 -2.233359e-01 1.110371e-01 1.669465e-01 -1.482062e-01
<VARIANCE> 39
 8.781971e+00 1.659985e+01 9.441885e+01 5.354588e+01 1.530448e+02 2.228890e+01 2.616840e+01 1.600469e+02 8.447237e+01 7.705526e+01 1.469397e+02 5.770745e+01 3.318306e+00 1.401994e-01 1.778614e-01 7.943739e-01 1.627632e+00 1.584754e+00 2.125623e+00 1.317036e+00 1.596725e+00 2.023140e+00 1.685025e+00 1.475184e+00 1.581933e+00 8.598892e-02 2.590349e-02 4.565899e-02 1.627672e-01 2.241499e-01 7.021255e-01 1.784565e-01 4.345968e-01 5.672243e-01 2.316199e-01 3.908798e-01 5.705653e-01 2.939794e-01 1.569386e-02
<GCONST> 9.696179e+01
<STATE> 7
<MEAN> 39
 -4.076741e+00 1.735955e+00 1.991105e+01 4.907960e-01 -2.073420e+01 -1.257172e+01 -5.838082e+00 -1.925911e+01 -8.914968e+00 -2.618903e+00 4.510772e+00 -4.597659e+00 6.747028e+01 3.506480e-01 4.732093e-01 -1.921411e+00 5.815636e-01 3.296532e+00 8.001555e-01 6.158829e-01 -3.451588e-01 -5.752738e-01 -8.339679e-01 1.069713e-01 1.097295e-01 -7.010469e-01 8.529548e-03 -2.061380e-02 -1.670086e-01 -2.082940e-01 3.033579e-01 4.148091e-01 -1.412986e-01 -4.040392e-01 -1.228860e-01 6.122898e-02 -1.101689e-01 -5.337524e-02 5.911624e-02
<VARIANCE> 39
 4.069514e+00 2.597146e+01 4.803407e+01 4.861172e+01 1.155065e+02 1.408347e+01 3.300005e+01 6.482573e+01 1.669147e+01 1.928603e+01 6.797675e+01 6.541046e+01 5.156279e+00 1.966243e-01 3.479357e-01 6.064277e-01 1.251814e+00 2.223534e+00 2.221844e+00 1.967345e+00 3.630836e+00 1.471537e+00 2.494603e+00 9.546191e-01 1.599089e+00 1.326087e-01 2.907595e-02 5.364887e-02 1.163392e-01 1.656795e-01 5.154533e-01 3.171126e-01 2.485014e-01 3.139440e-01 3.649492e-01 4.330784e-01 2.424981e-01 2.494355e-01 4.393792e-02
<GCONST> 9.273000e+01
<STATE> 8
<MEAN> 39
 -9.631682e-01 6.112055e+00 9.052640e+00 -3.846828e+00 -5.341446e+00 -6.397839e+00 -6.015329e+00 -2.025205e+01 -1.315263e+01 -7.792001e+00 4.934921e+00 -1.910995e+00 6.608037e+01 3.289428e-01 -3.295840e-01 -1.585529e+00 3.293706e-02 1.834423e+00 1.330753e+00 6.955320e-02 -1.123369e+00 -5.793960e-01 -9.255641e-01 1.940087e-01 1.062879e+00 5.520678e-02 2.932458e-02 -8.842635e-02 -8.478659e-02 -2.946469e-01 -2.529087e-01 -1.262325e-01 -6.903899e-02 2.002486e-01 8.692552e-02 1.272270e-01 1.614385e-01 -7.483365e-02 1.118340e-01
<VARIANCE> 39
 8.668548e+00 8.896388e+00 9.758717e+01 5.650356e+01 3.188956e+01 1.758109e+01 1.170534e+01 4.474038e+01 2.775040e+01 2.679026e+01 4.189576e+01 3.455979e+01 2.258280e+00 1.874945e-01 4.053190e-01 7.612181e-01 8.809690e-01 1.168668e+00 9.776922e-01 7.102355e-01 1.779313e+00 1.865727e+00 1.091892e+00 3.441968e+00 1.810347e+00 6.741033e-02 3.762730e-02 4.344433e-02 1.256380e-01 1.122837e-01 1.345482e-01 2.676065e-01 1.152617e-01 2.440558e-01 2.414155e-01 2.553885e-01 3.911751e-01 2.789825e-01 1.207554e-02
<GCONST> 8.217596e+01
<STATE> 9
<MEAN> 39
 -1.102882e+00 4.758535e+00 9.169743e+00 2.486978e-01 -2.046337e+00 -3.601599e+00 -3.452162e+00 -2.415880e+01 -1.752853e+01 -8.770563e+00 7.710969e+00 -8.101828e-01 6.609706e+01 7.361813e-01 -1.040261e-01 -2.675290e+00 -1.723805e+00 7.629888e-01 4.389235e-01 -1.402058e-01 4.013518e-01 4.111546e-01 7.709779e-01 4.352560e-01 -3.767201e-01 2.922135e-01 1.459194e-01 -3.969066e-01 -5.908763e-01 -7.210798e-01 -3.003895e-01 -8.951748e-02 -2.104982e-01 8.582742e-01 9.968789e-01 7.659632e-01 4.720370e-02 -6.768007e-01 2.389199e-01
<VARIANCE> 39
 3.446408e+00 1.469525e+01 3.757407e+01 2.928010e+01 2.606329e+01 1.917150e+01 2.750265e+01 3.716353e+01 2.347653e+01 3.148920e+01 4.389743e+01 4.608265e+01 1.242890e+00 1.639978e-01 4.581324e-01 8.900343e-01 1.844105e+00 1.244490e+00 8.208627e-01 7.007732e-01 2.266654e+00 2.740334e+00 1.243533e+00 2.441222e+00 2.439257e+00 1.043511e-01 1.387226e-02 1.161340e-01 1.519307e-01 2.497516e-01 3.077388e-01 3.782999e-01 2.674549e-01 2.814043e-01 2.499212e-01 3.005868e-01 5.387200e-01 3.394918e-01 1.239624e-02
<GCONST> 8.620783e+01
<STATE> 10
<MEAN> 39
 1.065825e+00 2.788027e+00 9.817239e-02 -7.871789e+00 -2.446492e+00 -3.118549e+00 -6.160962e+00 -2.178912e+01 -1.117562e+01 -3.053654e+00 8.935884e+00 -4.697889e+00 6.760946e+01 8.854651e-01 -1.835433e+00 -3.937598e+00 -2.558572e+00 1.268781e+00 1.092623e+00 -7.112441e-01 1.804164e+00 2.453487e+00 1.566691e+00 4.410318e-02 -1.862606e+00 9.258640e-01 -1.474906e-01 -6.104274e-01 -6.424911e-02 1.802392e-01 4.190806e-01 1.595215e-01 -1.373992e-01 4.219050e-01 6.937218e-01 -7.712095e-02 -8.675913e-01 -4.789155e-01 1.325981e-01
<VARIANCE> 39
 3.341403e+00 1.202652e+01 3.587389e+01 1.928842e+01 2.756459e+01 1.904615e+01 2.628815e+01 8.510627e+01 3.782081e+01 3.536937e+01 3.827732e+01 6.314951e+01 2.055692e+00 3.633090e-01 1.404757e+00 2.740986e+00 4.226527e+00 1.367311e+00 3.038912e+00 3.282421e+00 2.997917e+00 3.931579e+00 3.199385e+00 2.547954e+00 3.577794e+00 3.190950e-01 5.062793e-02 1.598690e-01 3.838556e-01 5.471077e-01 1.039511e-01 2.065970e-01 5.722392e-01 8.016347e-01 5.221962e-01 4.797351e-01 5.795916e-01 7.917120e-01 3.898911e-02
<GCONST> 1.042789e+02
<STATE> 11
<MEAN> 39
 2.959152e+00 -3.950568e+00 -9.927626e+00 -1.380260e+01 3.109391e+00 1.110292e+00 -7.289321e+00 -1.610427e+01 -4.317971e+00 8.987315e-01 5.218619e+00 -1.163013e+01 7.055316e+01 1.111201e-01 -2.696975e+00 -2.443460e+00 -7.081106e-01 2.203321e+00 9.724303e-01 -1.088817e+00 1.900038e+00 3.338518e+00 5.357277e-01 -2.580214e+00 -2.045336e+00 9.079703e-01 -3.863579e-01 1.805430e-01 1.082288e+00 8.788867e-01 -1.703556e-01 -4.505720e-01 -1.151159e-01 -2.044725e-01 -1.928815e-01 -6.183481e-01 -3.877638e-01 5.257215e-01 -2.296196e-01
<VARIANCE> 39
 1.422063e+00 1.954117e+01 4.575167e+01 8.789998e+00 4.602964e+01 1.180356e+01 2.463635e+01 6.942139e+01 3.791037e+01 2.206190e+01 5.716286e+01 4.810458e+01 4.157078e+00 3.662836e-01 1.978113e+00 2.406059e+00 2.221744e+00 1.331434e+00 2.153245e+00 2.273327e+00 2.382496e+00 2.260259e+00 3.298996e+00 2.574440e+00 3.576802e+00 3.928215e-01 2.980914e-02 2.021045e-01 2.448754e-01 2.349569e-01 1.641868e-01 2.324569e-01 3.975219e-01 3.763829e-01 6.548457e-01 4.452534e-01 4.328396e-01 5.678241e-01 1.750636e-02
<GCONST> 9.839174e+01
<STATE> 12
<MEAN> 39
 1.791526e+00 -1.054862e+01 -1.052577e+01 -1.147326e+01 9.279828e+00 9.194161e-01 -1.361610e+01 -1.148519e+01 4.583207e+00 -2.287505e+00 -2.744011e+00 -1.245445e+01 7.264606e+01 -6.221130e-01 -1.394540e+00 4.025815e-01 6.562417e-01 4.645876e-01 -1.370844e-01 -1.117351e+00 6.626652e-01 1.933447e+00 -1.264624e+00 -2.357948e+00 -2.541867e-01 1.799837e-01 -1.850955e-01 7.751945e-01 5.762377e-01 9.217054e-02 -6.731464e-01 -2.004915e-01 4.691776e-01 -3.204970e-01 -8.788887e-01 -3.878344e-01 4.337839e-01 2.714819e-01 -4.219138e-01
<VARIANCE> 39
 2.380344e+00 1.519462e+01 6.205687e+01 1.539894e+01 2.857217e+01 2.586696e+01 5.125946e+01 1.131428e+02 3.607489e+01 4.247446e+01 8.272626e+01 3.286348e+01 8.290590e+00 9.599254e-02 1.128847e+00 1.506207e+00 9.790608e-01 1.929764e+00 1.107595e+00 1.940315e+00 1.625290e+00 2.518219e+00 3.096348e+00 1.564863e+00 3.490749e+00 3.194782e-01 5.224337e-02 1.554434e-01 2.838593e-01 1.064839e-01 1.721554e-01 1.765959e-01 3.971677e-01 3.863656e-01 4.267419e-01 5.593021e-01 2.933142e-01 5.451726e-01 4.975314e-02
<GCONST> 9.749464e+01
<STATE> 13
<MEAN> 39
 -4.518140e-01 -1.197874e+01 -6.175209e+00 -1.021729e+01 6.851758e+00 1.951317e-02 -1.398990e+01 -7.229070e+00 4.593895e+00 -6.475136e+00 -4.584492e+00 -1.441349e+01 7.213622e+01 -1.046419e+00 6.937542e-01 2.901779e-01 7.410494e-01 -5.004818e-01 -6.548855e-01 8.468384e-01 2.547172e-01 -4.563633e-01 -1.002523e+00 -7.492726e-01 -3.000345e-01 -1.261935e+00 -1.389548e-01 5.152918e-01 5.245855e-02 -1.116588e-01 -1.270165e-01 -1.080171e-01 2.641319e-01 -5.227847e-02 -5.267650e-01 1.463703e-01 4.385363e-01 1.176992e-01 -3.325899e-01
<VARIANCE> 39
 4.295750e+00 1.654269e+01 8.602699e+01 2.191784e+01 1.805675e+01 4.492004e+01 4.662634e+01 1.315003e+02 6.812649e+01 3.492561e+01 9.387173e+01 3.596646e+01 9.336926e+00 1.544706e-01 7.704056e-01 8.098357e-01 5.269017e-01 1.280581e+00 6.380832e-01 7.299996e-01 2.085574e+00 1.397097e+00 1.062550e+00 9.209478e-01 7.885784e-01 2.723561e-01 2.791548e-02 7.483551e-02 2.534006e-01 1.606653e-01 2.409035e-01 1.809785e-01 2.063575e-01 3.485658e-01 4.217443e-01 2.680824e-01 3.845860e-01 2.898293e-01 3.059890e-02
<GCONST> 9.005032e+01
<STATE> 14
<MEAN> 39
 -4.159100e+00 -5.863616e+00 -7.407645e+00 -8.377634e+00 4.349961e+00 -2.127777e+00 -8.809438e+00 -1.078808e+01 2.162597e+00 -8.213113e+00 -6.687210e+00 -1.306565e+01 6.574165e+01 -1.098919e+00 9.929460e-01 6.342331e-01 1.294770e-01 -4.374885e-01 -6.155329e-01 4.173689e-01 -5.700733e-03 -9.274408e-01 -3.838999e-01 2.803687e-01 9.733181e-02 -1.183262e+00 1.284306e-02 -1.604910e-01 1.008256e-02 3.087773e-02 7.067510e-02 2.206106e-02 -1.070973e-01 -1.254843e-01 -3.550293e-02 9.704414e-02 1.965521e-01 1.274557e-01 1.032061e-01
<VARIANCE> 39
 4.692046e+00 1.112521e+01 2.995562e+01 1.284329e+01 9.960667e+00 2.455025e+01 2.532887e+01 4.204202e+01 2.245477e+01 1.634490e+01 5.240757e+01 1.561349e+01 1.921934e+00 1.531970e-01 3.529850e-01 7.742553e-01 6.133857e-01 1.043860e+00 8.905035e-01 7.001089e-01 2.955883e+00 2.110419e+00 1.430806e+00 1.808396e+00 9.918582e-01 1.180105e-01 1.978779e-02 4.245253e-02 4.229298e-02 1.024970e-01 1.753574e-01 1.223574e-01 6.994951e-02 3.432882e-01 2.852108e-01 2.123292e-01 1.673556e-01 1.208545e-01 1.464914e-02
<GCONST> 7.284307e+01
<STATE> 15
<MEAN> 39
 -8.011378e+00 -3.627442e+00 -6.446207e+00 -8.068720e+00 2.742441e+00 -4.999700e+00 -7.999374e+00 -1.209223e+01 -1.358152e+00 -7.836665e+00 -3.519638e+00 -1.105213e+01 6.195718e+01 -9.089679e-01 3.499780e-01 7.101176e-01 8.145027e-01 4.734520e-01 1.981975e-01 6.354694e-01 1.589319e-01 -4.775460e-01 -3.132358e-01 2.335448e-01 2.559677e-01 -7.138620e-01 1.164892e-01 1.223271e-02 1.043239e-01 1.744125e-01 1.645041e-01 2.319843e-01 1.831135e-01 1.354130e-01 6.566595e-02 -1.190096e-01 -1.357734e-01 -5.092533e-02 1.048903e-01
<VARIANCE> 39
 3.310976e+00 5.939516e+00 9.728160e+00 6.647516e+00 6.861828e+00 1.773249e+01 1.754692e+01 1.219566e+01 1.555306e+01 1.550353e+01 2.011241e+01 1.808409e+01 1.291589e+00 1.571299e-01 1.810607e-01 6.385105e-01 5.387894e-01 1.011626e+00 1.129997e+00 1.518183e+00 9.733985e-01 7.021056e-01 7.143259e-01 1.266463e+00 8.716584e-01 6.797738e-02 2.346751e-02 4.174604e-02 7.497873e-02 5.616437e-02 1.602830e-01 1.803335e-01 1.748027e-01 2.226956e-01 1.798456e-01 1.393283e-01 8.013211e-02 1.675831e-01 5.780338e-03
<GCONST> 6.090976e+01
<STATE> 16
<MEAN> 39
 -1.046826e+01 -1.407435e+00 -2.568198e+00 -3.633369e+00 6.876450e+00 -2.268624e+00 -5.048730e+00 -9.830641e+00 -2.807877e+00 -1.193446e+01 -5.324522e+00 -1.201365e+01 5.991113e+01 -7.368745e-01 2.136568e-01 7.073951e-01 5.326189e-01 3.775194e-02 1.355898e-01 1.027955e+00 1.000675e+00 -2.303815e-01 -5.515859e-01 7.209700e-02 1.646821e-01 -5.300520e-01 -2.535712e-02 -1.724847e-01 -1.842914e-01 -2.612964e-01 -2.719699e-01 -9.210853e-02 7.352829e-02 7.608297e-02 1.675280e-01 1.898061e-01 6.611635e-02 1.005311e-01 1.846400e-02
<VARIANCE> 39
 2.895414e+00 8.666239e+00 1.097680e+01 4.930316e+00 1.155157e+01 6.692213e+00 1.941793e+01 1.907335e+01 1.918607e+01 2.242408e+01 1.876440e+01 1.517003e+01 1.516167e+00 8.066597e-02 2.347811e-01 5.232139e-01 5.831091e-01 1.078002e+00 8.652188e-01 1.832549e+00 1.082014e+00 6.883786e-01 1.516262e+00 1.314704e+00 8.393599e-01 3.334233e-02 1.635269e-02 1.877408e-02 6.057164e-02 5.511462e-02 1.507529e-01 1.490210e-01 2.396584e-01 2.166821e-01 1.581516e-01 1.862655e-01 2.357909e-01 1.552608e-01 7.137917e-03
<GCONST> 6.116744e+01
<STATE> 17
<MEAN> 39
 -1.303551e+01 -2.232449e+00 -1.212014e+00 -3.133242e+00 4.189182e+00 -8.725070e-01 2.276262e+00 -3.814161e+00 -1.198202e+00 -1.014538e+01 -3.135375e+00 -9.198227e+00 5.832172e+01 -6.589898e-01 -5.277193e-01 -8.503108e-02 1.654062e-01 -2.181710e-01 4.839683e-02 9.130121e-01 4.248047e-01 -1.014587e-01 -7.594123e-02 -1.673177e-01 2.454360e-01 -3.446876e-01 1.344360e-02 -6.473687e-02 -4.548728e-02 3.349069e-02 1.369759e-01 5.779044e-02 -1.656518e-01 -2.765638e-01 -1.656339e-01 -2.223494e-02 4.874884e-02 -3.514951e-02 4.808266e-02
<VARIANCE> 39
 1.562098e+00 5.206720e+00 1.071412e+01 9.274418e+00 1.157747e+01 1.327720e+01 1.973586e+01 2.087896e+01 1.458704e+01 2.091141e+01 1.605912e+01 1.308127e+01 7.797938e-01 1.240743e-01 2.888701e-01 5.235665e-01 4.805932e-01 1.021570e+00 7.184908e-01 1.095755e+00 9.976665e-01 2.196671e+00 2.537533e+00 6.491817e-01 7.026055e-01 5.802016e-02 1.350495e-02 5.882869e-02 1.246328e-01 7.140430e-02 1.816938e-01 1.316085e-01 1.113291e-01 1.975175e-01 2.829701e-01 4.633497e-01 1.806740e-01 1.550575e-01 6.820283e-03
<GCONST> 6.340028e+01
<STATE> 18
<MEAN> 39
 -1.508615e+01 -5.688311e+00 -2.825231e+00 -2.575697e+00 6.398919e+00 -3.097098e+00 -1.637496e+00 -8.790105e+00 -4.145141e+00 -1.091905e+01 -3.180146e+00 -8.564421e+00 5.796788e+01 -6.707633e-01 -6.331338e-01 -1.114934e-01 6.227437e-01 6.082489e-01 6.344579e-01 2.288923e-01 -2.050967e-02 -3.795156e-02 3.260805e-01 7.928133e-01 5.635816e-01 -3.111392e-01 -1.991408e-03 2.612702e-02 3.232046e-02 2.650318e-02 -2.249149e-02 7.469863e-02 4.326892e-02 4.637627e-02 2.321627e-02 -5.559587e-02 -4.001220e-02 -7.291444e-02 -2.364701e-02
<VARIANCE> 39
 1.626724e+00 1.286817e+01 8.405355e+00 7.397811e+00 2.488017e+01 2.802391e+01 4.399088e+01 2.822911e+01 1.339716e+01 2.318081e+01 1.643492e+01 1.654591e+01 1.901181e+00 5.336600e-02 7.131536e-01 7.372031e-01 3.117717e-01 2.202627e+00 1.667422e+00 3.479756e+00 1.259415e+00 1.752218e+00 1.703477e+00 9.870521e-01 1.330647e+00 1.327581e-01 9.694220e-03 1.289185e-01 8.968855e-02 1.377105e-01 5.237145e-01 2.510224e-01 6.895664e-01 1.112915e-01 2.101857e-01 5.102641e-01 2.649915e-01 1.997599e-01 2.199848e-02
<GCONST> 7.722973e+01
<STATE> 19
<MEAN> 39
 -1.722446e+01 -5.665779e+00 -1.666023e+00 -1.942293e+00 5.621001e+00 6.240484e-01 4.833279e+00 -6.114809e+00 -4.122704e+00 -1.183918e+01 -3.722106e+00 -8.868721e+00 5.642894e+01 -5.025733e-01 -2.364638e-01 1.544263e-01 -1.769202e-01 -3.751141e-01 -3.564239e-02 3.828106e-01 -1.428153e-01 -5.098243e-01 -5.446127e-01 -7.701126e-01 -2.247416e-01 -2.323320e-01 1.131997e-01 3.507931e-02 1.335764e-02 -4.515681e-03 -4.884574e-04 -4.026866e-03 -7.292014e-02 1.204654e-01 6.461658e-02 -3.176759e-02 -2.259380e-01 -1.305140e-01 6.874617e-02
<VARIANCE> 39
 2.070727e+00 8.278527e+00 9.260789e+00 8.339985e+00 1.301366e+01 1.642384e+01 5.091430e+01 1.817913e+01 2.591077e+01 1.387197e+01 2.889645e+01 1.788648e+01 9.400196e-01 1.884616e-01 2.845114e-01 5.248523e-01 6.591910e-01 7.835141e-01 9.612743e-01 1.830360e+00 1.214790e+00 9.405898e-01 1.346842e+00 2.545035e+00 1.805667e+00 6.687652e-02 1.673912e-02 4.256101e-02 7.641303e-02 1.732821e-01 1.940529e-01 2.472288e-01 3.611011e-01 1.912269e-01 2.633562e-01 2.405632e-01 4.928929e-01 4.366278e-01 6.934015e-03
<GCONST> 7.216861e+01
<TRANSP> 20
 0.000000e+00 1.000000e+00 0.000000e+00 0.000000e+00 0.000000e+00 0.000000e+00 0.000000e+00 0.000000e+00 0.000000e+00 0.000000e+00 0.000000e+00 0.000000e+00 0.000000e+00 0.000000e+00 0.000000e+00 0.000000e+00 0.000000e+00 0.000000e+00 0.000000e+00 0.000000e+00
 0.000000e+00 7.142559e-01 2.857441e-01 0.000000e+00 0.000000e+00 0.000000e+00 0.000000e+00 0.000000e+00 0.000000e+00 0.000000e+00 0.000000e+00 0.000000e+00 0.000000e+00 0.000000e+00 0.000000e+00 0.000000e+00 0.000000e+00 0.000000e+00 0.000000e+00 0.000000e+00
 0.000000e+00 0.000000e+00 7.272367e-01 2.727633e-01 0.000000e+00 0.000000e+00 0.000000e+00 0.000000e+00 0.000000e+00 0.000000e+00 0.000000e+00 0.000000e+00 0.000000e+00 0.000000e+00 0.000000e+00 0.000000e+00 0.000000e+00 0.000000e+00 0.000000e+00 0.000000e+00
 0.000000e+00 0.000000e+00 0.000000e+00 5.721211e-01 4.278789e-01 0.000000e+00 0.000000e+00 0.000000e+00 0.000000e+00 0.000000e+00 0.000000e+00 0.000000e+00 0.000000e+00 0.000000e+00 0.000000e+00 0.000000e+00 0.000000e+00 0.000000e+00 0.000000e+00 0.000000e+00
 0.000000e+00 0.000000e+00 0.000000e+00 0.000000e+00 5.360998e-01 4.639002e-01 0.000000e+00 0.000000e+00 0.000000e+00 0.000000e+00 0.000000e+00 0.000000e+00 0.000000e+00 0.000000e+00 0.000000e+00 0.000000e+00 0.000000e+00 0.000000e+00 0.000000e+00 0.000000e+00
 0.000000e+00 0.000000e+00 0.000000e+00 0.000000e+00 0.000000e+00 6.928928e-01 3.071072e-01 0.000000e+00 0.000000e+00 0.000000e+00 0.000000e+00 0.000000e+00 0.000000e+00 0.000000e+00 0.000000e+00 0.000000e+00 0.000000e+00 0.000000e+00 0.000000e+00 0.000000e+00
 0.000000e+00 0.000000e+00 0.000000e+00 0.000000e+00 0.000000e+00 0.000000e+00 6.945972e-01 3.054028e-01 0.000000e+00 0.000000e+00 0.000000e+00 0.000000e+00 0.000000e+00 0.000000e+00 0.000000e+00 0.000000e+00 0.000000e+00 0.000000e+00 0.000000e+00 0.000000e+00
 0.000000e+00 0.000000e+00 0.000000e+00 0.000000e+00 0.000000e+00 0.000000e+00 0.000000e+00 7.254958e-01 2.745042e-01 0.000000e+00 0.000000e+00 0.000000e+00 0.000000e+00 0.000000e+00 0.000000e+00 0.000000e+00 0.000000e+00 0.000000e+00 0.000000e+00 0.000000e+00
 0.000000e+00 0.000000e+00 0.000000e+00 0.000000e+00 0.000000e+00 0.000000e+00 0.000000e+00 0.000000e+00 4.787563e-01 5.212437e-01 0.000000e+00 0.000000e+00 0.000000e+00 0.000000e+00 0.000000e+00 0.000000e+00 0.000000e+00 0.000000e+00 0.000000e+00 0.000000e+00
 0.000000e+00 0.000000e+00 0.000000e+00 0.000000e+00 0.000000e+00 0.000000e+00 0.000000e+00 0.000000e+00 0.000000e+00 5.718814e-01 4.281187e-01 0.000000e+00 0.000000e+00 0.000000e+00 0.000000e+00 0.000000e+00 0.000000e+00 0.000000e+00 0.000000e+00 0.000000e+00
 0.000000e+00 0.000000e+00 0.000000e+00 0.000000e+00 0.000000e+00 0.000000e+00 0.000000e+00 0.000000e+00 0.000000e+00 0.000000e+00 5.691131e-01 4.308868e-01 0.000000e+00 0.000000e+00 0.000000e+00 0.000000e+00 0.000000e+00 0.000000e+00 0.000000e+00 0.000000e+00
 0.000000e+00 0.000000e+00 0.000000e+00 0.000000e+00 0.000000e+00 0.000000e+00 0.000000e+00 0.000000e+00 0.000000e+00 0.000000e+00 0.000000e+00 5.726622e-01 4.273379e-01 0.000000e+00 0.000000e+00 0.000000e+00 0.000000e+00 0.000000e+00 0.000000e+00 0.000000e+00
 0.000000e+00 0.000000e+00 0.000000e+00 0.000000e+00 0.000000e+00 0.000000e+00 0.000000e+00 0.000000e+00 0.000000e+00 0.000000e+00 0.000000e+00 0.000000e+00 5.992343e-01 4.007657e-01 0.000000e+00 0.000000e+00 0.000000e+00 0.000000e+00 0.000000e+00 0.000000e+00
 0.000000e+00 0.000000e+00 0.000000e+00 0.000000e+00 0.000000e+00 0.000000e+00 0.000000e+00 0.000000e+00 0.000000e+00 0.000000e+00 0.000000e+00 0.000000e+00 0.000000e+00 7.394914e-01 2.605086e-01 0.000000e+00 0.000000e+00 0.000000e+00 0.000000e+00 0.000000e+00
 0.000000e+00 0.000000e+00 0.000000e+00 0.000000e+00 0.000000e+00 0.000000e+00 0.000000e+00 0.000000e+00 0.000000e+00 0.000000e+00 0.000000e+00 0.000000e+00 0.000000e+00 0.000000e+00 7.322803e-01 2.677198e-01 0.000000e+00 0.000000e+00 0.000000e+00 0.000000e+00
 0.000000e+00 0.000000e+00 0.000000e+00 0.000000e+00 0.000000e+00 0.000000e+00 0.000000e+00 0.000000e+00 0.000000e+00 0.000000e+00 0.000000e+00 0.000000e+00 0.000000e+00 0.000000e+00 0.000000e+00 7.345040e-01 2.654960e-01 0.000000e+00 0.000000e+00 0.000000e+00
 0.000000e+00 0.000000e+00 0.000000e+00 0.000000e+00 0.000000e+00 0.000000e+00 0.000000e+00 0.000000e+00 0.000000e+00 0.000000e+00 0.000000e+00 0.000000e+00 0.000000e+00 0.000000e+00 0.000000e+00 0.000000e+00 6.764604e-01 3.235396e-01 0.000000e+00 0.000000e+00
 0.000000e+00 0.000000e+00 0.000000e+00 0.000000e+00 0.000000e+00 0.000000e+00 0.000000e+00 0.000000e+00 0.000000e+00 0.000000e+00 0.000000e+00 0.000000e+00 0.000000e+00 0.000000e+00 0.000000e+00 0.000000e+00 0.000000e+00 5.538535e-01 4.461465e-01 0.000000e+00
 0.000000e+00 0.000000e+00 0.000000e+00 0.000000e+00 0.000000e+00 0.000000e+00 0.000000e+00 0.000000e+00 0.000000e+00 0.000000e+00 0.000000e+00 0.000000e+00 0.000000e+00 0.000000e+00 0.000000e+00 0.000000e+00 0.000000e+00 0.000000e+00 7.144256e-01 2.855744e-01
 0.000000e+00 0.000000e+00 0.000000e+00 0.000000e+00 0.000000e+00 0.000000e+00 0.000000e+00 0.000000e+00 0.000000e+00 0.000000e+00 0.000000e+00 0.000000e+00 0.000000e+00 0.000000e+00 0.000000e+00 0.000000e+00 0.000000e+00 0.000000e+00 0.000000e+00 0.000000e+00
<ENDHMM>
