~o
<STREAMINFO> 1 39
<VECSIZE> 39<NULLD><MFCC_D_A_0><DIAGC>
~h "matikan"
<BEGINHMM>
<NUMSTATES> 5
<STATE> 2
<MEAN> 39
 -4.425952e+00 -5.332378e+00 -6.332310e+00 -6.794523e+00 1.358957e+00 -7.559491e+00 -5.888669e+00 -5.604125e+00 -5.860717e-01 -1.059059e+01 -3.701144e+00 -1.025091e+01 6.576628e+01 4.519585e-01 2.471813e-01 1.904261e-01 8.521713e-02 -2.892005e-01 -4.825999e-01 -3.162059e-01 -1.142792e-01 -2.037242e-01 -2.943485e-01 4.068340e-02 -7.771013e-02 3.850987e-01 -5.339594e-02 -1.137914e-03 1.812520e-01 -1.078004e-03 -1.794614e-01 -1.216564e-01 -4.339562e-02 -3.031186e-02 -4.068645e-02 4.219556e-02 1.645187e-01 6.361564e-02 1.818708e-02
<VARIANCE> 39
 4.273061e+01 2.330116e+01 2.795241e+01 2.417165e+01 3.329694e+01 4.666310e+01 3.795387e+01 9.058889e+01 3.315150e+01 5.718062e+01 6.116854e+01 3.318820e+01 3.142317e+01 4.323558e+00 2.690432e+00 3.933769e+00 2.407668e+00 3.165077e+00 3.454853e+00 3.719688e+00 6.287514e+00 3.978800e+00 3.125635e+00 4.670292e+00 3.057810e+00 2.564568e+00 4.707320e-01 5.154648e-01 7.813874e-01 4.446847e-01 6.157830e-01 5.996789e-01 5.667652e-01 1.080552e+00 7.168964e-01 5.051803e-01 5.808589e-01 5.585075e-01 3.001275e-01
<GCONST> 1.282609e+02
<STATE> 3
<MEAN> 39
 -7.326387e+00 -5.182320e+00 7.490265e+00 -4.579191e+00 -1.069414e+01 -1.702875e+01 -4.781493e+00 -7.415952e+00 -6.565100e+00 -1.058379e+01 1.470720e+00 -6.405835e+00 6.754208e+01 2.848790e-01 -3.818127e-01 -5.440477e-02 7.706674e-02 -1.031408e-02 -2.360607e-02 2.582008e-01 4.167588e-01 1.953027e-02 -4.256449e-02 -3.216713e-01 -1.340622e-01 2.942023e-01 -2.217652e-02 3.920556e-02 -1.244987e-01 3.557685e-02 2.045228e-01 1.409248e-01 4.163348e-02 3.785924e-02 5.950258e-02 -9.995472e-03 -1.108898e-01 -3.915371e-02 -8.590804e-02
<VARIANCE> 39
 2.136701e+01 7.289685e+01 1.245120e+02 5.493676e+01 9.077254e+01 8.999738e+01 7.056809e+01 1.634398e+02 6.826481e+01 6.097471e+01 8.616912e+01 3.778758e+01 3.106416e+01 1.680276e+00 3.076686e+00 6.638969e+00 4.722569e+00 6.253381e+00 8.032956e+00 4.312284e+00 6.554850e+00 4.596037e+00 4.795215e+00 4.047926e+00 3.741146e+00 2.039119e+00 2.688294e-01 4.579827e-01 6.835134e-01 8.387554e-01 8.775536e-01 1.266344e+00 6.915112e-01 8.946136e-01 8.059446e-01 9.157860e-01 7.483585e-01 6.813645e-01 2.673970e-01
<GCONST> 1.396255e+02
<STATE> 4
<MEAN> 39
 -9.110177e+00 -6.601047e-01 3.344403e+00 -4.956713e-01 2.943608e+00 -3.598620e+00 8.365064e-01 -4.266983e+00 -1.725668e+00 -9.925534e+00 -3.603492e+00 -8.877110e+00 6.147620e+01 -5.555943e-01 2.818165e-01 9.425320e-02 2.348019e-02 3.647292e-01 4.816757e-01 4.168470e-02 -3.388347e-01 5.106391e-02 2.360955e-01 1.408401e-01 2.650305e-02 -5.274253e-01 -3.578868e-03 -7.821431e-02 -3.255991e-02 -2.181920e-02 -5.785553e-02 -4.107660e-02 2.879474e-02 2.497361e-02 -3.308693e-03 -1.087787e-02 6.017263e-03 1.082421e-03 2.962760e-02
<VARIANCE> 39
 3.245275e+01 2.643504e+01 1.497504e+01 1.311799e+01 2.936893e+01 5.196999e+01 2.648533e+01 5.376488e+01 2.741260e+01 3.973620e+01 4.688064e+01 3.080437e+01 2.655246e+01 1.760069e-01 9.827712e-01 6.937863e-01 8.506706e-01 1.266179e+00 1.556438e+00 1.385524e+00 1.596296e+00 1.506177e+00 1.426235e+00 1.592280e+00 1.415338e+00 1.644172e-01 2.650716e-02 5.171524e-02 9.916916e-02 1.484927e-01 1.822547e-01 1.957698e-01 2.439209e-01 2.355372e-01 2.659086e-01 2.597976e-01 2.831471e-01 2.189040e-01 1.185920e-02
<GCONST> 8.792508e+01
<TRANSP> 5
 0.000000e+00 1.000000e+00 0.000000e+00 0.000000e+00 0.000000e+00
 0.000000e+00 9.492272e-01 5.077289e-02 0.000000e+00 0.000000e+00
 0.000000e+00 0.000000e+00 9.596278e-01 4.037216e-02 0.000000e+00
 0.000000e+00 0.000000e+00 0.000000e+00 9.665192e-01 3.348082e-02
 0.000000e+00 0.000000e+00 0.000000e+00 0.000000e+00 0.000000e+00
<ENDHMM>
