~o
<STREAMINFO> 1 39
<VECSIZE> 39<NULLD><MFCC_D_A_0><DIAGC>
~h "nol"
<BEGINHMM>
<NUMSTATES> 5
<STATE> 2
<MEAN> 39
 -6.910820e+00 1.000605e+00 1.653311e+00 -3.812076e+00 1.371703e+00 -8.091961e+00 -6.508858e+00 -1.070483e+01 -1.544938e+00 -6.531390e+00 6.505321e-01 -7.386825e+00 6.324849e+01 1.394738e+00 1.013530e-01 -4.654171e-01 -7.573359e-01 2.585888e-01 3.605843e-01 -7.010908e-01 -1.931358e-01 4.137373e-02 1.297670e-01 2.032171e-01 -3.276973e-01 1.074635e+00 -7.792248e-03 -1.046450e-01 -1.351303e-01 -1.427867e-01 -2.789878e-03 1.771941e-01 1.442863e-01 -2.967425e-02 -2.103332e-03 -4.155950e-02 -1.721057e-03 3.814052e-02 1.836195e-02
<VARIANCE> 39
 7.613653e+01 5.211328e+01 7.341279e+01 4.494775e+01 3.655661e+01 4.232407e+01 8.540821e+01 5.585689e+01 4.676387e+01 5.682256e+01 8.298908e+01 4.216187e+01 3.282561e+01 1.863421e+00 6.998715e+00 8.388533e+00 4.960515e+00 3.877514e+00 6.594843e+00 4.914512e+00 5.182371e+00 4.103943e+00 2.728792e+00 3.669610e+00 3.236729e+00 6.307738e-01 3.208206e-01 9.924085e-01 1.077564e+00 5.952568e-01 6.854999e-01 8.595511e-01 7.032222e-01 9.564951e-01 7.530636e-01 4.727177e-01 5.746692e-01 6.065886e-01 1.199216e-01
<GCONST> 1.338991e+02
<STATE> 3
<MEAN> 39
 2.911556e+00 -3.150057e+00 -9.092503e+00 -2.040266e+01 8.907582e-01 7.046522e+00 -7.598905e+00 -1.450102e+01 -3.656805e+00 -6.993789e+00 1.119221e+00 -7.584636e+00 7.181368e+01 -1.739001e-01 2.762564e-01 2.187774e-01 9.373357e-02 -1.996741e-01 7.145730e-02 1.932160e-01 -2.641993e-01 -1.846435e-01 -1.531025e-01 -1.894800e-01 1.150324e-01 -2.492619e-01 -5.446595e-02 4.269463e-02 7.452358e-02 1.354278e-01 2.778787e-02 -1.366462e-01 -2.246001e-02 6.701051e-02 1.726835e-02 1.871369e-02 -4.317545e-03 -2.147303e-02 -5.440006e-02
<VARIANCE> 39
 2.939844e+00 3.236599e+01 6.296591e+01 1.934243e+01 8.895626e+01 6.586835e+01 7.251480e+01 1.134633e+02 6.980575e+01 5.699941e+01 1.443538e+02 4.537849e+01 1.197664e+01 1.820758e-01 5.047815e-01 9.934118e-01 1.277584e+00 1.588006e+00 2.051013e+00 1.306462e+00 1.777557e+00 1.593004e+00 2.026369e+00 1.227467e+00 1.167064e+00 1.804647e-01 1.959149e-02 9.020252e-02 1.264893e-01 1.101334e-01 2.251313e-01 2.160514e-01 1.909537e-01 2.686201e-01 2.483326e-01 2.702962e-01 2.073447e-01 1.796792e-01 1.107757e-02
<GCONST> 9.318201e+01
<STATE> 4
<MEAN> 39
 -1.015987e+01 -9.544092e-01 -7.820645e-01 -4.548484e+00 7.947315e-01 -2.608077e+00 6.664326e-01 -9.707793e+00 -3.794373e+00 -1.065932e+01 -4.091846e+00 -8.986508e+00 6.009991e+01 -6.216183e-01 -2.666140e-01 1.072212e-01 3.834552e-01 -7.105193e-04 -2.827419e-01 3.023458e-01 4.229995e-01 1.831439e-01 9.740707e-02 1.241036e-02 -3.220178e-03 -3.843301e-01 3.043669e-02 -2.004342e-02 -3.243936e-02 -7.175250e-02 -2.776130e-02 2.926998e-02 -2.815981e-02 -8.230911e-04 2.449372e-02 2.465547e-02 7.517200e-03 -8.721558e-03 2.998883e-02
<VARIANCE> 39
 2.346657e+01 1.185812e+01 1.198075e+01 3.260820e+01 1.836111e+01 3.307806e+01 2.800445e+01 3.405379e+01 2.483799e+01 2.709171e+01 3.994061e+01 2.735777e+01 8.187825e+00 1.764565e-01 3.730923e-01 6.541188e-01 1.102910e+00 1.059524e+00 1.310200e+00 1.492149e+00 1.616041e+00 1.424328e+00 1.273149e+00 1.902978e+00 1.835554e+00 9.549256e-02 2.401657e-02 6.717456e-02 9.753343e-02 1.593267e-01 1.833857e-01 1.907860e-01 2.573840e-01 2.817741e-01 2.554717e-01 2.255053e-01 2.918375e-01 3.129438e-01 7.072596e-03
<GCONST> 8.304272e+01
<TRANSP> 5
 0.000000e+00 1.000000e+00 0.000000e+00 0.000000e+00 0.000000e+00
 0.000000e+00 9.318387e-01 6.816134e-02 0.000000e+00 0.000000e+00
 0.000000e+00 0.000000e+00 9.583700e-01 4.162997e-02 0.000000e+00
 0.000000e+00 0.000000e+00 0.000000e+00 9.602250e-01 3.977504e-02
 0.000000e+00 0.000000e+00 0.000000e+00 0.000000e+00 0.000000e+00
<ENDHMM>
