~o
<STREAMINFO> 1 39
<VECSIZE> 39<NULLD><MFCC_D_A_0><DIAGC>
~h "sebelas"
<BEGINHMM>
<NUMSTATES> 5
<STATE> 2
<MEAN> 39
 -1.554910e+01 3.979897e+00 -6.353742e+00 -3.128933e+00 2.050519e+00 -1.041916e+01 1.061205e+00 -1.193372e+01 2.528909e+00 -5.676336e+00 6.296566e-01 -6.843293e+00 6.385890e+01 7.991441e-01 3.370542e-01 -3.657639e-02 -2.414288e-01 -2.263394e-01 -5.978888e-01 -8.059039e-01 -6.588123e-01 7.811559e-03 3.437886e-01 2.203712e-01 -1.159672e-01 6.836938e-01 5.885401e-02 -9.269281e-02 2.841238e-02 -3.885265e-02 -2.319290e-02 7.563668e-02 -4.232363e-02 4.369339e-02 4.850988e-02 4.333412e-02 -3.373925e-02 -5.362933e-02 1.801337e-02
<VARIANCE> 39
 1.193765e+02 4.643686e+01 3.480898e+01 2.342106e+01 6.652890e+01 7.046611e+01 1.155310e+02 7.278813e+01 3.284536e+01 6.621413e+01 3.312883e+01 2.565797e+01 3.041203e+01 6.164995e+00 3.371481e+00 2.830581e+00 2.701078e+00 4.534375e+00 4.953097e+00 8.070481e+00 5.095541e+00 3.519045e+00 4.616492e+00 2.925372e+00 2.326259e+00 1.357503e+00 8.250672e-01 3.560818e-01 4.284511e-01 4.509940e-01 8.274338e-01 8.669271e-01 1.323348e+00 9.424511e-01 6.186365e-01 7.490004e-01 6.178003e-01 3.817953e-01 2.448680e-01
<GCONST> 1.326428e+02
<STATE> 3
<MEAN> 39
 -6.183625e-01 -3.666133e+00 -4.229690e+00 -9.748459e+00 1.201083e+00 -9.564991e+00 -8.976038e+00 -9.389052e+00 -7.309375e-02 -3.115730e+00 -5.541955e+00 -1.040123e+01 7.117712e+01 -5.553554e-01 3.250328e-01 -2.629512e-01 3.191606e-01 8.625064e-02 1.029744e-02 6.566371e-01 1.897269e-01 -1.902500e-02 -3.845325e-01 -2.970403e-01 4.253883e-02 -4.029280e-02 -1.032305e-01 1.042261e-01 -4.829020e-02 6.275236e-02 2.030161e-02 -3.212893e-02 5.736763e-02 -1.129215e-04 -5.429787e-02 -1.672846e-02 2.032875e-02 2.107295e-02 -1.954189e-02
<VARIANCE> 39
 3.389674e+01 5.622972e+01 4.019619e+01 3.569869e+01 8.729225e+01 1.388406e+02 8.847636e+01 1.856911e+02 5.866160e+01 1.092652e+02 1.333104e+02 6.214342e+01 1.278022e+01 1.842126e+00 3.391300e+00 2.039731e+00 1.993658e+00 1.828413e+00 2.475169e+00 2.637864e+00 4.402544e+00 3.428543e+00 2.344536e+00 3.019735e+00 2.280790e+00 5.488145e-01 1.347247e-01 2.923276e-01 3.086110e-01 2.720859e-01 3.044139e-01 3.242559e-01 4.045528e-01 6.172957e-01 6.011989e-01 4.068287e-01 4.365250e-01 3.907332e-01 8.010121e-02
<GCONST> 1.214386e+02
<STATE> 4
<MEAN> 39
 -2.464606e+01 4.986491e+00 -8.928860e+00 3.929044e+00 6.493635e+00 -2.427436e+00 1.131043e+01 -7.687917e+00 -1.022862e+00 -1.188028e+01 -3.500714e+00 -8.275183e+00 6.165036e+01 1.928414e-02 -6.961325e-01 4.255114e-01 -1.027740e-01 2.648396e-01 6.587681e-01 5.472218e-03 2.565467e-01 -2.070948e-01 6.221407e-02 1.433621e-01 2.984131e-02 -4.921316e-01 9.147675e-02 -7.997413e-02 6.297555e-02 -6.106122e-02 -1.258958e-02 -7.642366e-03 -4.702134e-02 9.316307e-03 -7.005413e-03 -1.933610e-02 -2.576176e-02 8.191523e-03 -3.719636e-03
<VARIANCE> 39
 1.903898e+01 1.146242e+02 4.571501e+01 1.925821e+01 4.084584e+01 8.707330e+01 3.181903e+01 3.123610e+01 3.470599e+01 4.019267e+01 3.898008e+01 3.271991e+01 3.219861e+01 5.863620e-01 1.090010e+00 6.424155e-01 1.102962e+00 1.270669e+00 1.837028e+00 1.948029e+00 1.920507e+00 1.884022e+00 1.770200e+00 1.928815e+00 1.521454e+00 1.317492e-01 5.499912e-02 1.148031e-01 1.037533e-01 1.847172e-01 2.251156e-01 3.224881e-01 3.393798e-01 3.328685e-01 3.595102e-01 3.141763e-01 3.286533e-01 2.921019e-01 1.793249e-02
<GCONST> 9.834817e+01
<TRANSP> 5
 0.000000e+00 1.000000e+00 0.000000e+00 0.000000e+00 0.000000e+00
 0.000000e+00 9.554139e-01 4.458611e-02 0.000000e+00 0.000000e+00
 0.000000e+00 0.000000e+00 9.711730e-01 2.882704e-02 0.000000e+00
 0.000000e+00 0.000000e+00 0.000000e+00 9.687976e-01 3.120242e-02
 0.000000e+00 0.000000e+00 0.000000e+00 0.000000e+00 0.000000e+00
<ENDHMM>
