~o
<STREAMINFO> 1 39
<VECSIZE> 39<NULLD><MFCC_D_A_0><DIAGC>
~h "sembilan"
<BEGINHMM>
<NUMSTATES> 5
<STATE> 2
<MEAN> 39
 -1.887425e+01 3.735807e+00 -6.684289e+00 -1.202336e+00 -3.451780e-01 -1.084446e+01 2.885080e+00 -1.160822e+01 3.503919e+00 -8.459505e+00 7.728095e-01 -5.800199e+00 6.219583e+01 6.886050e-01 7.885901e-01 -5.664632e-02 5.966087e-02 -9.000154e-02 -5.466433e-01 -4.757357e-01 -6.794711e-01 -2.480128e-02 1.604458e-02 1.508147e-01 -6.087800e-02 7.111875e-01 7.140887e-02 -1.948261e-02 5.394326e-02 9.728140e-03 2.582977e-02 6.080493e-02 -3.112746e-02 -4.999143e-03 -8.338971e-02 4.333976e-03 5.292845e-02 5.381807e-03 -9.775614e-03
<VARIANCE> 39
 7.619960e+01 6.224763e+01 4.594754e+01 2.736560e+01 4.257881e+01 4.436569e+01 6.897739e+01 4.534450e+01 3.476171e+01 6.243324e+01 3.833569e+01 4.345223e+01 2.731414e+01 6.843834e+00 2.870259e+00 3.029456e+00 2.171160e+00 2.349684e+00 2.482657e+00 6.962818e+00 3.374999e+00 4.105077e+00 3.115619e+00 3.459420e+00 3.122305e+00 8.073101e-01 7.905910e-01 4.877248e-01 3.999561e-01 3.243453e-01 4.224352e-01 4.778503e-01 1.078300e+00 6.676028e-01 7.845570e-01 5.401207e-01 5.595944e-01 6.029946e-01 1.900174e-01
<GCONST> 1.272449e+02
<STATE> 3
<MEAN> 39
 -1.241593e+00 -2.849734e+00 6.028573e+00 -5.445110e+00 -8.240453e+00 -1.286619e+01 -7.153278e+00 -7.759745e+00 -6.491349e+00 -4.630037e+00 -8.803566e-01 -5.855509e+00 7.078654e+01 6.474809e-02 -1.952381e-01 1.963947e-01 1.401995e-02 -5.855778e-02 1.147019e-01 3.159909e-02 2.429804e-01 -8.121078e-02 -1.939001e-01 -2.716714e-01 3.751455e-02 -7.897348e-02 -4.235913e-02 3.558785e-02 -1.570741e-02 1.482620e-02 1.610389e-02 -9.976928e-03 1.345619e-02 -4.778180e-03 3.142282e-02 -1.954917e-02 -2.219547e-02 -1.461594e-02 -1.653062e-02
<VARIANCE> 39
 7.247029e+00 7.968314e+01 1.539896e+02 3.754565e+01 1.265059e+02 8.330181e+01 4.642022e+01 1.251459e+02 1.373305e+02 8.901427e+01 1.317331e+02 5.142284e+01 1.551286e+01 3.919665e-01 2.350479e+00 4.183787e+00 2.076370e+00 4.362354e+00 2.817319e+00 2.703842e+00 3.745969e+00 4.384254e+00 3.893377e+00 3.220852e+00 2.763495e+00 6.883370e-01 5.200430e-02 2.334808e-01 3.215120e-01 2.942131e-01 5.272875e-01 4.341768e-01 4.365209e-01 5.875343e-01 5.125440e-01 5.950905e-01 5.551533e-01 4.144146e-01 7.473376e-02
<GCONST> 1.223010e+02
<STATE> 4
<MEAN> 39
 -1.145125e+01 -2.289940e-01 2.958078e+00 -2.170704e-01 3.601820e+00 -2.381748e+00 5.406914e-01 -8.053883e+00 -4.365285e+00 -1.314269e+01 -4.455026e+00 -7.523397e+00 5.921274e+01 -5.906332e-01 -2.608879e-01 -1.922930e-01 6.907515e-02 3.714253e-01 4.422999e-01 4.308929e-01 9.063327e-02 2.455752e-02 1.250025e-01 1.548662e-01 -1.350884e-01 -3.740175e-01 6.196120e-03 -6.065383e-02 -3.239150e-02 -2.895060e-02 -2.806441e-02 1.692772e-02 1.406579e-02 3.222645e-02 3.150091e-03 4.054246e-02 -1.207154e-03 -2.491893e-03 2.421791e-02
<VARIANCE> 39
 3.288181e+01 2.319418e+01 1.701273e+01 2.371737e+01 4.281026e+01 4.981425e+01 4.557041e+01 4.112518e+01 6.074865e+01 4.506453e+01 3.421947e+01 2.717789e+01 1.022216e+01 1.952247e-01 6.411079e-01 5.854388e-01 7.246401e-01 1.264711e+00 1.537358e+00 1.493191e+00 1.994650e+00 2.260148e+00 2.001939e+00 1.586142e+00 1.631011e+00 1.170465e-01 2.708937e-02 7.475469e-02 1.101201e-01 1.338575e-01 1.845787e-01 2.420719e-01 2.413487e-01 3.361628e-01 4.071588e-01 3.582113e-01 2.862999e-01 3.014949e-01 8.071175e-03
<GCONST> 9.049171e+01
<TRANSP> 5
 0.000000e+00 1.000000e+00 0.000000e+00 0.000000e+00 0.000000e+00
 0.000000e+00 9.490426e-01 5.095749e-02 0.000000e+00 0.000000e+00
 0.000000e+00 0.000000e+00 9.765542e-01 2.344579e-02 0.000000e+00
 0.000000e+00 0.000000e+00 0.000000e+00 9.667307e-01 3.326933e-02
 0.000000e+00 0.000000e+00 0.000000e+00 0.000000e+00 0.000000e+00
<ENDHMM>
