~o
<STREAMINFO> 1 39
<VECSIZE> 39<NULLD><MFCC_D_A_0><DIAGC>
~h "belas"
<BEGINHMM>
<NUMSTATES> 5
<STATE> 2
<MEAN> 39
 -4.874180e+00 -2.600600e+00 2.941037e+00 -7.402082e+00 1.415423e+00 -6.607430e+00 -9.088206e+00 -1.035307e+01 3.107646e-01 -2.697419e+00 1.429828e+00 -1.024991e+01 6.655547e+01 7.351713e-01 1.838619e-01 -1.984997e-01 -2.302677e-01 -3.332259e-01 -1.893372e-01 -5.925261e-01 -4.114475e-01 2.488852e-01 8.336000e-02 -2.623360e-01 -2.634531e-01 7.754629e-01 -2.225725e-02 -6.131077e-02 -8.123625e-02 -5.917283e-03 -1.978545e-02 2.471240e-02 4.540997e-03 2.764179e-02 2.719501e-02 -4.355955e-02 -8.730298e-02 6.404246e-02 1.734457e-02
<VARIANCE> 39
 5.931102e+01 5.696361e+01 3.123421e+01 6.331047e+01 9.370921e+01 6.613348e+01 1.237737e+02 1.566617e+02 7.078051e+01 1.107104e+02 6.422379e+01 3.796627e+01 6.843123e+01 2.287946e+00 5.304287e+00 3.963277e+00 4.086642e+00 3.773393e+00 2.989734e+00 4.921050e+00 5.920302e+00 5.278947e+00 6.748141e+00 3.690733e+00 2.597654e+00 9.239987e-01 2.329432e-01 6.577044e-01 6.459675e-01 7.135774e-01 6.108967e-01 3.732461e-01 5.515751e-01 8.469322e-01 8.940113e-01 1.119246e+00 6.424054e-01 4.332767e-01 1.131082e-01
<GCONST> 1.354706e+02
<STATE> 3
<MEAN> 39
 -2.500443e+00 -5.775219e+00 -7.726140e+00 -7.506651e+00 -2.148079e+00 -9.830819e+00 -7.237333e+00 -8.398336e+00 3.008574e+00 -8.674766e+00 -1.396442e+01 -6.050582e+00 7.216605e+01 -9.852535e-01 7.262149e-01 -4.044707e-01 5.529336e-01 3.239696e-01 -1.904485e-01 8.894358e-01 2.344899e-01 -1.819105e-01 -4.077030e-01 -2.888210e-02 1.260324e-01 -5.752920e-02 -7.542159e-02 1.110920e-01 3.916793e-02 2.992365e-03 3.807738e-02 -2.235216e-02 1.104242e-02 -1.779472e-02 -6.585893e-02 8.375745e-02 1.271077e-01 -5.248914e-02 -3.002078e-02
<VARIANCE> 39
 5.513955e+01 6.236544e+01 2.517241e+01 4.088139e+01 6.221313e+01 1.858364e+02 8.269550e+01 1.129747e+02 5.892357e+01 5.939121e+01 4.416910e+01 5.004018e+01 1.195980e+01 1.983912e+00 3.149733e+00 1.933607e+00 1.371095e+00 1.838392e+00 1.639834e+00 1.529313e+00 2.252620e+00 2.034619e+00 2.163897e+00 2.592174e+00 1.831917e+00 3.539174e-01 1.738752e-01 2.705810e-01 3.458464e-01 1.641741e-01 2.851839e-01 2.385290e-01 2.928458e-01 3.023236e-01 3.685552e-01 3.335894e-01 3.130076e-01 2.905481e-01 5.012516e-02
<GCONST> 1.122220e+02
<STATE> 4
<MEAN> 39
 -2.428011e+01 5.848439e+00 -9.053386e+00 2.302633e+00 5.278982e+00 -5.415930e+00 7.856625e+00 -7.687227e+00 -1.465141e+00 -1.090849e+01 -2.841888e+00 -6.908997e+00 6.277610e+01 1.113291e-01 -6.786487e-01 3.867942e-01 -1.937411e-01 9.873071e-02 4.694517e-01 -9.070575e-02 1.639090e-01 -1.666245e-01 2.643707e-02 4.084674e-02 -2.310268e-02 -5.007358e-01 6.089107e-02 -8.596013e-02 2.859942e-02 -2.706505e-02 -2.588468e-02 1.518207e-03 -2.450261e-02 2.405175e-02 2.744251e-02 -4.127461e-03 -2.571775e-02 -1.227164e-02 -5.272184e-03
<VARIANCE> 39
 1.740715e+01 1.015521e+02 3.943430e+01 2.978432e+01 4.299645e+01 6.963297e+01 2.533170e+01 2.762884e+01 4.813256e+01 4.696749e+01 3.751229e+01 3.559371e+01 3.566092e+01 4.955212e-01 8.884358e-01 7.298040e-01 1.027074e+00 1.265574e+00 1.414150e+00 1.695140e+00 2.134958e+00 2.186093e+00 1.919866e+00 1.762875e+00 1.476835e+00 1.334260e-01 4.889092e-02 1.026851e-01 1.210889e-01 1.485532e-01 2.242735e-01 2.120426e-01 3.093484e-01 3.706536e-01 4.004610e-01 3.022323e-01 2.812226e-01 2.694357e-01 1.605525e-02
<GCONST> 9.706207e+01
<TRANSP> 5
 0.000000e+00 1.000000e+00 0.000000e+00 0.000000e+00 0.000000e+00
 0.000000e+00 9.519513e-01 4.804869e-02 0.000000e+00 0.000000e+00
 0.000000e+00 0.000000e+00 9.529839e-01 4.701606e-02 0.000000e+00
 0.000000e+00 0.000000e+00 0.000000e+00 9.699264e-01 3.007357e-02
 0.000000e+00 0.000000e+00 0.000000e+00 0.000000e+00 0.000000e+00
<ENDHMM>
