~o
<STREAMINFO> 1 39
<VECSIZE> 39<NULLD><MFCC_D_A_0><DIAGC>
~h "empat"
<BEGINHMM>
<NUMSTATES> 5
<STATE> 2
<MEAN> 39
 -5.324621e+00 2.087840e-01 6.474803e-02 -5.064837e+00 1.482834e+00 -1.945328e+00 -4.533097e+00 -1.600007e+01 -6.550755e+00 -7.141024e+00 1.583001e+00 -5.459000e+00 6.374805e+01 6.651140e-01 1.754401e-02 -3.528496e-01 -3.407667e-01 -3.519130e-02 2.365005e-01 -1.498181e-01 -3.728734e-01 -2.991466e-02 9.818141e-02 -7.650647e-02 -1.955024e-01 4.766379e-01 7.848226e-02 -1.130864e-01 -1.127237e-01 -1.091029e-01 -2.559914e-02 9.190258e-02 -5.853873e-03 4.751161e-04 1.090657e-01 9.015228e-02 -4.104567e-02 -8.071103e-02 9.026249e-02
<VARIANCE> 39
 4.280461e+01 2.958962e+01 3.134606e+01 4.468893e+01 4.364009e+01 4.150608e+01 4.632412e+01 7.274589e+01 5.190889e+01 5.239038e+01 3.085848e+01 4.055471e+01 2.297046e+01 3.805336e+00 2.034258e+00 3.480904e+00 3.827634e+00 2.299578e+00 3.666539e+00 3.280513e+00 4.599297e+00 3.339261e+00 3.924464e+00 2.227285e+00 3.070161e+00 2.290064e+00 4.518004e-01 2.228204e-01 3.987053e-01 4.985686e-01 3.946929e-01 5.278457e-01 4.875723e-01 6.263145e-01 4.202785e-01 4.933034e-01 4.156243e-01 5.012426e-01 2.717102e-01
<GCONST> 1.235597e+02
<STATE> 3
<MEAN> 39
 1.450600e+00 -1.482582e+01 -1.260197e+01 -1.158606e+01 -1.585405e+00 9.457190e-03 -5.620167e+00 -1.140788e+01 4.699195e+00 -5.433825e+00 -8.939256e+00 -1.157056e+01 7.460717e+01 -1.284327e-01 -4.073869e-01 3.847144e-01 5.815133e-01 -2.758736e-01 -8.433995e-01 -1.826706e-01 7.536684e-01 3.394219e-01 -6.809651e-01 -7.556491e-01 2.590870e-01 1.023930e-01 -3.168727e-01 3.458074e-01 3.246980e-01 2.589133e-01 5.859823e-02 -1.818648e-01 1.286003e-01 5.205730e-02 -2.834701e-01 -2.027786e-01 1.325491e-01 1.522919e-01 -3.787306e-01
<VARIANCE> 39
 5.031520e+00 2.328566e+01 9.859137e+01 4.481513e+01 7.345712e+01 9.084515e+01 6.011816e+01 1.127341e+02 4.302262e+01 1.021378e+02 5.256154e+01 6.363189e+01 1.150824e+01 1.009482e+00 3.718529e+00 2.361234e+00 2.827269e+00 2.006017e+00 3.292337e+00 1.889570e+00 3.261664e+00 3.609030e+00 4.034866e+00 2.277933e+00 2.974596e+00 2.187879e+00 2.214003e-01 2.442969e-01 5.603556e-01 7.760447e-01 3.301660e-01 7.372465e-01 4.609737e-01 6.385278e-01 5.335895e-01 8.234297e-01 4.152313e-01 5.163050e-01 7.804180e-02
<GCONST> 1.224112e+02
<STATE> 4
<MEAN> 39
 -1.062515e+01 -5.759461e+00 -4.449564e+00 -5.630682e+00 -1.773103e-01 -4.894793e+00 -4.004176e-01 -5.638299e+00 -8.322990e-01 -1.143069e+01 -6.257663e+00 -9.303205e+00 6.105239e+01 -8.042240e-01 3.079516e-01 3.944451e-01 2.641303e-01 2.104948e-01 1.724197e-01 5.141796e-01 2.790984e-01 -2.416144e-01 -8.573057e-03 4.042908e-01 1.532352e-01 -7.182204e-01 2.557554e-02 -7.420023e-02 -1.634772e-02 2.084823e-02 2.294196e-03 1.718600e-02 1.129430e-02 3.407080e-02 5.282133e-02 2.580932e-02 -6.762769e-03 5.949961e-02 6.729272e-02
<VARIANCE> 39
 2.447449e+01 8.673721e+00 2.054675e+01 2.143718e+01 1.857854e+01 2.794048e+01 4.979221e+01 3.570739e+01 2.192154e+01 2.068843e+01 3.680886e+01 3.758321e+01 1.739964e+01 1.684905e-01 4.846106e-01 6.423691e-01 8.440967e-01 9.244827e-01 1.247412e+00 1.613904e+00 1.406106e+00 1.556315e+00 1.358142e+00 1.364853e+00 1.023364e+00 1.816790e-01 2.060699e-02 5.472446e-02 7.170718e-02 1.352384e-01 1.557622e-01 2.023572e-01 2.324756e-01 2.156509e-01 2.838961e-01 2.433429e-01 2.200052e-01 1.571228e-01 1.098009e-02
<GCONST> 8.186318e+01
<TRANSP> 5
 0.000000e+00 1.000000e+00 0.000000e+00 0.000000e+00 0.000000e+00
 0.000000e+00 9.632782e-01 3.672175e-02 0.000000e+00 0.000000e+00
 0.000000e+00 0.000000e+00 9.169384e-01 8.306168e-02 0.000000e+00
 0.000000e+00 0.000000e+00 0.000000e+00 9.503617e-01 4.963829e-02
 0.000000e+00 0.000000e+00 0.000000e+00 0.000000e+00 0.000000e+00
<ENDHMM>
