~o
<STREAMINFO> 1 39
<VECSIZE> 39<NULLD><MFCC_D_A_0><DIAGC>
~h "enam"
<BEGINHMM>
<NUMSTATES> 5
<STATE> 2
<MEAN> 39
 -5.158554e+00 -2.967862e+00 4.803559e-01 -3.205896e+00 -9.476151e-01 -9.691695e+00 -5.698927e+00 -6.037812e+00 -4.080608e-01 -9.625335e+00 -3.470109e+00 -5.495204e+00 6.516968e+01 7.825785e-01 -2.074989e-01 -1.966822e-01 -8.216806e-02 1.758465e-01 -1.665989e-01 -4.350140e-01 1.354198e-01 6.565344e-02 -1.429735e-01 -2.420680e-01 -6.136544e-02 7.015221e-01 2.735836e-03 -8.301020e-03 -1.610272e-02 -6.939051e-03 2.870385e-02 6.449142e-03 1.023018e-02 -8.464664e-03 -2.185961e-02 -2.462628e-02 2.818518e-03 2.421960e-02 8.167777e-03
<VARIANCE> 39
 7.454434e+01 6.186272e+01 5.696074e+01 2.580000e+01 5.261209e+01 6.315194e+01 6.310073e+01 7.419669e+01 4.123861e+01 9.284532e+01 1.015907e+02 4.914116e+01 4.539652e+01 1.660666e+00 4.174016e+00 3.150164e+00 2.367399e+00 3.698623e+00 3.323574e+00 3.321261e+00 4.437173e+00 3.396669e+00 4.294691e+00 3.814330e+00 3.351785e+00 1.355154e+00 2.394851e-01 5.719435e-01 4.155126e-01 3.890753e-01 5.014738e-01 4.914784e-01 5.701190e-01 6.906675e-01 6.385226e-01 7.071840e-01 5.618183e-01 4.884010e-01 2.281249e-01
<GCONST> 1.295158e+02
<STATE> 3
<MEAN> 39
 1.546868e+00 -3.806679e+00 -3.994988e+00 -5.737424e+00 1.983859e+00 -5.632594e+00 -8.489182e+00 -1.180818e+01 -1.987126e+00 -1.203681e+01 -3.619485e+00 -7.154592e+00 7.033325e+01 -2.288916e-01 6.062372e-01 3.874578e-01 1.573419e-01 -5.120053e-02 2.171199e-01 2.159181e-01 -5.515926e-01 -4.085089e-01 -5.532800e-02 1.209328e-01 2.397599e-02 -4.105947e-01 -4.319052e-02 7.195442e-03 2.323177e-02 2.606807e-02 -1.731109e-02 -1.656544e-03 1.507163e-02 3.933660e-02 3.508844e-02 3.465961e-02 2.073945e-03 -1.436170e-02 -3.606745e-02
<VARIANCE> 39
 5.048693e+00 5.532364e+01 5.606054e+01 2.423577e+01 4.732142e+01 4.005519e+01 5.043046e+01 1.019317e+02 8.994464e+01 5.821149e+01 7.946610e+01 5.122181e+01 1.899098e+01 2.261594e-01 1.288499e+00 1.428051e+00 1.103590e+00 1.361344e+00 1.117256e+00 1.836348e+00 2.760691e+00 2.325029e+00 1.513853e+00 1.518000e+00 1.465516e+00 2.693036e-01 2.259830e-02 1.436883e-01 2.075526e-01 1.562673e-01 1.956104e-01 1.954658e-01 3.556501e-01 3.898630e-01 3.526607e-01 2.987987e-01 3.002500e-01 2.145199e-01 2.416639e-02
<GCONST> 9.933134e+01
<STATE> 4
<MEAN> 39
 -1.229243e+01 -5.806358e-01 2.024051e+00 -1.235090e+00 3.453702e+00 -1.136455e+00 1.309146e+00 -9.443975e+00 -4.188438e+00 -9.574745e+00 -1.491310e+00 -7.367357e+00 5.878240e+01 -4.500493e-01 -3.598867e-01 -1.905843e-01 -7.176866e-02 -5.901423e-02 6.108012e-03 1.872580e-01 3.555706e-01 2.653723e-01 1.600823e-01 1.210142e-01 5.861475e-02 -2.302095e-01 3.095799e-02 -9.992994e-03 -1.842364e-02 -2.149747e-02 -3.974508e-03 -3.168637e-03 -2.679810e-02 -3.416637e-02 -1.101475e-02 1.488861e-02 1.730054e-02 3.859447e-03 2.270941e-02
<VARIANCE> 39
 1.589128e+01 1.896664e+01 1.878299e+01 2.551684e+01 2.682522e+01 2.977354e+01 3.145242e+01 4.452679e+01 4.268665e+01 3.347622e+01 3.071099e+01 2.614332e+01 3.881248e+00 2.207556e-01 4.320355e-01 6.899235e-01 1.136618e+00 1.239130e+00 1.411957e+00 1.643443e+00 2.322130e+00 1.697980e+00 1.939928e+00 1.869178e+00 1.737850e+00 1.023707e-01 2.681506e-02 9.643533e-02 1.349618e-01 1.960331e-01 2.016262e-01 2.433380e-01 2.985225e-01 4.601586e-01 3.299932e-01 3.740599e-01 3.472720e-01 3.339452e-01 1.198007e-02
<GCONST> 8.893066e+01
<TRANSP> 5
 0.000000e+00 1.000000e+00 0.000000e+00 0.000000e+00 0.000000e+00
 0.000000e+00 9.604258e-01 3.957421e-02 0.000000e+00 0.000000e+00
 0.000000e+00 0.000000e+00 9.624330e-01 3.756694e-02 0.000000e+00
 0.000000e+00 0.000000e+00 0.000000e+00 9.660389e-01 3.396109e-02
 0.000000e+00 0.000000e+00 0.000000e+00 0.000000e+00 0.000000e+00
<ENDHMM>
