~o
<STREAMINFO> 1 39
<VECSIZE> 39<NULLD><MFCC_D_A_0><DIAGC>
~h "kurang"
<BEGINHMM>
<NUMSTATES> 5
<STATE> 2
<MEAN> 39
 -2.908953e+00 -3.072523e+00 -7.979010e+00 -1.005515e+01 -3.331128e+00 -5.053107e+00 -5.629208e+00 -1.168391e+01 -4.149876e+00 -4.043865e+00 6.124887e+00 -3.691614e+00 6.617872e+01 8.042561e-01 -3.916640e-01 -3.725094e-01 8.568566e-02 -1.406650e-01 -1.487422e-01 -2.279482e-01 7.425754e-02 1.432265e-01 2.220387e-01 -1.366573e-02 -3.203824e-01 7.089707e-01 -1.510928e-02 -3.758525e-02 1.100595e-03 -2.386133e-03 -1.455664e-02 3.451379e-02 4.218303e-02 2.795885e-02 1.765895e-02 -1.728682e-02 -6.705045e-02 -1.623891e-02 1.323202e-02
<VARIANCE> 39
 7.181721e+01 6.696267e+01 4.315230e+01 6.352798e+01 6.466550e+01 7.418479e+01 8.382346e+01 1.003509e+02 6.715981e+01 6.949400e+01 7.072486e+01 6.934869e+01 3.482307e+01 2.386196e+00 4.678294e+00 3.298260e+00 4.366212e+00 3.416892e+00 4.657891e+00 4.458298e+00 6.551828e+00 5.220154e+00 5.571264e+00 4.147970e+00 4.829780e+00 7.332069e-01 3.395023e-01 5.779727e-01 7.100078e-01 5.885472e-01 5.478336e-01 7.897526e-01 7.045559e-01 7.917349e-01 8.481020e-01 1.066607e+00 6.328569e-01 7.207304e-01 1.370190e-01
<GCONST> 1.365648e+02
<STATE> 3
<MEAN> 39
 1.328166e+00 -8.430094e+00 -8.020623e+00 -6.171564e+00 3.198653e-01 -4.471239e+00 -4.624340e+00 -5.934323e+00 8.617954e-01 -5.736757e+00 -4.151142e+00 -1.203012e+01 7.117916e+01 -2.910855e-01 1.006060e+00 6.359410e-01 -7.444081e-02 4.108564e-01 2.942841e-01 7.210931e-02 -2.369823e-01 -3.661836e-01 -5.502509e-01 -2.515315e-01 6.812911e-02 -5.281284e-01 -4.682904e-02 6.978685e-02 4.837667e-02 6.659029e-02 3.062344e-02 -7.107051e-02 -1.471906e-02 -2.501714e-02 -1.881802e-03 5.999773e-03 6.549193e-02 3.760906e-03 -6.578317e-02
<VARIANCE> 39
 5.232442e+00 6.847041e+01 6.664746e+01 2.011302e+01 7.157957e+01 5.260872e+01 2.375024e+01 7.865712e+01 5.369603e+01 7.557803e+01 6.638372e+01 4.823069e+01 1.710048e+01 2.138449e-01 6.822014e-01 1.105047e+00 1.150487e+00 1.548397e+00 1.427725e+00 1.184948e+00 2.171227e+00 3.240506e+00 1.646305e+00 1.579134e+00 1.812187e+00 1.857434e-01 3.678409e-02 8.666104e-02 1.425208e-01 1.551613e-01 1.749030e-01 1.871480e-01 1.921968e-01 2.891239e-01 4.768745e-01 2.839726e-01 2.221647e-01 3.067529e-01 2.008872e-02
<GCONST> 9.637790e+01
<STATE> 4
<MEAN> 39
 -1.238988e+01 -3.079028e-02 3.395656e+00 8.883823e-01 5.946033e+00 -7.855738e-02 3.452985e+00 -4.259354e+00 -1.713450e+00 -1.156945e+01 -5.409103e+00 -1.060683e+01 5.868987e+01 -6.959453e-01 -4.078899e-01 2.541510e-02 1.977448e-01 4.812652e-02 1.916704e-01 4.602541e-01 3.145473e-01 1.791469e-01 9.401422e-02 3.809407e-02 7.152104e-02 -3.720470e-01 2.576789e-02 -3.908142e-02 -5.013596e-02 -3.728154e-02 -2.954208e-03 8.698526e-03 -2.839327e-02 1.211628e-02 -2.206563e-04 8.329497e-03 1.354346e-02 1.835069e-02 2.581901e-02
<VARIANCE> 39
 2.660322e+01 1.943529e+01 1.629375e+01 1.772957e+01 2.466685e+01 2.916381e+01 5.233031e+01 7.574481e+01 6.219468e+01 6.175407e+01 4.363749e+01 3.063976e+01 7.516812e+00 2.828888e-01 5.495197e-01 8.348448e-01 8.925508e-01 1.141123e+00 1.372948e+00 1.708443e+00 1.399759e+00 1.350951e+00 1.362289e+00 1.276460e+00 1.085942e+00 1.029614e-01 3.504325e-02 8.252072e-02 1.087370e-01 1.473959e-01 1.971403e-01 2.094273e-01 2.880871e-01 2.603514e-01 2.594276e-01 2.445617e-01 2.157293e-01 1.964611e-01 1.030333e-02
<GCONST> 8.750120e+01
<TRANSP> 5
 0.000000e+00 1.000000e+00 0.000000e+00 0.000000e+00 0.000000e+00
 0.000000e+00 9.606338e-01 3.936625e-02 0.000000e+00 0.000000e+00
 0.000000e+00 0.000000e+00 9.487287e-01 5.127125e-02 0.000000e+00
 0.000000e+00 0.000000e+00 0.000000e+00 9.584962e-01 4.150384e-02
 0.000000e+00 0.000000e+00 0.000000e+00 0.000000e+00 0.000000e+00
<ENDHMM>
