~o
<STREAMINFO> 1 39
<VECSIZE> 39<NULLD><MFCC_D_A_0><DIAGC>
~h "sembilan"
<BEGINHMM>
<NUMSTATES> 20
<STATE> 2
<MEAN> 39
 -1.760094e+01 -6.493829e+00 -2.389901e+00 -4.639273e+00 1.759063e-02 -5.606353e+00 5.915093e-01 -6.236169e+00 4.959247e-01 -6.082168e+00 5.551569e-01 -5.301721e+00 5.654913e+01 -4.364076e-01 5.358602e-01 -5.275248e-01 2.759088e-01 2.048190e-01 -5.772378e-01 5.732602e-01 -5.484070e-01 3.984259e-01 -5.690330e-01 -4.768948e-02 -1.111558e-02 2.958096e-01 -3.337926e-01 4.505390e-01 -3.581805e-01 2.633050e-01 7.701856e-02 -6.304263e-02 3.617242e-01 -1.804864e-01 3.237235e-01 -2.349007e-01 1.108996e-01 -6.075503e-02 1.760194e-01
<VARIANCE> 39
 8.448795e-01 1.706853e+00 5.350389e+00 8.413071e+00 7.181345e+00 8.004837e+00 9.474598e+00 1.705615e+01 1.247822e+01 8.254867e+00 1.123214e+01 1.499753e+01 3.205979e-01 5.463027e-01 1.176284e+00 9.182016e-01 8.897678e-01 8.103395e-01 1.168240e+00 2.360181e+00 1.805164e+00 2.756833e+00 1.351143e+00 1.488921e+00 1.740712e+00 1.301516e-01 9.701923e-02 2.736664e-01 1.739002e-01 1.452529e-01 1.734919e-01 2.664137e-01 4.464431e-01 4.094352e-01 4.909665e-01 2.266066e-01 2.988077e-01 4.013883e-01 2.008063e-02
<GCONST> 7.428365e+01
<STATE> 3
<MEAN> 39
 -2.376391e+01 1.975526e+00 -9.195274e+00 3.740467e-01 4.456578e-01 -7.469174e+00 7.714566e+00 -1.159913e+01 7.599932e+00 -1.236380e+01 2.860493e+00 -7.285257e+00 5.985987e+01 -2.096717e+00 3.121201e+00 -2.112626e+00 1.910553e+00 3.891464e-02 -7.615529e-01 1.909436e+00 -1.214219e+00 1.526955e+00 -6.026605e-01 8.715932e-01 5.131571e-01 1.167849e+00 6.888627e-02 -1.348665e-01 1.496329e-01 -3.909824e-02 7.713459e-02 -8.363228e-02 -2.638865e-01 3.425618e-01 -5.473817e-01 6.385878e-01 -1.252970e-01 4.305207e-01 7.188707e-03
<VARIANCE> 39
 6.778391e+00 1.664598e+01 1.220127e+01 1.411852e+01 1.908991e+01 1.527437e+01 2.203755e+01 2.820636e+01 2.338889e+01 3.071984e+01 3.850060e+01 2.605766e+01 2.376723e+00 6.017051e-01 1.351673e+00 1.289838e+00 6.455112e-01 2.012810e+00 1.320123e+00 3.005006e+00 3.013558e+00 2.517553e+00 2.726901e+00 3.191248e+00 2.760839e+00 2.308703e-01 1.341301e-01 3.768329e-01 2.081360e-01 2.758445e-01 3.086500e-01 2.382584e-01 6.248389e-01 6.479251e-01 5.486124e-01 3.429748e-01 5.831107e-01 3.701440e-01 4.992515e-02
<GCONST> 9.788348e+01
<STATE> 4
<MEAN> 39
 -2.867939e+01 9.229315e+00 -1.349238e+01 3.298424e+00 3.296805e+00 -1.201211e+01 1.134430e+01 -1.141483e+01 5.678598e+00 -7.930807e+00 2.302081e+00 -9.082730e-01 6.342377e+01 1.153543e+00 3.727298e-01 4.086103e-01 -3.721100e-01 2.247733e-03 -7.711505e-01 -9.860666e-01 -4.588357e-02 -6.062209e-01 5.129362e-01 -4.553363e-01 6.311830e-03 4.621212e-01 1.227660e+00 -3.529961e-01 6.125737e-01 -5.025017e-01 -3.096007e-01 1.409038e-02 -1.023957e+00 -1.915890e-01 -1.779295e-01 -9.802822e-02 -1.573550e-01 -5.814337e-01 3.899815e-02
<VARIANCE> 39
 8.269220e+00 1.419480e+01 9.477875e+00 1.867794e+01 2.226373e+01 1.163208e+01 1.279141e+01 1.794628e+01 2.890397e+01 4.134254e+01 3.340605e+01 2.828172e+01 2.788998e+00 6.158390e+00 1.734022e+00 2.222993e+00 1.219340e+00 1.779878e+00 1.534467e+00 4.773815e+00 3.075706e+00 2.927437e+00 2.583501e+00 3.561845e+00 2.859522e+00 5.636932e-01 2.151375e-01 5.475867e-01 2.500681e-01 1.335214e-01 3.496232e-01 3.246925e-01 5.848201e-01 6.398350e-01 7.736507e-01 4.334060e-01 7.943221e-01 3.979147e-01 2.080541e-01
<GCONST> 1.058907e+02
<STATE> 5
<MEAN> 39
 -9.501150e+00 1.000638e+01 -5.796340e+00 -1.902088e+00 -1.169057e+00 -1.491052e+01 -5.199059e+00 -1.593723e+01 2.497772e+00 -8.514578e+00 7.857250e-01 -8.412201e+00 6.792112e+01 3.891828e+00 4.428946e-01 1.326943e+00 -1.002939e+00 -6.228321e-01 1.212285e-02 -2.968919e+00 -1.363303e+00 -1.279161e+00 2.869370e-01 5.095547e-01 -7.725762e-01 1.195356e+00 -7.033784e-01 -1.060644e-01 -9.762323e-02 3.214765e-01 2.353539e-01 3.433927e-01 8.101628e-01 1.455851e-01 -1.335098e-01 -1.759565e-02 3.196846e-01 4.154120e-01 -2.869138e-01
<VARIANCE> 39
 3.963124e+01 1.999562e+01 4.334836e+01 2.711022e+01 5.474054e+01 3.459512e+01 6.902776e+01 6.008517e+01 4.182017e+01 1.540692e+02 4.080687e+01 3.822919e+01 2.349362e+01 3.118649e+00 2.350076e+00 2.426951e+00 2.412184e+00 4.225040e+00 4.764254e+00 7.890403e+00 4.909534e+00 4.000783e+00 5.279633e+00 5.700114e+00 4.900397e+00 1.369307e+00 4.783349e-01 4.020972e-01 4.066817e-01 3.641440e-01 5.658435e-01 7.663266e-01 1.023865e+00 9.114678e-01 8.230241e-01 8.485838e-01 5.352450e-01 6.277040e-01 2.901678e-01
<GCONST> 1.305405e+02
<STATE> 6
<MEAN> 39
 -1.075099e+00 9.255863e+00 1.724796e+00 -2.761147e+00 -3.426883e+00 -1.308585e+01 -6.935446e+00 -1.590567e+01 -4.585637e+00 -5.900208e+00 4.015770e+00 -7.815650e+00 6.748352e+01 3.868270e-01 -2.807268e-01 1.184381e+00 4.535722e-03 -4.411638e-01 -3.264965e-02 1.698485e-01 7.300334e-01 -7.990485e-01 3.644488e-02 -1.077564e-01 -2.440371e-01 -4.541642e-01 -1.922606e-01 -9.884557e-02 5.201460e-02 2.949614e-02 -1.502023e-01 -1.702312e-01 2.199671e-02 1.593569e-01 5.181684e-02 2.532314e-02 -9.523620e-02 -1.689812e-02 9.847501e-04
<VARIANCE> 39
 9.310472e+00 1.083243e+01 3.222142e+01 2.128706e+01 4.786568e+01 2.556150e+01 4.328738e+01 5.087424e+01 2.109220e+01 6.358805e+01 7.893047e+01 4.164153e+01 7.768681e+00 2.354215e-01 4.318878e-01 7.795329e-01 1.165232e+00 1.486090e+00 1.001551e+00 2.000990e+00 1.715518e+00 2.013110e+00 2.228322e+00 2.032822e+00 1.121915e+00 1.457859e-01 4.996401e-02 8.559573e-02 9.200044e-02 1.438153e-01 3.947758e-01 2.142651e-01 2.809987e-01 4.248797e-01 3.701395e-01 3.741433e-01 4.265335e-01 3.089497e-01 3.309102e-02
<GCONST> 9.283894e+01
<STATE> 7
<MEAN> 39
 -6.885722e-01 4.958905e+00 1.093963e+01 -1.766943e+00 -1.106811e+01 -1.526996e+01 -6.218572e+00 -1.234398e+01 -1.046760e+01 -4.350511e+00 2.778224e+00 -9.940323e+00 6.633891e+01 -5.228235e-01 -1.840312e+00 3.205090e+00 -1.146832e-01 -3.745165e+00 -6.776333e-01 -3.264726e-02 1.852792e-02 -2.112690e+00 1.703537e+00 1.082890e+00 3.381404e-01 9.014004e-01 -2.319445e-01 -1.590036e-01 3.237187e-01 -2.831802e-01 -4.144635e-01 1.829316e-01 -4.883798e-02 -2.360484e-01 -5.065347e-02 2.028108e-01 2.731671e-01 3.352591e-01 3.684743e-01
<VARIANCE> 39
 5.523661e+00 1.632055e+01 3.944444e+01 4.238643e+01 7.860806e+01 3.505344e+01 2.491443e+01 4.117274e+01 6.831458e+01 4.160567e+01 6.602583e+01 2.510204e+01 5.473122e+00 4.587660e-01 1.474399e+00 3.120097e+00 1.309694e+00 5.487216e+00 3.391277e+00 1.504269e+00 4.531897e+00 1.123004e+01 8.022933e+00 3.810655e+00 3.723016e+00 6.026130e-01 6.885296e-02 3.174813e-01 5.962160e-01 3.900411e-01 1.364282e+00 6.838116e-01 2.321426e-01 4.706627e-01 1.435365e+00 7.344171e-01 7.984896e-01 2.820364e-01 8.346230e-02
<GCONST> 1.165401e+02
<STATE> 8
<MEAN> 39
 -4.560833e+00 -9.053023e-01 2.472895e+01 -5.587473e+00 -2.106046e+01 -1.446129e+01 -7.131186e+00 -9.323770e+00 -1.998350e+01 -2.747850e-01 8.283946e+00 -4.906333e+00 7.190128e+01 -3.330620e-01 -6.963693e-01 1.623121e-01 1.205969e-01 -6.489699e-01 -3.268291e-01 2.285022e-02 5.311372e-01 2.585381e-01 -6.857768e-01 -8.794961e-02 1.414490e+00 4.551570e-01 2.369163e-01 1.738593e-01 -7.381973e-01 2.805859e-01 7.354930e-01 -8.014006e-02 -3.636257e-02 1.791679e-01 4.266926e-01 -4.519591e-01 -3.375754e-01 -6.899425e-02 -2.841103e-01
<VARIANCE> 39
 7.037878e+00 1.569981e+01 1.295852e+02 5.311443e+01 1.043616e+02 8.920081e+01 4.326884e+01 1.350876e+02 2.870075e+02 1.081650e+02 9.351981e+01 4.776292e+01 7.711701e+00 8.676787e-01 8.208895e-01 4.721836e+00 4.027448e+00 2.680671e+00 4.561543e+00 2.704799e+00 3.331217e+00 4.433770e+00 3.347187e+00 2.748153e+00 2.206394e+00 6.408944e-01 9.585446e-02 2.463788e-01 3.998662e-01 4.451694e-01 6.389530e-01 8.080597e-01 5.514787e-01 7.194645e-01 1.149232e+00 7.171600e-01 6.285730e-01 5.028288e-01 7.765150e-02
<GCONST> 1.242264e+02
<STATE> 9
<MEAN> 39
 -2.855911e+00 -3.565785e+00 1.568289e+01 -1.563393e+00 -1.754681e+01 -1.642433e+01 -8.834264e+00 -9.076014e+00 -8.417668e+00 -6.357571e+00 3.088935e+00 -1.001620e+00 7.001422e+01 6.561959e-01 -2.248357e-01 -2.310820e+00 -2.303420e-01 2.709890e+00 4.484325e-01 -1.344227e+00 -4.040818e-01 1.773376e+00 6.317937e-01 -1.034153e+00 -8.309876e-01 -3.174393e-01 6.276534e-02 -2.402817e-02 -2.954363e-01 -3.675705e-01 1.608358e-01 2.526718e-01 -6.980430e-02 -3.679436e-01 7.873618e-02 6.095871e-01 9.145618e-03 -3.867556e-01 1.164192e-01
<VARIANCE> 39
 4.789798e+00 7.226160e+00 9.175577e+01 2.735842e+01 1.231348e+02 4.396133e+01 3.001919e+01 1.149598e+02 1.316300e+02 7.945163e+01 7.888899e+01 3.233305e+01 4.515199e+00 2.679749e-01 1.027400e+00 1.498975e+00 2.102476e+00 1.089438e+00 2.590258e+00 1.854076e+00 2.929207e+00 4.675264e+00 5.264228e+00 2.928900e+00 2.954094e+00 2.063815e-01 2.633145e-02 1.719571e-01 1.362417e-01 2.271468e-01 2.788825e-01 5.714951e-01 4.189916e-01 5.360478e-01 2.938600e-01 6.006297e-01 5.404025e-01 4.729087e-01 3.977213e-02
<GCONST> 1.062437e+02
<STATE> 10
<MEAN> 39
 5.581227e-01 -4.027707e+00 1.377205e+00 -7.469964e+00 -3.359927e+00 -1.654783e+01 -1.449186e+01 -1.066909e+01 -2.964752e+00 2.691747e+00 -1.496479e+00 -7.201830e+00 7.082775e+01 3.565693e-01 -1.122617e+00 -2.134216e+00 -1.421313e+00 1.291650e+00 1.023424e+00 6.667230e-01 1.273935e+00 1.275401e+00 7.584435e-02 -1.911410e+00 -1.487185e+00 6.154978e-01 -1.698598e-01 -3.584726e-01 3.396023e-01 -1.397962e-02 -4.747652e-01 2.216101e-01 6.073534e-01 7.501483e-01 -2.687812e-01 -6.339313e-01 -3.108236e-01 1.172352e-01 1.891466e-01
<VARIANCE> 39
 4.294895e+00 3.086249e+01 6.133786e+01 4.446315e+01 7.766693e+01 7.145909e+01 2.416660e+01 6.976579e+01 4.957363e+01 9.587912e+01 1.480950e+02 3.687047e+01 7.510332e+00 3.161069e-01 2.176446e+00 1.593103e+00 1.853714e+00 2.236986e+00 3.585409e+00 2.812201e+00 5.411880e+00 2.194465e+00 4.594878e+00 3.871030e+00 2.445822e+00 4.197149e-01 3.966483e-02 1.995942e-01 1.430459e-01 3.587120e-01 3.145215e-01 2.002729e-01 3.783214e-01 3.526828e-01 3.300858e-01 6.409984e-01 6.378103e-01 5.592000e-01 2.742689e-02
<GCONST> 1.100512e+02
<STATE> 11
<MEAN> 39
 8.591826e-02 -1.438297e+01 -3.408816e+00 -1.201125e+01 -6.363657e+00 -2.119462e+00 -6.484156e+00 -2.109267e+00 3.744089e+00 -2.133169e+00 -1.024309e+01 -9.809374e+00 7.531007e+01 -2.295315e-01 -1.143771e+00 -2.462060e-01 1.110106e-02 -5.473918e-02 5.559838e-01 1.187754e+00 1.509686e+00 -8.616104e-02 -1.195751e+00 -9.030536e-01 1.092553e+00 5.194374e-01 -2.338524e-02 4.797141e-01 3.626565e-01 3.173575e-01 -1.136008e-02 -5.813565e-01 -2.249158e-01 -4.674924e-01 -1.817814e-01 1.996219e-01 6.228983e-01 3.616653e-01 -2.487264e-01
<VARIANCE> 39
 4.846180e+00 1.435131e+01 6.592425e+01 1.032502e+01 1.530788e+02 1.332028e+02 3.518769e+01 1.400521e+02 7.998620e+01 7.111812e+01 9.103506e+01 8.076585e+01 6.876876e+00 2.159478e-01 1.720237e+00 1.289142e+00 1.285971e+00 8.537060e-01 3.795371e+00 2.451314e+00 1.910908e+00 1.502418e+00 2.420682e+00 2.343623e+00 2.163542e+00 3.634398e-01 4.483110e-02 1.729654e-01 2.116273e-01 2.710471e-01 1.374828e-01 3.076602e-01 3.279064e-01 3.486401e-01 2.297518e-01 3.589913e-01 3.209463e-01 4.335093e-01 3.503588e-02
<GCONST> 1.036139e+02
<STATE> 12
<MEAN> 39
 -1.090964e+00 -1.431042e+01 -4.719800e+00 -8.951854e+00 -2.626847e+00 -1.593386e+01 -4.703874e-01 4.563481e+00 -4.211165e+00 -9.623615e+00 -1.066909e+01 -2.926674e+00 7.516383e+01 -8.387764e-02 7.625647e-01 7.734119e-01 7.231804e-01 -4.167729e-01 -3.156365e-01 1.674173e-01 -5.837985e-01 -2.663631e-01 -3.086949e-01 7.339851e-01 4.417990e-01 -5.605492e-01 1.069283e-02 4.555117e-01 1.856333e-01 1.341217e-01 3.559780e-02 1.307053e-01 -3.868430e-01 -4.688248e-01 -5.044454e-02 1.717244e-02 3.565640e-02 -2.113753e-01 -2.314783e-01
<VARIANCE> 39
 4.379488e+00 1.757598e+01 3.559824e+01 5.806277e+00 5.116377e+01 1.203958e+02 3.063069e+01 1.080741e+02 8.260597e+01 6.361848e+01 4.944501e+01 5.353180e+01 9.825842e+00 1.099605e-01 1.653617e+00 8.135932e-01 6.398921e-01 1.428904e+00 1.396403e+00 2.037457e+00 2.819915e+00 1.259642e+00 9.267208e-01 1.380525e+00 1.312695e+00 5.228319e-01 2.491881e-02 1.065024e-01 9.655406e-02 7.721285e-02 2.091105e-01 2.103162e-01 3.244203e-01 2.937633e-01 2.591914e-01 2.452213e-01 2.965684e-01 2.246291e-01 4.280664e-02
<GCONST> 9.217734e+01
<STATE> 13
<MEAN> 39
 -1.037726e+00 -5.474446e+00 3.298514e+00 -4.541005e+00 -4.915354e+00 -9.842951e+00 -6.360844e+00 -6.386357e+00 -1.560852e+00 -9.428665e+00 -7.414411e+00 -4.285903e+00 6.985959e+01 -5.490163e-02 2.355985e+00 1.133205e+00 7.550959e-01 2.081339e-01 -2.564823e-01 -1.036498e+00 -1.613926e+00 -4.864245e-01 -7.832856e-01 3.215708e-01 -4.017700e-01 -1.092508e+00 1.437316e-03 -2.008840e-01 -2.254696e-01 -2.239402e-01 4.284012e-02 1.119889e-01 2.557159e-01 3.704245e-01 1.313931e-01 -6.943126e-02 -1.462792e-01 -1.470957e-01 1.481296e-01
<VARIANCE> 39
 2.709283e+00 1.277665e+01 2.764110e+01 7.821306e+00 2.744916e+01 5.659806e+01 2.490886e+01 4.659561e+01 5.565753e+01 3.301371e+01 7.025653e+01 5.579491e+01 4.640400e+00 1.977858e-01 3.855053e-01 6.198477e-01 1.125050e+00 2.985973e+00 2.895705e+00 1.863342e+00 2.228658e+00 2.292262e+00 1.696613e+00 1.215359e+00 1.060222e+00 1.412942e-01 2.886302e-02 5.689274e-02 3.441292e-02 1.165618e-01 2.742735e-01 2.725208e-01 2.288407e-01 2.621262e-01 1.503561e-01 1.360722e-01 1.932970e-01 1.487180e-01 1.133589e-02
<GCONST> 8.337287e+01
<STATE> 14
<MEAN> 39
 -1.388290e+00 3.040743e+00 3.934992e+00 -4.413058e+00 -4.971683e+00 -1.250857e+01 -8.330491e+00 -1.001700e+01 -6.582613e+00 -1.645918e+01 -1.049878e+01 -9.716215e+00 6.575943e+01 -4.843559e-01 8.834308e-01 2.445017e-01 4.998532e-01 6.703886e-01 7.080215e-01 2.001941e-01 -7.070756e-01 -4.387009e-01 -5.893163e-01 2.192063e-01 -2.786320e-01 -6.871149e-01 -1.382157e-01 -2.583851e-01 -9.301380e-02 7.903183e-02 1.832102e-01 9.477521e-02 1.690706e-01 8.119215e-02 -2.416488e-02 1.190694e-01 9.516834e-02 7.976249e-02 -7.198716e-03
<VARIANCE> 39
 4.510917e+00 1.366479e+01 8.149291e+00 6.018050e+00 1.031652e+01 2.139144e+01 8.918243e+00 3.146631e+01 3.363422e+01 4.171425e+01 4.460220e+01 4.199147e+01 5.602016e+00 1.379902e-01 5.311530e-01 4.379640e-01 5.387739e-01 7.332303e-01 1.227456e+00 9.374292e-01 6.912458e-01 1.585700e+00 2.241494e+00 1.495276e+00 1.158000e+00 6.471492e-02 1.276523e-02 2.956390e-02 2.359553e-02 8.097243e-02 1.139871e-01 2.620221e-01 2.236421e-01 1.482122e-01 2.105072e-01 3.853368e-01 2.943183e-01 1.898594e-01 7.656893e-03
<GCONST> 7.038361e+01
<STATE> 15
<MEAN> 39
 -5.102172e+00 3.492109e+00 6.495799e+00 1.930424e+00 4.007411e+00 -3.794747e+00 -2.238346e+00 -5.749200e+00 6.032110e-01 -1.162872e+01 -3.717587e+00 -3.954786e+00 6.300866e+01 -7.766823e-01 2.890445e-01 -2.442158e-01 2.387878e-01 5.513119e-01 2.483325e-01 5.026528e-01 2.591409e-01 4.515481e-02 9.549317e-02 3.169165e-01 -7.761782e-02 -8.247187e-01 -6.262922e-02 -1.775480e-01 -9.453996e-02 -1.793561e-01 -2.705774e-01 -8.292265e-02 -1.393408e-02 -1.506350e-02 2.412454e-02 1.460575e-01 3.459243e-02 -3.603827e-03 3.103419e-02
<VARIANCE> 39
 6.154530e+00 5.906314e+00 9.088646e+00 8.597790e+00 2.016606e+01 2.304728e+01 2.313867e+01 5.414730e+01 3.205272e+01 2.974730e+01 1.960649e+01 1.657130e+01 5.415183e+00 1.764341e-01 7.223454e-01 4.599129e-01 7.374880e-01 1.180243e+00 5.169687e-01 1.029376e+00 1.930587e+00 8.485557e-01 1.643755e+00 1.369942e+00 1.752267e+00 4.350040e-02 1.443270e-02 5.126805e-02 7.578986e-02 1.137763e-01 7.242613e-02 1.111909e-01 1.691772e-01 3.168992e-01 1.576652e-01 2.672686e-01 1.774920e-01 3.426314e-01 5.634652e-03
<GCONST> 7.150600e+01
<STATE> 16
<MEAN> 39
 -9.765749e+00 3.583372e+00 3.964945e+00 -2.123884e+00 -3.847330e-01 -6.464211e+00 -3.144802e+00 -1.269123e+01 -8.558150e+00 -1.529385e+01 -4.578845e+00 -9.469368e+00 5.917776e+01 -8.257790e-01 -4.314696e-01 -1.022309e-01 -7.290845e-02 2.732916e-01 6.145933e-01 7.208167e-01 -2.112381e-01 -4.819452e-01 -6.289475e-02 2.460979e-01 -1.463711e-01 -4.157654e-01 7.186466e-02 -7.543677e-02 -1.608271e-02 9.655300e-02 1.726549e-01 9.911435e-02 4.549190e-02 1.172148e-01 4.527899e-02 -1.071242e-01 -1.565606e-01 1.221672e-01 8.008309e-02
<VARIANCE> 39
 3.907754e+00 9.940757e+00 1.567089e+01 1.225587e+01 1.057213e+01 1.741137e+01 1.538458e+01 1.963153e+01 7.706705e+01 3.485920e+01 2.649123e+01 3.037398e+01 1.166404e+00 1.135284e-01 4.198804e-01 8.126254e-01 5.681257e-01 9.245027e-01 9.269860e-01 1.577770e+00 1.405844e+00 2.090335e+00 1.728925e+00 1.419632e+00 2.641272e+00 4.324868e-02 2.169864e-02 8.719583e-02 1.530035e-01 8.485682e-02 1.321944e-01 2.111512e-01 2.990531e-01 2.201036e-01 4.088674e-01 3.166755e-01 2.500910e-01 4.740762e-01 8.202272e-03
<GCONST> 7.665890e+01
<STATE> 17
<MEAN> 39
 -1.411079e+01 -9.292909e-01 4.201845e+00 4.131877e+00 9.753983e+00 3.266650e+00 4.840807e+00 -8.312460e+00 -7.191610e+00 -1.524797e+01 -4.785888e+00 -6.652844e+00 5.750033e+01 -4.573672e-01 -7.441120e-01 -3.740832e-01 8.422042e-02 6.017283e-01 7.643484e-01 5.486656e-01 3.062929e-01 -8.950537e-02 -2.107175e-01 -3.726429e-01 -2.057411e-01 -1.396665e-01 8.429474e-03 1.270846e-03 -4.856372e-02 -7.456584e-02 -1.133525e-01 -1.206705e-01 -5.524250e-02 6.900048e-02 7.406598e-02 8.683400e-02 3.429863e-03 -8.942428e-02 2.548438e-03
<VARIANCE> 39
 4.564274e+00 5.426219e+00 5.788752e+00 1.711009e+01 2.080000e+01 2.109449e+01 2.601656e+01 2.397499e+01 4.465328e+01 3.167073e+01 3.481710e+01 2.440145e+01 7.193556e-01 2.167442e-01 4.392199e-01 5.608764e-01 8.534802e-01 1.243968e+00 1.183852e+00 1.168125e+00 1.542398e+00 2.650706e+00 1.671943e+00 1.306843e+00 1.459191e+00 3.716362e-02 3.249660e-02 6.307061e-02 7.262867e-02 1.258281e-01 1.972301e-01 1.752108e-01 2.411025e-01 2.898607e-01 4.968942e-01 3.344547e-01 2.700253e-01 2.694695e-01 5.268068e-03
<GCONST> 7.582822e+01
<STATE> 18
<MEAN> 39
 -1.608616e+01 -4.614191e+00 -1.093086e+00 -2.897128e+00 2.942500e+00 -1.827288e+00 2.516801e+00 -6.464809e+00 -3.610647e+00 -1.039742e+01 -2.681501e+00 -7.865005e+00 5.688934e+01 -5.066217e-01 -5.427911e-01 -3.329153e-01 -1.895032e-01 -4.369565e-01 -1.170729e-01 2.930640e-01 6.364152e-01 9.656179e-01 1.053491e+00 6.267828e-01 1.760137e-01 -1.807065e-01 4.778503e-02 1.007199e-01 1.260745e-01 5.880580e-03 -2.723778e-02 4.158064e-02 -1.301014e-02 2.152927e-02 9.571557e-02 8.390535e-02 1.367197e-01 8.752567e-03 1.773565e-02
<VARIANCE> 39
 2.356153e+00 2.937039e+00 7.475941e+00 1.772346e+01 3.630155e+01 4.999774e+01 3.358167e+01 3.120275e+01 3.315592e+01 3.148626e+01 1.236232e+01 7.572600e+00 5.972363e-01 1.117967e-01 2.410325e-01 3.862132e-01 5.258355e-01 8.964980e-01 2.357140e+00 1.377400e+00 1.556425e+00 2.467178e+00 1.952964e+00 1.568423e+00 8.870272e-01 3.885414e-02 1.221928e-02 4.031964e-02 7.816898e-02 9.078708e-02 1.940556e-01 4.686493e-01 2.174735e-01 2.725859e-01 4.620880e-01 3.428077e-01 2.989004e-01 1.805716e-01 6.709976e-03
<GCONST> 7.133570e+01
<STATE> 19
<MEAN> 39
 -1.885667e+01 -6.936465e+00 -8.720468e-01 -1.223143e+00 5.825027e+00 2.172059e+00 6.344658e+00 -3.919570e+00 1.537447e-01 -9.023767e+00 -2.244132e+00 -9.010782e+00 5.598097e+01 -2.996646e-01 -2.365774e-01 -2.871736e-02 1.198487e-01 5.760850e-01 4.864042e-01 4.518804e-02 -1.890875e-01 7.536586e-02 -5.720139e-02 -1.247840e-01 -2.778723e-01 -1.312178e-01 3.406653e-02 -3.381992e-02 -1.091315e-01 -1.358177e-02 1.049285e-01 2.081137e-01 6.250603e-02 -1.431487e-01 -2.893991e-01 -1.260903e-01 -1.306826e-01 -7.740066e-02 -1.421182e-02
<VARIANCE> 39
 4.979580e+00 5.640141e+00 1.239503e+01 2.917840e+01 4.370609e+01 3.551889e+01 4.192138e+01 4.276814e+01 5.212300e+01 6.978487e+01 5.326291e+01 2.022385e+01 8.229707e-01 2.386747e-01 3.891951e-01 6.668783e-01 9.891990e-01 1.475541e+00 2.726481e+00 2.831605e+00 4.074446e+00 2.723317e+00 1.888365e+00 1.695473e+00 1.288731e+00 7.082660e-02 4.564702e-02 9.569675e-02 2.154375e-01 2.821629e-01 2.794832e-01 2.322005e-01 3.109697e-01 8.119882e-01 5.423715e-01 4.825505e-01 4.050360e-01 2.263734e-01 1.199098e-02
<GCONST> 9.104710e+01
<TRANSP> 20
 0.000000e+00 1.000000e+00 0.000000e+00 0.000000e+00 0.000000e+00 0.000000e+00 0.000000e+00 0.000000e+00 0.000000e+00 0.000000e+00 0.000000e+00 0.000000e+00 0.000000e+00 0.000000e+00 0.000000e+00 0.000000e+00 0.000000e+00 0.000000e+00 0.000000e+00 0.000000e+00
 0.000000e+00 8.181627e-01 1.818373e-01 0.000000e+00 0.000000e+00 0.000000e+00 0.000000e+00 0.000000e+00 0.000000e+00 0.000000e+00 0.000000e+00 0.000000e+00 0.000000e+00 0.000000e+00 0.000000e+00 0.000000e+00 0.000000e+00 0.000000e+00 0.000000e+00 0.000000e+00
 0.000000e+00 0.000000e+00 6.933565e-01 3.066436e-01 0.000000e+00 0.000000e+00 0.000000e+00 0.000000e+00 0.000000e+00 0.000000e+00 0.000000e+00 0.000000e+00 0.000000e+00 0.000000e+00 0.000000e+00 0.000000e+00 0.000000e+00 0.000000e+00 0.000000e+00 0.000000e+00
 0.000000e+00 0.000000e+00 0.000000e+00 8.057169e-01 1.942832e-01 0.000000e+00 0.000000e+00 0.000000e+00 0.000000e+00 0.000000e+00 0.000000e+00 0.000000e+00 0.000000e+00 0.000000e+00 0.000000e+00 0.000000e+00 0.000000e+00 0.000000e+00 0.000000e+00 0.000000e+00
 0.000000e+00 0.000000e+00 0.000000e+00 0.000000e+00 7.748005e-01 2.251996e-01 0.000000e+00 0.000000e+00 0.000000e+00 0.000000e+00 0.000000e+00 0.000000e+00 0.000000e+00 0.000000e+00 0.000000e+00 0.000000e+00 0.000000e+00 0.000000e+00 0.000000e+00 0.000000e+00
 0.000000e+00 0.000000e+00 0.000000e+00 0.000000e+00 0.000000e+00 8.837858e-01 1.162141e-01 0.000000e+00 0.000000e+00 0.000000e+00 0.000000e+00 0.000000e+00 0.000000e+00 0.000000e+00 0.000000e+00 0.000000e+00 0.000000e+00 0.000000e+00 0.000000e+00 0.000000e+00
 0.000000e+00 0.000000e+00 0.000000e+00 0.000000e+00 0.000000e+00 0.000000e+00 7.291946e-01 2.708055e-01 0.000000e+00 0.000000e+00 0.000000e+00 0.000000e+00 0.000000e+00 0.000000e+00 0.000000e+00 0.000000e+00 0.000000e+00 0.000000e+00 0.000000e+00 0.000000e+00
 0.000000e+00 0.000000e+00 0.000000e+00 0.000000e+00 0.000000e+00 0.000000e+00 0.000000e+00 8.319978e-01 1.680022e-01 0.000000e+00 0.000000e+00 0.000000e+00 0.000000e+00 0.000000e+00 0.000000e+00 0.000000e+00 0.000000e+00 0.000000e+00 0.000000e+00 0.000000e+00
 0.000000e+00 0.000000e+00 0.000000e+00 0.000000e+00 0.000000e+00 0.000000e+00 0.000000e+00 0.000000e+00 8.005214e-01 1.994787e-01 0.000000e+00 0.000000e+00 0.000000e+00 0.000000e+00 0.000000e+00 0.000000e+00 0.000000e+00 0.000000e+00 0.000000e+00 0.000000e+00
 0.000000e+00 0.000000e+00 0.000000e+00 0.000000e+00 0.000000e+00 0.000000e+00 0.000000e+00 0.000000e+00 0.000000e+00 7.954587e-01 2.045414e-01 0.000000e+00 0.000000e+00 0.000000e+00 0.000000e+00 0.000000e+00 0.000000e+00 0.000000e+00 0.000000e+00 0.000000e+00
 0.000000e+00 0.000000e+00 0.000000e+00 0.000000e+00 0.000000e+00 0.000000e+00 0.000000e+00 0.000000e+00 0.000000e+00 0.000000e+00 7.886694e-01 2.113307e-01 0.000000e+00 0.000000e+00 0.000000e+00 0.000000e+00 0.000000e+00 0.000000e+00 0.000000e+00 0.000000e+00
 0.000000e+00 0.000000e+00 0.000000e+00 0.000000e+00 0.000000e+00 0.000000e+00 0.000000e+00 0.000000e+00 0.000000e+00 0.000000e+00 0.000000e+00 8.215906e-01 1.784094e-01 0.000000e+00 0.000000e+00 0.000000e+00 0.000000e+00 0.000000e+00 0.000000e+00 0.000000e+00
 0.000000e+00 0.000000e+00 0.000000e+00 0.000000e+00 0.000000e+00 0.000000e+00 0.000000e+00 0.000000e+00 0.000000e+00 0.000000e+00 0.000000e+00 0.000000e+00 7.324122e-01 2.675878e-01 0.000000e+00 0.000000e+00 0.000000e+00 0.000000e+00 0.000000e+00 0.000000e+00
 0.000000e+00 0.000000e+00 0.000000e+00 0.000000e+00 0.000000e+00 0.000000e+00 0.000000e+00 0.000000e+00 0.000000e+00 0.000000e+00 0.000000e+00 0.000000e+00 0.000000e+00 7.857622e-01 2.142377e-01 0.000000e+00 0.000000e+00 0.000000e+00 0.000000e+00 0.000000e+00
 0.000000e+00 0.000000e+00 0.000000e+00 0.000000e+00 0.000000e+00 0.000000e+00 0.000000e+00 0.000000e+00 0.000000e+00 0.000000e+00 0.000000e+00 0.000000e+00 0.000000e+00 0.000000e+00 8.201737e-01 1.798264e-01 0.000000e+00 0.000000e+00 0.000000e+00 0.000000e+00
 0.000000e+00 0.000000e+00 0.000000e+00 0.000000e+00 0.000000e+00 0.000000e+00 0.000000e+00 0.000000e+00 0.000000e+00 0.000000e+00 0.000000e+00 0.000000e+00 0.000000e+00 0.000000e+00 0.000000e+00 8.251048e-01 1.748952e-01 0.000000e+00 0.000000e+00 0.000000e+00
 0.000000e+00 0.000000e+00 0.000000e+00 0.000000e+00 0.000000e+00 0.000000e+00 0.000000e+00 0.000000e+00 0.000000e+00 0.000000e+00 0.000000e+00 0.000000e+00 0.000000e+00 0.000000e+00 0.000000e+00 0.000000e+00 8.481137e-01 1.518864e-01 0.000000e+00 0.000000e+00
 0.000000e+00 0.000000e+00 0.000000e+00 0.000000e+00 0.000000e+00 0.000000e+00 0.000000e+00 0.000000e+00 0.000000e+00 0.000000e+00 0.000000e+00 0.000000e+00 0.000000e+00 0.000000e+00 0.000000e+00 0.000000e+00 0.000000e+00 8.062442e-01 1.937559e-01 0.000000e+00
 0.000000e+00 0.000000e+00 0.000000e+00 0.000000e+00 0.000000e+00 0.000000e+00 0.000000e+00 0.000000e+00 0.000000e+00 0.000000e+00 0.000000e+00 0.000000e+00 0.000000e+00 0.000000e+00 0.000000e+00 0.000000e+00 0.000000e+00 0.000000e+00 7.541558e-01 2.458442e-01
 0.000000e+00 0.000000e+00 0.000000e+00 0.000000e+00 0.000000e+00 0.000000e+00 0.000000e+00 0.000000e+00 0.000000e+00 0.000000e+00 0.000000e+00 0.000000e+00 0.000000e+00 0.000000e+00 0.000000e+00 0.000000e+00 0.000000e+00 0.000000e+00 0.000000e+00 0.000000e+00
<ENDHMM>
