~o
<STREAMINFO> 1 39
<VECSIZE> 39<NULLD><MFCC_D_A_0><DIAGC>
~h "sepuluh"
<BEGINHMM>
<NUMSTATES> 20
<STATE> 2
<MEAN> 39
 -1.825119e+01 -6.576072e+00 -3.260738e+00 -3.607898e+00 1.443946e+00 -2.844219e+00 3.989867e+00 -4.662593e+00 1.348083e+00 -6.383361e+00 8.655276e-01 -6.925349e+00 5.680691e+01 -7.311807e-01 1.271764e+00 -9.792504e-01 2.335213e-01 -1.321317e-01 -1.118620e+00 7.893569e-01 -9.613807e-01 9.308223e-01 -6.035277e-01 7.741613e-01 6.016222e-03 5.062740e-01 -4.151191e-01 6.134129e-01 -3.773308e-01 2.880721e-01 1.442464e-01 -2.761317e-01 3.933984e-01 -3.463895e-01 3.011310e-01 -2.623911e-01 9.701098e-03 8.203802e-02 2.253316e-01
<VARIANCE> 39
 2.909564e+00 4.842293e+00 4.908565e+00 8.109694e+00 1.413317e+01 2.516277e+01 2.559014e+01 1.751906e+01 1.737057e+01 1.632319e+01 1.533591e+01 1.230804e+01 8.052714e-01 9.965218e-01 2.039129e+00 1.181104e+00 1.540258e+00 1.536369e+00 2.191180e+00 2.304900e+00 2.129073e+00 2.349912e+00 2.801650e+00 2.225107e+00 1.697930e+00 2.756222e-01 1.482150e-01 1.926973e-01 1.600066e-01 2.502712e-01 2.483297e-01 4.102199e-01 3.619166e-01 2.441876e-01 4.421617e-01 6.168650e-01 3.927117e-01 3.021319e-01 2.415798e-02
<GCONST> 8.805677e+01
<STATE> 3
<MEAN> 39
 -2.722286e+01 6.250670e+00 -1.156316e+01 4.117962e-01 3.909334e+00 -1.059092e+01 1.211869e+01 -1.185982e+01 8.103218e+00 -9.620111e+00 2.811121e+00 -3.800669e+00 6.186967e+01 -1.410402e+00 2.235888e+00 -8.133419e-01 4.098187e-01 9.833831e-01 -1.601975e+00 1.104764e+00 -1.661150e-01 -1.452309e-01 6.265291e-01 -7.511769e-01 8.577825e-01 1.008504e+00 6.719164e-01 -6.030340e-01 5.952940e-01 -4.051435e-01 -4.242056e-02 3.333454e-02 -7.233372e-01 4.259267e-01 -5.887088e-01 3.423917e-01 -3.075648e-01 -1.463304e-01 -1.522481e-01
<VARIANCE> 39
 8.792706e+00 2.392586e+01 9.073829e+00 1.682721e+01 1.208735e+01 1.810420e+01 2.121692e+01 1.377940e+01 2.615910e+01 4.303828e+01 2.980600e+01 2.978444e+01 4.602220e+00 1.614340e+00 2.521218e+00 2.439088e+00 2.357713e+00 1.365537e+00 1.372681e+00 2.671307e+00 3.104337e+00 3.591902e+00 4.316805e+00 2.345272e+00 2.472918e+00 3.508055e-01 4.112565e-01 3.258304e-01 2.087596e-01 3.256104e-01 3.741690e-01 3.168677e-01 7.041872e-01 6.452253e-01 3.972006e-01 6.876362e-01 6.105012e-01 6.778069e-01 5.417044e-02
<GCONST> 1.050949e+02
<STATE> 4
<MEAN> 39
 -1.919688e+01 8.324883e+00 -9.315651e+00 -3.947305e+00 4.118562e+00 -1.765763e+01 3.401751e+00 -9.794785e+00 3.173255e+00 -2.139799e+00 -6.366517e-01 -4.839366e+00 6.692217e+01 4.187218e+00 -8.101217e-01 6.148213e-01 -1.578099e+00 -7.148337e-01 -2.710874e-01 -3.612381e+00 -8.297450e-01 -4.743259e-01 9.673311e-01 5.038333e-01 -1.510583e+00 1.470902e+00 2.557721e-01 -2.490077e-01 -6.246626e-02 3.013420e-03 6.263588e-02 6.820592e-01 -1.428326e-02 -2.245200e-01 2.029599e-02 -1.359138e-01 3.596909e-01 -1.135239e-01 1.541949e-02
<VARIANCE> 39
 9.754893e+01 1.438754e+01 1.962871e+01 4.827903e+01 6.541068e+01 3.577571e+01 1.051020e+02 7.002650e+01 3.082467e+01 1.028058e+02 3.568565e+01 2.882239e+01 2.069407e+01 4.050319e+00 9.196120e-01 2.230179e+00 1.768387e+00 6.518340e+00 4.883803e+00 7.374389e+00 9.766810e+00 3.228296e+00 3.539820e+00 3.727478e+00 1.873747e+00 1.987553e+00 1.940483e+00 2.130815e-01 3.390892e-01 3.605680e-01 1.153296e+00 5.662052e-01 2.265504e+00 1.020401e+00 6.069949e-01 6.575603e-01 4.562304e-01 6.015254e-01 4.614652e-01
<GCONST> 1.304001e+02
<STATE> 5
<MEAN> 39
 -4.021243e+00 3.741270e+00 -7.798815e+00 -9.619660e+00 8.160420e+00 -1.154751e+01 -5.831188e+00 -1.135120e+01 6.468289e-01 5.418874e-01 5.025386e+00 -8.584364e+00 7.237524e+01 4.423641e-01 -1.432058e-01 7.278004e-01 4.373615e-01 6.280969e-01 1.935056e+00 4.027723e-01 -3.795738e-01 -1.052865e+00 -9.341719e-01 2.062420e-02 7.042675e-02 -1.084819e+00 -8.741627e-01 1.234749e-01 2.168470e-01 4.208064e-01 -2.532274e-01 -2.309670e-01 4.448000e-01 4.771264e-01 2.249074e-01 -4.236251e-01 -4.207253e-01 1.080189e-01 -6.509871e-01
<VARIANCE> 39
 4.884961e+01 1.853955e+01 3.646028e+01 5.375653e+01 1.874196e+02 7.096629e+01 7.606660e+01 2.164034e+02 1.667806e+01 1.225150e+02 4.791784e+01 1.903567e+01 2.710334e+01 1.068443e+00 6.275740e-01 8.151501e-01 1.283867e+00 1.897692e+00 1.530648e+00 1.699178e+00 2.767864e+00 1.007613e+00 2.780153e+00 2.134181e+00 1.456769e+00 7.773392e-01 2.593812e-01 2.060517e-01 3.218322e-01 3.904113e-01 6.862123e-01 5.385160e-01 7.600654e-01 1.233708e+00 2.175663e-01 5.759529e-01 4.188744e-01 2.751639e-01 2.467875e-01
<GCONST> 1.154815e+02
<STATE> 6
<MEAN> 39
 -9.949359e+00 1.241224e+00 -3.781222e+00 -5.652054e+00 2.901764e+00 -7.458460e+00 -2.455045e+00 -1.103811e+01 -5.001153e-01 -5.569814e+00 1.902568e+00 -8.332183e+00 6.282545e+01 -4.204602e-01 -9.037731e-01 7.730104e-01 1.738956e-01 -6.014706e-01 4.343508e-01 -3.895313e-02 5.367432e-01 -2.361443e-01 -3.725231e-01 -3.294194e-01 5.372157e-02 -8.992798e-01 4.313558e-02 -4.267464e-02 -8.670662e-02 5.980917e-03 2.081943e-02 -6.257077e-02 -4.498171e-03 -2.614870e-02 2.909314e-02 6.282467e-02 -1.036570e-02 8.995362e-02 1.598653e-01
<VARIANCE> 39
 4.122309e+01 1.474504e+01 1.280428e+01 1.802702e+01 4.771541e+01 2.641275e+01 3.082188e+01 6.169345e+01 2.709555e+01 4.448936e+01 2.136266e+01 1.325961e+01 1.377488e+01 4.375225e-01 3.416961e-01 6.926765e-01 1.035615e+00 1.579772e+00 1.116833e+00 1.564327e+00 1.818783e+00 9.235889e-01 2.232913e+00 1.642091e+00 1.096354e+00 2.481322e-01 3.336551e-02 8.266655e-02 9.682564e-02 1.828454e-01 2.232419e-01 2.162653e-01 2.812796e-01 1.879401e-01 2.216937e-01 3.107018e-01 3.355430e-01 2.126234e-01 1.303100e-02
<GCONST> 8.732687e+01
<STATE> 7
<MEAN> 39
 -9.942229e+00 -2.580930e+00 -4.617429e-01 -4.318048e+00 1.469458e-01 -6.715780e+00 -4.691625e+00 -1.041070e+01 -3.179121e+00 -8.861328e+00 -7.748813e-01 -6.985599e+00 6.104125e+01 2.150081e+00 8.291125e-01 -2.178653e-01 -1.410466e+00 -1.476854e+00 -4.440606e-01 -1.341482e+00 -1.398636e-01 -1.120123e+00 -9.704620e-01 6.807014e-02 1.149543e+00 8.756122e-01 8.065471e-01 7.633309e-01 -2.438710e-01 -9.264525e-01 -6.142278e-01 -1.775647e-01 -1.510859e-01 -8.872620e-02 -3.809317e-01 -1.370642e-01 2.162476e-01 2.940982e-01 3.916115e-01
<VARIANCE> 39
 2.296765e+01 1.599709e+01 1.800308e+01 1.865066e+01 2.300096e+01 3.672758e+01 2.599115e+01 3.511130e+01 1.559783e+01 3.329202e+01 2.474037e+01 1.523178e+01 4.824405e+00 3.437646e+00 4.797329e+00 2.386623e+00 5.583927e+00 3.949538e+00 3.952553e+00 2.637606e+00 2.352764e+00 4.878258e+00 4.085343e+00 2.411860e+00 2.346617e+00 7.869699e-01 2.126671e-01 3.492213e-01 1.948120e-01 6.272189e-01 4.214252e-01 5.770648e-01 5.921078e-01 3.856118e-01 7.380688e-01 6.188281e-01 3.835208e-01 3.736270e-01 8.207368e-02
<GCONST> 1.123457e+02
<STATE> 8
<MEAN> 39
 2.952287e+00 6.408616e+00 -2.011530e+00 -1.644248e+01 -1.140649e+01 -1.006736e+01 -8.233829e+00 -9.485612e+00 -8.427437e+00 -1.395817e+01 -5.302966e-01 -1.885116e+00 6.615092e+01 2.309701e+00 1.502266e+00 -5.999649e-01 -2.700949e+00 -1.617887e+00 8.579615e-01 4.176856e-01 1.597462e-01 -1.508350e+00 -8.046374e-01 6.766458e-01 1.315278e+00 1.090312e+00 -8.679973e-01 -7.887827e-01 1.952870e-02 7.801408e-01 1.010567e+00 7.779395e-01 4.301913e-01 -3.455628e-01 9.067482e-02 6.661984e-01 4.995442e-01 -1.072279e-01 -2.937102e-01
<VARIANCE> 39
 5.546464e+00 1.063371e+01 4.200737e+01 1.576560e+01 2.997252e+01 3.321431e+01 2.150153e+01 5.825816e+01 5.606773e+01 2.112142e+01 3.381371e+01 3.419576e+01 2.210441e+00 1.763220e+00 1.965078e+00 8.085037e-01 4.427710e+00 3.422688e+00 3.361446e+00 2.242882e+00 1.966065e+00 5.263681e+00 2.372790e+00 3.594791e+00 2.774055e+00 3.983072e-01 9.538602e-02 2.405889e-01 3.461320e-01 4.413896e-01 2.081160e-01 6.227482e-01 4.877019e-01 9.538650e-01 4.827516e-01 6.001046e-01 5.537836e-01 5.662070e-01 3.745383e-02
<GCONST> 1.074130e+02
<STATE> 9
<MEAN> 39
 4.974667e+00 6.391096e+00 -3.615814e+00 -1.784649e+01 -1.015929e+01 -3.953881e+00 -6.768006e+00 -1.367872e+01 -1.209375e+01 -1.106011e+01 4.791137e+00 1.287296e+00 6.748034e+01 1.294056e-01 -7.602638e-01 -4.373531e-01 3.770516e-01 9.756169e-01 1.809711e+00 -3.799112e-01 -2.380937e+00 -1.444946e+00 2.129056e+00 2.236678e+00 4.627057e-01 3.452920e-01 -2.765663e-01 -3.238825e-01 1.073522e-01 6.725254e-01 2.889394e-01 -3.123065e-01 -3.131775e-01 -4.164700e-01 1.228520e-01 6.012421e-01 -1.245261e-01 -7.149212e-01 -8.237793e-02
<VARIANCE> 39
 2.407502e+00 1.129235e+01 2.686419e+01 9.628103e+00 4.805208e+01 5.341046e+01 1.487301e+01 4.862122e+01 6.063835e+01 3.314030e+01 5.754858e+01 3.891734e+01 1.898832e+00 1.868606e-01 1.205482e+00 1.038990e+00 1.585736e+00 9.617291e-01 2.715415e+00 2.421608e+00 4.998175e+00 3.021963e+00 4.574866e+00 2.491738e+00 3.405496e+00 1.479183e-01 1.065289e-01 1.164530e-01 1.989030e-01 3.094091e-01 2.424607e-01 6.219767e-01 3.193007e-01 5.652146e-01 7.492926e-01 4.692130e-01 5.220425e-01 7.781036e-01 3.505096e-02
<GCONST> 1.001675e+02
<STATE> 10
<MEAN> 39
 3.655372e+00 3.789722e+00 -1.115198e+00 -1.522680e+01 7.919956e-02 1.099122e+00 -1.173520e+01 -2.090934e+01 -2.012796e+01 -2.203840e+00 1.583398e+01 -1.309187e+00 6.926981e+01 -1.888240e-01 -5.207697e-01 3.599177e-01 1.630646e+00 6.050839e-01 -6.670684e-01 -7.662830e-01 -1.419166e+00 1.240434e-01 1.508807e+00 -1.634297e-01 -1.907515e+00 -5.896166e-02 -2.937704e-02 1.339501e-01 1.344486e-01 2.985924e-02 -1.162718e-01 -3.657139e-01 -3.705841e-02 5.105172e-01 3.686817e-01 -4.266235e-01 -3.883260e-01 -9.300730e-02 -6.087467e-02
<VARIANCE> 39
 3.207482e+00 1.957384e+01 5.404998e+01 5.395190e+01 6.452240e+01 1.818367e+01 4.004721e+01 8.530923e+01 5.859052e+01 8.285339e+01 4.432484e+01 3.278799e+01 2.712850e+00 1.448574e-01 7.385491e-01 9.346377e-01 1.145198e+00 1.874265e+00 1.135377e+00 2.119139e+00 2.630193e+00 3.754863e+00 3.051852e+00 1.921336e+00 3.200374e+00 8.905353e-02 2.329110e-02 1.577271e-01 1.864562e-01 3.237539e-01 2.521688e-01 3.000025e-01 4.952761e-01 4.585368e-01 6.185831e-01 8.399654e-01 2.679654e-01 6.134399e-01 3.124604e-02
<GCONST> 9.950472e+01
<STATE> 11
<MEAN> 39
 3.199294e+00 1.239606e+00 -2.134878e+00 -6.114519e+00 1.959632e-01 -7.003160e+00 -1.817479e+01 -2.360481e+01 -1.259259e+01 -6.939362e-01 6.935477e+00 -7.687348e+00 6.801810e+01 -1.664815e-01 -3.360501e-02 2.655702e-01 5.981859e-02 2.300069e-01 -7.595681e-01 -6.152486e-01 6.317266e-01 5.663721e-01 2.278556e-02 6.444227e-01 -2.808071e-01 1.407032e-01 6.210817e-02 1.467555e-01 -1.419417e-01 -5.364906e-01 -2.051315e-01 3.265207e-01 2.161703e-01 1.649887e-01 -1.463866e-01 -2.201790e-01 1.983254e-01 4.625563e-01 4.723049e-02
<VARIANCE> 39
 5.880288e+00 1.974357e+01 7.412312e+01 3.120118e+01 4.788046e+01 3.312642e+01 5.290815e+01 3.189188e+01 5.311318e+01 3.484855e+01 6.486920e+01 1.180660e+01 4.200501e+00 1.744048e-01 6.330695e-01 6.833998e-01 2.494368e+00 1.265254e+00 1.818971e+00 2.742315e+00 1.617681e+00 3.109256e+00 2.499631e+00 2.875714e+00 2.454145e+00 2.565363e-01 3.004255e-02 7.540867e-02 1.762519e-01 1.758896e-01 2.842379e-01 3.231653e-01 3.835093e-01 3.090986e-01 5.452495e-01 5.276994e-01 4.814757e-01 4.712823e-01 2.236920e-02
<GCONST> 9.726197e+01
<STATE> 12
<MEAN> 39
 3.124478e+00 1.812528e+00 -1.760277e+00 -1.360347e+01 -2.324149e+00 -4.397167e+00 -1.568485e+01 -2.098549e+01 -1.315115e+01 3.546587e+00 1.420997e+01 -8.018204e+00 7.019570e+01 1.193462e-01 4.484724e-01 -8.903093e-01 -1.052904e+00 -1.249900e-01 6.871304e-01 5.787486e-01 9.698856e-03 -2.830976e-02 -6.828423e-01 -2.001600e-01 8.122328e-01 -9.132441e-02 -6.234793e-02 4.260657e-02 -5.970375e-02 1.686353e-01 3.307103e-02 -3.221685e-02 1.535306e-01 -4.707928e-02 -4.169256e-02 -3.061193e-01 -2.436808e-01 1.637684e-01 -1.165703e-01
<VARIANCE> 39
 2.196299e+00 1.098373e+01 4.765174e+01 4.514701e+01 6.675865e+01 3.532676e+01 1.187799e+02 8.545068e+01 6.726378e+01 5.880951e+01 2.199406e+01 4.792954e+01 5.269325e+00 1.420897e-01 5.010913e-01 8.103309e-01 2.091187e+00 1.127985e+00 1.183881e+00 1.582825e+00 2.093734e+00 1.415086e+00 1.756073e+00 9.428149e-01 1.792032e+00 1.956293e-01 2.549054e-02 8.532538e-02 2.224005e-01 2.734177e-01 2.294600e-01 2.047393e-01 3.046120e-01 3.145924e-01 2.714345e-01 2.907241e-01 1.284484e-01 3.055394e-01 2.426537e-02
<GCONST> 9.177626e+01
<STATE> 13
<MEAN> 39
 3.229748e+00 4.331646e+00 -8.398854e+00 -1.488528e+01 -5.742739e+00 -2.415236e+00 -8.607786e+00 -2.222626e+01 -1.454414e+01 -4.984268e+00 1.015299e+01 2.174051e-01 6.775615e+01 -4.119227e-01 4.180929e-01 4.114564e-01 2.160179e-01 6.915780e-02 -2.919707e-02 5.319425e-01 6.975394e-01 9.694698e-02 -1.110884e+00 -6.774521e-01 3.093400e-01 -3.285206e-01 -1.200090e-01 -6.828697e-02 2.923676e-01 3.384983e-01 1.851377e-01 -7.101600e-02 -2.413015e-02 -1.894008e-02 4.777540e-02 1.542705e-01 -3.027730e-02 -2.122790e-01 -6.510678e-02
<VARIANCE> 39
 2.787656e+00 6.202950e+00 1.678736e+01 7.109281e+00 4.501958e+01 2.569077e+01 3.351339e+01 3.200063e+01 1.962840e+01 2.253911e+01 2.531195e+01 3.434102e+01 1.472289e+00 1.840853e-01 2.486518e-01 7.177743e-01 1.069982e+00 8.199638e-01 5.194022e-01 1.127335e+00 1.518168e+00 1.898709e+00 1.562339e+00 8.109226e-01 6.180136e-01 7.868401e-02 2.536943e-02 3.389639e-02 5.967131e-02 8.605620e-02 1.269670e-01 1.281095e-01 2.404196e-01 2.012474e-01 2.087152e-01 2.096267e-01 1.458993e-01 1.139084e-01 3.809549e-03
<GCONST> 6.850280e+01
<STATE> 14
<MEAN> 39
 -1.111734e+00 5.038753e+00 -1.228139e+00 -9.803499e+00 -2.096685e+00 -5.088678e+00 -8.313711e+00 -1.786709e+01 -1.102483e+01 -8.263555e+00 7.120169e+00 -1.550901e+00 6.505656e+01 -1.000314e+00 -4.110970e-01 6.223223e-01 1.195671e+00 7.100050e-01 -3.546113e-01 3.797140e-01 3.870674e-01 4.086112e-01 -1.556116e-01 -4.125000e-01 -6.486926e-03 -6.330882e-01 -6.638284e-02 -1.555761e-01 -1.723352e-01 -1.051542e-01 -1.216394e-01 -4.180967e-02 -5.961156e-02 6.253512e-02 1.038632e-01 9.382055e-02 5.855797e-02 -9.086061e-03 -5.308054e-03
<VARIANCE> 39
 2.899329e+00 6.432530e+00 1.392452e+01 1.162953e+01 4.534398e+01 4.996597e+01 3.695771e+01 3.727787e+01 2.407185e+01 1.192780e+01 1.736633e+01 4.752091e+01 1.264527e+00 2.361992e-01 3.186289e-01 9.140021e-01 7.828607e-01 1.096999e+00 1.513327e+00 1.005830e+00 1.457732e+00 1.790953e+00 1.065402e+00 1.339177e+00 1.652297e+00 1.046629e-01 2.302363e-02 4.511885e-02 7.666095e-02 1.122778e-01 1.367341e-01 2.708174e-01 1.784816e-01 2.604113e-01 3.672714e-01 2.329732e-01 2.669861e-01 2.611910e-01 5.227379e-03
<GCONST> 7.604071e+01
<STATE> 15
<MEAN> 39
 -5.970612e+00 2.364439e+00 7.005351e-01 -4.030583e+00 1.163842e+00 -5.624948e+00 -7.303997e+00 -1.791273e+01 -1.113246e+01 -1.053363e+01 3.081432e+00 -4.254340e+00 6.205027e+01 -9.328629e-01 -3.913637e-01 4.241504e-01 7.588614e-01 8.072052e-02 -1.967438e-01 2.402014e-01 1.496220e-01 3.216694e-01 -4.840794e-01 -1.034719e+00 -3.162043e-01 -5.598501e-01 1.403456e-02 2.726442e-04 -5.715194e-02 -1.330107e-01 -5.838989e-02 8.140440e-04 -3.934529e-02 -2.768190e-02 1.175048e-02 5.263650e-02 5.123683e-03 5.242353e-02 2.931962e-02
<VARIANCE> 39
 2.486650e+00 6.393910e+00 1.639226e+01 1.348437e+01 2.260014e+01 2.576782e+01 3.214777e+01 4.672558e+01 2.315114e+01 1.606302e+01 2.850585e+01 4.282748e+01 9.681621e-01 1.665154e-01 3.351495e-01 3.504230e-01 6.282781e-01 6.306804e-01 9.919391e-01 1.219391e+00 1.108340e+00 1.105330e+00 1.338892e+00 1.284888e+00 9.902850e-01 2.875935e-02 2.949263e-02 7.055265e-02 8.566800e-02 1.047813e-01 1.275798e-01 1.788971e-01 1.421174e-01 1.962702e-01 2.163422e-01 2.386526e-01 2.004139e-01 2.074076e-01 5.672907e-03
<GCONST> 6.947045e+01
<STATE> 16
<MEAN> 39
 -1.069839e+01 -5.665851e-01 1.038696e+00 -1.707164e+00 2.601286e+00 -5.802786e+00 -5.555970e+00 -1.490444e+01 -7.890272e+00 -1.115552e+01 4.093989e-02 -3.672338e+00 5.977520e+01 -7.819172e-01 -6.713151e-01 -1.305778e-01 4.871708e-01 5.541276e-01 2.837914e-01 4.417831e-01 6.214665e-01 2.921368e-01 -3.668484e-02 -2.713924e-01 -1.261477e-01 -3.463042e-01 9.155510e-02 1.626026e-02 -8.531835e-03 2.268962e-02 1.051835e-01 1.570679e-01 1.191612e-01 1.083958e-01 3.467542e-02 6.727957e-03 -1.369975e-02 -1.030545e-01 4.221277e-02
<VARIANCE> 39
 2.726632e+00 6.048925e+00 1.166323e+01 1.576392e+01 3.348563e+01 2.138884e+01 1.728994e+01 2.441864e+01 2.292328e+01 1.713837e+01 2.811354e+01 3.352840e+01 1.233798e+00 1.414909e-01 2.772985e-01 3.319810e-01 7.001703e-01 1.127205e+00 7.713639e-01 1.136300e+00 9.041921e-01 8.768926e-01 7.446281e-01 1.010231e+00 1.684835e+00 4.111942e-02 2.055229e-02 6.063393e-02 5.547786e-02 9.727188e-02 1.769387e-01 1.091241e-01 2.310952e-01 1.646012e-01 1.845779e-01 1.427220e-01 2.509987e-01 3.585025e-01 6.730489e-03
<GCONST> 6.727839e+01
<STATE> 17
<MEAN> 39
 -1.379560e+01 -3.588090e+00 1.340687e-01 -4.659699e-01 5.348249e+00 -1.689893e+00 -8.164346e-01 -9.099808e+00 -3.449380e+00 -7.880476e+00 9.724113e-02 -5.577893e+00 5.829662e+01 -5.510876e-01 -3.836099e-01 1.046410e-02 1.459228e-02 5.157033e-02 3.921670e-01 9.077648e-01 1.129012e+00 7.542365e-01 1.409067e-01 -6.021203e-01 -6.519750e-01 -2.980696e-01 6.356983e-03 5.324718e-02 3.752204e-02 -5.761522e-03 -1.428080e-02 -4.178843e-03 2.562795e-03 -1.280561e-01 -1.418876e-01 -1.323746e-01 1.137216e-03 4.811293e-03 1.268716e-02
<VARIANCE> 39
 2.614010e+00 3.070444e+00 1.122335e+01 1.626133e+01 3.016202e+01 3.250594e+01 2.166531e+01 2.045614e+01 2.301820e+01 2.037617e+01 2.569604e+01 2.943699e+01 1.165607e+00 4.148988e-02 1.897042e-01 4.912629e-01 6.960971e-01 1.340798e+00 1.246914e+00 1.077483e+00 1.790576e+00 1.782280e+00 1.230977e+00 1.063550e+00 1.344342e+00 1.574092e-02 1.080020e-02 3.367858e-02 9.103128e-02 1.755775e-01 2.585776e-01 3.015025e-01 2.029078e-01 3.907322e-01 2.919874e-01 2.072364e-01 1.811594e-01 2.629251e-01 3.621204e-03
<GCONST> 6.851465e+01
<STATE> 18
<MEAN> 39
 -1.663785e+01 -4.990803e+00 1.026239e+00 1.203166e+00 6.549051e+00 -2.113933e-01 1.430282e+00 -9.505037e+00 -6.974109e+00 -1.410542e+01 -5.297660e+00 -8.883733e+00 5.690541e+01 -6.007935e-01 -3.933911e-01 -1.310185e-02 2.550429e-01 5.185350e-01 9.400981e-01 5.953169e-01 2.317484e-01 -7.963401e-02 -5.667654e-01 -3.184009e-01 -2.197798e-01 -2.713115e-01 -8.378673e-03 -3.353905e-02 -9.042334e-02 -1.141842e-01 -7.874302e-02 -3.475053e-02 -1.472362e-01 2.745297e-02 1.384337e-01 1.289148e-01 8.238158e-02 1.167793e-01 -2.649487e-02
<VARIANCE> 39
 1.699280e+00 1.781991e+00 5.009004e+00 1.002662e+01 1.603156e+01 1.906699e+01 2.424223e+01 2.682907e+01 2.631857e+01 3.863799e+01 3.438966e+01 3.480543e+01 4.821997e-01 9.019732e-02 2.247818e-01 5.930759e-01 7.196690e-01 8.826847e-01 1.393936e+00 1.186740e+00 2.173190e+00 1.046603e+00 9.408204e-01 1.163220e+00 1.768011e+00 5.278514e-02 1.601548e-02 2.904326e-02 8.596724e-02 1.198211e-01 1.415870e-01 1.878488e-01 2.383873e-01 4.042661e-01 1.375272e-01 1.432609e-01 2.072202e-01 3.117535e-01 9.260586e-03
<GCONST> 6.678966e+01
<STATE> 19
<MEAN> 39
 -1.940422e+01 -7.766319e+00 -1.036047e+00 3.868745e-01 7.808873e+00 3.137045e+00 4.185421e+00 -6.273380e+00 -4.317705e+00 -1.511402e+01 -7.547825e+00 -1.057944e+01 5.548137e+01 -3.529010e-01 -3.808792e-01 -2.964138e-01 -1.192544e-01 -4.540118e-02 1.070235e-01 2.224291e-01 2.402596e-01 4.646587e-01 1.542866e-01 -4.606010e-01 -5.516344e-01 -1.810018e-01 1.110056e-01 6.760748e-02 2.154957e-02 -3.247238e-02 -4.688458e-02 -7.239436e-02 7.523490e-02 2.447907e-02 -7.889196e-02 -1.448365e-02 -5.462449e-02 -1.105390e-01 7.091064e-02
<VARIANCE> 39
 1.928596e+00 2.788571e+00 1.303845e+01 2.231768e+01 2.994916e+01 1.976340e+01 2.615545e+01 3.186115e+01 3.957589e+01 6.039660e+01 4.228442e+01 3.409328e+01 5.018711e-01 2.781243e-01 2.296869e-01 6.726754e-01 1.028214e+00 1.139127e+00 1.273422e+00 1.475455e+00 1.779905e+00 1.927079e+00 2.628539e+00 1.591487e+00 1.668547e+00 6.883560e-02 3.282844e-02 3.827707e-02 1.509832e-01 2.123857e-01 1.933702e-01 2.328082e-01 2.498446e-01 3.656030e-01 3.180463e-01 4.838831e-01 2.125733e-01 3.581598e-01 7.801328e-03
<GCONST> 7.973267e+01
<TRANSP> 20
 0.000000e+00 1.000000e+00 0.000000e+00 0.000000e+00 0.000000e+00 0.000000e+00 0.000000e+00 0.000000e+00 0.000000e+00 0.000000e+00 0.000000e+00 0.000000e+00 0.000000e+00 0.000000e+00 0.000000e+00 0.000000e+00 0.000000e+00 0.000000e+00 0.000000e+00 0.000000e+00
 0.000000e+00 7.857199e-01 2.142801e-01 0.000000e+00 0.000000e+00 0.000000e+00 0.000000e+00 0.000000e+00 0.000000e+00 0.000000e+00 0.000000e+00 0.000000e+00 0.000000e+00 0.000000e+00 0.000000e+00 0.000000e+00 0.000000e+00 0.000000e+00 0.000000e+00 0.000000e+00
 0.000000e+00 0.000000e+00 7.939441e-01 2.060559e-01 0.000000e+00 0.000000e+00 0.000000e+00 0.000000e+00 0.000000e+00 0.000000e+00 0.000000e+00 0.000000e+00 0.000000e+00 0.000000e+00 0.000000e+00 0.000000e+00 0.000000e+00 0.000000e+00 0.000000e+00 0.000000e+00
 0.000000e+00 0.000000e+00 0.000000e+00 7.769564e-01 2.230436e-01 0.000000e+00 0.000000e+00 0.000000e+00 0.000000e+00 0.000000e+00 0.000000e+00 0.000000e+00 0.000000e+00 0.000000e+00 0.000000e+00 0.000000e+00 0.000000e+00 0.000000e+00 0.000000e+00 0.000000e+00
 0.000000e+00 0.000000e+00 0.000000e+00 0.000000e+00 6.581604e-01 3.418397e-01 0.000000e+00 0.000000e+00 0.000000e+00 0.000000e+00 0.000000e+00 0.000000e+00 0.000000e+00 0.000000e+00 0.000000e+00 0.000000e+00 0.000000e+00 0.000000e+00 0.000000e+00 0.000000e+00
 0.000000e+00 0.000000e+00 0.000000e+00 0.000000e+00 0.000000e+00 8.648178e-01 1.351822e-01 0.000000e+00 0.000000e+00 0.000000e+00 0.000000e+00 0.000000e+00 0.000000e+00 0.000000e+00 0.000000e+00 0.000000e+00 0.000000e+00 0.000000e+00 0.000000e+00 0.000000e+00
 0.000000e+00 0.000000e+00 0.000000e+00 0.000000e+00 0.000000e+00 0.000000e+00 7.695985e-01 2.304014e-01 0.000000e+00 0.000000e+00 0.000000e+00 0.000000e+00 0.000000e+00 0.000000e+00 0.000000e+00 0.000000e+00 0.000000e+00 0.000000e+00 0.000000e+00 0.000000e+00
 0.000000e+00 0.000000e+00 0.000000e+00 0.000000e+00 0.000000e+00 0.000000e+00 0.000000e+00 6.500784e-01 3.499217e-01 0.000000e+00 0.000000e+00 0.000000e+00 0.000000e+00 0.000000e+00 0.000000e+00 0.000000e+00 0.000000e+00 0.000000e+00 0.000000e+00 0.000000e+00
 0.000000e+00 0.000000e+00 0.000000e+00 0.000000e+00 0.000000e+00 0.000000e+00 0.000000e+00 0.000000e+00 7.471672e-01 2.528329e-01 0.000000e+00 0.000000e+00 0.000000e+00 0.000000e+00 0.000000e+00 0.000000e+00 0.000000e+00 0.000000e+00 0.000000e+00 0.000000e+00
 0.000000e+00 0.000000e+00 0.000000e+00 0.000000e+00 0.000000e+00 0.000000e+00 0.000000e+00 0.000000e+00 0.000000e+00 7.907274e-01 2.092725e-01 0.000000e+00 0.000000e+00 0.000000e+00 0.000000e+00 0.000000e+00 0.000000e+00 0.000000e+00 0.000000e+00 0.000000e+00
 0.000000e+00 0.000000e+00 0.000000e+00 0.000000e+00 0.000000e+00 0.000000e+00 0.000000e+00 0.000000e+00 0.000000e+00 0.000000e+00 7.986922e-01 2.013078e-01 0.000000e+00 0.000000e+00 0.000000e+00 0.000000e+00 0.000000e+00 0.000000e+00 0.000000e+00 0.000000e+00
 0.000000e+00 0.000000e+00 0.000000e+00 0.000000e+00 0.000000e+00 0.000000e+00 0.000000e+00 0.000000e+00 0.000000e+00 0.000000e+00 0.000000e+00 7.979348e-01 2.020652e-01 0.000000e+00 0.000000e+00 0.000000e+00 0.000000e+00 0.000000e+00 0.000000e+00 0.000000e+00
 0.000000e+00 0.000000e+00 0.000000e+00 0.000000e+00 0.000000e+00 0.000000e+00 0.000000e+00 0.000000e+00 0.000000e+00 0.000000e+00 0.000000e+00 0.000000e+00 8.183144e-01 1.816857e-01 0.000000e+00 0.000000e+00 0.000000e+00 0.000000e+00 0.000000e+00 0.000000e+00
 0.000000e+00 0.000000e+00 0.000000e+00 0.000000e+00 0.000000e+00 0.000000e+00 0.000000e+00 0.000000e+00 0.000000e+00 0.000000e+00 0.000000e+00 0.000000e+00 0.000000e+00 8.025773e-01 1.974227e-01 0.000000e+00 0.000000e+00 0.000000e+00 0.000000e+00 0.000000e+00
 0.000000e+00 0.000000e+00 0.000000e+00 0.000000e+00 0.000000e+00 0.000000e+00 0.000000e+00 0.000000e+00 0.000000e+00 0.000000e+00 0.000000e+00 0.000000e+00 0.000000e+00 0.000000e+00 8.011444e-01 1.988556e-01 0.000000e+00 0.000000e+00 0.000000e+00 0.000000e+00
 0.000000e+00 0.000000e+00 0.000000e+00 0.000000e+00 0.000000e+00 0.000000e+00 0.000000e+00 0.000000e+00 0.000000e+00 0.000000e+00 0.000000e+00 0.000000e+00 0.000000e+00 0.000000e+00 0.000000e+00 8.158711e-01 1.841289e-01 0.000000e+00 0.000000e+00 0.000000e+00
 0.000000e+00 0.000000e+00 0.000000e+00 0.000000e+00 0.000000e+00 0.000000e+00 0.000000e+00 0.000000e+00 0.000000e+00 0.000000e+00 0.000000e+00 0.000000e+00 0.000000e+00 0.000000e+00 0.000000e+00 0.000000e+00 7.922417e-01 2.077583e-01 0.000000e+00 0.000000e+00
 0.000000e+00 0.000000e+00 0.000000e+00 0.000000e+00 0.000000e+00 0.000000e+00 0.000000e+00 0.000000e+00 0.000000e+00 0.000000e+00 0.000000e+00 0.000000e+00 0.000000e+00 0.000000e+00 0.000000e+00 0.000000e+00 0.000000e+00 7.663181e-01 2.336819e-01 0.000000e+00
 0.000000e+00 0.000000e+00 0.000000e+00 0.000000e+00 0.000000e+00 0.000000e+00 0.000000e+00 0.000000e+00 0.000000e+00 0.000000e+00 0.000000e+00 0.000000e+00 0.000000e+00 0.000000e+00 0.000000e+00 0.000000e+00 0.000000e+00 0.000000e+00 7.573057e-01 2.426942e-01
 0.000000e+00 0.000000e+00 0.000000e+00 0.000000e+00 0.000000e+00 0.000000e+00 0.000000e+00 0.000000e+00 0.000000e+00 0.000000e+00 0.000000e+00 0.000000e+00 0.000000e+00 0.000000e+00 0.000000e+00 0.000000e+00 0.000000e+00 0.000000e+00 0.000000e+00 0.000000e+00
<ENDHMM>
