~o
<STREAMINFO> 1 39
<VECSIZE> 39<NULLD><MFCC_D_A_0><DIAGC>
~h "sil"
<BEGINHMM>
<NUMSTATES> 5
<STATE> 2
<MEAN> 39
 -1.735226e+01 -7.535847e+00 -6.565260e-01 -3.555920e+00 4.262712e+00 7.969696e-01 4.527472e+00 -3.063279e+00 -3.482273e-01 -8.318741e+00 -1.705746e+00 -7.322353e+00 5.572482e+01 -1.938815e-01 -1.986412e-01 -3.954087e-02 -5.013201e-02 -4.065964e-02 -8.300774e-02 2.735954e-03 1.736719e-01 1.609614e-01 1.065871e-01 5.045088e-02 -1.678935e-03 -3.052110e-02 1.980041e-02 2.812931e-02 -1.463079e-02 1.518128e-02 -1.397976e-02 -2.648932e-02 -3.995434e-02 -3.402167e-02 -1.395604e-02 1.450943e-02 8.461904e-03 9.629059e-03 -4.617219e-02
<VARIANCE> 39
 3.248481e+01 3.575597e+01 3.577597e+01 4.739801e+01 5.757732e+01 8.432579e+01 8.260840e+01 6.461277e+01 6.671291e+01 5.635084e+01 4.757424e+01 3.677684e+01 1.078712e+01 4.607241e-01 5.952207e-01 8.799709e-01 1.408611e+00 1.846953e+00 2.202702e+00 2.287406e+00 2.504537e+00 2.479506e+00 2.531890e+00 2.172250e+00 1.851538e+00 7.759818e-01 4.632920e-02 8.788445e-02 1.460684e-01 2.331470e-01 3.139862e-01 3.697036e-01 4.011000e-01 4.320892e-01 4.485731e-01 4.459344e-01 3.885241e-01 3.415808e-01 1.892324e-01
<GCONST> 1.082800e+02
<STATE> 3
<MEAN> 39
 -1.860639e+01 -7.672686e+00 -2.036002e+00 -2.840465e+00 3.610462e+00 -1.303827e-02 4.483311e+00 -3.088781e+00 2.157236e-01 -7.722935e+00 -1.195076e+00 -7.055595e+00 5.586312e+01 7.351585e-03 -2.390140e-02 -5.138120e-02 -4.420937e-02 -1.249234e-01 -1.611448e-01 -1.441149e-01 -5.166601e-02 6.545072e-02 1.132254e-01 1.243081e-01 9.455884e-02 1.514206e-02 1.199636e-02 1.461430e-02 2.445932e-03 -9.742163e-03 -1.516084e-02 -2.312389e-02 -2.843070e-02 -2.903933e-02 -9.401405e-03 -4.659680e-03 -7.961313e-04 -5.190703e-04 6.501197e-03
<VARIANCE> 39
 4.034319e+00 8.242330e+00 1.286725e+01 1.799292e+01 2.378514e+01 3.006280e+01 3.144602e+01 3.236712e+01 3.393279e+01 3.429026e+01 3.412317e+01 2.967734e+01 9.263263e-01 2.169021e-01 4.415627e-01 7.356260e-01 1.111356e+00 1.627553e+00 1.882303e+00 2.082972e+00 2.281083e+00 2.352837e+00 2.377707e+00 2.087497e+00 1.825075e+00 5.376967e-02 3.655986e-02 7.721846e-02 1.379889e-01 2.086538e-01 2.950906e-01 3.342888e-01 3.740015e-01 4.220870e-01 4.365643e-01 4.549449e-01 3.892189e-01 3.446816e-01 9.241734e-03
<GCONST> 8.640493e+01
<STATE> 4
<MEAN> 39
 -1.750688e+01 -6.902751e+00 -2.698699e+00 -4.497152e+00 4.573722e-01 -4.295364e+00 6.036476e-01 -5.635161e+00 1.757282e-01 -6.788477e+00 2.709069e-01 -5.893769e+00 5.660050e+01 -3.714919e-03 -8.515803e-03 -1.189160e-02 -1.251446e-02 -2.218658e-02 -4.068895e-02 -3.265185e-02 -1.648303e-02 4.835368e-03 7.121274e-03 -4.531565e-03 4.338405e-03 9.787037e-04 8.264805e-04 1.495680e-03 3.361370e-03 7.075099e-03 8.628754e-03 1.039262e-02 8.738948e-03 3.472653e-03 2.389608e-03 -3.942963e-04 -2.729935e-03 -2.477030e-03 9.554262e-04
<VARIANCE> 39
 1.422125e+00 2.787801e+00 4.884652e+00 6.969510e+00 8.951372e+00 1.107240e+01 1.311202e+01 1.423939e+01 1.470506e+01 1.384607e+01 1.282231e+01 1.174694e+01 3.741964e-01 1.295617e-01 2.747215e-01 4.739268e-01 6.634325e-01 8.830279e-01 1.122434e+00 1.317384e+00 1.418986e+00 1.479611e+00 1.413545e+00 1.311124e+00 1.193823e+00 3.278539e-02 2.592636e-02 5.600413e-02 9.602323e-02 1.336685e-01 1.776921e-01 2.251322e-01 2.663695e-01 2.880200e-01 3.005033e-01 2.854559e-01 2.652176e-01 2.382400e-01 6.725665e-03
<GCONST> 6.275207e+01
<TRANSP> 5
 0.000000e+00 1.000000e+00 0.000000e+00 0.000000e+00 0.000000e+00
 0.000000e+00 8.464656e-01 1.535345e-01 0.000000e+00 0.000000e+00
 0.000000e+00 0.000000e+00 9.258991e-01 7.410093e-02 0.000000e+00
 0.000000e+00 0.000000e+00 0.000000e+00 9.638138e-01 3.618624e-02
 0.000000e+00 0.000000e+00 0.000000e+00 0.000000e+00 0.000000e+00
<ENDHMM>
