~o
<STREAMINFO> 1 39
<VECSIZE> 39<NULLD><MFCC_D_A_0><DIAGC>
~h "tiga"
<BEGINHMM>
<NUMSTATES> 5
<STATE> 2
<MEAN> 39
 -9.266269e+00 8.983829e-01 1.434389e+01 -3.085211e+00 -9.192512e+00 -1.176191e+01 -4.291462e+00 -1.346271e+01 -7.752738e+00 -6.538613e+00 1.760804e+00 -8.160007e+00 6.563299e+01 5.282465e-01 -1.068011e-01 4.481125e-01 1.989791e-01 -8.234368e-01 -7.432045e-01 -1.511507e-02 1.912414e-01 -1.404609e-01 -1.206065e-01 2.104625e-01 7.329475e-02 6.260607e-01 2.814037e-02 -7.132390e-02 -9.551405e-02 -1.944008e-02 6.287966e-02 5.525610e-02 -6.098611e-03 1.403093e-01 9.423713e-02 -3.623873e-02 -1.142628e-01 -1.402421e-02 8.462578e-03
<VARIANCE> 39
 2.356810e+01 4.378513e+01 1.368438e+02 7.082041e+01 1.553781e+02 9.728558e+01 7.696337e+01 1.111015e+02 4.312005e+01 5.213637e+01 7.944796e+01 5.149678e+01 2.801512e+01 1.979350e+00 3.402961e+00 8.245792e+00 3.397294e+00 9.226264e+00 5.989337e+00 5.793085e+00 7.589339e+00 4.841942e+00 3.403073e+00 5.637004e+00 3.235236e+00 1.748116e+00 3.349231e-01 4.298435e-01 1.151874e+00 5.234743e-01 1.610598e+00 1.092942e+00 9.650940e-01 1.028480e+00 8.190189e-01 6.380352e-01 1.057814e+00 5.030521e-01 2.071326e-01
<GCONST> 1.403991e+02
<STATE> 3
<MEAN> 39
 -1.437776e+00 -1.398759e+01 -2.475574e-01 -4.444521e+00 -1.033757e+01 -1.635645e+01 -2.340854e+00 3.199793e+00 -1.096646e-02 -1.026419e+01 -6.599786e+00 -8.559987e+00 7.470811e+01 -9.273911e-02 -7.625617e-02 -1.081460e+00 -5.357956e-01 1.250450e+00 1.061703e+00 -4.378636e-01 1.621827e-02 4.255832e-01 -2.512639e-01 -1.490561e+00 -4.987090e-01 -3.940373e-01 -1.206710e-01 2.393843e-01 2.142731e-01 5.670487e-02 -9.355553e-02 -1.002152e-01 4.610296e-03 -3.298585e-01 -1.938740e-01 2.333057e-02 2.368090e-01 5.674215e-02 -1.605324e-01
<VARIANCE> 39
 3.694015e+00 1.563836e+01 6.761436e+01 3.368410e+01 1.692487e+02 1.139599e+02 5.014233e+01 1.264268e+02 6.325979e+01 3.721030e+01 1.401432e+02 5.007658e+01 9.077237e+00 2.717120e-01 1.443330e+00 1.724382e+00 1.359304e+00 2.164951e+00 2.393308e+00 1.634964e+00 3.482737e+00 2.301046e+00 2.237839e+00 2.509833e+00 1.559848e+00 5.020853e-01 2.830673e-02 1.011696e-01 1.616545e-01 1.882192e-01 3.014750e-01 2.371760e-01 2.989342e-01 4.555204e-01 3.019064e-01 3.134280e-01 2.437375e-01 2.401070e-01 2.352786e-02
<GCONST> 1.036014e+02
<STATE> 4
<MEAN> 39
 -1.105488e+01 -4.610688e+00 -4.187008e+00 -5.950575e+00 5.272297e-01 -5.238286e+00 -1.435566e+00 -3.169364e+00 2.579818e+00 -1.156355e+01 -7.737885e+00 -9.044687e+00 6.054728e+01 -6.695508e-01 3.514849e-01 -1.153005e-01 -8.744419e-02 6.819327e-01 7.821124e-01 3.913094e-01 -1.316851e-01 2.415958e-01 2.584432e-01 3.246484e-01 4.539578e-03 -7.153535e-01 2.625024e-02 -6.992335e-02 -3.041317e-02 -2.674591e-02 4.120049e-04 1.985546e-02 6.276573e-03 7.711138e-02 4.591170e-02 5.567825e-02 -8.341714e-03 -1.045740e-02 6.263433e-02
<VARIANCE> 39
 2.068726e+01 1.419498e+01 1.538763e+01 2.110285e+01 5.831950e+01 5.420140e+01 2.210522e+01 4.239428e+01 3.170517e+01 4.108661e+01 3.945258e+01 3.432229e+01 1.974350e+01 1.341708e-01 4.555313e-01 5.663765e-01 9.705724e-01 1.095118e+00 1.414394e+00 1.306712e+00 1.720199e+00 1.650060e+00 1.383838e+00 1.507895e+00 1.922191e+00 1.570649e-01 1.708236e-02 4.517949e-02 8.045250e-02 1.257590e-01 1.612189e-01 1.674454e-01 2.707684e-01 2.764633e-01 2.364550e-01 2.063402e-01 1.991358e-01 2.868276e-01 6.358353e-03
<GCONST> 8.439752e+01
<TRANSP> 5
 0.000000e+00 1.000000e+00 0.000000e+00 0.000000e+00 0.000000e+00
 0.000000e+00 9.656450e-01 3.435507e-02 0.000000e+00 0.000000e+00
 0.000000e+00 0.000000e+00 9.244821e-01 7.551789e-02 0.000000e+00
 0.000000e+00 0.000000e+00 0.000000e+00 9.509807e-01 4.901931e-02
 0.000000e+00 0.000000e+00 0.000000e+00 0.000000e+00 0.000000e+00
<ENDHMM>
