~o
<STREAMINFO> 1 39
<VECSIZE> 39<NULLD><MFCC_D_A_0><DIAGC>
~h "delapan"
<BEGINHMM>
<NUMSTATES> 20
<STATE> 2
<MEAN> 39
 -1.695122e+01 -5.805740e+00 -1.047672e+00 -2.457498e+00 2.445269e+00 -3.375722e+00 1.201209e+00 -5.573464e+00 5.000713e-02 -8.245497e+00 -1.715848e+00 -6.865856e+00 5.674622e+01 9.723614e-01 1.350490e+00 1.435939e+00 1.060286e+00 5.637091e-01 -1.891731e-01 -6.269737e-01 -5.266641e-01 -4.901663e-01 -9.615137e-01 -6.633075e-01 -2.746070e-01 4.470230e-01 5.626453e-01 4.854513e-01 4.869081e-01 1.986086e-01 -1.345639e-01 -2.819079e-01 -5.259103e-01 -4.367173e-01 -2.069971e-01 -9.714296e-02 -2.256450e-02 6.157367e-02 3.297336e-01
<VARIANCE> 39
 2.047997e+00 3.996239e+00 6.705067e+00 6.264954e+00 7.827466e+00 8.861445e+00 1.470570e+01 1.625880e+01 1.264752e+01 1.699729e+01 1.425537e+01 9.634331e+00 5.124636e-01 1.335965e+00 1.653762e+00 2.285041e+00 1.240149e+00 1.287836e+00 1.723483e+00 2.882583e+00 2.955102e+00 2.598927e+00 2.691733e+00 2.090313e+00 1.322887e+00 3.206787e-01 1.707371e-01 1.759731e-01 2.657457e-01 2.092978e-01 3.555717e-01 3.524360e-01 6.208627e-01 5.823643e-01 4.935470e-01 6.711203e-01 4.305672e-01 3.234644e-01 7.921926e-02
<GCONST> 8.835661e+01
<STATE> 3
<MEAN> 39
 -7.055414e+00 4.930868e+00 9.460401e+00 2.718049e+00 2.550172e-01 -7.994229e+00 -5.368666e+00 -1.301521e+01 -4.426854e+00 -1.003926e+01 -3.338952e+00 -7.488218e+00 6.209600e+01 2.076406e+00 6.897337e-01 8.319232e-01 -6.980653e-01 -2.584509e+00 -2.366234e+00 -2.428769e+00 -1.031351e+00 8.627076e-01 1.054888e+00 3.045434e-01 4.957430e-01 1.790424e+00 -1.349742e-01 -9.280949e-01 -7.452949e-01 -6.546887e-01 -3.551985e-01 -2.276817e-01 -1.017019e-01 5.405443e-01 7.629653e-01 5.962216e-01 1.748084e-01 1.553817e-01 1.901380e-01
<VARIANCE> 39
 1.215027e+01 1.614840e+01 1.203439e+01 1.500960e+01 5.272557e+01 3.557582e+01 5.213810e+01 3.898061e+01 3.007642e+01 4.996207e+01 2.479477e+01 2.003616e+01 7.017451e+00 2.040603e+00 4.057133e+00 3.552391e+00 2.773765e+00 7.599708e+00 4.362363e+00 7.744719e+00 7.379826e+00 6.559484e+00 6.822687e+00 2.068843e+00 2.951618e+00 9.769368e-01 2.525258e-01 2.572974e-01 5.360551e-01 3.846568e-01 1.619009e+00 1.197521e+00 1.084191e+00 1.042192e+00 9.351127e-01 9.167088e-01 6.357207e-01 5.391755e-01 1.320158e-01
<GCONST> 1.235357e+02
<STATE> 4
<MEAN> 39
 -4.320794e-01 -3.197611e+00 4.172036e+00 -5.645333e+00 -8.184973e+00 -1.637215e+01 -1.710321e+01 -1.175184e+01 6.341639e+00 -4.096611e+00 -4.522674e+00 -5.208032e+00 7.064702e+01 1.075763e+00 -1.991704e+00 -1.324842e+00 -1.184489e+00 6.640944e-01 4.520322e-01 -9.180338e-01 2.243416e-01 1.124297e+00 1.768100e+00 -4.777157e-01 -2.090210e-01 1.430645e+00 -3.660824e-01 3.560454e-02 -2.010996e-01 8.578793e-02 8.058788e-01 9.805880e-01 6.977786e-01 -6.075092e-02 -6.200531e-01 -8.928466e-02 -8.178437e-02 -2.317721e-01 -3.470623e-01
<VARIANCE> 39
 4.552951e+00 3.318704e+01 7.200983e+01 3.047850e+01 1.367402e+02 6.458808e+01 6.811150e+01 8.811781e+01 8.472881e+01 1.247862e+02 8.970524e+01 5.645236e+01 7.076624e+00 8.344805e-01 2.131230e+00 3.823762e+00 3.277743e+00 6.722094e+00 8.534122e+00 3.533310e+00 5.937164e+00 6.836991e+00 3.644821e+00 4.345282e+00 3.852208e+00 1.029228e+00 1.774742e-01 5.090748e-01 7.760849e-01 4.335749e-01 8.861102e-01 9.455956e-01 6.873571e-01 9.295586e-01 6.014239e-01 9.522246e-01 4.898691e-01 7.176934e-01 1.011409e-01
<GCONST> 1.301749e+02
<STATE> 5
<MEAN> 39
 2.269221e+00 -7.349364e+00 -9.942737e-01 -1.152553e+01 2.512111e+00 -5.755700e+00 -1.658444e+01 -1.159940e+01 3.037781e+00 3.856836e+00 -1.527060e+00 -9.781596e+00 7.399858e+01 1.258506e-01 -4.804564e-01 -1.381247e+00 -1.376528e+00 1.008744e+00 1.886662e+00 8.076258e-01 3.062449e-01 -1.648111e-01 -3.733486e-02 -9.164952e-01 -6.925308e-01 2.389606e-01 -9.427480e-02 2.323766e-02 5.574856e-02 1.210027e-01 -1.037509e-01 -1.009422e-01 2.069208e-01 2.073136e-01 -8.505755e-03 -4.305741e-01 -1.968782e-01 6.947666e-02 -4.919330e-02
<VARIANCE> 39
 1.823571e+00 1.911960e+01 6.162031e+01 3.686580e+01 1.599787e+02 8.347574e+01 3.702865e+01 1.344083e+02 9.408583e+01 5.799516e+01 2.002411e+02 4.318385e+01 4.458277e+00 2.028154e-01 1.267103e+00 1.425717e+00 8.101179e-01 9.872956e-01 1.306577e+00 2.268728e+00 3.749111e+00 2.678472e+00 3.105490e+00 3.247607e+00 2.105714e+00 1.911162e-01 3.181551e-02 2.258963e-01 1.467422e-01 2.136878e-01 1.758253e-01 2.766356e-01 1.868515e-01 5.523387e-01 4.146256e-01 2.329198e-01 4.612068e-01 3.196353e-01 4.436154e-02
<GCONST> 1.026409e+02
<STATE> 6
<MEAN> 39
 9.196147e-01 -1.173989e+01 -8.210093e+00 -1.676635e+01 3.563039e+00 3.106660e+00 -7.118261e+00 -8.670875e+00 2.764972e-01 -3.128912e-01 -1.019585e+01 -1.096159e+01 7.510679e+01 -9.221160e-02 -1.001534e-01 -3.410962e-01 -4.607174e-02 6.066465e-02 3.206180e-01 4.201947e-01 -2.247856e-01 -6.222389e-01 -1.990534e-01 2.036009e-01 -3.143092e-01 -1.174839e-01 3.406096e-02 3.859141e-01 2.402131e-01 1.014247e-01 -2.179654e-01 -3.523286e-01 -2.648197e-01 -2.546057e-01 7.382551e-02 2.771271e-01 4.319175e-01 -5.180304e-02 -1.874802e-01
<VARIANCE> 39
 1.492234e+00 8.791640e+00 4.937885e+01 1.097411e+01 1.491986e+02 1.167475e+02 4.238306e+01 1.737227e+02 1.251253e+02 4.205964e+01 7.507025e+01 3.812441e+01 9.329165e+00 1.302090e-01 1.029464e+00 7.793374e-01 8.787243e-01 1.685277e+00 1.249492e+00 1.527388e+00 9.590296e-01 1.270431e+00 2.469794e+00 1.512878e+00 1.521126e+00 1.920068e-01 3.374399e-02 9.084544e-02 1.649699e-01 1.996204e-01 2.584452e-01 1.946628e-01 2.225940e-01 3.285422e-01 2.329772e-01 4.555030e-01 2.180185e-01 3.251238e-01 2.235717e-02
<GCONST> 9.354519e+01
<STATE> 7
<MEAN> 39
 1.438782e+00 -7.941462e+00 -9.436287e+00 -1.696784e+01 9.172994e-01 1.277710e+00 -7.573714e+00 -1.204307e+01 1.483583e+00 1.955752e-01 -6.242988e+00 -1.288847e+01 7.217196e+01 -6.966850e-01 1.750144e+00 9.087224e-01 1.036421e+00 -5.400515e-01 -1.068712e+00 1.173180e-01 -6.983776e-02 -2.375755e-01 -6.411468e-01 1.067031e+00 4.726178e-01 -1.475444e+00 -4.630560e-01 -1.091847e-01 2.217564e-01 4.136011e-01 1.108762e-01 -2.583052e-02 1.569287e-01 1.210668e-01 -1.206287e-01 -5.193012e-01 -4.049675e-01 1.853708e-01 -2.728563e-01
<VARIANCE> 39
 1.191618e+00 1.259253e+01 3.712962e+01 9.342964e+00 6.884235e+01 9.998904e+01 5.257156e+01 1.365978e+02 7.551611e+01 2.593715e+01 8.884498e+01 5.285401e+01 9.318105e+00 5.206775e-01 4.047135e-01 1.242632e+00 8.804483e-01 1.357264e+00 8.866608e-01 6.933024e-01 3.115732e+00 2.592406e+00 3.070531e+00 2.567830e+00 1.783677e+00 2.684477e-01 1.782260e-02 1.532818e-01 1.567906e-01 1.200642e-01 2.140625e-01 2.043265e-01 1.871676e-01 2.687981e-01 2.504888e-01 3.450204e-01 2.586094e-01 3.570920e-01 3.186218e-02
<GCONST> 9.371486e+01
<STATE> 8
<MEAN> 39
 -5.587465e+00 -4.140776e+00 -6.068636e+00 -1.132186e+01 8.372203e-01 -2.508577e+00 -5.279034e+00 -1.023860e+01 -1.583910e+00 -6.830529e+00 -6.159655e+00 -1.250127e+01 6.469112e+01 -1.017758e+00 3.007933e-01 2.588754e-01 6.744026e-01 -5.304554e-02 -3.945305e-01 5.566152e-01 2.740484e-01 -3.537847e-01 -1.115019e+00 -4.013631e-02 -2.224034e-01 -9.867209e-01 1.230442e-01 -1.507613e-01 -1.204432e-01 -1.112207e-01 1.530895e-02 7.091893e-02 6.601783e-03 6.996335e-03 6.671958e-02 1.503795e-01 8.810750e-02 1.275754e-02 1.919366e-01
<VARIANCE> 39
 5.260077e+00 6.129731e+00 1.466620e+01 7.622921e+00 2.343430e+01 4.840771e+01 3.045201e+01 4.381541e+01 2.114663e+01 3.149489e+01 3.789464e+01 3.008101e+01 6.027569e+00 2.401537e-01 3.025292e-01 5.519540e-01 6.349696e-01 1.359688e+00 1.098004e+00 1.334701e+00 1.726910e+00 2.026060e+00 1.464461e+00 1.679891e+00 1.272354e+00 2.052650e-01 3.678118e-02 7.591077e-02 1.186273e-01 1.361955e-01 1.371897e-01 1.559898e-01 2.163124e-01 2.746104e-01 2.659674e-01 3.229022e-01 4.131623e-01 3.360805e-01 1.802212e-02
<GCONST> 8.214310e+01
<STATE> 9
<MEAN> 39
 -9.034972e+00 -3.879569e+00 -5.810190e+00 -8.293231e+00 -1.956728e-01 -4.892629e+00 -2.720399e+00 -9.368620e+00 -2.169851e+00 -9.905401e+00 -3.548027e+00 -1.178983e+01 6.202439e+01 1.277837e+00 -8.131831e-01 -1.345897e+00 -1.028493e+00 -1.246244e-01 9.512452e-01 -3.693321e-02 -7.447670e-01 9.630011e-01 2.199089e+00 1.204450e+00 8.008324e-02 1.340340e+00 8.837244e-01 -5.702333e-01 -6.261902e-01 -8.482479e-01 1.702320e-01 8.131976e-01 -4.417129e-01 -2.544449e-01 4.448811e-01 9.895535e-01 -3.508541e-01 -4.278095e-01 8.837798e-01
<VARIANCE> 39
 4.535150e+00 8.367369e+00 1.261979e+01 1.505797e+01 1.784138e+01 4.502977e+01 2.206359e+01 1.969960e+01 3.047934e+01 2.497766e+01 4.819954e+01 2.916993e+01 3.413053e+00 2.623042e+00 1.476715e+00 2.819420e+00 3.401209e+00 2.993233e+00 5.555268e+00 2.277706e+00 2.721865e+00 3.510362e+00 7.140296e+00 3.485533e+00 2.995195e+00 1.846346e+00 1.239844e-01 2.543667e-01 4.216770e-01 2.356940e-01 4.788378e-01 8.735452e-01 5.895802e-01 8.213246e-01 4.752971e-01 8.821578e-01 8.214337e-01 6.283906e-01 8.450817e-02
<GCONST> 1.115023e+02
<STATE> 10
<MEAN> 39
 9.085184e-01 -1.006758e+01 -1.426825e+01 -1.801306e+01 2.923189e-01 5.317005e+00 -5.140542e+00 -1.465307e+01 4.016004e+00 3.503624e+00 -4.351065e+00 -1.644143e+01 7.166353e+01 2.300122e+00 -2.757864e+00 -1.253647e+00 -1.932538e+00 6.004073e-01 2.352500e+00 -1.803379e+00 5.452863e-02 1.580148e+00 1.940483e+00 -2.059189e+00 -1.363060e+00 3.069709e+00 -7.301543e-01 7.136435e-02 1.092107e+00 1.032319e+00 9.475374e-02 -9.140503e-01 6.604526e-02 9.199220e-01 -4.033294e-01 -1.592068e+00 -6.139332e-01 6.488757e-01 -4.017718e-01
<VARIANCE> 39
 7.779819e+00 2.975237e+01 5.650739e+01 1.946053e+01 5.532249e+01 9.031721e+01 4.253401e+01 9.048716e+01 5.276308e+01 4.275448e+01 4.100422e+01 5.477060e+01 9.478903e+00 1.358006e+00 2.428050e+00 6.297682e+00 2.583157e+00 5.366189e+00 7.874800e+00 3.866748e+00 9.498483e+00 4.672895e+00 7.687113e+00 2.263153e+00 4.740427e+00 1.171140e+00 1.972970e-01 4.346794e-01 3.389556e-01 3.500935e-01 4.819149e-01 6.289475e-01 8.211110e-01 6.536614e-01 5.472579e-01 8.686765e-01 6.024678e-01 6.527825e-01 2.046188e-01
<GCONST> 1.263584e+02
<STATE> 11
<MEAN> 39
 1.429894e+00 -1.599612e+01 -8.790529e+00 -1.469810e+01 4.236717e+00 4.443985e-01 -7.227128e+00 -5.481962e+00 4.300168e+00 -2.516431e+00 -1.016790e+01 -1.575778e+01 7.687821e+01 -1.031556e-01 -1.199003e-01 1.010181e+00 1.075044e+00 3.159252e-01 -1.848780e+00 -1.860845e-01 1.634873e+00 -3.747523e-01 -1.857617e+00 -1.002162e+00 1.667678e+00 2.975894e-01 -2.782018e-01 5.728055e-01 1.783751e-01 3.605968e-01 -3.870919e-01 -4.682506e-01 1.555055e-01 -2.474658e-01 -4.407378e-01 -3.099818e-01 4.643300e-01 2.880014e-01 -5.536798e-01
<VARIANCE> 39
 1.364653e+00 1.805951e+01 1.447743e+02 1.180748e+01 5.495317e+01 1.220359e+02 3.900476e+01 1.266353e+02 8.198942e+01 5.372665e+01 6.781247e+01 4.811024e+01 9.155681e+00 1.703608e-01 2.502898e+00 2.009526e+00 1.117346e+00 1.214270e+00 2.083272e+00 2.217225e+00 3.141370e+00 1.627308e+00 4.589106e+00 1.498631e+00 1.353614e+00 9.108254e-01 1.551747e-01 2.626106e-01 5.829298e-01 3.227715e-01 3.663511e-01 7.059907e-01 6.815495e-01 1.117407e+00 3.062719e-01 8.053273e-01 2.013191e-01 6.008431e-01 8.590984e-02
<GCONST> 1.113246e+02
<STATE> 12
<MEAN> 39
 7.856970e-02 -1.603030e+01 -7.435275e+00 -9.375236e+00 -2.811629e-01 -5.121642e+00 -7.304347e+00 -3.656447e+00 -4.185764e-01 -7.427072e+00 -1.034760e+01 -3.706499e+00 7.647970e+01 -1.804529e-01 3.803189e-01 1.075386e+00 1.147093e+00 -8.034773e-01 -1.178512e+00 4.435973e-01 3.673882e-01 -4.833138e-01 -8.416225e-01 6.259384e-01 8.721915e-01 -3.438807e-01 1.158658e-02 3.817562e-01 3.613650e-03 -9.022707e-02 2.353670e-02 1.715753e-01 -5.879185e-02 -3.469525e-01 1.363718e-02 2.347292e-01 2.060077e-01 -2.272912e-01 -2.156948e-01
<VARIANCE> 39
 2.328176e+00 1.493849e+01 3.333887e+01 1.025186e+01 8.459133e+01 1.882535e+02 3.784652e+01 8.972049e+01 1.223035e+02 5.252245e+01 2.464981e+01 3.937145e+01 8.230956e+00 7.416363e-02 1.794753e+00 6.798819e-01 4.555870e-01 2.033951e+00 1.447826e+00 1.285888e+00 2.967223e+00 1.326221e+00 1.653416e+00 1.164712e+00 1.000207e+00 5.765915e-01 1.228838e-02 9.054102e-02 9.299633e-02 7.072207e-02 2.528326e-01 2.637815e-01 2.175131e-01 4.732774e-01 1.530632e-01 2.718891e-01 1.841386e-01 1.901819e-01 1.950008e-02
<GCONST> 8.896253e+01
<STATE> 13
<MEAN> 39
 -2.027165e-01 -5.584165e+00 -3.377657e-01 -5.731775e+00 -3.165982e+00 -8.711985e+00 -7.723531e+00 -7.869449e+00 -7.430183e-01 -1.008859e+01 -6.051573e+00 -5.242922e+00 7.057301e+01 -1.388260e-01 2.094694e+00 8.676525e-01 4.317854e-01 -6.172318e-02 3.310803e-01 -3.443359e-01 -1.160225e+00 -2.577106e-01 -3.866721e-01 2.331297e-01 -1.766958e-01 -1.084967e+00 1.282411e-02 -1.968712e-01 -1.479758e-01 -8.923382e-02 2.544580e-01 2.338098e-01 2.959257e-01 1.958281e-01 1.123340e-01 -5.358847e-02 -3.169872e-01 -1.622349e-01 1.515490e-01
<VARIANCE> 39
 1.670098e+00 1.283625e+01 3.410265e+01 1.012001e+01 2.690885e+01 6.736428e+01 2.228623e+01 4.268130e+01 8.026261e+01 4.351337e+01 4.487628e+01 4.784756e+01 4.729019e+00 1.629293e-01 6.099251e-01 8.548703e-01 5.496718e-01 2.153354e+00 1.684112e+00 1.339068e+00 3.241490e+00 3.593029e+00 1.230860e+00 1.226979e+00 1.314776e+00 1.455939e-01 2.177585e-02 7.684751e-02 1.159312e-01 9.633118e-02 1.136045e-01 2.598331e-01 1.876149e-01 4.313942e-01 3.588670e-01 2.428659e-01 1.776718e-01 1.647256e-01 1.516730e-02
<GCONST> 8.497634e+01
<STATE> 14
<MEAN> 39
 -6.954158e-01 1.995159e+00 2.309622e+00 -2.636888e+00 6.781362e-01 -5.677336e+00 -6.426651e+00 -1.060866e+01 -3.072542e+00 -1.398380e+01 -7.599873e+00 -7.678523e+00 6.659875e+01 -4.664326e-01 9.913996e-01 3.448881e-01 5.128027e-01 6.320717e-01 2.424179e-01 5.183299e-01 -5.217909e-01 -7.323964e-01 -4.768581e-01 -1.930019e-01 -3.797671e-01 -7.776021e-01 -1.727812e-01 -2.515887e-01 -1.325664e-01 -8.781808e-02 -6.636652e-02 -8.447414e-02 1.382116e-02 1.626591e-01 4.617595e-02 1.383438e-01 1.178795e-01 5.038508e-02 -2.149214e-02
<VARIANCE> 39
 3.594444e+00 9.284259e+00 1.860467e+01 1.648985e+01 3.848171e+01 5.112140e+01 2.254536e+01 2.228410e+01 5.005134e+01 4.736829e+01 4.448669e+01 3.668509e+01 2.870579e+00 1.688133e-01 3.670713e-01 7.663777e-01 4.132950e-01 1.104441e+00 1.300919e+00 1.516631e+00 1.474581e+00 1.231969e+00 1.477257e+00 8.439389e-01 6.360103e-01 4.739388e-02 1.249501e-02 3.407066e-02 7.262243e-02 8.836444e-02 1.776955e-01 2.262612e-01 2.302571e-01 2.072533e-01 2.443120e-01 1.996953e-01 8.815230e-02 1.061420e-01 6.096117e-03
<GCONST> 7.324303e+01
<STATE> 15
<MEAN> 39
 -6.554983e+00 2.941405e+00 1.265220e+00 -4.415393e+00 -1.127292e+00 -7.392001e+00 -5.218093e+00 -1.191086e+01 -6.347256e+00 -1.630803e+01 -7.697492e+00 -9.537154e+00 6.169505e+01 -1.115977e+00 -2.910067e-01 -1.970135e-01 -2.216676e-01 9.301289e-02 3.729635e-01 5.938596e-01 3.238558e-01 -5.012509e-02 2.030367e-01 5.739090e-01 8.003473e-02 -7.451434e-01 5.057475e-02 -8.034274e-02 1.758415e-02 -5.645832e-04 5.196099e-02 1.175389e-01 6.465816e-02 2.801012e-02 -2.162822e-02 4.760117e-02 3.614344e-02 -3.991400e-02 6.492332e-02
<VARIANCE> 39
 8.287916e+00 1.315033e+01 1.118624e+01 1.201025e+01 1.473438e+01 1.643620e+01 1.069102e+01 2.161216e+01 3.612411e+01 3.480223e+01 3.594613e+01 4.949695e+01 2.722483e+00 1.378112e-01 1.823183e-01 3.691002e-01 4.485789e-01 6.870566e-01 1.032777e+00 8.323276e-01 1.071984e+00 1.103581e+00 9.050439e-01 1.292998e+00 1.281286e+00 6.438793e-02 2.272959e-02 3.788157e-02 6.509818e-02 9.777788e-02 1.463490e-01 1.774641e-01 1.716053e-01 2.300153e-01 2.163137e-01 2.353693e-01 3.145118e-01 3.136005e-01 7.942210e-03
<GCONST> 7.051803e+01
<STATE> 16
<MEAN> 39
 -9.129295e+00 3.568314e+00 4.536096e+00 1.254172e+00 6.301547e+00 -7.673271e-01 2.741700e+00 -5.231245e+00 -4.478217e+00 -1.160283e+01 -3.223915e+00 -1.075411e+01 5.972693e+01 -6.857269e-01 -3.457409e-01 1.369255e-02 3.027161e-01 3.107205e-01 2.515771e-01 4.616982e-01 2.884173e-01 -3.679456e-01 -2.209223e-01 -3.806158e-02 -6.321483e-01 -3.877991e-01 -1.193010e-02 -1.083574e-01 -5.160327e-02 -8.493684e-03 -3.267463e-02 -3.802786e-02 -1.745363e-01 -1.688504e-01 2.286752e-02 5.199507e-03 -3.498898e-02 6.490532e-02 2.952082e-02
<VARIANCE> 39
 5.727403e+00 6.697379e+00 1.397405e+01 2.380050e+01 2.179891e+01 1.750639e+01 3.081379e+01 3.335358e+01 2.986603e+01 2.804274e+01 1.880964e+01 1.707708e+01 2.160800e+00 1.521348e-01 5.034786e-01 1.004142e+00 5.425950e-01 1.096536e+00 1.552133e+00 1.416880e+00 1.221416e+00 1.530575e+00 2.175380e+00 1.249802e+00 1.254740e+00 5.949947e-02 2.633559e-02 6.306675e-02 1.595984e-01 8.781686e-02 1.939213e-01 2.066000e-01 2.018026e-01 1.403899e-01 2.431340e-01 4.191472e-01 2.908885e-01 1.987750e-01 8.712729e-03
<GCONST> 7.669236e+01
<STATE> 17
<MEAN> 39
 -1.374343e+01 -1.033507e+00 2.833407e+00 9.280046e-01 6.570477e+00 -2.642693e-01 -3.769058e-01 -1.182226e+01 -1.088108e+01 -1.846996e+01 -9.372278e+00 -1.409349e+01 5.778218e+01 -4.645193e-01 -5.658972e-01 -2.037329e-01 -3.123021e-02 6.753607e-02 6.003312e-01 6.593916e-01 1.751466e-01 1.712886e-01 -9.714668e-03 -1.095627e-01 1.498798e-03 -1.849220e-01 7.551242e-02 4.876520e-02 -5.639871e-02 -1.652067e-01 -1.936935e-01 -5.573942e-02 1.376233e-01 2.005381e-01 1.215428e-01 -6.685575e-03 -1.931170e-02 2.077829e-02 4.296460e-02
<VARIANCE> 39
 2.418023e+00 2.956859e+00 7.080628e+00 1.805151e+01 2.306170e+01 2.232982e+01 2.703730e+01 3.868854e+01 3.369569e+01 3.515385e+01 3.951285e+01 1.161743e+01 7.821286e-01 1.705490e-01 2.225477e-01 7.220846e-01 1.127512e+00 1.428180e+00 1.730347e+00 2.414732e+00 2.247268e+00 1.784051e+00 1.842004e+00 1.856839e+00 9.282937e-01 5.246425e-02 3.820066e-02 5.154613e-02 6.939244e-02 1.794235e-01 2.357521e-01 4.112309e-01 3.952273e-01 3.164151e-01 2.232017e-01 3.093467e-01 2.617737e-01 1.142343e-01 8.608215e-03
<GCONST> 7.659138e+01
<STATE> 18
<MEAN> 39
 -1.475155e+01 -3.171354e+00 -6.413730e-01 -3.172419e+00 2.833673e+00 3.772268e-01 5.583810e+00 -3.802968e+00 -2.941065e+00 -1.167427e+01 -2.993715e+00 -1.008850e+01 5.758743e+01 -3.677070e-01 -5.806813e-01 -4.144715e-01 -2.384834e-01 -1.496447e-01 -1.932206e-01 -1.205346e-01 1.021799e-01 2.141404e-01 3.569736e-01 2.729497e-01 9.309261e-02 -1.268844e-01 -2.117654e-02 -2.452915e-02 7.643206e-02 1.720932e-01 1.934696e-01 -1.502015e-02 -2.073429e-01 -1.775493e-01 -8.873598e-02 5.690963e-02 5.078140e-02 -4.387042e-02 -1.864408e-02
<VARIANCE> 39
 1.556288e+00 4.372170e+00 5.259649e+00 1.262233e+01 1.966281e+01 1.803459e+01 1.731839e+01 3.112198e+01 5.493535e+01 7.100711e+01 3.932740e+01 3.361958e+01 4.426389e-01 2.068478e-01 4.930973e-01 5.999942e-01 1.053516e+00 1.384709e+00 1.622024e+00 8.720757e-01 1.721251e+00 1.721552e+00 2.090422e+00 1.354970e+00 8.421299e-01 5.552477e-02 2.877264e-02 7.939158e-02 1.174797e-01 1.121510e-01 1.281842e-01 2.164647e-01 1.656217e-01 3.876863e-01 3.584162e-01 3.835824e-01 3.407776e-01 1.971807e-01 8.441453e-03
<GCONST> 7.538707e+01
<STATE> 19
<MEAN> 39
 -1.781874e+01 -6.571009e+00 -2.220829e+00 -1.803077e+00 6.558503e+00 2.741282e+00 4.325631e+00 -6.756019e+00 -3.801621e+00 -1.009860e+01 -1.537531e+00 -1.054080e+01 5.603888e+01 -4.116640e-01 -3.297230e-01 6.650059e-03 5.206952e-02 3.002185e-01 4.818020e-01 3.787611e-01 1.081396e-01 -3.796909e-02 9.075250e-02 7.605381e-02 1.082450e-01 -1.799776e-01 9.062959e-02 1.021627e-01 5.329578e-02 1.407088e-02 -1.564133e-01 -1.295677e-01 6.668445e-02 7.554937e-02 3.592170e-02 -5.585529e-02 -6.090559e-02 1.247425e-01 4.400450e-02
<VARIANCE> 39
 2.092291e+00 3.366519e+00 1.007641e+01 2.349904e+01 3.830143e+01 2.918967e+01 3.168662e+01 4.473610e+01 4.343384e+01 5.650152e+01 4.402764e+01 1.730582e+01 4.829226e-01 1.573957e-01 2.361040e-01 7.354952e-01 1.014721e+00 1.779786e+00 2.413998e+00 1.480745e+00 1.814596e+00 1.291032e+00 2.461290e+00 1.336907e+00 2.334546e+00 4.892718e-02 2.189382e-02 4.141284e-02 1.581126e-01 1.773272e-01 2.391710e-01 3.216929e-01 2.084526e-01 2.854308e-01 1.732462e-01 3.416703e-01 2.421353e-01 4.143578e-01 4.865408e-03
<GCONST> 7.880566e+01
<TRANSP> 20
 0.000000e+00 1.000000e+00 0.000000e+00 0.000000e+00 0.000000e+00 0.000000e+00 0.000000e+00 0.000000e+00 0.000000e+00 0.000000e+00 0.000000e+00 0.000000e+00 0.000000e+00 0.000000e+00 0.000000e+00 0.000000e+00 0.000000e+00 0.000000e+00 0.000000e+00 0.000000e+00
 0.000000e+00 7.644744e-01 2.355256e-01 0.000000e+00 0.000000e+00 0.000000e+00 0.000000e+00 0.000000e+00 0.000000e+00 0.000000e+00 0.000000e+00 0.000000e+00 0.000000e+00 0.000000e+00 0.000000e+00 0.000000e+00 0.000000e+00 0.000000e+00 0.000000e+00 0.000000e+00
 0.000000e+00 0.000000e+00 7.727129e-01 2.272872e-01 0.000000e+00 0.000000e+00 0.000000e+00 0.000000e+00 0.000000e+00 0.000000e+00 0.000000e+00 0.000000e+00 0.000000e+00 0.000000e+00 0.000000e+00 0.000000e+00 0.000000e+00 0.000000e+00 0.000000e+00 0.000000e+00
 0.000000e+00 0.000000e+00 0.000000e+00 7.804306e-01 2.195694e-01 0.000000e+00 0.000000e+00 0.000000e+00 0.000000e+00 0.000000e+00 0.000000e+00 0.000000e+00 0.000000e+00 0.000000e+00 0.000000e+00 0.000000e+00 0.000000e+00 0.000000e+00 0.000000e+00 0.000000e+00
 0.000000e+00 0.000000e+00 0.000000e+00 0.000000e+00 8.527510e-01 1.472491e-01 0.000000e+00 0.000000e+00 0.000000e+00 0.000000e+00 0.000000e+00 0.000000e+00 0.000000e+00 0.000000e+00 0.000000e+00 0.000000e+00 0.000000e+00 0.000000e+00 0.000000e+00 0.000000e+00
 0.000000e+00 0.000000e+00 0.000000e+00 0.000000e+00 0.000000e+00 8.527526e-01 1.472474e-01 0.000000e+00 0.000000e+00 0.000000e+00 0.000000e+00 0.000000e+00 0.000000e+00 0.000000e+00 0.000000e+00 0.000000e+00 0.000000e+00 0.000000e+00 0.000000e+00 0.000000e+00
 0.000000e+00 0.000000e+00 0.000000e+00 0.000000e+00 0.000000e+00 0.000000e+00 6.630184e-01 3.369817e-01 0.000000e+00 0.000000e+00 0.000000e+00 0.000000e+00 0.000000e+00 0.000000e+00 0.000000e+00 0.000000e+00 0.000000e+00 0.000000e+00 0.000000e+00 0.000000e+00
 0.000000e+00 0.000000e+00 0.000000e+00 0.000000e+00 0.000000e+00 0.000000e+00 0.000000e+00 8.679086e-01 1.320914e-01 0.000000e+00 0.000000e+00 0.000000e+00 0.000000e+00 0.000000e+00 0.000000e+00 0.000000e+00 0.000000e+00 0.000000e+00 0.000000e+00 0.000000e+00
 0.000000e+00 0.000000e+00 0.000000e+00 0.000000e+00 0.000000e+00 0.000000e+00 0.000000e+00 0.000000e+00 7.218964e-01 2.781036e-01 0.000000e+00 0.000000e+00 0.000000e+00 0.000000e+00 0.000000e+00 0.000000e+00 0.000000e+00 0.000000e+00 0.000000e+00 0.000000e+00
 0.000000e+00 0.000000e+00 0.000000e+00 0.000000e+00 0.000000e+00 0.000000e+00 0.000000e+00 0.000000e+00 0.000000e+00 5.987589e-01 4.012411e-01 0.000000e+00 0.000000e+00 0.000000e+00 0.000000e+00 0.000000e+00 0.000000e+00 0.000000e+00 0.000000e+00 0.000000e+00
 0.000000e+00 0.000000e+00 0.000000e+00 0.000000e+00 0.000000e+00 0.000000e+00 0.000000e+00 0.000000e+00 0.000000e+00 0.000000e+00 7.432439e-01 2.567561e-01 0.000000e+00 0.000000e+00 0.000000e+00 0.000000e+00 0.000000e+00 0.000000e+00 0.000000e+00 0.000000e+00
 0.000000e+00 0.000000e+00 0.000000e+00 0.000000e+00 0.000000e+00 0.000000e+00 0.000000e+00 0.000000e+00 0.000000e+00 0.000000e+00 0.000000e+00 8.271209e-01 1.728790e-01 0.000000e+00 0.000000e+00 0.000000e+00 0.000000e+00 0.000000e+00 0.000000e+00 0.000000e+00
 0.000000e+00 0.000000e+00 0.000000e+00 0.000000e+00 0.000000e+00 0.000000e+00 0.000000e+00 0.000000e+00 0.000000e+00 0.000000e+00 0.000000e+00 0.000000e+00 7.853165e-01 2.146835e-01 0.000000e+00 0.000000e+00 0.000000e+00 0.000000e+00 0.000000e+00 0.000000e+00
 0.000000e+00 0.000000e+00 0.000000e+00 0.000000e+00 0.000000e+00 0.000000e+00 0.000000e+00 0.000000e+00 0.000000e+00 0.000000e+00 0.000000e+00 0.000000e+00 0.000000e+00 8.154669e-01 1.845332e-01 0.000000e+00 0.000000e+00 0.000000e+00 0.000000e+00 0.000000e+00
 0.000000e+00 0.000000e+00 0.000000e+00 0.000000e+00 0.000000e+00 0.000000e+00 0.000000e+00 0.000000e+00 0.000000e+00 0.000000e+00 0.000000e+00 0.000000e+00 0.000000e+00 0.000000e+00 7.992045e-01 2.007955e-01 0.000000e+00 0.000000e+00 0.000000e+00 0.000000e+00
 0.000000e+00 0.000000e+00 0.000000e+00 0.000000e+00 0.000000e+00 0.000000e+00 0.000000e+00 0.000000e+00 0.000000e+00 0.000000e+00 0.000000e+00 0.000000e+00 0.000000e+00 0.000000e+00 0.000000e+00 8.230510e-01 1.769491e-01 0.000000e+00 0.000000e+00 0.000000e+00
 0.000000e+00 0.000000e+00 0.000000e+00 0.000000e+00 0.000000e+00 0.000000e+00 0.000000e+00 0.000000e+00 0.000000e+00 0.000000e+00 0.000000e+00 0.000000e+00 0.000000e+00 0.000000e+00 0.000000e+00 0.000000e+00 7.729343e-01 2.270657e-01 0.000000e+00 0.000000e+00
 0.000000e+00 0.000000e+00 0.000000e+00 0.000000e+00 0.000000e+00 0.000000e+00 0.000000e+00 0.000000e+00 0.000000e+00 0.000000e+00 0.000000e+00 0.000000e+00 0.000000e+00 0.000000e+00 0.000000e+00 0.000000e+00 0.000000e+00 8.044044e-01 1.955955e-01 0.000000e+00
 0.000000e+00 0.000000e+00 0.000000e+00 0.000000e+00 0.000000e+00 0.000000e+00 0.000000e+00 0.000000e+00 0.000000e+00 0.000000e+00 0.000000e+00 0.000000e+00 0.000000e+00 0.000000e+00 0.000000e+00 0.000000e+00 0.000000e+00 0.000000e+00 7.939559e-01 2.060441e-01
 0.000000e+00 0.000000e+00 0.000000e+00 0.000000e+00 0.000000e+00 0.000000e+00 0.000000e+00 0.000000e+00 0.000000e+00 0.000000e+00 0.000000e+00 0.000000e+00 0.000000e+00 0.000000e+00 0.000000e+00 0.000000e+00 0.000000e+00 0.000000e+00 0.000000e+00 0.000000e+00
<ENDHMM>
