~o
<STREAMINFO> 1 39
<VECSIZE> 39<NULLD><MFCC_D_A_0><DIAGC>
~h "dua"
<BEGINHMM>
<NUMSTATES> 20
<STATE> 2
<MEAN> 39
 -1.702723e+01 -6.431084e+00 -2.690838e+00 -4.391535e+00 2.629802e-01 -4.943580e+00 -7.006815e-01 -6.296558e+00 -1.418187e-01 -7.168886e+00 -4.776276e-01 -6.733563e+00 5.663263e+01 1.122743e+00 1.496550e+00 1.457313e+00 9.778500e-01 4.830295e-01 -1.084698e-01 -6.459492e-01 -9.375783e-01 -1.273942e+00 -1.546407e+00 -1.653618e+00 -1.364809e+00 4.478287e-01 4.526292e-01 5.438883e-01 5.848553e-01 4.432350e-01 1.746035e-02 -2.680022e-01 -2.306971e-01 -3.105111e-01 -3.627585e-01 -3.890009e-01 -1.857212e-01 -1.152166e-01 2.126783e-01
<VARIANCE> 39
 2.195466e+00 4.763802e+00 6.301820e+00 7.060900e+00 9.206737e+00 8.989370e+00 1.153761e+01 1.294365e+01 1.656506e+01 1.351131e+01 1.435533e+01 2.169574e+01 3.946570e-01 1.098699e+00 1.965958e+00 2.605492e+00 2.200061e+00 1.214193e+00 1.294988e+00 1.792728e+00 3.110549e+00 4.013723e+00 3.321537e+00 2.824271e+00 2.786851e+00 2.145568e-01 1.105508e-01 1.212675e-01 1.543325e-01 2.100843e-01 1.509059e-01 3.434600e-01 2.824771e-01 4.556339e-01 4.472551e-01 4.773036e-01 4.824753e-01 4.561507e-01 2.635168e-02
<GCONST> 8.582087e+01
<STATE> 3
<MEAN> 39
 -8.437716e+00 4.867468e+00 9.353216e+00 4.512802e+00 3.875061e+00 -5.880854e+00 -3.851266e+00 -1.184410e+01 -7.428642e+00 -1.554785e+01 -7.129108e+00 -1.145400e+01 6.034197e+01 1.897114e+00 1.635583e+00 1.709533e+00 1.353763e+00 -3.630696e-03 -1.087596e+00 -1.416377e+00 -9.724842e-01 -4.960731e-01 -1.607268e-01 3.644828e-01 3.796647e-01 1.074862e+00 -1.357377e-01 -6.863071e-01 -7.815615e-01 -6.491246e-01 -5.352209e-01 -3.850620e-01 -5.569134e-01 -6.287299e-02 5.306380e-01 1.062450e+00 9.619055e-01 7.403243e-01 1.213464e-01
<VARIANCE> 39
 6.652239e+00 8.873363e+00 1.066316e+01 9.676871e+00 1.211261e+01 2.555087e+01 2.724871e+01 2.077496e+01 2.217915e+01 2.296386e+01 3.018415e+01 2.428726e+01 1.467143e+00 1.188178e+00 2.878165e+00 3.383584e+00 2.309755e+00 2.126846e+00 4.632023e+00 3.362005e+00 2.633502e+00 4.693770e+00 5.278484e+00 3.939139e+00 3.651403e+00 3.467900e-01 1.083667e-01 2.947697e-01 3.483004e-01 1.849651e-01 4.938775e-01 7.147772e-01 5.882325e-01 7.302004e-01 1.132685e+00 9.366090e-01 4.058729e-01 5.215690e-01 5.312922e-02
<GCONST> 1.057492e+02
<STATE> 4
<MEAN> 39
 -3.468936e+00 3.859572e+00 9.936254e+00 4.520559e+00 -1.480866e+00 -1.497064e+01 -1.346450e+01 -1.504766e+01 -7.710270e+00 -9.486497e+00 3.959949e-01 -5.719101e+00 6.513328e+01 1.653576e+00 -4.504774e-01 -9.959385e-01 -1.221432e+00 -2.079108e+00 -2.139466e+00 -3.396060e+00 -2.117228e+00 -2.655072e-01 3.136713e+00 2.882520e+00 1.035512e+00 1.606443e+00 -1.686933e-01 -3.481936e-02 -7.349839e-01 -7.451683e-01 1.552153e-01 8.474055e-01 4.563822e-01 -1.747277e-01 -1.148642e-01 3.810562e-01 2.447518e-01 -1.960617e-01 -2.193399e-01
<VARIANCE> 39
 4.518570e+00 2.043804e+01 2.790623e+01 2.176391e+01 4.532800e+01 7.493964e+01 5.116108e+01 1.130975e+02 3.077423e+01 1.928767e+01 5.808796e+01 4.220650e+01 1.069965e+01 4.917274e-01 2.492494e+00 3.662966e+00 2.011213e+00 5.084495e+00 6.433011e+00 4.929319e+00 7.014167e+00 7.037181e+00 4.946926e+00 3.565921e+00 5.349947e+00 5.357866e-01 1.688592e-01 4.693184e-01 2.790490e-01 4.579697e-01 7.102366e-01 1.387303e+00 7.244388e-01 8.377786e-01 7.046151e-01 5.235997e-01 7.298179e-01 3.505838e-01 1.019113e-01
<GCONST> 1.213218e+02
<STATE> 5
<MEAN> 39
 5.714574e-01 4.147893e+00 3.805928e+00 -1.968966e+00 -3.619312e+00 -1.529233e+01 -2.054018e+01 -2.162136e+01 -7.807493e+00 -5.642966e-02 8.015978e+00 -6.314666e+00 6.807465e+01 1.069371e+00 8.220720e-01 -1.895328e+00 -2.389915e+00 1.492095e-01 1.536565e+00 -1.761957e-01 -1.704836e+00 -1.080033e+00 1.479948e+00 2.270463e+00 1.134222e+00 2.672715e-01 -3.477190e-01 1.867475e-01 2.073351e-01 1.164879e-01 5.733195e-01 8.157550e-01 1.481016e+00 8.261302e-01 -3.645904e-01 -1.460229e+00 -8.744465e-01 -6.067040e-03 -4.232407e-01
<VARIANCE> 39
 3.038780e+00 2.811593e+01 4.607841e+01 9.814395e+00 3.913965e+01 4.609484e+01 5.465392e+01 1.083783e+02 6.489051e+01 3.273495e+01 8.091665e+01 7.117186e+01 9.837882e+00 2.913935e-01 4.421483e-01 1.178354e+00 7.071695e-01 1.697141e+00 3.838814e+00 3.373847e+00 2.373283e+00 2.249679e+00 3.680583e+00 3.968944e+00 1.428371e+00 2.607738e-01 4.214534e-02 2.399190e-01 2.707955e-01 1.895301e-01 7.021203e-01 6.230428e-01 4.198094e-01 6.756321e-01 9.902431e-01 8.040287e-01 7.654585e-01 7.723875e-01 3.619555e-02
<GCONST> 1.075344e+02
<STATE> 6
<MEAN> 39
 1.719217e+00 6.662342e+00 -3.345855e-02 -7.006685e+00 -2.749287e+00 -7.812389e+00 -1.378852e+01 -2.402308e+01 -1.183394e+01 -3.496614e+00 9.407928e+00 -5.176482e-01 6.699339e+01 1.259509e-01 4.235606e-01 -5.812269e-01 -1.091914e+00 -1.854329e-01 8.587740e-01 1.931101e+00 9.550427e-01 -9.710886e-01 -2.330261e+00 -9.468548e-01 5.191186e-01 -2.111276e-01 -1.764933e-01 -8.679278e-02 3.016698e-01 3.075750e-01 -3.002280e-01 -3.957739e-01 1.564566e-01 4.911492e-01 2.061021e-01 -2.522482e-01 -4.963219e-01 -1.816105e-01 -3.209696e-02
<VARIANCE> 39
 1.074048e+00 8.366160e+00 3.553536e+01 1.305589e+01 2.397755e+01 2.816173e+01 4.987347e+01 4.408066e+01 1.552751e+01 3.829899e+01 3.806879e+01 3.172441e+01 2.353426e+00 1.450538e-01 1.936355e-01 6.891664e-01 7.414767e-01 1.902700e+00 2.589965e+00 1.961308e+00 2.702883e+00 1.816437e+00 2.769080e+00 3.209275e+00 3.766710e+00 5.167028e-02 5.553139e-02 3.350402e-02 2.021922e-01 1.155410e-01 1.682566e-01 2.762322e-01 3.307719e-01 3.474122e-01 2.331429e-01 8.802971e-01 7.732948e-01 4.236623e-01 1.474317e-02
<GCONST> 8.653500e+01
<STATE> 7
<MEAN> 39
 1.476512e+00 8.321721e+00 8.598686e-01 -8.844369e+00 -5.578250e+00 -7.831071e+00 -6.937333e+00 -1.661650e+01 -1.331507e+01 -9.180981e+00 6.773189e+00 1.011380e+00 6.639124e+01 1.703166e-01 1.004623e-01 -5.483980e-01 -7.486480e-01 -4.338203e-01 4.536759e-01 8.601486e-01 4.733422e-01 5.648399e-02 -3.307788e-01 -7.499216e-02 5.862902e-01 4.571008e-02 5.279094e-02 -9.076332e-02 -7.944585e-02 -6.868804e-02 1.010026e-01 7.269762e-02 -2.273757e-01 -2.463415e-01 1.009642e-01 3.528932e-01 2.964430e-01 2.248085e-02 6.907230e-02
<VARIANCE> 39
 4.230123e+00 8.265347e+00 1.545555e+01 1.399172e+01 3.984112e+01 2.864226e+01 2.334874e+01 2.981728e+01 3.441543e+01 2.391203e+01 3.564063e+01 3.289344e+01 5.101159e+00 1.500690e-01 2.732368e-01 6.872470e-01 6.778772e-01 7.041427e-01 1.329965e+00 1.321521e+00 2.184807e+00 1.764473e+00 9.415416e-01 1.091039e+00 1.620872e+00 6.760763e-02 1.692961e-02 4.025945e-02 1.081705e-01 7.694834e-02 1.182199e-01 2.531603e-01 1.807705e-01 3.126193e-01 2.968408e-01 2.544727e-01 2.520035e-01 3.535523e-01 4.323309e-03
<GCONST> 7.611603e+01
<STATE> 8
<MEAN> 39
 2.997314e+00 7.327274e+00 -5.277177e+00 -1.536227e+01 -7.359642e+00 -5.385663e+00 -5.599347e+00 -1.829619e+01 -1.128747e+01 -6.921707e+00 8.474489e+00 3.346495e+00 6.724376e+01 2.864405e-01 -8.417408e-01 -1.416082e+00 -9.599049e-01 6.960056e-01 1.263258e+00 -6.793460e-02 -1.008571e+00 4.593211e-01 2.363010e+00 1.209494e+00 -6.890383e-01 4.210564e-01 -9.371889e-02 -3.393307e-01 -1.356361e-01 3.030080e-01 2.286454e-01 -6.190307e-03 -3.420296e-01 -5.304597e-02 5.043213e-01 5.811985e-01 -2.510215e-01 -8.696806e-01 6.492127e-02
<VARIANCE> 39
 2.704509e+00 8.116577e+00 2.037579e+01 1.385638e+01 3.534248e+01 2.408824e+01 1.923738e+01 3.117395e+01 3.794402e+01 3.982656e+01 2.016614e+01 2.464718e+01 1.434014e+00 1.097863e-01 3.683316e-01 7.174196e-01 7.259334e-01 8.413529e-01 1.515640e+00 1.737015e+00 2.838258e+00 1.727908e+00 1.230157e+00 1.971987e+00 2.998023e+00 6.119384e-02 2.132864e-02 5.001367e-02 1.644356e-01 1.083955e-01 2.142818e-01 2.178780e-01 2.614526e-01 4.528940e-01 3.358320e-01 3.835668e-01 4.271351e-01 4.409213e-01 1.125593e-02
<GCONST> 8.088354e+01
<STATE> 9
<MEAN> 39
 3.904114e+00 2.470520e+00 -9.105683e+00 -1.523895e+01 -2.288330e+00 2.488945e-01 -8.463776e+00 -2.212756e+01 -9.035916e+00 2.495602e+00 1.065258e+01 -4.888265e+00 6.974940e+01 2.869215e-02 -2.054263e+00 -1.060502e+00 3.390324e-01 6.341974e-01 3.075324e-01 -1.544643e+00 4.235297e-01 3.407651e+00 2.800453e+00 -8.325664e-01 -3.716127e+00 7.452806e-01 -4.968311e-02 -2.542518e-01 3.615949e-01 2.865952e-01 -1.035147e-01 -3.166817e-01 -8.038832e-02 6.537669e-01 5.806877e-01 -7.102411e-01 -7.722277e-01 -1.489167e-01 5.872977e-02
<VARIANCE> 39
 2.894981e+00 1.364550e+01 5.925886e+01 1.798671e+01 2.850801e+01 3.895227e+01 1.517628e+01 2.858870e+01 4.436300e+01 3.102384e+01 1.873175e+01 2.175762e+01 3.684518e+00 1.623294e-01 7.956638e-01 1.540018e+00 3.136251e-01 1.936605e+00 2.765707e+00 1.688050e+00 4.936957e+00 3.049862e+00 2.886886e+00 2.161588e+00 2.000088e+00 1.666233e-01 2.715469e-02 1.680186e-01 1.300988e-01 9.317777e-02 1.255960e-01 1.878555e-01 2.962863e-01 5.535359e-01 5.566164e-01 5.451181e-01 5.190656e-01 5.892310e-01 3.394690e-02
<GCONST> 9.170580e+01
<STATE> 10
<MEAN> 39
 3.882877e+00 -5.003819e+00 -1.120240e+01 -1.338679e+01 4.256661e-01 -3.430341e+00 -1.314249e+01 -1.599681e+01 2.798852e+00 5.342287e+00 2.996886e+00 -1.397977e+01 7.162032e+01 -2.802386e-01 -2.077485e+00 2.024973e-01 3.769744e-01 -8.998670e-02 -1.171274e-01 -6.657753e-02 1.881695e+00 1.977100e+00 -1.035171e-01 -3.072107e+00 -1.780170e+00 6.494274e-01 -1.101851e-01 1.816343e-01 3.852300e-01 -1.868433e-01 -3.197801e-01 1.053905e-01 5.242581e-01 7.252676e-03 -7.637790e-01 -4.488801e-01 -2.025482e-01 5.111272e-01 -4.955696e-02
<VARIANCE> 39
 5.179804e+00 2.483842e+01 8.057613e+01 1.705545e+01 2.534525e+01 3.955750e+01 1.929733e+01 4.743375e+01 2.529734e+01 2.374690e+01 1.080145e+02 3.141359e+01 8.559547e+00 2.599593e-01 1.173964e+00 9.654235e-01 9.039594e-01 1.034623e+00 1.449669e+00 1.614175e+00 3.930637e+00 3.715754e+00 2.022345e+00 3.965171e+00 1.868620e+00 2.551248e-01 3.060906e-02 1.008337e-01 7.329223e-02 1.056934e-01 1.519296e-01 1.265243e-01 1.631403e-01 3.790520e-01 4.192822e-01 4.165246e-01 7.351434e-01 3.953999e-01 1.211925e-02
<GCONST> 9.297830e+01
<STATE> 11
<MEAN> 39
 2.449213e+00 -1.157639e+01 -8.829570e+00 -1.386568e+01 -1.232553e+00 -4.259683e+00 -9.811179e+00 -7.576596e+00 4.720181e+00 2.048338e+00 -8.066543e+00 -1.808943e+01 7.398489e+01 -2.861652e-01 -7.445376e-01 4.218123e-01 -1.213485e-02 -1.853349e-01 -1.527834e-01 4.803636e-01 1.050333e+00 -6.872132e-02 -9.810323e-01 -1.404092e+00 -1.394942e-01 2.795450e-01 -8.862958e-03 1.960917e-01 -1.394376e-01 4.371173e-02 1.618245e-01 -2.462618e-02 -7.525329e-02 -1.333261e-01 -2.409224e-01 -2.487148e-01 2.118810e-01 3.291258e-01 -1.206010e-01
<VARIANCE> 39
 1.976661e+00 3.067499e+01 1.343210e+02 1.763252e+01 1.820276e+01 3.055064e+01 2.553842e+01 1.007260e+02 3.074106e+01 3.313061e+01 1.127863e+02 3.190460e+01 1.476930e+01 1.321317e-01 4.455856e-01 8.306922e-01 4.310877e-01 8.552893e-01 7.680025e-01 7.695757e-01 2.049237e+00 1.049691e+00 1.629241e+00 1.410501e+00 1.688658e+00 1.751217e-01 3.331000e-02 1.015536e-01 1.498020e-01 5.967354e-02 7.614602e-02 9.720510e-02 1.114979e-01 3.921832e-01 1.625679e-01 2.278791e-01 3.619115e-01 3.010435e-01 2.015481e-02
<GCONST> 8.351171e+01
<STATE> 12
<MEAN> 39
 -8.087585e-02 -7.426926e+00 -9.316935e+00 -1.689789e+01 -1.103590e+01 1.172865e+01 -6.137029e+00 -1.913251e+01 7.953563e+00 4.001677e+00 -7.134732e+00 -1.022117e+01 7.255943e+01 -5.822626e-01 -9.903313e-01 -1.917479e-01 -4.682041e-01 -1.484453e-01 8.051835e-01 -3.995158e-01 3.460311e-01 7.274637e-01 -7.818222e-01 -1.258716e+00 4.885330e-01 -1.657307e-02 -6.839927e-02 2.368462e-01 4.533637e-02 1.018334e-01 2.439083e-01 -3.962179e-01 -3.212578e-02 7.981149e-02 -2.533630e-01 -3.664847e-02 2.886066e-01 -1.155057e-02 -2.041791e-01
<VARIANCE> 39
 3.424819e+00 4.399553e+01 5.597261e+01 2.449842e+01 5.929701e+01 1.818245e+02 2.173698e+01 1.474762e+02 4.040783e+01 3.212727e+01 4.429194e+01 3.579309e+01 1.162453e+01 3.188161e-01 1.655859e+00 1.129581e+00 8.531887e-01 1.980764e+00 5.236641e+00 1.683039e+00 2.473138e+00 4.148782e+00 1.527668e+00 2.383688e+00 1.619454e+00 4.996076e-01 5.146193e-02 3.115078e-01 2.836812e-01 2.070159e-01 3.404709e-01 7.443283e-01 5.123821e-01 5.592427e-01 4.645770e-01 1.938899e-01 2.566318e-01 2.806371e-01 7.909030e-02
<GCONST> 1.066917e+02
<STATE> 13
<MEAN> 39
 -8.255093e-01 -1.405966e+01 -5.640797e+00 -1.230047e+01 4.024616e-01 -5.957027e+00 -1.072832e+01 -1.843793e+00 -1.022018e-01 -6.994821e+00 -9.036778e+00 -1.491685e+01 7.353659e+01 -6.474096e-01 1.041527e+00 -2.690075e-02 6.203728e-01 3.457440e-01 -6.647227e-01 3.582153e-01 -3.464248e-01 -1.784507e-01 -6.943873e-01 -1.842871e-01 2.865660e-01 -1.129026e+00 -5.699613e-02 2.939159e-01 1.989365e-01 1.285286e-01 -1.326566e-01 7.109018e-02 2.083022e-01 -7.238652e-02 2.136725e-01 1.856327e-01 1.873515e-01 -2.367685e-03 -1.710050e-01
<VARIANCE> 39
 2.566614e+00 2.546473e+01 8.974773e+01 2.100690e+01 3.600236e+01 9.466207e+01 1.931230e+01 9.490085e+01 7.790296e+01 2.139394e+01 6.739881e+01 2.024051e+01 1.622143e+01 1.765647e-01 1.157609e+00 1.632089e+00 3.664044e-01 6.814197e-01 1.306035e+00 1.574128e+00 2.674871e+00 2.504441e+00 1.544179e+00 1.101460e+00 1.777557e+00 2.815155e-01 4.132890e-02 1.607492e-01 5.464944e-02 6.350070e-02 1.532987e-01 3.371142e-01 2.318076e-01 4.706543e-01 3.950163e-01 2.065071e-01 2.690821e-01 3.681769e-01 4.551255e-02
<GCONST> 9.268191e+01
<STATE> 14
<MEAN> 39
 -3.471827e+00 -6.674070e+00 -7.453442e+00 -1.175499e+01 -3.451730e+00 1.740859e-01 -5.932201e+00 -1.279957e+01 5.502011e+00 -6.368847e+00 -1.523229e+01 -1.299263e+01 6.749895e+01 -7.641016e-01 7.388530e-01 7.920005e-01 1.051811e+00 8.871027e-01 -1.194513e+00 2.579560e-01 6.001054e-01 -1.068316e+00 -1.539583e+00 4.251350e-01 2.145713e-01 -1.084836e+00 1.139731e-02 -1.138196e-01 -1.563183e-01 -1.042171e-01 -2.036887e-01 5.010676e-02 2.064141e-02 -1.597820e-02 -5.018598e-02 1.171439e-01 3.134498e-01 4.890789e-02 3.955516e-02
<VARIANCE> 39
 7.706381e+00 1.062646e+01 2.085678e+01 2.428903e+01 3.705892e+01 9.560011e+01 1.840105e+01 6.712971e+01 3.069193e+01 4.796136e+01 7.321786e+01 2.869432e+01 4.147962e+00 9.737951e-02 3.639019e-01 2.732502e-01 5.693816e-01 1.788423e+00 2.490266e+00 1.873625e+00 1.505012e+00 1.035253e+00 1.120001e+00 1.795676e+00 1.250420e+00 7.340380e-02 1.534645e-02 4.761971e-02 3.009525e-02 8.610077e-02 2.106913e-01 1.256486e-01 4.147720e-01 3.388427e-01 1.041519e-01 1.676874e-01 2.635604e-01 1.167608e-01 7.085435e-03
<GCONST> 7.839480e+01
<STATE> 15
<MEAN> 39
 -5.280332e+00 -6.020947e+00 -4.735260e+00 -8.482219e+00 -1.398640e-01 -7.561154e+00 -5.598629e+00 -3.694922e+00 3.663429e-01 -9.892090e+00 -7.968312e+00 -1.192029e+01 6.543819e+01 -6.904961e-01 7.663445e-01 2.202270e-02 1.414312e-01 -3.144758e-01 3.026065e-01 1.165086e+00 -2.223135e-01 3.547722e-01 -2.261129e-01 2.513976e-01 4.120153e-01 -9.679476e-01 1.456873e-02 -1.102830e-01 -4.905968e-02 -4.577268e-02 4.123189e-02 6.621923e-02 -3.131719e-02 2.702699e-02 9.565127e-02 1.333825e-02 -1.439949e-01 -4.408011e-02 9.019785e-02
<VARIANCE> 39
 2.411871e+00 6.498580e+00 3.829760e+01 2.105843e+01 7.503251e+00 3.595459e+01 2.368962e+01 3.800994e+01 2.475595e+01 1.991423e+01 3.150662e+01 1.219237e+01 3.568235e+00 1.080479e-01 3.402949e-01 4.458801e-01 4.562131e-01 8.405657e-01 1.052387e+00 9.581813e-01 1.366873e+00 1.626392e+00 4.381232e-01 1.725000e+00 8.661529e-01 6.325246e-02 1.493961e-02 4.914699e-02 6.051557e-02 7.386863e-02 9.921012e-02 1.419176e-01 1.407345e-01 1.284606e-01 2.833796e-01 1.218286e-01 1.863041e-01 1.320633e-01 5.911949e-03
<GCONST> 6.639473e+01
<STATE> 16
<MEAN> 39
 -9.622070e+00 -5.831799e+00 -7.519458e+00 -1.033968e+01 -2.144111e+00 -3.982176e+00 -1.673818e+00 -7.202705e+00 2.567781e+00 -9.377481e+00 -8.254807e+00 -1.091777e+01 6.153964e+01 -8.240063e-01 4.282726e-02 3.516228e-01 7.674357e-01 3.668898e-01 7.379042e-02 4.661132e-01 7.091391e-01 -2.891224e-01 -2.498173e-01 7.772906e-01 2.811534e-01 -6.290213e-01 1.185635e-02 -3.932087e-02 3.472502e-02 9.490746e-02 1.479943e-01 7.643425e-02 -1.422000e-01 -2.479363e-02 -1.042209e-02 2.495868e-01 1.418964e-01 1.358131e-01 5.006066e-02
<VARIANCE> 39
 7.877606e+00 6.829896e+00 1.510197e+01 8.287460e+00 7.558417e+00 1.997253e+01 8.073303e+00 2.186304e+01 1.380118e+01 1.423635e+01 2.784881e+01 1.994872e+01 2.648687e+00 1.196420e-01 4.144556e-01 6.731289e-01 2.922257e-01 9.276310e-01 1.238414e+00 5.100164e-01 1.266667e+00 7.200315e-01 1.126456e+00 1.548005e+00 1.179965e+00 2.683833e-02 1.351898e-02 7.018986e-02 9.118032e-02 6.295718e-02 1.315404e-01 1.253389e-01 1.084300e-01 1.146704e-01 1.347261e-01 8.296993e-02 1.172179e-01 1.627636e-01 2.297728e-03
<GCONST> 5.996217e+01
<STATE> 17
<MEAN> 39
 -1.019391e+01 -2.248780e+00 -2.543035e+00 -4.521804e+00 5.134821e-01 -5.350523e+00 -8.979763e-01 -4.677588e+00 1.390444e+00 -1.125675e+01 -6.867311e+00 -7.639143e+00 6.027989e+01 -6.790335e-01 2.284451e-01 3.243929e-01 1.535222e-01 -8.605556e-02 -1.226630e-01 3.914897e-01 2.530759e-01 -3.303918e-01 4.474368e-01 9.834893e-01 8.007681e-01 -5.690386e-01 -6.118196e-04 -9.979451e-02 -7.216018e-02 -1.753639e-01 -1.512278e-01 -5.758858e-02 1.881384e-02 -1.180078e-02 -4.013355e-02 2.076919e-02 1.036889e-03 -7.927209e-02 3.078481e-02
<VARIANCE> 39
 6.844733e+00 1.001958e+01 8.656919e+00 9.371634e+00 8.487065e+00 2.104093e+01 2.225637e+01 2.034762e+01 1.488505e+01 2.113815e+01 2.129532e+01 1.856091e+01 2.231126e+00 1.652372e-01 3.722822e-01 6.878351e-01 4.932203e-01 6.752881e-01 1.949067e+00 1.444113e+00 1.362167e+00 9.905566e-01 6.989124e-01 9.682381e-01 1.026020e+00 5.749787e-02 2.094549e-02 5.570024e-02 1.142974e-01 4.530969e-02 1.008023e-01 3.220417e-01 1.823251e-01 1.878096e-01 1.585227e-01 2.061894e-01 2.395738e-01 1.135427e-01 5.629080e-03
<GCONST> 6.696301e+01
<STATE> 18
<MEAN> 39
 -1.475197e+01 -5.889548e+00 -5.104669e+00 -7.509006e+00 -1.223377e+00 -5.317376e+00 -3.723945e-01 -5.203676e+00 1.787282e-01 -7.740275e+00 -1.781102e+00 -7.836397e+00 5.801799e+01 -6.238068e-01 -1.750883e-01 2.710383e-03 -2.252802e-01 -3.145199e-01 -4.778015e-02 3.256865e-01 -2.404637e-01 -3.718865e-01 -5.087955e-02 5.184265e-01 2.839143e-01 -3.336136e-01 3.965382e-02 1.434407e-02 1.698234e-02 -3.610988e-02 2.589127e-02 1.301250e-01 9.455501e-02 -6.314233e-02 -3.351147e-02 -1.322525e-01 -1.112272e-01 -5.224783e-02 1.867856e-02
<VARIANCE> 39
 3.158835e+00 7.680113e+00 1.236153e+01 1.028216e+01 1.013863e+01 1.856771e+01 1.155582e+01 1.810855e+01 1.913044e+01 1.940106e+01 1.882279e+01 2.699092e+01 7.564045e-01 8.457720e-02 2.172809e-01 5.838261e-01 5.151482e-01 6.724150e-01 1.571250e+00 9.478524e-01 2.117856e+00 1.179977e+00 1.865783e+00 1.885574e+00 1.008873e+00 3.174919e-02 1.265458e-02 2.266380e-02 8.435234e-02 1.454891e-01 1.122602e-01 1.630913e-01 1.892792e-01 4.418899e-01 2.074814e-01 3.558556e-01 2.967044e-01 1.970596e-01 7.821343e-03
<GCONST> 6.636160e+01
<STATE> 19
<MEAN> 39
 -1.525614e+01 -3.197623e+00 -1.985541e+00 -5.837582e+00 -1.031704e+00 -4.244388e+00 4.842972e+00 -3.657396e+00 -2.323609e+00 -1.017012e+01 -1.061239e+00 -3.739848e+00 5.691894e+01 -4.504414e-01 -1.644170e-01 3.163365e-01 2.650563e-01 3.276467e-01 9.967942e-01 1.510236e+00 6.290207e-01 -5.518916e-01 -3.077125e-01 2.121671e-01 4.286561e-01 -2.886554e-01 4.407547e-02 -2.003377e-02 1.595100e-02 1.372055e-01 1.198061e-01 2.329752e-01 1.121848e-01 2.943274e-01 2.499463e-01 6.623287e-02 4.491704e-02 7.039811e-02 5.562711e-02
<VARIANCE> 39
 4.227519e+00 1.951501e+01 2.549346e+01 1.195690e+01 1.910500e+01 2.782228e+01 3.649767e+01 3.664272e+01 2.133420e+01 1.159557e+01 1.017479e+01 4.157377e+01 9.517640e-01 2.788445e-01 4.307278e-01 7.419491e-01 1.352355e+00 1.713400e+00 1.233013e+00 1.029028e+00 1.607312e+00 1.316024e+00 1.968403e+00 1.457914e+00 1.567072e+00 8.320344e-02 3.409881e-02 7.912870e-02 1.739510e-01 2.198914e-01 2.657764e-01 2.745307e-01 2.738880e-01 2.786458e-01 2.420686e-01 4.974854e-01 2.491872e-01 5.010177e-01 6.367009e-03
<GCONST> 8.159612e+01
<TRANSP> 20
 0.000000e+00 1.000000e+00 0.000000e+00 0.000000e+00 0.000000e+00 0.000000e+00 0.000000e+00 0.000000e+00 0.000000e+00 0.000000e+00 0.000000e+00 0.000000e+00 0.000000e+00 0.000000e+00 0.000000e+00 0.000000e+00 0.000000e+00 0.000000e+00 0.000000e+00 0.000000e+00
 0.000000e+00 7.444575e-01 2.555425e-01 0.000000e+00 0.000000e+00 0.000000e+00 0.000000e+00 0.000000e+00 0.000000e+00 0.000000e+00 0.000000e+00 0.000000e+00 0.000000e+00 0.000000e+00 0.000000e+00 0.000000e+00 0.000000e+00 0.000000e+00 0.000000e+00 0.000000e+00
 0.000000e+00 0.000000e+00 7.391012e-01 2.608989e-01 0.000000e+00 0.000000e+00 0.000000e+00 0.000000e+00 0.000000e+00 0.000000e+00 0.000000e+00 0.000000e+00 0.000000e+00 0.000000e+00 0.000000e+00 0.000000e+00 0.000000e+00 0.000000e+00 0.000000e+00 0.000000e+00
 0.000000e+00 0.000000e+00 0.000000e+00 6.225697e-01 3.774303e-01 0.000000e+00 0.000000e+00 0.000000e+00 0.000000e+00 0.000000e+00 0.000000e+00 0.000000e+00 0.000000e+00 0.000000e+00 0.000000e+00 0.000000e+00 0.000000e+00 0.000000e+00 0.000000e+00 0.000000e+00
 0.000000e+00 0.000000e+00 0.000000e+00 0.000000e+00 5.879444e-01 4.120556e-01 0.000000e+00 0.000000e+00 0.000000e+00 0.000000e+00 0.000000e+00 0.000000e+00 0.000000e+00 0.000000e+00 0.000000e+00 0.000000e+00 0.000000e+00 0.000000e+00 0.000000e+00 0.000000e+00
 0.000000e+00 0.000000e+00 0.000000e+00 0.000000e+00 0.000000e+00 6.865796e-01 3.134203e-01 0.000000e+00 0.000000e+00 0.000000e+00 0.000000e+00 0.000000e+00 0.000000e+00 0.000000e+00 0.000000e+00 0.000000e+00 0.000000e+00 0.000000e+00 0.000000e+00 0.000000e+00
 0.000000e+00 0.000000e+00 0.000000e+00 0.000000e+00 0.000000e+00 0.000000e+00 8.398073e-01 1.601927e-01 0.000000e+00 0.000000e+00 0.000000e+00 0.000000e+00 0.000000e+00 0.000000e+00 0.000000e+00 0.000000e+00 0.000000e+00 0.000000e+00 0.000000e+00 0.000000e+00
 0.000000e+00 0.000000e+00 0.000000e+00 0.000000e+00 0.000000e+00 0.000000e+00 0.000000e+00 7.197668e-01 2.802332e-01 0.000000e+00 0.000000e+00 0.000000e+00 0.000000e+00 0.000000e+00 0.000000e+00 0.000000e+00 0.000000e+00 0.000000e+00 0.000000e+00 0.000000e+00
 0.000000e+00 0.000000e+00 0.000000e+00 0.000000e+00 0.000000e+00 0.000000e+00 0.000000e+00 0.000000e+00 6.042128e-01 3.957872e-01 0.000000e+00 0.000000e+00 0.000000e+00 0.000000e+00 0.000000e+00 0.000000e+00 0.000000e+00 0.000000e+00 0.000000e+00 0.000000e+00
 0.000000e+00 0.000000e+00 0.000000e+00 0.000000e+00 0.000000e+00 0.000000e+00 0.000000e+00 0.000000e+00 0.000000e+00 6.875900e-01 3.124100e-01 0.000000e+00 0.000000e+00 0.000000e+00 0.000000e+00 0.000000e+00 0.000000e+00 0.000000e+00 0.000000e+00 0.000000e+00
 0.000000e+00 0.000000e+00 0.000000e+00 0.000000e+00 0.000000e+00 0.000000e+00 0.000000e+00 0.000000e+00 0.000000e+00 0.000000e+00 7.860798e-01 2.139202e-01 0.000000e+00 0.000000e+00 0.000000e+00 0.000000e+00 0.000000e+00 0.000000e+00 0.000000e+00 0.000000e+00
 0.000000e+00 0.000000e+00 0.000000e+00 0.000000e+00 0.000000e+00 0.000000e+00 0.000000e+00 0.000000e+00 0.000000e+00 0.000000e+00 0.000000e+00 6.250634e-01 3.749367e-01 0.000000e+00 0.000000e+00 0.000000e+00 0.000000e+00 0.000000e+00 0.000000e+00 0.000000e+00
 0.000000e+00 0.000000e+00 0.000000e+00 0.000000e+00 0.000000e+00 0.000000e+00 0.000000e+00 0.000000e+00 0.000000e+00 0.000000e+00 0.000000e+00 0.000000e+00 7.092317e-01 2.907683e-01 0.000000e+00 0.000000e+00 0.000000e+00 0.000000e+00 0.000000e+00 0.000000e+00
 0.000000e+00 0.000000e+00 0.000000e+00 0.000000e+00 0.000000e+00 0.000000e+00 0.000000e+00 0.000000e+00 0.000000e+00 0.000000e+00 0.000000e+00 0.000000e+00 0.000000e+00 6.586121e-01 3.413879e-01 0.000000e+00 0.000000e+00 0.000000e+00 0.000000e+00 0.000000e+00
 0.000000e+00 0.000000e+00 0.000000e+00 0.000000e+00 0.000000e+00 0.000000e+00 0.000000e+00 0.000000e+00 0.000000e+00 0.000000e+00 0.000000e+00 0.000000e+00 0.000000e+00 0.000000e+00 6.989774e-01 3.010227e-01 0.000000e+00 0.000000e+00 0.000000e+00 0.000000e+00
 0.000000e+00 0.000000e+00 0.000000e+00 0.000000e+00 0.000000e+00 0.000000e+00 0.000000e+00 0.000000e+00 0.000000e+00 0.000000e+00 0.000000e+00 0.000000e+00 0.000000e+00 0.000000e+00 0.000000e+00 7.145886e-01 2.854114e-01 0.000000e+00 0.000000e+00 0.000000e+00
 0.000000e+00 0.000000e+00 0.000000e+00 0.000000e+00 0.000000e+00 0.000000e+00 0.000000e+00 0.000000e+00 0.000000e+00 0.000000e+00 0.000000e+00 0.000000e+00 0.000000e+00 0.000000e+00 0.000000e+00 0.000000e+00 7.638724e-01 2.361276e-01 0.000000e+00 0.000000e+00
 0.000000e+00 0.000000e+00 0.000000e+00 0.000000e+00 0.000000e+00 0.000000e+00 0.000000e+00 0.000000e+00 0.000000e+00 0.000000e+00 0.000000e+00 0.000000e+00 0.000000e+00 0.000000e+00 0.000000e+00 0.000000e+00 0.000000e+00 7.597950e-01 2.402050e-01 0.000000e+00
 0.000000e+00 0.000000e+00 0.000000e+00 0.000000e+00 0.000000e+00 0.000000e+00 0.000000e+00 0.000000e+00 0.000000e+00 0.000000e+00 0.000000e+00 0.000000e+00 0.000000e+00 0.000000e+00 0.000000e+00 0.000000e+00 0.000000e+00 0.000000e+00 6.270436e-01 3.729564e-01
 0.000000e+00 0.000000e+00 0.000000e+00 0.000000e+00 0.000000e+00 0.000000e+00 0.000000e+00 0.000000e+00 0.000000e+00 0.000000e+00 0.000000e+00 0.000000e+00 0.000000e+00 0.000000e+00 0.000000e+00 0.000000e+00 0.000000e+00 0.000000e+00 0.000000e+00 0.000000e+00
<ENDHMM>
