~o
<STREAMINFO> 1 39
<VECSIZE> 39<NULLD><MFCC_D_A_0><DIAGC>
~h "kurang"
<BEGINHMM>
<NUMSTATES> 20
<STATE> 2
<MEAN> 39
 -1.698380e+01 -6.447718e+00 -2.893826e+00 -5.215992e+00 3.285429e-01 -3.629167e+00 3.620221e-01 -5.614642e+00 1.435487e-01 -5.845433e+00 2.758609e-01 -6.054957e+00 5.681979e+01 5.640877e-01 -3.441119e-01 -1.285950e+00 -1.463328e+00 -4.606994e-01 4.184405e-01 3.466071e-01 4.810042e-01 -4.800455e-02 2.639706e-01 8.142289e-01 8.201486e-01 4.626271e-01 2.601594e-01 -1.180601e-01 -5.340439e-01 -4.525395e-01 -3.030591e-01 -1.219461e-01 2.419623e-01 1.264407e-01 -6.346092e-02 -2.004015e-01 1.135713e-01 3.902878e-01 2.006059e-01
<VARIANCE> 39
 9.525884e-01 1.576776e+00 5.051516e+00 7.062534e+00 9.052125e+00 1.299186e+01 1.724726e+01 1.774288e+01 2.086490e+01 1.074181e+01 1.589550e+01 1.233486e+01 2.275746e-01 4.251331e-01 7.925065e-01 2.654940e+00 3.811235e+00 3.715947e+00 3.464208e+00 3.277931e+00 5.298526e+00 4.921460e+00 4.041286e+00 1.610814e+00 1.994172e+00 2.008753e-01 1.093772e-01 2.124317e-01 3.575415e-01 5.546931e-01 3.992341e-01 3.249740e-01 5.351131e-01 9.387065e-01 7.706149e-01 6.166331e-01 4.178061e-01 3.013399e-01 1.816783e-02
<GCONST> 8.961309e+01
<STATE> 3
<MEAN> 39
 -1.337431e+01 -8.408509e+00 -9.934841e+00 -1.015912e+01 -1.743005e+00 -3.848741e+00 2.698685e+00 -4.943010e+00 -2.174610e+00 -7.767486e+00 3.856891e+00 -1.040130e+00 5.965585e+01 1.997249e+00 1.788824e+00 3.091505e-01 -6.667403e-01 -1.132401e+00 -7.471700e-01 -9.800536e-01 -1.476595e+00 -1.264877e+00 -5.576898e-01 2.742405e-01 4.350032e-01 9.142045e-01 5.434572e-01 8.502751e-01 7.875569e-01 2.330421e-01 -2.502442e-01 -3.592435e-01 -6.370863e-01 -4.397140e-01 -2.864613e-01 -4.268834e-02 8.290884e-02 -6.601766e-02 2.105806e-01
<VARIANCE> 39
 1.173867e+01 2.610879e+01 3.263990e+01 7.178294e+01 5.065121e+01 7.808080e+01 2.227090e+01 9.695814e+01 5.942428e+01 3.968617e+01 2.440307e+01 4.156578e+01 1.809311e+00 2.260140e+00 4.895473e+00 7.281101e+00 4.589320e+00 2.428408e+00 4.399089e+00 3.546058e+00 4.763214e+00 3.333865e+00 2.700377e+00 2.402992e+00 3.223941e+00 5.048863e-01 1.776321e-01 3.762807e-01 1.095214e+00 9.199367e-01 4.532661e-01 9.449659e-01 5.973622e-01 7.046019e-01 7.100193e-01 7.008679e-01 7.397438e-01 7.856306e-01 8.556895e-02
<GCONST> 1.229618e+02
<STATE> 4
<MEAN> 39
 9.672875e-01 6.784290e+00 -4.635100e+00 -1.546542e+01 -9.842127e+00 -7.659302e+00 -5.671144e+00 -1.340882e+01 -9.741591e+00 -9.683836e+00 5.809112e+00 1.494157e+00 6.631907e+01 2.710118e+00 1.912801e+00 -2.928918e-01 -1.470655e+00 -7.946957e-01 7.314724e-01 -1.128331e+00 -1.422292e+00 -1.608821e+00 5.011803e-02 1.632449e+00 1.280159e+00 1.632174e+00 -7.700248e-01 -1.073671e+00 -7.802267e-01 7.831052e-03 7.594311e-01 9.391971e-01 4.522605e-01 7.804435e-02 3.566286e-01 5.379925e-01 2.715066e-01 -8.539969e-02 -2.795254e-01
<VARIANCE> 39
 8.659019e+00 9.088986e+00 2.133791e+01 2.364804e+01 5.842609e+01 2.981312e+01 2.060747e+01 7.551472e+01 3.001409e+01 2.503966e+01 4.162076e+01 3.638028e+01 4.163570e+00 1.979995e+00 3.007798e+00 3.038005e+00 1.175252e+00 2.873966e+00 5.071414e+00 3.692196e+00 2.117995e+00 2.493927e+00 3.895306e+00 3.756530e+00 4.304219e+00 4.787966e-01 1.449203e-01 1.172107e-01 2.335506e-01 3.422748e-01 4.290686e-01 2.886599e-01 3.170912e-01 3.234659e-01 3.860060e-01 7.110107e-01 4.914674e-01 3.495966e-01 6.228400e-02
<GCONST> 1.077656e+02
<STATE> 5
<MEAN> 39
 4.028691e+00 5.861024e+00 -8.353157e+00 -1.869878e+01 -6.713486e+00 1.523082e+00 -7.199792e+00 -1.864202e+01 -1.202219e+01 -4.396201e+00 1.453899e+01 4.797373e+00 6.946025e+01 3.976700e-02 -1.238893e+00 -9.384673e-01 4.393058e-01 1.342247e+00 8.088815e-01 -1.325660e+00 -1.545875e+00 1.108041e+00 2.697647e+00 9.191812e-01 -1.351660e+00 3.693731e-01 -2.633562e-01 -3.315478e-01 2.028422e-01 6.703883e-01 2.319552e-01 -7.395696e-01 -2.373136e-01 2.551860e-01 6.617906e-01 1.152024e-01 -7.902724e-01 -8.192616e-01 -1.634778e-01
<VARIANCE> 39
 1.439248e+00 1.064266e+01 4.587069e+01 1.446836e+01 6.567759e+01 4.737349e+01 4.045985e+01 4.299004e+01 3.098570e+01 9.539404e+01 4.418686e+01 4.409375e+01 2.678062e+00 1.615304e-01 7.471043e-01 5.702545e-01 1.829612e+00 2.359659e+00 2.058304e+00 1.668466e+00 2.947421e+00 3.300244e+00 5.340648e+00 4.102835e+00 4.258574e+00 6.175808e-02 6.865843e-02 1.619296e-01 2.014953e-01 1.636141e-01 2.731044e-01 1.412481e-01 4.065908e-01 3.518385e-01 6.205978e-01 1.440678e+00 6.108403e-01 4.871440e-01 4.028090e-02
<GCONST> 9.935889e+01
<STATE> 6
<MEAN> 39
 3.089643e+00 -7.035426e-01 -1.053301e+01 -1.136319e+01 3.499584e-01 -3.499569e+00 -1.540578e+01 -2.283269e+01 -3.190923e+00 4.289838e+00 9.007454e+00 -7.632124e+00 6.963776e+01 -7.593715e-01 -1.314236e+00 7.160639e-01 2.638606e+00 1.029995e+00 -2.452312e+00 -6.039885e-01 1.638469e+00 1.520428e+00 -1.011809e+00 -2.163559e+00 -1.848532e+00 -3.877912e-01 -1.525036e-01 -7.827562e-02 2.580543e-01 7.328273e-02 -6.564628e-01 -3.651242e-01 8.227977e-01 1.097270e+00 -4.283194e-01 -1.086693e+00 1.569084e-02 6.689686e-01 -4.810475e-02
<VARIANCE> 39
 2.853877e+00 7.209360e+00 4.287476e+01 1.962595e+01 4.972394e+01 5.793967e+01 6.069432e+01 5.310456e+01 3.438564e+01 5.036361e+01 7.015079e+01 3.406970e+01 4.438524e+00 3.975359e-01 1.054420e+00 9.927391e-01 1.708607e+00 2.490372e+00 1.079806e+00 5.149980e+00 3.992994e+00 5.497929e+00 5.614824e+00 2.544421e+00 3.785779e+00 3.616398e-01 1.186725e-01 2.622489e-01 2.318603e-01 2.499439e-01 4.230214e-01 2.872264e-01 4.404660e-01 3.976552e-01 8.661800e-01 7.254720e-01 4.883219e-01 5.341994e-01 1.546948e-01
<GCONST> 1.087136e+02
<STATE> 7
<MEAN> 39
 -4.553210e-02 -6.124156e+00 -8.361698e+00 -2.406492e+00 3.542020e-01 -1.367332e+01 -1.317870e+01 -1.078202e+01 -1.828977e+00 -4.696898e+00 3.836590e+00 -8.760256e+00 6.864730e+01 2.939675e-01 -2.402988e+00 -7.577871e-01 1.090567e+00 -7.121705e-01 -1.254712e+00 1.719054e+00 3.200941e+00 5.967787e-01 -8.175120e-01 -9.771007e-01 -1.083801e+00 8.223508e-01 5.366125e-01 -1.716760e-01 -5.631092e-01 -7.365305e-01 -5.746162e-02 9.172467e-01 2.124017e-01 -3.574007e-01 1.574207e-01 7.255497e-01 9.543468e-02 -2.550347e-01 4.456142e-01
<VARIANCE> 39
 5.852221e+00 2.090937e+01 5.881612e+01 3.167608e+01 4.220126e+01 5.213196e+01 1.127930e+02 4.914418e+01 5.547664e+01 3.485783e+01 1.018230e+02 1.707281e+01 3.320680e+00 1.433832e+00 8.372391e-01 2.255266e+00 2.850765e+00 1.617054e+00 2.500059e+00 3.248675e+00 2.815337e+00 4.430677e+00 4.100582e+00 1.634090e+00 5.355227e+00 7.487942e-01 1.812297e-01 2.853992e-01 2.413185e-01 3.149407e-01 3.851945e-01 3.212136e-01 7.224087e-01 5.534497e-01 1.054658e+00 4.211790e-01 3.758796e-01 5.613238e-01 1.082771e-01
<GCONST> 1.138565e+02
<STATE> 8
<MEAN> 39
 4.024169e+00 -1.489524e+01 -1.158071e+01 -2.283668e+00 -1.545850e+00 -1.039618e+01 -4.257898e+00 -2.776106e+00 1.383361e+00 3.462984e-01 2.312598e+00 -1.560301e+01 7.442483e+01 3.355732e-01 -1.692949e+00 -3.086176e-01 -2.045861e-01 2.949607e-02 1.524299e+00 1.063442e+00 1.200739e+00 1.018177e+00 5.976244e-02 -1.257418e+00 -4.692921e-01 9.917881e-01 -3.534303e-01 4.542727e-01 4.150506e-01 -1.515609e-01 8.813728e-02 3.239033e-01 -3.272516e-01 -5.119551e-01 -2.591253e-01 -1.881952e-01 -6.177369e-03 4.496289e-01 -2.709793e-01
<VARIANCE> 39
 2.713641e+00 9.935217e+00 6.285574e+01 2.839938e+01 5.359881e+01 5.194885e+01 5.690781e+01 6.178399e+01 6.010425e+01 8.702363e+01 8.726637e+01 4.029571e+01 4.933158e+00 8.925385e-01 1.897457e+00 2.505276e+00 1.810694e+00 2.161568e+00 2.259808e+00 2.740328e+00 2.944002e+00 3.404363e+00 2.814152e+00 1.677562e+00 1.948437e+00 4.867910e-01 6.497432e-02 1.003950e-01 2.321651e-01 1.542825e-01 2.382203e-01 2.801638e-01 3.229361e-01 4.266522e-01 4.822543e-01 6.554474e-01 3.164339e-01 2.731294e-01 3.321572e-02
<GCONST> 1.052605e+02
<STATE> 9
<MEAN> 39
 1.788548e+00 -1.802649e+01 -1.102603e+01 -4.777911e+00 -8.277994e+00 1.236335e-01 -2.691648e+00 -7.459989e+00 3.923735e+00 -5.984937e-02 -4.074473e+00 -1.117199e+01 7.589014e+01 -2.123569e-01 2.739217e-01 1.059845e-01 -3.494875e-01 1.888859e-01 3.037272e-01 -3.885880e-02 -2.880103e-02 3.645477e-01 -1.310172e-01 -6.474432e-01 2.495175e-01 -1.757276e-01 7.835757e-02 3.946081e-01 -4.008436e-02 6.037984e-02 2.507766e-01 -3.469516e-01 -7.267293e-02 -4.073217e-03 4.763184e-02 -1.163245e-02 1.952902e-01 -2.504461e-03 -1.973418e-01
<VARIANCE> 39
 2.253429e+00 9.294714e+00 5.731051e+01 1.606145e+01 1.387658e+02 1.010072e+02 2.309177e+01 1.064355e+02 6.077106e+01 5.624630e+01 3.746113e+01 4.349342e+01 4.611695e+00 1.232722e-01 5.049728e-01 6.368822e-01 1.040784e+00 1.599481e+00 1.748836e+00 9.432071e-01 1.656790e+00 2.341516e+00 1.453339e+00 1.938879e+00 1.167020e+00 2.047242e-01 2.402418e-02 6.204687e-02 1.629254e-01 1.761593e-01 1.956503e-01 1.746596e-01 1.708311e-01 4.243707e-01 4.522601e-01 2.471997e-01 2.462265e-01 2.480731e-01 1.687928e-02
<GCONST> 8.957452e+01
<STATE> 10
<MEAN> 39
 2.708228e+00 -1.153799e+01 -1.024854e+01 -6.095049e+00 1.627110e+00 -5.767202e+00 -4.177727e+00 -1.961021e+00 5.259822e+00 -4.046393e+00 -4.826295e+00 -1.260793e+01 7.278706e+01 -4.977067e-02 1.578844e+00 3.209443e-01 -4.567526e-01 5.443464e-01 -1.077649e-01 -5.566978e-02 -7.823867e-01 -7.304157e-01 -7.697269e-01 -8.001036e-02 1.188534e-01 -6.905610e-01 -8.063250e-02 9.432168e-02 1.638399e-01 -3.178434e-02 -9.552874e-02 -1.056274e-02 -1.395289e-01 -2.453032e-01 -5.168701e-01 -1.705264e-01 1.216010e-01 -6.448753e-02 -2.767753e-02
<VARIANCE> 39
 3.012020e+00 1.843475e+01 7.184433e+01 2.220455e+01 4.584893e+01 4.014576e+01 2.242136e+01 6.111186e+01 2.615784e+01 4.351233e+01 5.203641e+01 4.182340e+01 4.264899e+00 1.727791e-01 4.322373e-01 1.077697e+00 1.034278e+00 2.013777e+00 1.999821e+00 8.730992e-01 2.049270e+00 2.789058e+00 1.639464e+00 1.009972e+00 2.968448e+00 3.766071e-02 1.938543e-02 4.275206e-02 1.122007e-01 1.411429e-01 9.341162e-02 1.704029e-01 1.314035e-01 1.968336e-01 2.835248e-01 3.393080e-01 1.577377e-01 2.723444e-01 1.096056e-02
<GCONST> 8.377171e+01
<STATE> 11
<MEAN> 39
 1.400710e+00 -6.129028e+00 -8.048593e+00 -7.961715e+00 2.927296e+00 -4.589252e+00 -6.231596e+00 -8.052879e+00 -2.215745e+00 -8.869195e+00 -2.541132e+00 -1.106742e+01 6.991179e+01 -4.165493e-01 1.494186e+00 1.238233e+00 -1.677864e-02 6.426359e-01 1.448949e-01 -6.029170e-01 -4.142830e-01 -1.175326e+00 -5.597824e-01 7.398274e-01 2.375326e-01 -7.107979e-01 -7.480174e-02 -2.285857e-02 1.030269e-01 2.532510e-01 -1.123810e-01 1.106159e-02 2.401260e-01 3.117233e-01 5.069512e-01 2.374203e-01 -6.721836e-02 1.534861e-01 -2.740107e-02
<VARIANCE> 39
 1.920858e+00 7.517111e+00 5.674756e+01 1.410349e+01 1.896615e+01 2.610167e+01 2.494394e+01 3.231159e+01 2.409640e+01 2.440256e+01 6.645135e+01 5.267021e+01 2.916690e+00 2.120198e-01 2.422961e-01 7.464111e-01 6.182451e-01 2.621666e+00 5.995241e-01 7.674735e-01 2.370068e+00 4.195518e+00 1.966631e+00 9.413547e-01 2.002202e+00 5.653899e-02 3.492328e-02 4.736523e-02 1.610712e-01 8.892874e-02 2.102910e-01 1.324497e-01 1.731474e-01 1.203781e-01 5.968888e-01 2.503888e-01 2.175456e-01 4.769852e-01 1.009491e-02
<GCONST> 7.985243e+01
<STATE> 12
<MEAN> 39
 -6.971695e-01 1.870527e+00 -1.283244e+00 -6.831725e+00 3.806337e+00 -4.890538e+00 -3.180947e+00 -3.242196e+00 1.124952e+00 -4.406070e+00 6.146010e-01 -7.920768e+00 6.663598e+01 -6.537601e-01 9.314686e-01 7.230704e-01 6.579542e-01 2.427584e-01 5.596309e-01 6.968440e-01 3.348159e-02 3.025955e-01 -3.278971e-01 -3.808318e-01 -6.947625e-02 -8.069091e-01 -3.791060e-02 -1.128435e-01 3.293209e-03 1.188783e-01 -1.334422e-02 6.148799e-02 6.083375e-04 -1.293891e-01 -1.853827e-01 -1.801429e-01 -1.365532e-01 -1.626688e-01 5.391811e-03
<VARIANCE> 39
 7.533106e+00 1.828787e+01 2.252772e+01 2.343362e+01 2.483853e+01 3.542585e+01 2.616000e+01 4.505914e+01 1.232798e+01 2.728099e+01 3.501113e+01 2.363404e+01 4.971743e+00 1.380226e-01 3.752916e-01 8.786672e-01 7.527367e-01 8.437669e-01 8.807026e-01 8.775721e-01 1.475798e+00 2.076914e+00 1.503618e+00 1.042215e+00 1.441596e+00 7.281199e-02 3.355882e-02 3.850271e-02 4.522275e-02 1.226527e-01 1.662440e-01 1.568153e-01 1.780203e-01 2.034402e-01 2.145156e-01 1.578476e-01 1.692619e-01 1.673640e-01 7.847363e-03
<GCONST> 7.576958e+01
<STATE> 13
<MEAN> 39
 -3.541469e+00 1.117566e+00 -2.411093e+00 -3.458693e+00 5.752908e+00 -2.173545e+00 -5.328781e+00 -1.415445e+01 -9.253446e+00 -1.996434e+01 -1.381037e+01 -1.798023e+01 6.382499e+01 -4.003142e-01 9.302925e-01 1.318759e+00 8.167903e-01 -7.739033e-02 3.325157e-02 1.564578e-01 -7.475825e-01 -1.522396e+00 -8.784586e-01 -2.572738e-01 -3.981580e-01 -4.659511e-01 -1.243770e-02 -1.707294e-01 -1.740163e-01 -1.073989e-01 -2.988059e-02 -1.076621e-01 -6.626259e-02 7.859914e-02 1.591384e-01 2.411587e-01 9.376494e-02 3.807832e-02 6.149258e-02
<VARIANCE> 39
 5.354291e+00 1.318810e+01 2.630283e+01 8.218802e+00 1.004695e+01 9.712136e+00 1.964937e+01 4.087104e+01 6.508332e+01 6.346252e+01 5.981617e+01 2.990297e+01 2.402077e+00 2.792364e-01 2.281856e-01 7.133175e-01 6.950146e-01 5.334213e-01 1.012377e+00 1.444498e+00 1.162745e+00 1.089319e+00 9.324492e-01 6.450379e-01 7.898786e-01 1.092055e-01 4.446448e-02 4.210079e-02 7.982466e-02 1.042808e-01 9.905474e-02 2.216980e-01 2.646519e-01 1.481238e-01 1.752281e-01 1.441910e-01 1.669468e-01 2.425438e-01 1.740208e-02
<GCONST> 7.378253e+01
<STATE> 14
<MEAN> 39
 -4.520696e+00 4.192794e+00 1.994639e+00 -1.665458e+00 4.287876e+00 -2.546557e+00 -4.244027e+00 -1.243283e+01 -8.186453e+00 -1.631034e+01 -7.991976e+00 -1.462002e+01 6.267847e+01 -9.899435e-01 -2.022151e-03 4.493923e-01 1.835304e-01 9.929412e-02 -2.920018e-01 2.330520e-01 2.946688e-01 2.965249e-01 2.410702e-01 -1.096149e-01 -1.610837e-01 -5.686620e-01 -1.575758e-01 -3.116384e-01 -2.601237e-01 -2.190744e-01 9.609213e-02 -5.742835e-02 2.231387e-01 2.310327e-01 3.726188e-01 3.562858e-01 7.601752e-02 2.533791e-01 -1.119359e-02
<VARIANCE> 39
 3.142005e+00 9.838096e+00 1.596394e+01 9.521186e+00 1.258636e+01 1.319311e+01 1.275088e+01 6.869940e+01 9.228311e+01 8.496694e+01 7.272493e+01 4.359377e+01 1.377487e+00 2.431474e-01 3.866140e-01 2.450384e-01 4.355200e-01 8.024819e-01 7.186574e-01 7.115021e-01 1.658185e+00 1.112168e+00 6.784128e-01 1.979736e+00 6.468750e-01 6.460633e-02 2.134650e-02 4.369626e-02 4.643311e-02 1.135241e-01 1.078863e-01 2.035991e-01 6.416040e-02 1.780880e-01 1.560654e-01 1.409262e-01 2.186348e-01 1.948308e-01 5.613052e-03
<GCONST> 6.893939e+01
<STATE> 15
<MEAN> 39
 -8.565963e+00 3.031574e+00 2.478984e+00 -1.516817e+00 4.947429e+00 -2.577062e+00 -5.791326e-01 -9.494898e+00 -4.183681e+00 -1.208169e+01 -6.996366e+00 -1.225883e+01 6.079860e+01 -1.217774e+00 -4.975235e-01 6.600812e-02 1.678160e-01 1.329115e-02 5.906616e-02 7.668100e-01 3.400812e-01 8.210804e-02 1.711672e-01 2.742570e-01 8.385254e-01 -5.679455e-01 5.132978e-02 -9.235749e-02 1.445472e-02 -2.071060e-02 -1.517238e-01 8.067445e-02 -5.499107e-02 9.687026e-02 -8.680235e-02 -2.485851e-01 -1.270126e-03 7.503452e-02 1.539561e-02
<VARIANCE> 39
 5.062661e+00 1.598888e+01 1.773626e+01 8.637779e+00 7.632887e+00 1.361733e+01 1.788010e+01 3.269019e+01 4.753584e+01 6.164605e+01 4.417155e+01 2.904018e+01 1.477113e+00 1.355926e-01 1.874753e-01 4.123920e-01 4.050515e-01 4.068417e-01 7.559509e-01 1.111997e+00 7.640294e-01 1.270050e+00 1.077335e+00 7.589359e-01 7.737235e-01 4.666563e-02 2.890715e-02 7.513332e-02 7.890186e-02 8.655156e-02 9.561179e-02 1.553872e-01 1.577584e-01 1.733496e-01 2.178706e-01 7.782318e-02 1.536438e-01 1.818015e-01 1.050003e-02
<GCONST> 6.642101e+01
<STATE> 16
<MEAN> 39
 -1.191995e+01 8.522449e-01 2.445978e+00 -2.064294e+00 3.992424e+00 -1.124309e+00 1.983066e+00 -4.704359e+00 -8.631394e-03 -1.060542e+01 -4.680199e+00 -9.133205e+00 5.881887e+01 -6.171254e-01 -4.707659e-01 5.188666e-01 4.455017e-01 -4.316408e-01 4.497622e-01 6.917484e-01 7.999971e-01 1.157214e-01 -8.845569e-01 -5.068513e-01 -2.593075e-01 -4.444661e-01 1.246634e-01 1.020251e-01 9.210850e-02 2.442269e-01 1.500882e-01 -1.423030e-02 2.341840e-02 3.365864e-02 -9.033717e-02 9.565506e-02 7.654955e-02 -1.599023e-01 7.602097e-02
<VARIANCE> 39
 1.779653e+00 1.062048e+01 1.199378e+01 9.308784e+00 2.733051e+01 1.977333e+01 2.429674e+01 3.615928e+01 4.028608e+01 4.225076e+01 3.123034e+01 2.226045e+01 5.459291e-01 1.220112e-01 5.927833e-01 5.854590e-01 6.793426e-01 7.530464e-01 1.131819e+00 1.393343e+00 1.053854e+00 1.499419e+00 1.148520e+00 1.357033e+00 1.050119e+00 9.389461e-02 3.056743e-02 8.193269e-02 1.215084e-01 6.911848e-02 1.563471e-01 2.240170e-01 3.296632e-01 1.978491e-01 3.593370e-01 2.824173e-01 2.900020e-01 1.680672e-01 8.977351e-03
<GCONST> 7.411572e+01
<STATE> 17
<MEAN> 39
 -1.469693e+01 6.216404e-01 8.144653e+00 5.259012e+00 6.603152e+00 -5.216288e-01 5.147623e+00 -1.894497e-01 1.275692e+00 -1.084733e+01 -5.527460e+00 -8.934441e+00 5.729403e+01 -4.330711e-01 -1.560021e-01 1.061801e-01 3.079582e-01 1.539506e-02 -8.560945e-02 1.464881e-01 2.211659e-01 1.527667e-01 2.734220e-01 3.295103e-01 3.136192e-01 -2.207391e-01 1.974047e-02 -1.244328e-01 -2.928349e-01 -2.039385e-01 3.018078e-02 1.005595e-01 4.281270e-02 -1.222479e-01 6.059578e-02 6.910095e-02 6.129953e-02 -2.238153e-03 2.885043e-02
<VARIANCE> 39
 6.645055e+00 3.493081e+00 1.439793e+01 1.985868e+01 2.034216e+01 3.071294e+01 4.983796e+01 5.899308e+01 6.939378e+01 5.430435e+01 1.732932e+01 2.080679e+01 1.886151e+00 2.806136e-01 3.743497e-01 1.153884e+00 1.228815e+00 1.489663e+00 1.926445e+00 2.825867e+00 1.057067e+00 1.766275e+00 8.283608e-01 1.120832e+00 6.382722e-01 6.727560e-02 6.347019e-02 6.744308e-02 8.210482e-02 8.499543e-02 2.801680e-01 2.860930e-01 3.803281e-01 1.961699e-01 2.622187e-01 1.790377e-01 2.118742e-01 1.350406e-01 1.460948e-02
<GCONST> 8.087222e+01
<STATE> 18
<MEAN> 39
 -1.522600e+01 -1.751138e+00 3.443444e+00 2.239173e+00 5.994937e+00 2.537696e-01 5.991595e+00 -2.054668e+00 -1.452612e+00 -1.211744e+01 -4.568800e+00 -9.493301e+00 5.719417e+01 -4.807484e-01 -8.427863e-01 -4.855439e-01 2.129098e-01 5.293985e-01 5.491413e-01 5.397987e-01 1.723587e-01 2.251287e-01 2.197686e-01 8.416013e-02 4.921945e-02 -1.812711e-01 -3.692548e-02 -1.838039e-02 7.252572e-02 -4.353143e-02 -2.024422e-02 2.427237e-02 -1.157465e-01 1.981766e-02 1.138680e-01 1.421135e-01 -3.884757e-02 -1.455483e-02 -3.632434e-02
<VARIANCE> 39
 1.327767e+00 3.769702e+00 5.915856e+00 8.229228e+00 2.982067e+01 1.587860e+01 3.614477e+01 9.659945e+01 5.934621e+01 4.667689e+01 2.630908e+01 2.367747e+01 3.204514e-01 3.685523e-01 4.603602e-01 7.286971e-01 7.114021e-01 8.977723e-01 1.140739e+00 1.041875e+00 1.564426e+00 8.476811e-01 9.538013e-01 1.330613e+00 1.369478e+00 1.100174e-01 2.817629e-02 5.416489e-02 1.075757e-01 2.055481e-01 1.785126e-01 1.907617e-01 2.115196e-01 3.104558e-01 2.568695e-01 2.154520e-01 1.830713e-01 2.742946e-01 9.697601e-03
<GCONST> 7.405505e+01
<STATE> 19
<MEAN> 39
 -1.882881e+01 -5.904230e+00 1.945512e+00 2.055384e+00 7.647262e+00 4.720178e+00 9.954635e+00 -4.583511e-01 -4.826490e-02 -9.821406e+00 -4.717080e+00 -1.010275e+01 5.543839e+01 -5.985897e-01 -7.459221e-01 -5.422489e-01 -3.570683e-01 8.625943e-02 4.227238e-01 5.102076e-01 4.668846e-01 4.552116e-01 6.282374e-01 5.533651e-02 -2.702248e-01 -2.417009e-01 6.804640e-02 1.017342e-01 -1.815267e-02 3.674460e-03 3.334477e-02 -5.883811e-02 -7.999989e-02 -3.308881e-03 -9.211373e-02 -1.288871e-01 -2.822702e-02 1.864753e-02 5.224323e-02
<VARIANCE> 39
 3.814264e+00 8.307111e+00 8.204351e+00 1.381591e+01 3.625831e+01 4.046505e+01 4.759462e+01 4.023166e+01 2.228311e+01 4.748960e+01 4.316709e+01 2.218319e+01 1.034902e+00 1.158968e-01 5.025724e-01 4.036875e-01 1.209534e+00 1.910119e+00 1.884030e+00 2.288371e+00 2.293241e+00 1.327859e+00 2.080654e+00 1.471906e+00 1.072990e+00 4.274645e-02 1.154131e-02 9.786370e-02 1.005362e-01 2.058637e-01 2.764664e-01 2.273505e-01 4.204347e-01 4.551888e-01 2.059546e-01 3.839286e-01 3.049234e-01 2.199249e-01 5.902806e-03
<GCONST> 8.081824e+01
<TRANSP> 20
 0.000000e+00 1.000000e+00 0.000000e+00 0.000000e+00 0.000000e+00 0.000000e+00 0.000000e+00 0.000000e+00 0.000000e+00 0.000000e+00 0.000000e+00 0.000000e+00 0.000000e+00 0.000000e+00 0.000000e+00 0.000000e+00 0.000000e+00 0.000000e+00 0.000000e+00 0.000000e+00
 0.000000e+00 6.919065e-01 3.080935e-01 0.000000e+00 0.000000e+00 0.000000e+00 0.000000e+00 0.000000e+00 0.000000e+00 0.000000e+00 0.000000e+00 0.000000e+00 0.000000e+00 0.000000e+00 0.000000e+00 0.000000e+00 0.000000e+00 0.000000e+00 0.000000e+00 0.000000e+00
 0.000000e+00 0.000000e+00 7.821252e-01 2.178749e-01 0.000000e+00 0.000000e+00 0.000000e+00 0.000000e+00 0.000000e+00 0.000000e+00 0.000000e+00 0.000000e+00 0.000000e+00 0.000000e+00 0.000000e+00 0.000000e+00 0.000000e+00 0.000000e+00 0.000000e+00 0.000000e+00
 0.000000e+00 0.000000e+00 0.000000e+00 7.201217e-01 2.798783e-01 0.000000e+00 0.000000e+00 0.000000e+00 0.000000e+00 0.000000e+00 0.000000e+00 0.000000e+00 0.000000e+00 0.000000e+00 0.000000e+00 0.000000e+00 0.000000e+00 0.000000e+00 0.000000e+00 0.000000e+00
 0.000000e+00 0.000000e+00 0.000000e+00 0.000000e+00 7.703038e-01 2.296962e-01 0.000000e+00 0.000000e+00 0.000000e+00 0.000000e+00 0.000000e+00 0.000000e+00 0.000000e+00 0.000000e+00 0.000000e+00 0.000000e+00 0.000000e+00 0.000000e+00 0.000000e+00 0.000000e+00
 0.000000e+00 0.000000e+00 0.000000e+00 0.000000e+00 0.000000e+00 7.056701e-01 2.943299e-01 0.000000e+00 0.000000e+00 0.000000e+00 0.000000e+00 0.000000e+00 0.000000e+00 0.000000e+00 0.000000e+00 0.000000e+00 0.000000e+00 0.000000e+00 0.000000e+00 0.000000e+00
 0.000000e+00 0.000000e+00 0.000000e+00 0.000000e+00 0.000000e+00 0.000000e+00 6.926934e-01 3.073066e-01 0.000000e+00 0.000000e+00 0.000000e+00 0.000000e+00 0.000000e+00 0.000000e+00 0.000000e+00 0.000000e+00 0.000000e+00 0.000000e+00 0.000000e+00 0.000000e+00
 0.000000e+00 0.000000e+00 0.000000e+00 0.000000e+00 0.000000e+00 0.000000e+00 0.000000e+00 7.347060e-01 2.652940e-01 0.000000e+00 0.000000e+00 0.000000e+00 0.000000e+00 0.000000e+00 0.000000e+00 0.000000e+00 0.000000e+00 0.000000e+00 0.000000e+00 0.000000e+00
 0.000000e+00 0.000000e+00 0.000000e+00 0.000000e+00 0.000000e+00 0.000000e+00 0.000000e+00 0.000000e+00 7.956085e-01 2.043916e-01 0.000000e+00 0.000000e+00 0.000000e+00 0.000000e+00 0.000000e+00 0.000000e+00 0.000000e+00 0.000000e+00 0.000000e+00 0.000000e+00
 0.000000e+00 0.000000e+00 0.000000e+00 0.000000e+00 0.000000e+00 0.000000e+00 0.000000e+00 0.000000e+00 0.000000e+00 7.815600e-01 2.184400e-01 0.000000e+00 0.000000e+00 0.000000e+00 0.000000e+00 0.000000e+00 0.000000e+00 0.000000e+00 0.000000e+00 0.000000e+00
 0.000000e+00 0.000000e+00 0.000000e+00 0.000000e+00 0.000000e+00 0.000000e+00 0.000000e+00 0.000000e+00 0.000000e+00 0.000000e+00 6.992922e-01 3.007078e-01 0.000000e+00 0.000000e+00 0.000000e+00 0.000000e+00 0.000000e+00 0.000000e+00 0.000000e+00 0.000000e+00
 0.000000e+00 0.000000e+00 0.000000e+00 0.000000e+00 0.000000e+00 0.000000e+00 0.000000e+00 0.000000e+00 0.000000e+00 0.000000e+00 0.000000e+00 8.003220e-01 1.996780e-01 0.000000e+00 0.000000e+00 0.000000e+00 0.000000e+00 0.000000e+00 0.000000e+00 0.000000e+00
 0.000000e+00 0.000000e+00 0.000000e+00 0.000000e+00 0.000000e+00 0.000000e+00 0.000000e+00 0.000000e+00 0.000000e+00 0.000000e+00 0.000000e+00 0.000000e+00 6.452993e-01 3.547007e-01 0.000000e+00 0.000000e+00 0.000000e+00 0.000000e+00 0.000000e+00 0.000000e+00
 0.000000e+00 0.000000e+00 0.000000e+00 0.000000e+00 0.000000e+00 0.000000e+00 0.000000e+00 0.000000e+00 0.000000e+00 0.000000e+00 0.000000e+00 0.000000e+00 0.000000e+00 6.034113e-01 3.965887e-01 0.000000e+00 0.000000e+00 0.000000e+00 0.000000e+00 0.000000e+00
 0.000000e+00 0.000000e+00 0.000000e+00 0.000000e+00 0.000000e+00 0.000000e+00 0.000000e+00 0.000000e+00 0.000000e+00 0.000000e+00 0.000000e+00 0.000000e+00 0.000000e+00 0.000000e+00 7.277440e-01 2.722560e-01 0.000000e+00 0.000000e+00 0.000000e+00 0.000000e+00
 0.000000e+00 0.000000e+00 0.000000e+00 0.000000e+00 0.000000e+00 0.000000e+00 0.000000e+00 0.000000e+00 0.000000e+00 0.000000e+00 0.000000e+00 0.000000e+00 0.000000e+00 0.000000e+00 0.000000e+00 7.091964e-01 2.908036e-01 0.000000e+00 0.000000e+00 0.000000e+00
 0.000000e+00 0.000000e+00 0.000000e+00 0.000000e+00 0.000000e+00 0.000000e+00 0.000000e+00 0.000000e+00 0.000000e+00 0.000000e+00 0.000000e+00 0.000000e+00 0.000000e+00 0.000000e+00 0.000000e+00 0.000000e+00 7.514478e-01 2.485522e-01 0.000000e+00 0.000000e+00
 0.000000e+00 0.000000e+00 0.000000e+00 0.000000e+00 0.000000e+00 0.000000e+00 0.000000e+00 0.000000e+00 0.000000e+00 0.000000e+00 0.000000e+00 0.000000e+00 0.000000e+00 0.000000e+00 0.000000e+00 0.000000e+00 0.000000e+00 7.580606e-01 2.419394e-01 0.000000e+00
 0.000000e+00 0.000000e+00 0.000000e+00 0.000000e+00 0.000000e+00 0.000000e+00 0.000000e+00 0.000000e+00 0.000000e+00 0.000000e+00 0.000000e+00 0.000000e+00 0.000000e+00 0.000000e+00 0.000000e+00 0.000000e+00 0.000000e+00 0.000000e+00 7.729301e-01 2.270699e-01
 0.000000e+00 0.000000e+00 0.000000e+00 0.000000e+00 0.000000e+00 0.000000e+00 0.000000e+00 0.000000e+00 0.000000e+00 0.000000e+00 0.000000e+00 0.000000e+00 0.000000e+00 0.000000e+00 0.000000e+00 0.000000e+00 0.000000e+00 0.000000e+00 0.000000e+00 0.000000e+00
<ENDHMM>
