~o
<STREAMINFO> 1 39
<VECSIZE> 39<NULLD><MFCC_D_A_0><DIAGC>
~h "nol"
<BEGINHMM>
<NUMSTATES> 20
<STATE> 2
<MEAN> 39
 -1.770477e+01 -4.557257e+00 -1.848071e+00 -3.751309e+00 2.326814e+00 -5.169739e+00 2.987141e+00 -6.949732e+00 3.639359e-01 -6.940982e+00 -2.367317e-01 -5.613544e+00 5.744077e+01 1.013595e+00 1.356974e+00 1.420858e+00 1.003455e+00 2.079052e-01 -5.337350e-01 -7.491053e-01 -7.415457e-01 -4.168880e-01 -2.281092e-01 -5.535930e-02 -1.410689e-01 4.522902e-01 5.183684e-01 5.254585e-01 4.095947e-01 2.018095e-01 -1.432649e-01 -4.324765e-01 -4.850064e-01 -4.188775e-01 -2.198478e-01 -9.598045e-02 -2.608462e-02 -2.127101e-02 2.209685e-01
<VARIANCE> 39
 8.216725e+00 8.989432e+00 1.047257e+01 8.337307e+00 1.448529e+01 2.486452e+01 2.663547e+01 2.142645e+01 2.077073e+01 1.080292e+01 1.572203e+01 1.358130e+01 1.008065e+00 2.241943e+00 2.375314e+00 2.358508e+00 2.025414e+00 1.389521e+00 2.705937e+00 3.471016e+00 3.710140e+00 2.512786e+00 1.639785e+00 3.154426e+00 2.129593e+00 3.493971e-01 3.014250e-01 3.278503e-01 2.397240e-01 2.272530e-01 2.662608e-01 4.685507e-01 4.836709e-01 6.713002e-01 4.503826e-01 2.134610e-01 4.553764e-01 2.960264e-01 6.034170e-02
<GCONST> 9.726859e+01
<STATE> 3
<MEAN> 39
 -6.834162e+00 6.070909e+00 9.623860e+00 3.040433e+00 8.454823e-01 -1.069878e+01 -7.991903e+00 -1.471622e+01 -6.207633e+00 -9.916842e+00 -4.595938e-01 -6.753335e+00 6.121912e+01 3.208430e+00 3.189348e+00 2.302143e+00 2.774008e-01 -1.619737e+00 -2.604286e+00 -2.990791e+00 -2.210268e+00 -1.187214e+00 1.609121e-02 6.348940e-01 3.111963e-01 1.468899e+00 -2.846642e-01 -7.738073e-01 -1.073172e+00 -9.738201e-01 -2.658513e-01 3.943119e-01 4.049058e-01 5.982686e-01 7.818919e-01 5.173144e-01 2.019681e-01 8.888280e-02 1.087846e-02
<VARIANCE> 39
 7.974353e+00 9.727632e+00 1.237917e+01 1.846724e+01 2.263552e+01 1.983858e+01 2.028068e+01 1.656087e+01 2.489846e+01 3.197529e+01 4.925955e+01 4.403286e+01 1.908987e+00 8.393753e-01 1.491430e+00 2.163667e+00 2.359796e+00 9.112262e-01 1.843371e+00 2.071662e+00 2.594856e+00 2.886495e+00 2.424612e+00 4.377059e+00 2.113327e+00 1.304236e-01 1.898032e-01 2.699773e-01 3.267380e-01 2.692545e-01 4.118092e-01 5.854936e-01 2.435517e-01 3.855765e-01 5.572892e-01 2.504569e-01 5.938937e-01 4.850455e-01 4.610590e-02
<GCONST> 9.910125e+01
<STATE> 4
<MEAN> 39
 -9.691609e-01 9.113647e+00 8.809875e+00 -8.660182e-01 -3.002292e+00 -1.402457e+01 -1.236733e+01 -1.575104e+01 -3.369319e+00 -5.687510e+00 1.505668e+00 -5.926013e+00 6.476888e+01 1.308776e+00 -1.190867e+00 -2.524992e+00 -1.933099e+00 5.965647e-01 6.907941e-01 -7.292270e-01 9.050117e-01 1.464627e+00 1.126217e+00 8.277162e-02 -9.323782e-01 1.401016e+00 -3.160111e-01 -1.215641e+00 -1.176643e+00 -5.725280e-01 8.547984e-01 1.089080e+00 5.381225e-01 7.665635e-01 2.253996e-01 -6.889175e-02 -9.153283e-02 -4.032260e-01 1.460418e-01
<VARIANCE> 39
 2.304451e+00 6.430443e+00 2.114297e+01 1.939948e+01 1.440484e+01 1.712048e+01 2.735458e+01 2.389019e+01 3.954983e+01 5.356097e+01 9.034227e+01 4.570947e+01 1.586787e+00 5.406056e-01 3.605849e+00 4.116191e+00 2.388642e+00 4.387870e+00 3.289020e+00 3.376817e+00 2.755078e+00 3.692181e+00 2.343122e+00 4.006409e+00 4.143914e+00 4.745652e-01 1.115602e-01 2.961960e-01 3.545742e-01 3.090378e-01 4.304253e-01 4.975274e-01 6.319474e-01 5.064220e-01 6.424057e-01 3.283522e-01 5.139064e-01 5.224684e-01 7.345302e-02
<GCONST> 1.071170e+02
<STATE> 5
<MEAN> 39
 2.700044e+00 -3.005117e+00 -5.690122e+00 -1.203223e+01 5.733401e+00 -4.259367e+00 -1.406617e+01 -6.968830e+00 8.509231e-01 -3.746394e+00 2.860944e+00 -1.293828e+01 7.201180e+01 7.639591e-01 -3.021078e+00 -3.318460e+00 -3.091616e+00 1.481843e+00 3.789256e+00 9.691073e-01 1.329236e+00 2.521820e-01 -4.639995e-01 4.065207e-01 -4.450332e-01 1.521624e+00 -2.664775e-01 6.395575e-01 8.513318e-01 4.166399e-01 -5.865808e-01 -4.412326e-03 5.939383e-01 -8.325486e-01 -5.197752e-01 -3.600956e-01 -2.011536e-03 6.937459e-01 -4.425623e-01
<VARIANCE> 39
 1.832328e+00 3.736777e+01 6.165174e+01 3.362917e+01 6.957568e+01 4.250679e+01 6.485483e+01 1.120833e+02 7.683076e+01 1.467804e+02 2.060651e+02 4.887741e+01 7.442956e+00 3.294005e-01 2.190687e+00 4.268812e+00 2.650951e+00 5.818416e+00 1.095443e+00 3.794062e+00 5.472123e+00 4.091364e+00 3.458195e+00 3.611085e+00 4.452666e+00 5.947555e-01 3.782041e-02 4.043884e-01 2.939593e-01 5.120438e-01 6.679947e-01 4.653963e-01 4.427930e-01 5.005193e-01 6.775551e-01 9.310106e-01 8.619366e-01 7.099473e-01 4.130901e-02
<GCONST> 1.199845e+02
<STATE> 6
<MEAN> 39
 3.594270e+00 -5.466854e+00 -1.084348e+01 -1.715728e+01 4.752947e+00 3.075600e+00 -8.726561e+00 -1.081864e+01 -8.643766e-02 -6.524842e+00 1.991950e+00 -9.786657e+00 7.268282e+01 2.021363e-01 -1.181590e-01 -4.376160e-01 -1.096983e+00 -1.283280e-01 2.256553e+00 1.179752e+00 -1.407991e+00 -4.765996e-01 -8.083281e-01 -2.003141e-01 7.832496e-01 1.823931e-01 -1.116942e-01 4.758350e-01 5.678131e-01 4.033905e-01 -1.402239e-01 -4.696619e-01 -4.830979e-01 -1.138081e-01 -1.105276e-01 -1.487617e-01 -1.351038e-01 -1.472301e-02 -1.880187e-01
<VARIANCE> 39
 9.147842e-01 3.351485e+01 8.172769e+01 1.663052e+01 7.008716e+01 4.272141e+01 4.873588e+01 1.097757e+02 5.862293e+01 5.446910e+01 1.582133e+02 3.254545e+01 8.304878e+00 1.124672e-01 5.502759e-01 1.560076e+00 5.783983e-01 2.131195e+00 1.106514e+00 1.259425e+00 1.242267e+00 1.466781e+00 3.918828e+00 1.364046e+00 2.089842e+00 4.109637e-02 1.297611e-02 1.654941e-01 2.868797e-01 1.340293e-01 2.611432e-01 2.400746e-01 1.575171e-01 3.953097e-01 1.846993e-01 2.828364e-01 2.525732e-01 2.514599e-01 1.982630e-02
<GCONST> 9.108428e+01
<STATE> 7
<MEAN> 39
 4.329937e+00 -1.659874e-01 -1.254574e+01 -2.008229e+01 -3.158315e+00 6.063888e+00 -1.711260e+00 -1.774444e+01 -7.855513e+00 -8.417844e+00 4.309414e+00 -4.079705e+00 7.040188e+01 -3.562710e-02 1.363174e-01 -3.350385e-01 -4.347306e-01 -2.464113e-01 4.210271e-01 1.847808e-01 3.279743e-02 -2.999749e-01 -9.235637e-02 -3.670121e-02 1.091279e-01 -3.275896e-02 -3.960727e-02 -2.412261e-02 2.203425e-02 4.280554e-02 2.740951e-02 -1.319993e-01 -1.332819e-01 8.488081e-02 1.235248e-01 2.089454e-01 -6.489557e-03 -8.879483e-02 1.394481e-03
<VARIANCE> 39
 8.281842e-01 1.612770e+01 2.553890e+01 7.491601e+00 2.880580e+01 3.974790e+01 3.095034e+01 3.607475e+01 4.423236e+01 1.672472e+01 5.363346e+01 2.063919e+01 4.659202e+00 7.886598e-02 2.189207e-01 4.019307e-01 1.757234e-01 3.469055e-01 8.634440e-01 4.440527e-01 8.219973e-01 5.544250e-01 1.332480e+00 1.046061e+00 6.667752e-01 3.099858e-02 1.536541e-02 4.149983e-02 7.913397e-02 3.309629e-02 1.304202e-01 1.961585e-01 7.848556e-02 1.660129e-01 1.269960e-01 2.136452e-01 1.499911e-01 1.290198e-01 6.564332e-03
<GCONST> 6.179215e+01
<STATE> 8
<MEAN> 39
 2.055831e+00 -7.196822e+00 -2.281348e+00 -2.506087e+01 8.981098e+00 8.548901e+00 -1.564471e+01 -2.188446e+00 -5.670087e+00 -6.014880e+00 8.653653e+00 -1.018329e+01 7.627871e+01 -9.311564e-02 1.070431e-01 -2.419895e-01 -3.271019e-01 3.077403e-01 -7.660387e-01 -4.841146e-01 -9.610461e-02 -5.179743e-01 4.723865e-01 8.725564e-02 -7.742048e-02 -4.148520e-02 4.047758e-02 8.696994e-02 5.229940e-02 1.234828e-01 -3.685017e-02 -2.190153e-01 1.312961e-01 -3.258797e-02 7.900151e-02 1.571249e-01 1.115509e-02 -3.138600e-03 -6.190511e-02
<VARIANCE> 39
 1.976921e+00 2.290695e+01 1.046326e+02 1.528330e+01 5.333321e+01 2.654649e+01 7.495733e+01 1.027161e+02 4.814778e+01 2.646070e+01 7.749186e+01 1.823285e+01 1.437453e+01 3.712520e-02 4.153109e-01 4.111609e-01 6.141471e-01 1.264827e+00 1.599070e+00 1.008896e+00 1.488303e+00 1.888948e+00 8.639892e-01 7.235139e-01 6.959016e-01 1.387307e-01 1.441769e-02 1.050773e-01 8.076159e-02 1.164162e-01 1.909024e-01 1.140814e-01 1.345930e-01 1.893147e-01 3.088303e-01 2.266442e-01 1.258340e-01 1.698042e-01 1.100198e-02
<GCONST> 7.986053e+01
<STATE> 9
<MEAN> 39
 3.157463e+00 -8.887475e+00 -1.390242e+01 -1.940786e+01 6.068589e+00 9.324498e+00 -1.147023e+01 -2.083101e+01 3.205058e+00 -1.259366e+01 -1.200584e+01 -1.152372e+01 7.317255e+01 -1.518466e-01 4.603996e-01 6.883677e-01 -1.094408e-01 -9.086587e-01 -6.552186e-02 -2.925077e-01 -4.368004e-01 1.546288e-02 7.258757e-02 9.829412e-04 -5.397080e-02 -3.358219e-01 -2.570049e-02 7.350470e-02 4.931773e-02 5.980381e-02 -1.113896e-01 -1.060476e-01 1.860982e-02 1.116055e-01 -9.646084e-02 -6.113314e-02 -4.602042e-02 -6.182617e-02 -6.173418e-02
<VARIANCE> 39
 1.061434e+00 3.001855e+01 4.437492e+01 1.467280e+01 4.315207e+01 5.024943e+01 5.081657e+01 8.596845e+01 6.568797e+01 4.720022e+01 2.004928e+02 1.796513e+01 5.732567e+00 1.375071e-01 9.556850e-01 1.290074e+00 7.110247e-01 8.414878e-01 1.841528e+00 2.338524e+00 2.044247e+00 1.537787e+00 2.069847e+00 1.637767e+00 7.029223e-01 1.137802e-01 1.155791e-02 9.736034e-02 2.488014e-01 1.258295e-01 1.081482e-01 2.634053e-01 3.751968e-01 3.772182e-01 2.531503e-01 1.756189e-01 3.302766e-01 1.773859e-01 5.439311e-03
<GCONST> 8.773614e+01
<STATE> 10
<MEAN> 39
 2.128835e+00 -2.243924e+00 -8.715369e+00 -2.278428e+01 -1.049185e+01 1.581067e+01 -2.440462e+00 -2.047883e+01 1.557145e+00 1.796201e+00 1.617788e+00 -4.197273e-01 7.122043e+01 -1.311009e-01 3.649691e-01 1.044216e+00 2.450449e-01 -5.052634e-01 -1.465884e-01 -1.719777e-01 -2.170397e-01 4.512283e-01 1.459471e-01 -6.473311e-01 3.693471e-01 -2.218220e-01 -4.865775e-02 7.568697e-02 5.657487e-02 3.356353e-01 2.537923e-01 -1.564321e-01 1.026861e-01 1.690460e-01 -2.682362e-01 -3.545099e-01 3.939230e-02 -9.445190e-02 -8.353063e-02
<VARIANCE> 39
 2.331112e+00 7.529387e+00 2.696100e+01 1.373015e+01 8.078160e+01 6.865796e+01 5.086568e+01 5.924985e+01 5.655809e+01 5.751257e+01 5.143798e+01 4.223244e+01 2.185861e+00 1.797598e-01 6.738265e-01 5.712742e-01 9.462350e-01 2.599137e+00 2.002208e+00 8.908596e-01 2.345750e+00 3.060115e+00 2.569423e+00 8.127185e-01 1.773761e+00 1.322894e-01 3.087022e-02 6.653700e-02 8.000942e-02 1.071834e-01 4.289975e-01 1.781866e-01 1.558743e-01 3.153798e-01 3.627988e-01 2.239034e-01 1.869800e-01 2.097258e-01 9.122288e-03
<GCONST> 8.672965e+01
<STATE> 11
<MEAN> 39
 2.699722e+00 7.330893e-01 -6.932710e+00 -1.983954e+01 1.858883e+00 6.516279e-03 -9.307475e+00 -1.037752e+01 -8.306168e+00 -6.485404e+00 2.600488e+00 -1.122212e+01 7.008794e+01 -4.132944e-01 5.574612e-01 4.215318e-01 1.386291e+00 -6.903008e-02 -4.973423e-01 7.462599e-01 -4.296175e-01 -2.038672e-01 -8.713121e-01 -6.287084e-01 -2.693442e-01 -7.613930e-01 -1.632880e-01 -6.954209e-02 9.137427e-02 1.465673e-01 1.521741e-01 1.086895e-01 5.791395e-02 -9.554096e-02 6.048007e-02 -3.179700e-02 5.576961e-02 1.636252e-01 -5.866662e-02
<VARIANCE> 39
 3.290469e+00 6.734317e+00 4.002128e+01 1.045797e+01 5.954499e+01 4.664977e+01 4.593943e+01 7.947067e+01 3.800886e+01 4.099056e+01 9.713966e+01 3.308833e+01 5.549157e+00 1.818647e-01 2.640501e-01 7.289464e-01 6.789443e-01 1.401563e+00 1.146338e+00 5.225477e-01 1.546475e+00 1.790673e+00 1.011440e+00 9.041938e-01 9.319622e-01 5.782348e-02 1.621735e-02 3.722835e-02 4.253630e-02 1.282663e-01 2.718977e-01 2.064089e-01 9.466839e-02 2.341357e-01 2.181021e-01 3.033779e-01 1.010805e-01 1.310343e-01 8.850524e-03
<GCONST> 7.709869e+01
<STATE> 12
<MEAN> 39
 3.250576e-01 2.180442e+00 -5.074665e+00 -1.450097e+01 -2.626278e-01 9.423857e-01 -7.129317e+00 -1.704940e+01 -7.429495e+00 -1.132849e+01 -3.911699e+00 -9.904092e+00 6.691991e+01 -8.748239e-01 2.416834e-01 7.403650e-01 1.564095e+00 5.340210e-01 -1.931978e-01 9.060607e-01 3.000142e-01 -3.068774e-01 1.496468e-01 1.241884e-01 2.836253e-01 -7.694375e-01 -1.249726e-01 -2.751440e-01 -1.462169e-01 -5.669738e-02 -2.816997e-02 -3.088064e-02 2.230076e-01 2.850632e-01 2.939889e-01 2.827080e-01 1.666658e-01 -3.769855e-02 -1.848389e-02
<VARIANCE> 39
 1.524152e+00 1.329875e+01 1.090695e+01 1.215923e+01 3.318854e+01 4.895209e+01 3.014025e+01 3.820774e+01 3.967370e+01 6.623389e+01 1.169540e+02 3.440782e+01 1.925857e+00 6.453270e-02 2.896614e-01 5.009976e-01 8.012106e-01 2.322381e+00 7.513567e-01 9.202392e-01 1.876854e+00 9.604009e-01 1.872842e+00 1.546494e+00 1.248930e+00 4.562159e-02 1.352123e-02 4.040530e-02 3.735187e-02 6.152786e-02 1.119377e-01 1.386548e-01 6.602717e-02 1.959834e-01 2.414759e-01 2.725358e-01 2.563607e-01 1.978877e-01 5.873875e-03
<GCONST> 7.227345e+01
<STATE> 13
<MEAN> 39
 -2.367747e+00 1.877973e+00 -2.056937e+00 -1.088910e+01 1.239705e+00 4.071905e+00 -1.382891e+00 -1.240223e+01 -2.944459e+00 -5.828624e+00 2.341843e+00 -4.579700e+00 6.547157e+01 -1.011946e+00 -1.019932e-01 3.710524e-01 1.415815e+00 3.184739e-01 -1.104481e+00 1.312448e+00 1.106232e+00 3.802745e-01 -4.732041e-01 -5.452435e-01 -4.542052e-01 -8.376754e-01 1.630286e-02 -2.266140e-02 -1.775194e-03 -1.679619e-01 -2.396695e-01 -1.178101e-01 -2.109461e-01 4.265523e-03 5.136555e-02 -5.982079e-02 -1.822628e-01 -1.696704e-01 5.233353e-02
<VARIANCE> 39
 1.745352e+00 7.087616e+00 1.143019e+01 8.857189e+00 2.896776e+01 6.766156e+01 3.594173e+01 5.103802e+01 2.539729e+01 3.334960e+01 5.629261e+01 3.664638e+01 1.333384e+00 1.012965e-01 4.752139e-01 3.606947e-01 6.169479e-01 2.661942e+00 8.927408e-01 1.111686e+00 1.840744e+00 1.860330e+00 1.556055e+00 1.792019e+00 1.400491e+00 5.693629e-02 1.193321e-02 8.023705e-02 8.210033e-02 1.858177e-01 3.277788e-01 2.066483e-01 1.731702e-01 2.957253e-01 1.901703e-01 3.329172e-01 1.966113e-01 1.756504e-01 6.719220e-03
<GCONST> 7.680274e+01
<STATE> 14
<MEAN> 39
 -5.228457e+00 5.245491e-01 -2.615395e+00 -8.373185e+00 -1.138171e-01 -7.681265e-01 -1.831185e+00 -1.319275e+01 -5.100110e+00 -1.233885e+01 -5.558821e+00 -1.091214e+01 6.319525e+01 -8.114669e-01 7.625522e-02 3.949460e-01 8.157392e-01 1.857505e-02 -8.450591e-01 5.755364e-01 6.344104e-01 -5.331654e-01 -1.718002e-01 -9.690417e-02 -1.776126e-01 -6.426094e-01 1.229972e-02 -1.689558e-02 -7.372017e-02 -1.871080e-01 -5.837320e-02 3.148298e-03 -1.501545e-01 -1.120896e-01 -6.179262e-02 7.825650e-03 -8.728136e-02 5.350060e-02 2.399428e-02
<VARIANCE> 39
 2.681506e+00 1.151199e+01 1.442007e+01 2.406086e+01 8.883954e+00 2.614223e+01 2.748030e+01 2.279205e+01 2.165721e+01 2.969993e+01 5.271413e+01 3.828875e+01 8.803551e-01 2.337454e-01 4.870058e-01 5.043826e-01 7.019134e-01 5.930691e-01 1.469638e+00 1.036768e+00 2.253450e+00 1.630905e+00 1.201718e+00 1.968581e+00 1.464993e+00 4.153089e-02 4.163715e-02 6.100864e-02 6.263918e-02 8.588963e-02 9.619676e-02 1.483928e-01 1.127759e-01 2.830742e-01 3.786199e-01 1.899647e-01 2.404095e-01 3.176067e-01 7.321263e-03
<GCONST> 7.382781e+01
<STATE> 15
<MEAN> 39
 -7.938817e+00 1.197796e+00 -4.942209e-01 -5.647340e+00 5.018804e-02 -3.361093e+00 8.111517e-01 -9.774815e+00 -5.281389e+00 -1.152485e+01 -4.759171e+00 -1.002220e+01 6.101472e+01 -8.142917e-01 -1.675481e-01 4.407561e-01 7.755649e-01 -2.374073e-01 -6.245695e-01 -6.801653e-02 7.473570e-02 1.860364e-02 -4.192404e-01 -6.745651e-01 -4.623662e-01 -5.384704e-01 5.967074e-02 -1.426959e-02 5.317984e-02 1.169704e-01 9.210407e-02 2.173044e-01 5.644276e-02 -3.327822e-02 9.674771e-02 8.942015e-02 1.221259e-01 4.179157e-02 4.756052e-02
<VARIANCE> 39
 3.743910e+00 4.985407e+00 1.309020e+01 2.871244e+01 1.538386e+01 2.044221e+01 1.868493e+01 2.588881e+01 2.079280e+01 2.164122e+01 2.992613e+01 1.786314e+01 1.017127e+00 1.251935e-01 2.061543e-01 2.688758e-01 6.329802e-01 7.414557e-01 1.254515e+00 9.352442e-01 1.377101e+00 9.911192e-01 5.900761e-01 1.009699e+00 1.130824e+00 2.373424e-02 3.057997e-02 5.649063e-02 7.946680e-02 1.181561e-01 1.688293e-01 1.910049e-01 2.443260e-01 2.819340e-01 1.957912e-01 1.405653e-01 1.424905e-01 2.482260e-01 6.580226e-03
<GCONST> 6.638400e+01
<STATE> 16
<MEAN> 39
 -1.047826e+01 4.027335e-02 9.767562e-01 -2.018260e+00 1.851183e+00 -3.221138e+00 6.653136e-01 -1.026017e+01 -5.877949e+00 -1.275340e+01 -5.613233e+00 -1.115979e+01 5.966548e+01 -6.015787e-01 -3.325495e-01 1.984257e-01 5.108433e-01 1.684848e-01 -9.954496e-02 2.841206e-01 4.063590e-01 4.977059e-01 2.928330e-01 2.783200e-01 3.787776e-01 -3.244629e-01 3.759164e-03 -1.013512e-01 -1.411587e-01 -2.363806e-01 -1.386215e-01 -7.048911e-02 2.850407e-02 1.138188e-02 8.965670e-02 4.406744e-02 5.489277e-02 2.072498e-01 2.016007e-02
<VARIANCE> 39
 1.912332e+00 2.825254e+00 5.358039e+00 1.883766e+01 1.335846e+01 1.760066e+01 2.455311e+01 2.934615e+01 2.060678e+01 1.830343e+01 2.566912e+01 2.321298e+01 5.006382e-01 1.345395e-01 3.343480e-01 7.222683e-01 9.074511e-01 1.037270e+00 7.443014e-01 1.703484e+00 1.356354e+00 1.012659e+00 1.122181e+00 1.596300e+00 1.479730e+00 6.179669e-02 1.524519e-02 3.392060e-02 7.797393e-02 1.192344e-01 1.301356e-01 1.038806e-01 2.888725e-01 2.045938e-01 1.943175e-01 1.358419e-01 2.987917e-01 2.602696e-01 6.256421e-03
<GCONST> 6.626763e+01
<STATE> 17
<MEAN> 39
 -1.296686e+01 -2.176358e+00 1.182477e-01 -1.478753e+00 -4.168741e-01 -5.603232e+00 1.925549e+00 -9.491280e+00 -2.894423e+00 -1.129331e+01 -6.559886e+00 -9.254748e+00 5.808062e+01 -5.290347e-01 -2.799770e-01 1.463149e-01 3.099857e-01 7.901920e-02 1.014825e-02 3.147108e-01 4.579245e-01 1.624781e-01 -8.809264e-02 -4.142877e-01 1.746420e-01 -2.742348e-01 4.516196e-02 9.142794e-02 4.913366e-02 2.097085e-02 1.957755e-01 1.923230e-01 -8.798521e-02 -3.127661e-02 -1.608813e-01 -1.106592e-01 4.101049e-02 -2.604962e-02 3.544280e-02
<VARIANCE> 39
 2.573267e+00 4.727756e+00 4.068193e+00 2.150582e+01 1.874079e+01 2.258220e+01 1.749378e+01 3.700969e+01 1.992904e+01 2.560874e+01 2.072516e+01 3.984954e+01 4.390020e-01 1.438804e-01 3.448365e-01 6.894044e-01 1.078547e+00 9.201071e-01 9.931846e-01 1.449318e+00 1.385682e+00 1.483164e+00 9.536235e-01 1.677254e+00 3.322665e+00 3.778079e-02 1.856171e-02 8.250932e-02 1.119762e-01 1.968715e-01 1.794775e-01 1.469993e-01 2.812601e-01 3.018496e-01 2.097284e-01 1.792386e-01 3.900621e-01 5.530428e-01 7.355778e-03
<GCONST> 7.326812e+01
<STATE> 18
<MEAN> 39
 -1.457302e+01 -2.507270e+00 8.687625e-01 -2.784760e-01 3.548351e+00 -8.447884e-01 4.312175e+00 -6.601257e+00 -2.437505e+00 -1.027662e+01 -4.557607e+00 -6.647474e+00 5.741879e+01 -3.947677e-01 -4.878448e-01 -4.630740e-01 -3.942900e-01 1.630515e-01 2.954147e-01 -5.867341e-02 4.174053e-02 1.665220e-01 4.031596e-01 8.035594e-01 1.532485e-01 -9.410559e-02 5.945639e-02 -9.218098e-02 -1.871240e-01 -2.232333e-01 -2.426125e-01 -1.864824e-01 -6.143819e-02 6.068232e-02 1.499456e-01 1.939487e-01 1.699042e-01 -1.169031e-01 4.112236e-02
<VARIANCE> 39
 2.335839e+00 4.694116e+00 7.721425e+00 2.572970e+01 1.929308e+01 3.475225e+01 1.937285e+01 2.477766e+01 1.517594e+01 1.305273e+01 3.449471e+01 1.481650e+01 4.275060e-01 7.044496e-02 3.784489e-01 5.442235e-01 8.175418e-01 1.145287e+00 1.519699e+00 1.904435e+00 1.318369e+00 1.859401e+00 9.112317e-01 1.981847e+00 1.426184e+00 3.651028e-02 2.010137e-02 6.537625e-02 1.159992e-01 1.096462e-01 1.444297e-01 2.698072e-01 3.762408e-01 4.072685e-01 3.902501e-01 1.419701e-01 3.569350e-01 2.224692e-01 7.061755e-03
<GCONST> 7.151789e+01
<STATE> 19
<MEAN> 39
 -1.604724e+01 -5.491625e+00 -2.248414e+00 -4.980776e+00 -8.925434e-01 -4.877814e+00 2.898998e-01 -6.446340e+00 -1.138740e-01 -7.810514e+00 -9.813725e-01 -7.724126e+00 5.727295e+01 -3.179079e-01 -4.500292e-01 -3.459205e-01 -3.982279e-01 -3.671410e-01 -1.418806e-01 1.122769e-01 5.322451e-01 6.082736e-01 8.362306e-01 5.645649e-01 1.984021e-02 -1.310770e-01 3.874039e-02 8.206239e-02 1.037058e-01 1.575307e-01 1.621288e-01 1.157054e-01 1.430822e-01 9.713755e-02 -2.304527e-02 -7.934926e-02 -2.149056e-01 -8.823993e-02 6.627403e-03
<VARIANCE> 39
 2.252671e+00 6.299620e+00 1.347149e+01 1.408007e+01 2.093949e+01 2.331198e+01 2.658966e+01 1.237945e+01 1.870391e+01 2.380800e+01 2.126029e+01 1.313364e+01 5.946040e-01 1.085537e-01 2.734468e-01 5.733938e-01 7.464892e-01 7.092101e-01 1.091208e+00 1.309098e+00 1.528848e+00 6.633154e-01 1.531461e+00 1.592322e+00 1.852366e+00 3.116795e-02 2.034164e-02 4.125985e-02 7.738071e-02 1.481500e-01 1.162268e-01 1.548232e-01 2.334665e-01 2.084653e-01 1.355819e-01 4.159642e-01 3.052851e-01 2.971171e-01 6.070020e-03
<GCONST> 6.750230e+01
<TRANSP> 20
 0.000000e+00 1.000000e+00 0.000000e+00 0.000000e+00 0.000000e+00 0.000000e+00 0.000000e+00 0.000000e+00 0.000000e+00 0.000000e+00 0.000000e+00 0.000000e+00 0.000000e+00 0.000000e+00 0.000000e+00 0.000000e+00 0.000000e+00 0.000000e+00 0.000000e+00 0.000000e+00
 0.000000e+00 8.032546e-01 1.967454e-01 0.000000e+00 0.000000e+00 0.000000e+00 0.000000e+00 0.000000e+00 0.000000e+00 0.000000e+00 0.000000e+00 0.000000e+00 0.000000e+00 0.000000e+00 0.000000e+00 0.000000e+00 0.000000e+00 0.000000e+00 0.000000e+00 0.000000e+00
 0.000000e+00 0.000000e+00 6.033487e-01 3.966514e-01 0.000000e+00 0.000000e+00 0.000000e+00 0.000000e+00 0.000000e+00 0.000000e+00 0.000000e+00 0.000000e+00 0.000000e+00 0.000000e+00 0.000000e+00 0.000000e+00 0.000000e+00 0.000000e+00 0.000000e+00 0.000000e+00
 0.000000e+00 0.000000e+00 0.000000e+00 7.318656e-01 2.681344e-01 0.000000e+00 0.000000e+00 0.000000e+00 0.000000e+00 0.000000e+00 0.000000e+00 0.000000e+00 0.000000e+00 0.000000e+00 0.000000e+00 0.000000e+00 0.000000e+00 0.000000e+00 0.000000e+00 0.000000e+00
 0.000000e+00 0.000000e+00 0.000000e+00 0.000000e+00 6.570140e-01 3.429860e-01 0.000000e+00 0.000000e+00 0.000000e+00 0.000000e+00 0.000000e+00 0.000000e+00 0.000000e+00 0.000000e+00 0.000000e+00 0.000000e+00 0.000000e+00 0.000000e+00 0.000000e+00 0.000000e+00
 0.000000e+00 0.000000e+00 0.000000e+00 0.000000e+00 0.000000e+00 6.459717e-01 3.540284e-01 0.000000e+00 0.000000e+00 0.000000e+00 0.000000e+00 0.000000e+00 0.000000e+00 0.000000e+00 0.000000e+00 0.000000e+00 0.000000e+00 0.000000e+00 0.000000e+00 0.000000e+00
 0.000000e+00 0.000000e+00 0.000000e+00 0.000000e+00 0.000000e+00 0.000000e+00 8.319460e-01 1.680541e-01 0.000000e+00 0.000000e+00 0.000000e+00 0.000000e+00 0.000000e+00 0.000000e+00 0.000000e+00 0.000000e+00 0.000000e+00 0.000000e+00 0.000000e+00 0.000000e+00
 0.000000e+00 0.000000e+00 0.000000e+00 0.000000e+00 0.000000e+00 0.000000e+00 0.000000e+00 7.204805e-01 2.795195e-01 0.000000e+00 0.000000e+00 0.000000e+00 0.000000e+00 0.000000e+00 0.000000e+00 0.000000e+00 0.000000e+00 0.000000e+00 0.000000e+00 0.000000e+00
 0.000000e+00 0.000000e+00 0.000000e+00 0.000000e+00 0.000000e+00 0.000000e+00 0.000000e+00 0.000000e+00 7.425435e-01 2.574565e-01 0.000000e+00 0.000000e+00 0.000000e+00 0.000000e+00 0.000000e+00 0.000000e+00 0.000000e+00 0.000000e+00 0.000000e+00 0.000000e+00
 0.000000e+00 0.000000e+00 0.000000e+00 0.000000e+00 0.000000e+00 0.000000e+00 0.000000e+00 0.000000e+00 0.000000e+00 6.748378e-01 3.251622e-01 0.000000e+00 0.000000e+00 0.000000e+00 0.000000e+00 0.000000e+00 0.000000e+00 0.000000e+00 0.000000e+00 0.000000e+00
 0.000000e+00 0.000000e+00 0.000000e+00 0.000000e+00 0.000000e+00 0.000000e+00 0.000000e+00 0.000000e+00 0.000000e+00 0.000000e+00 6.943223e-01 3.056777e-01 0.000000e+00 0.000000e+00 0.000000e+00 0.000000e+00 0.000000e+00 0.000000e+00 0.000000e+00 0.000000e+00
 0.000000e+00 0.000000e+00 0.000000e+00 0.000000e+00 0.000000e+00 0.000000e+00 0.000000e+00 0.000000e+00 0.000000e+00 0.000000e+00 0.000000e+00 5.555051e-01 4.444949e-01 0.000000e+00 0.000000e+00 0.000000e+00 0.000000e+00 0.000000e+00 0.000000e+00 0.000000e+00
 0.000000e+00 0.000000e+00 0.000000e+00 0.000000e+00 0.000000e+00 0.000000e+00 0.000000e+00 0.000000e+00 0.000000e+00 0.000000e+00 0.000000e+00 0.000000e+00 6.176521e-01 3.823480e-01 0.000000e+00 0.000000e+00 0.000000e+00 0.000000e+00 0.000000e+00 0.000000e+00
 0.000000e+00 0.000000e+00 0.000000e+00 0.000000e+00 0.000000e+00 0.000000e+00 0.000000e+00 0.000000e+00 0.000000e+00 0.000000e+00 0.000000e+00 0.000000e+00 0.000000e+00 7.071422e-01 2.928579e-01 0.000000e+00 0.000000e+00 0.000000e+00 0.000000e+00 0.000000e+00
 0.000000e+00 0.000000e+00 0.000000e+00 0.000000e+00 0.000000e+00 0.000000e+00 0.000000e+00 0.000000e+00 0.000000e+00 0.000000e+00 0.000000e+00 0.000000e+00 0.000000e+00 0.000000e+00 7.263147e-01 2.736853e-01 0.000000e+00 0.000000e+00 0.000000e+00 0.000000e+00
 0.000000e+00 0.000000e+00 0.000000e+00 0.000000e+00 0.000000e+00 0.000000e+00 0.000000e+00 0.000000e+00 0.000000e+00 0.000000e+00 0.000000e+00 0.000000e+00 0.000000e+00 0.000000e+00 0.000000e+00 7.424566e-01 2.575434e-01 0.000000e+00 0.000000e+00 0.000000e+00
 0.000000e+00 0.000000e+00 0.000000e+00 0.000000e+00 0.000000e+00 0.000000e+00 0.000000e+00 0.000000e+00 0.000000e+00 0.000000e+00 0.000000e+00 0.000000e+00 0.000000e+00 0.000000e+00 0.000000e+00 0.000000e+00 7.481522e-01 2.518478e-01 0.000000e+00 0.000000e+00
 0.000000e+00 0.000000e+00 0.000000e+00 0.000000e+00 0.000000e+00 0.000000e+00 0.000000e+00 0.000000e+00 0.000000e+00 0.000000e+00 0.000000e+00 0.000000e+00 0.000000e+00 0.000000e+00 0.000000e+00 0.000000e+00 0.000000e+00 7.278628e-01 2.721373e-01 0.000000e+00
 0.000000e+00 0.000000e+00 0.000000e+00 0.000000e+00 0.000000e+00 0.000000e+00 0.000000e+00 0.000000e+00 0.000000e+00 0.000000e+00 0.000000e+00 0.000000e+00 0.000000e+00 0.000000e+00 0.000000e+00 0.000000e+00 0.000000e+00 0.000000e+00 7.174655e-01 2.825345e-01
 0.000000e+00 0.000000e+00 0.000000e+00 0.000000e+00 0.000000e+00 0.000000e+00 0.000000e+00 0.000000e+00 0.000000e+00 0.000000e+00 0.000000e+00 0.000000e+00 0.000000e+00 0.000000e+00 0.000000e+00 0.000000e+00 0.000000e+00 0.000000e+00 0.000000e+00 0.000000e+00
<ENDHMM>
