~o
<STREAMINFO> 1 39
<VECSIZE> 39<NULLD><MFCC_D_A_0><DIAGC>
~h "satu"
<BEGINHMM>
<NUMSTATES> 20
<STATE> 2
<MEAN> 39
 -1.876473e+01 -5.100446e+00 -3.405444e+00 -3.914580e+00 1.505682e-01 -7.332456e+00 2.637108e+00 -7.133889e+00 2.006792e+00 -6.793460e+00 2.415891e+00 -3.616778e+00 5.729468e+01 -1.058576e+00 1.481101e+00 -9.813477e-01 6.909819e-01 6.438440e-01 -7.996570e-01 1.233236e+00 -7.387539e-01 1.223814e+00 -1.615992e-01 7.750121e-01 -3.490286e-02 5.886074e-01 -3.142772e-01 5.198982e-01 -3.689790e-01 2.613197e-01 4.453846e-02 -1.097159e-01 2.906046e-01 -2.187985e-01 2.667688e-01 7.340327e-02 -2.828269e-02 -2.202448e-01 1.743933e-01
<VARIANCE> 39
 3.503939e+00 1.365597e+01 1.472571e+01 1.192151e+01 1.465277e+01 1.800072e+01 1.982088e+01 2.200470e+01 1.878749e+01 1.291551e+01 2.448299e+01 1.704157e+01 1.379542e+00 1.000836e+00 2.225410e+00 1.676009e+00 1.314853e+00 1.549452e+00 1.562073e+00 1.853799e+00 3.221942e+00 2.198404e+00 2.460300e+00 2.255177e+00 2.179470e+00 2.805588e-01 1.190854e-01 1.957492e-01 2.171171e-01 1.604233e-01 2.436063e-01 2.344024e-01 3.628951e-01 4.739202e-01 3.278129e-01 4.104844e-01 2.822017e-01 3.332728e-01 1.845781e-02
<GCONST> 9.038338e+01
<STATE> 3
<MEAN> 39
 -2.724571e+01 7.156664e+00 -1.155893e+01 1.709025e+00 2.017255e+00 -1.144968e+01 1.065641e+01 -1.222502e+01 9.152122e+00 -5.840792e+00 4.751369e+00 -3.493341e+00 6.162010e+01 -1.047212e+00 1.327826e+00 -1.073074e+00 5.348122e-01 4.183091e-01 -3.781657e-01 7.825524e-01 -2.620454e-01 2.864588e-01 4.093772e-01 -5.238456e-02 1.149036e-02 6.134489e-01 6.863686e-01 -6.100972e-01 4.217815e-01 -4.969006e-01 -8.960526e-02 1.596987e-01 -5.605611e-01 3.364561e-01 -5.550557e-01 -9.119410e-02 -2.893581e-01 -8.182444e-02 -9.649588e-02
<VARIANCE> 39
 1.164716e+01 2.701170e+01 3.071202e+01 2.090727e+01 1.861325e+01 2.978785e+01 2.964363e+01 2.391503e+01 2.137964e+01 2.566815e+01 3.890024e+01 3.017861e+01 3.948159e+00 1.359232e+00 2.383576e+00 1.770868e+00 2.038178e+00 1.189154e+00 1.419343e+00 2.919828e+00 1.820624e+00 2.238745e+00 2.396175e+00 1.789956e+00 1.240238e+00 2.420879e-01 2.343454e-01 1.867558e-01 1.719804e-01 2.954917e-01 3.327045e-01 2.686503e-01 5.770410e-01 3.064230e-01 2.682272e-01 4.434238e-01 4.794840e-01 2.411033e-01 4.501017e-02
<GCONST> 9.959265e+01
<STATE> 4
<MEAN> 39
 -2.346828e+01 5.993114e+00 -1.156252e+01 -1.825285e+00 3.314612e+00 -1.262031e+01 7.507744e+00 -1.134607e+01 5.551789e+00 -5.619538e+00 1.281301e+00 -4.798938e+00 6.324241e+01 4.267376e+00 -8.377982e-01 -3.088728e-01 -2.094001e+00 -8.415576e-01 -1.203670e-01 -2.795884e+00 9.319118e-02 -9.131963e-01 -8.583995e-02 -2.003329e+00 -1.332505e+00 1.547508e+00 1.065504e+00 -3.310054e-01 -3.825128e-01 -2.652617e-01 -2.149642e-01 1.414645e-01 -4.455199e-01 -1.948915e-02 2.262253e-01 5.855493e-02 -4.322968e-01 -2.283579e-01 6.300832e-01
<VARIANCE> 39
 3.986954e+01 2.323973e+01 2.898270e+01 2.598240e+01 2.163743e+01 3.782349e+01 4.002505e+01 2.488149e+01 2.576711e+01 3.556115e+01 3.466396e+01 3.016280e+01 8.253478e+00 3.763929e+00 1.632565e+00 2.458893e+00 1.502949e+00 3.269676e+00 4.888764e+00 5.382337e+00 2.583282e+00 1.739060e+00 3.393582e+00 7.407028e+00 2.059683e+00 1.591533e+00 5.600396e-01 2.910929e-01 3.683718e-01 3.539893e-01 6.194779e-01 7.427396e-01 9.415909e-01 5.740628e-01 4.682005e-01 5.291724e-01 6.129158e-01 4.571701e-01 1.100303e-01
<GCONST> 1.180015e+02
<STATE> 5
<MEAN> 39
 -5.164596e+00 6.796187e-01 -1.595998e+01 -9.413012e+00 1.463374e+00 -1.089211e+01 -2.024364e+00 -9.958643e+00 5.014448e+00 -5.480627e+00 -6.572395e+00 -9.887104e+00 7.316463e+01 3.197585e+00 -2.581902e+00 -6.448178e-01 -8.958637e-01 5.036358e-01 1.260469e+00 -1.207745e+00 4.270346e-01 -7.845279e-02 -1.074625e-01 -1.214287e+00 -4.609404e-01 1.961493e+00 -1.119085e+00 -6.972411e-02 4.086760e-01 7.022396e-01 3.081323e-01 1.895706e-01 6.485074e-01 -1.826493e-02 -1.618973e-02 -9.168196e-02 5.766364e-01 3.530868e-01 -6.047627e-01
<VARIANCE> 39
 9.890401e+00 2.453688e+01 3.571947e+01 2.357783e+01 4.414871e+01 6.847217e+01 7.651329e+01 8.766417e+01 3.986258e+01 1.200882e+02 1.535926e+02 2.845990e+01 2.164629e+01 2.991356e+00 2.129263e+00 4.616679e+00 2.591194e+00 2.900550e+00 2.554723e+00 5.084628e+00 7.049605e+00 3.832707e+00 3.459769e+00 4.711156e+00 3.306705e+00 1.642470e+00 1.305285e-01 3.698843e-01 3.679859e-01 2.065831e-01 3.602065e-01 8.159145e-01 8.012351e-01 6.340889e-01 4.202793e-01 6.499882e-01 6.767095e-01 3.955977e-01 1.285335e-01
<GCONST> 1.242271e+02
<STATE> 6
<MEAN> 39
 -3.068323e-01 -8.175576e+00 -1.089286e+01 -7.921844e+00 4.880403e+00 -8.904095e+00 -3.188362e+00 -5.391208e+00 1.761624e+00 -5.369794e+00 -5.262549e+00 -1.075812e+01 7.568591e+01 3.862890e-01 -2.830203e-01 8.254830e-01 1.316917e-01 -2.219076e-01 -7.824586e-02 -6.667507e-01 7.695939e-02 -2.077699e-01 1.856874e-01 -1.159516e-01 2.452838e-03 -4.557792e-01 -3.111592e-01 4.696613e-01 2.172671e-01 2.656797e-02 -1.144017e-01 -1.712414e-01 -5.527375e-02 -4.910658e-02 -4.109578e-02 6.360217e-02 1.756343e-01 1.611776e-02 -3.688043e-01
<VARIANCE> 39
 3.885391e+00 2.891125e+01 8.964240e+01 2.169685e+01 5.904369e+01 3.756085e+01 8.581685e+01 1.578038e+02 6.887334e+01 6.963491e+01 1.329680e+02 2.929135e+01 2.144796e+01 1.905787e-01 1.056618e+00 1.084473e+00 7.158203e-01 8.504999e-01 8.848192e-01 1.694858e+00 1.047497e+00 1.241408e+00 1.714260e+00 1.584280e+00 7.779406e-01 4.402742e-01 5.292030e-02 1.013489e-01 2.357339e-01 1.721431e-01 1.991235e-01 2.311168e-01 2.933851e-01 3.589864e-01 2.984844e-01 2.189492e-01 3.786082e-01 1.991059e-01 2.185600e-02
<GCONST> 9.667731e+01
<STATE> 7
<MEAN> 39
 -2.078863e+00 -4.917598e+00 -5.023722e+00 -6.515536e+00 2.852472e+00 -6.969234e+00 -6.214824e+00 -5.625823e+00 2.974116e-01 -4.882723e+00 -4.903044e+00 -1.054804e+01 6.826891e+01 -7.988533e-01 4.480144e-01 8.937830e-01 4.563096e-01 -9.871475e-02 5.318080e-01 2.420385e-01 1.633227e-01 -7.457853e-01 -5.266712e-01 3.420557e-01 -5.222103e-02 -1.488467e+00 -1.397675e-01 -1.726668e-01 -1.448286e-01 -1.009332e-01 -1.012927e-02 5.705189e-02 2.171098e-01 1.328068e-01 2.385863e-03 -2.249447e-02 1.211287e-02 -2.883128e-02 3.576257e-02
<VARIANCE> 39
 4.607544e+00 1.701845e+01 6.562000e+01 1.663769e+01 2.825292e+01 3.091978e+01 5.316985e+01 9.082053e+01 3.941839e+01 6.309034e+01 7.442233e+01 3.873156e+01 9.512416e+00 3.769595e-01 4.935398e-01 1.307683e+00 8.134335e-01 7.788680e-01 1.480766e+00 1.565470e+00 1.782581e+00 2.116213e+00 1.160825e+00 2.699445e+00 1.096018e+00 2.156012e-01 8.128969e-02 4.520395e-02 7.222293e-02 1.533239e-01 7.824561e-02 1.827995e-01 2.075186e-01 2.212020e-01 3.211113e-01 2.886523e-01 2.372943e-01 1.674315e-01 3.716900e-02
<GCONST> 8.999118e+01
<STATE> 8
<MEAN> 39
 -7.444654e+00 -4.438852e+00 -5.144793e+00 -7.423357e+00 6.426276e-01 -6.232484e+00 -3.834901e+00 -9.428967e+00 -1.766280e+00 -8.786069e+00 -4.952328e+00 -9.871498e+00 6.177630e+01 -7.316875e-01 -1.500402e-01 1.051297e+00 -1.996135e-01 1.171788e-01 1.128064e-01 4.152447e-01 4.283643e-01 -3.560959e-01 -2.749267e-01 1.813774e-01 -1.354267e-01 -7.844499e-01 6.105522e-02 5.606458e-02 -2.662541e-02 1.015277e-02 3.427473e-02 -1.382115e-01 6.806182e-02 -8.068801e-02 1.986665e-01 5.925427e-02 -5.951736e-02 7.495815e-02 1.465884e-01
<VARIANCE> 39
 4.915532e+00 4.876620e+00 1.332239e+01 1.106971e+01 1.297189e+01 1.049407e+01 2.407557e+01 1.795066e+01 2.349422e+01 2.294727e+01 3.579363e+01 2.183742e+01 4.125619e+00 2.223320e-01 3.480920e-01 4.945037e-01 5.939025e-01 9.632542e-01 7.066405e-01 1.510182e+00 9.806158e-01 1.319514e+00 1.682953e+00 2.039365e+00 1.591108e+00 9.361689e-02 2.973904e-02 3.433373e-02 6.546389e-02 1.503938e-01 1.637806e-01 2.195266e-01 2.999809e-01 1.898184e-01 1.966308e-01 2.498550e-01 3.771952e-01 2.965320e-01 1.632957e-02
<GCONST> 7.401131e+01
<STATE> 9
<MEAN> 39
 -9.739194e+00 -4.245864e+00 9.013152e-02 -7.079233e+00 1.775590e+00 -5.935337e+00 -9.274524e-01 -5.079389e+00 -1.224861e+00 -8.185863e+00 -3.986300e+00 -1.077322e+01 5.948571e+01 -7.411489e-01 1.092850e-01 -2.139482e-01 -1.511461e-01 1.919812e-01 -2.038811e+00 2.611690e-01 -5.747188e-01 9.420626e-01 1.081730e+00 9.419104e-01 1.198246e+00 4.961933e-01 4.543321e-01 1.671124e-01 -3.771710e-01 -3.229382e-01 4.522430e-02 -1.082332e+00 -8.743080e-01 -7.700627e-01 -1.097522e-01 5.840806e-01 2.568842e-01 4.991208e-01 7.507519e-01
<VARIANCE> 39
 7.449378e+00 8.402810e+00 1.130416e+01 1.574681e+01 2.477786e+01 1.035946e+01 3.069161e+01 3.127008e+01 2.571172e+01 2.264253e+01 1.687446e+01 4.262580e+01 2.352190e+00 4.229150e-01 6.962449e-01 2.071489e+00 2.247332e+00 6.702243e+00 5.541446e+00 3.495728e+00 5.469395e+00 2.451816e+00 4.354386e+00 2.774093e+00 4.045269e+00 9.872681e-01 2.633434e-01 2.456561e-01 6.859797e-01 3.045769e-01 1.039670e+00 5.034445e-01 8.568497e-01 8.385927e-01 6.461383e-01 7.153834e-01 7.469409e-01 1.201573e+00 7.208662e-02
<GCONST> 1.100730e+02
<STATE> 10
<MEAN> 39
 -8.534657e+00 -2.763784e+00 -1.911030e+00 -1.024165e+01 3.362814e+00 -1.958537e+01 -6.920586e+00 -1.154082e+01 2.901602e-01 -1.472844e+00 -3.494570e-01 -3.884742e+00 6.604063e+01 2.427704e+00 1.104810e+00 -4.204198e-01 -1.773609e+00 1.551360e-01 -2.790416e+00 -3.706543e+00 -2.921557e+00 -1.331435e+00 2.867952e+00 1.322868e+00 1.248410e+00 2.678558e+00 6.624079e-01 1.713853e-01 5.164656e-02 -1.866376e-01 -1.262871e-01 1.455875e+00 -1.884723e-01 -3.538603e-02 -9.615873e-01 -2.033649e-01 3.061281e-02 -2.604883e-01 -7.201437e-02
<VARIANCE> 39
 2.696263e+01 1.822719e+01 3.704630e+01 2.610902e+01 5.726151e+01 6.905387e+01 1.041112e+02 1.132245e+02 6.617284e+01 5.825430e+01 7.124980e+01 3.593977e+01 2.216009e+01 1.937044e+00 3.405911e+00 7.133800e+00 2.307843e+00 6.131161e+00 8.384157e+00 6.467688e+00 9.570132e+00 6.396146e+00 6.112792e+00 5.712884e+00 7.425054e+00 6.128630e-01 5.217409e-01 3.646956e-01 8.146556e-01 6.199871e-01 1.030029e+00 1.140970e+00 1.328386e+00 1.393645e+00 6.662333e-01 1.335705e+00 6.058569e-01 5.970516e-01 3.672123e-01
<GCONST> 1.375865e+02
<STATE> 11
<MEAN> 39
 -5.680799e-02 7.955971e-01 -1.911879e+00 -1.516062e+01 2.256450e+00 -1.619748e+01 -1.624551e+01 -1.951981e+01 -7.640753e+00 4.372375e+00 2.758996e+00 -3.076855e+00 7.141196e+01 1.557637e+00 7.972468e-01 -6.386942e-01 -9.589799e-01 -2.315772e-01 2.564252e+00 -6.610020e-01 -1.014999e+00 -2.631639e+00 1.908529e-01 1.149597e+00 9.998586e-01 4.861327e-01 -5.759747e-01 -1.502218e-01 -1.565308e-01 1.616621e-01 -6.808855e-02 4.954859e-01 9.383496e-01 8.396320e-01 2.853198e-01 -8.364702e-01 -3.141898e-01 -7.755154e-02 -5.768213e-01
<VARIANCE> 39
 4.975265e+00 3.276864e+01 8.689278e+01 1.640700e+01 7.916437e+01 6.289648e+01 1.409310e+02 2.442223e+02 7.274081e+01 5.008141e+01 1.091537e+02 4.811971e+01 1.107278e+01 2.166340e+00 1.504997e+00 1.541209e+00 1.499248e+00 1.396191e+00 1.596789e+00 2.774483e+00 4.355593e+00 1.627625e+00 4.836129e+00 1.766480e+00 1.655205e+00 4.437163e-01 2.183316e-01 2.615126e-01 5.395316e-01 3.013553e-01 4.552042e-01 9.295654e-01 5.292655e-01 1.345180e+00 4.773403e-01 6.813043e-01 8.098784e-01 3.809662e-01 1.033989e-01
<GCONST> 1.193533e+02
<STATE> 12
<MEAN> 39
 1.532242e+00 2.287345e+00 -3.761504e+00 -1.943038e+01 4.368222e+00 -9.456325e+00 -1.858087e+01 -1.640236e+01 -1.534577e+01 3.516510e+00 6.311749e+00 -3.989984e+00 7.154432e+01 1.388293e-01 4.961258e-01 -5.193877e-01 -3.537413e-01 -8.264551e-01 5.580305e-01 9.844776e-01 -2.454840e-02 -2.564206e-01 -9.931976e-01 5.731631e-01 4.318284e-01 -6.006328e-01 -1.890106e-01 -4.171832e-02 1.868131e-01 2.083034e-01 -9.308530e-02 -2.779883e-01 1.074855e-01 1.044080e-01 2.838261e-01 -3.239498e-02 -1.455707e-01 -9.234118e-02 -9.533150e-02
<VARIANCE> 39
 2.881392e+00 2.989859e+01 6.197702e+01 1.299514e+01 4.959535e+01 4.619287e+01 9.595277e+01 1.076724e+02 3.648837e+01 3.953781e+01 5.926597e+01 5.432388e+01 7.973066e+00 3.270237e-01 4.219861e-01 4.982040e-01 8.937784e-01 8.703833e-01 1.828479e+00 1.195561e+00 2.833489e+00 1.566737e+00 2.362394e+00 1.983120e+00 2.051338e+00 1.437582e-01 7.173240e-02 8.325316e-02 9.082402e-02 1.100718e-01 8.030989e-02 2.106536e-01 2.082349e-01 3.165669e-01 1.626608e-01 5.008997e-01 2.940786e-01 5.002133e-01 2.164553e-02
<GCONST> 9.211720e+01
<STATE> 13
<MEAN> 39
 2.308007e+00 6.175014e+00 -6.546456e+00 -1.771412e+01 -7.596178e+00 -8.941286e+00 -5.065105e+00 -1.680555e+01 -1.286330e+01 -7.949318e+00 4.788979e+00 1.647020e+00 6.694201e+01 -3.338011e-01 1.320089e-01 3.000077e-01 1.677349e-01 -7.987570e-01 4.187378e-01 5.498919e-01 7.617342e-01 2.658333e-02 -8.033569e-01 -7.001095e-01 -1.612917e-01 -3.754234e-01 -1.745786e-01 -1.255241e-01 1.047708e-01 2.013221e-01 1.369158e-01 -1.306576e-01 -5.894229e-02 -2.527525e-02 1.526469e-01 1.301057e-01 4.592688e-02 -1.132060e-02 -4.910236e-02
<VARIANCE> 39
 1.851501e+00 6.892555e+00 1.380003e+01 1.082554e+01 2.966017e+01 2.410372e+01 2.769984e+01 4.347802e+01 1.955804e+01 5.035404e+01 2.248980e+01 3.213530e+01 8.403050e-01 2.511065e-01 3.984489e-01 6.820726e-01 8.994281e-01 1.077981e+00 1.028230e+00 1.006466e+00 1.566983e+00 1.821329e+00 1.438612e+00 1.827825e+00 1.956177e+00 9.496598e-02 3.882840e-02 4.195029e-02 1.160480e-01 1.707049e-01 1.646988e-01 2.096177e-01 1.921215e-01 2.439007e-01 3.271257e-01 3.581942e-01 2.469037e-01 3.768252e-01 1.087579e-02
<GCONST> 7.804033e+01
<STATE> 14
<MEAN> 39
 -2.190147e+00 4.933500e+00 -2.542057e+00 -1.375002e+01 -6.597378e+00 -8.110248e+00 -6.397864e+00 -1.438579e+01 -1.130836e+01 -7.136044e+00 4.725746e+00 1.873079e+00 6.427306e+01 -8.188834e-01 -6.591088e-02 1.221743e+00 1.541963e+00 4.266511e-01 -2.371964e-01 1.471108e-01 -3.762190e-02 3.043140e-01 -6.552705e-01 -8.801025e-02 -2.918671e-01 -6.557528e-01 2.845955e-02 2.398122e-02 1.373115e-01 7.825919e-02 1.440575e-01 1.799835e-02 -6.423912e-02 -1.118001e-01 -5.811412e-02 2.581728e-02 3.417082e-03 -2.362362e-01 4.096692e-02
<VARIANCE> 39
 5.060421e+00 9.580766e+00 2.662784e+01 2.726609e+01 2.873622e+01 1.886717e+01 3.371209e+01 3.145552e+01 1.631293e+01 2.910011e+01 1.795630e+01 4.563526e+01 1.984029e+00 3.188449e-01 4.462520e-01 3.481528e-01 5.829665e-01 1.658531e+00 1.598717e+00 2.130920e+00 2.220568e+00 9.730204e-01 1.583905e+00 1.231448e+00 1.130906e+00 1.049255e-01 3.061698e-02 4.137680e-02 5.972842e-02 1.368399e-01 2.029936e-01 3.080370e-01 2.935762e-01 3.478917e-01 2.075367e-01 1.986042e-01 2.461975e-01 2.436199e-01 1.253248e-02
<GCONST> 7.954471e+01
<STATE> 15
<MEAN> 39
 -4.592770e+00 5.902211e+00 4.763196e+00 -4.811684e+00 -2.048407e+00 -8.136094e+00 -4.919955e+00 -1.502456e+01 -9.059728e+00 -8.445032e+00 3.035477e+00 -8.373016e-01 6.216931e+01 -8.829033e-01 -4.319881e-01 3.582534e-01 8.357305e-01 -1.259433e-01 -3.064658e-01 2.601336e-01 4.027481e-02 6.055570e-01 -7.483103e-02 -3.102832e-02 -3.484151e-01 -4.832780e-01 -5.652968e-02 -1.770345e-01 -3.180338e-01 -2.673345e-01 -2.000203e-01 -6.545931e-02 -4.614217e-02 2.408649e-03 -5.802154e-02 -4.816034e-02 -2.775243e-02 1.398651e-01 1.422043e-02
<VARIANCE> 39
 3.619178e+00 7.301675e+00 1.781668e+01 2.597897e+01 2.125761e+01 8.568854e+00 3.164783e+01 2.726948e+01 2.461015e+01 1.437393e+01 2.607144e+01 5.465807e+01 8.784154e-01 2.439658e-01 4.428787e-01 8.556086e-01 8.812931e-01 9.871880e-01 7.528841e-01 1.365191e+00 1.318388e+00 1.956318e+00 1.501694e+00 1.259423e+00 2.285851e+00 4.608890e-02 2.618568e-02 5.886817e-02 7.289317e-02 8.122196e-02 1.300157e-01 2.066459e-01 2.362891e-01 2.982553e-01 3.686901e-01 2.361555e-01 3.187546e-01 2.370614e-01 7.123048e-03
<GCONST> 7.505454e+01
<STATE> 16
<MEAN> 39
 -8.809371e+00 9.962928e-01 -3.662352e-01 -8.362549e+00 -6.190891e+00 -9.620376e+00 -5.209764e+00 -1.493120e+01 -8.168816e+00 -1.062359e+01 3.197070e+00 -2.444905e+00 6.041080e+01 -8.149980e-01 -4.811963e-01 2.473377e-01 6.765608e-01 3.895840e-01 3.153676e-01 1.232329e-01 6.853042e-03 3.530601e-01 -1.475512e-01 -2.676242e-01 -1.586668e-02 -4.746771e-01 1.056783e-01 1.340444e-01 7.391399e-02 6.039905e-02 1.140225e-01 1.247339e-01 3.642105e-02 4.751449e-02 1.732414e-02 7.333481e-02 -1.013522e-01 4.247188e-02 4.865116e-02
<VARIANCE> 39
 2.318744e+00 5.381576e+00 1.378911e+01 2.131393e+01 1.326531e+01 1.391767e+01 1.537297e+01 1.640578e+01 1.480973e+01 1.199616e+01 1.218712e+01 2.746759e+01 9.772595e-01 6.120636e-02 2.758939e-01 6.306099e-01 7.569677e-01 7.464201e-01 8.266164e-01 7.905864e-01 7.571483e-01 1.886879e+00 1.532251e+00 9.202961e-01 1.362836e+00 2.265475e-02 1.870137e-02 1.960304e-02 8.977701e-02 1.300009e-01 1.527504e-01 1.603510e-01 1.598395e-01 1.711313e-01 2.635469e-01 2.830015e-01 1.548964e-01 3.292971e-01 5.632603e-03
<GCONST> 6.286632e+01
<STATE> 17
<MEAN> 39
 -1.143787e+01 1.769522e+00 4.737366e+00 -2.641067e+00 -3.808701e+00 -9.144589e+00 -4.559551e+00 -1.687997e+01 -1.030907e+01 -1.262395e+01 1.358974e+00 -3.080648e-01 5.845816e+01 -6.514493e-01 -3.797776e-01 -6.574033e-03 1.944035e-01 3.070541e-02 7.225110e-03 1.649691e-01 7.202315e-01 1.764061e-01 -4.198109e-01 -5.614595e-01 -4.791653e-01 -2.762572e-01 1.335661e-02 -5.979790e-02 -1.013851e-01 -1.404509e-01 1.999161e-02 5.881220e-02 1.172100e-01 1.851517e-01 1.700739e-01 9.578539e-02 2.393486e-02 -8.494012e-02 3.140695e-02
<VARIANCE> 39
 3.653403e+00 6.488552e+00 9.111003e+00 1.180669e+01 4.133863e+01 1.310522e+01 2.367584e+01 2.892772e+01 3.269881e+01 2.074239e+01 1.753578e+01 4.264283e+01 1.215393e+00 9.795436e-02 2.941323e-01 5.473412e-01 1.099033e+00 9.512249e-01 8.718370e-01 1.502814e+00 2.215259e+00 6.207625e-01 1.612490e+00 2.027523e+00 2.042722e+00 3.807489e-02 1.593178e-02 5.203708e-02 7.630595e-02 1.554294e-01 1.448940e-01 1.602126e-01 3.042588e-01 2.119218e-01 1.724287e-01 3.196988e-01 2.679680e-01 3.138015e-01 6.401958e-03
<GCONST> 7.233159e+01
<STATE> 18
<MEAN> 39
 -1.409641e+01 -1.693696e+00 2.030681e+00 -2.771452e+00 -1.055574e+00 -7.512595e+00 -2.324482e+00 -8.281061e+00 -9.678604e-01 -8.572329e+00 -5.112568e-02 -5.224521e+00 5.783907e+01 -3.925731e-01 -3.670097e-01 -7.523476e-02 4.438417e-02 3.811755e-01 3.494417e-01 5.519310e-01 5.289201e-01 5.454161e-01 2.676643e-01 -1.054960e-02 4.041414e-02 -1.525189e-01 4.657565e-03 -1.813563e-02 -3.398048e-02 1.039075e-02 -8.183506e-03 5.040749e-02 2.376991e-02 -8.429167e-02 -1.831962e-01 -9.502212e-02 3.548009e-02 5.788912e-02 -3.427081e-03
<VARIANCE> 39
 2.370386e+00 5.536066e+00 7.507089e+00 9.628719e+00 1.352573e+01 1.479855e+01 2.447587e+01 2.700679e+01 3.450972e+01 2.021167e+01 1.557100e+01 1.593906e+01 4.467554e-01 1.909669e-01 3.518952e-01 5.423487e-01 6.359857e-01 8.637650e-01 1.346473e+00 1.854785e+00 9.822108e-01 2.000387e+00 1.171545e+00 1.573076e+00 1.339006e+00 3.074450e-02 3.060784e-02 4.957481e-02 9.324823e-02 1.225056e-01 1.403337e-01 2.570819e-01 3.383515e-01 2.074355e-01 3.832189e-01 2.341349e-01 3.384832e-01 2.710204e-01 4.592564e-03
<GCONST> 6.955718e+01
<STATE> 19
<MEAN> 39
 -1.670673e+01 -3.886927e+00 1.684672e+00 -2.648011e+00 -5.709296e-01 -4.994343e+00 1.028957e+00 -7.854765e+00 -4.825270e+00 -1.232667e+01 -1.313236e+00 -3.010630e+00 5.658780e+01 -4.107240e-01 -4.211848e-01 -2.697305e-01 1.888881e-01 4.335150e-01 5.641132e-01 5.666772e-01 5.092235e-01 -1.298743e-01 -8.668473e-02 -1.297433e-01 9.411270e-02 -1.625359e-01 7.392289e-02 6.357773e-02 -2.094714e-02 4.824260e-02 -1.805898e-02 -1.879603e-01 -3.555605e-01 -1.458544e-01 1.653916e-01 1.801424e-01 6.407621e-02 -6.537513e-02 3.497628e-02
<VARIANCE> 39
 3.342886e+00 5.156470e+00 8.634058e+00 1.885617e+01 2.231447e+01 1.401279e+01 3.172776e+01 2.805638e+01 2.959332e+01 4.037918e+01 2.984563e+01 3.860939e+01 1.102879e+00 1.065173e-01 2.239249e-01 5.168098e-01 7.705036e-01 1.181447e+00 7.942443e-01 1.663895e+00 1.353374e+00 2.086057e+00 2.287538e+00 1.519858e+00 2.080500e+00 4.965435e-02 1.541046e-02 3.738920e-02 1.042051e-01 1.799979e-01 2.132732e-01 1.431553e-01 2.881776e-01 2.395274e-01 4.434734e-01 5.025280e-01 5.682921e-01 6.199892e-01 8.548561e-03
<GCONST> 7.728560e+01
<TRANSP> 20
 0.000000e+00 1.000000e+00 0.000000e+00 0.000000e+00 0.000000e+00 0.000000e+00 0.000000e+00 0.000000e+00 0.000000e+00 0.000000e+00 0.000000e+00 0.000000e+00 0.000000e+00 0.000000e+00 0.000000e+00 0.000000e+00 0.000000e+00 0.000000e+00 0.000000e+00 0.000000e+00
 0.000000e+00 7.642794e-01 2.357207e-01 0.000000e+00 0.000000e+00 0.000000e+00 0.000000e+00 0.000000e+00 0.000000e+00 0.000000e+00 0.000000e+00 0.000000e+00 0.000000e+00 0.000000e+00 0.000000e+00 0.000000e+00 0.000000e+00 0.000000e+00 0.000000e+00 0.000000e+00
 0.000000e+00 0.000000e+00 8.063405e-01 1.936595e-01 0.000000e+00 0.000000e+00 0.000000e+00 0.000000e+00 0.000000e+00 0.000000e+00 0.000000e+00 0.000000e+00 0.000000e+00 0.000000e+00 0.000000e+00 0.000000e+00 0.000000e+00 0.000000e+00 0.000000e+00 0.000000e+00
 0.000000e+00 0.000000e+00 0.000000e+00 7.077825e-01 2.922175e-01 0.000000e+00 0.000000e+00 0.000000e+00 0.000000e+00 0.000000e+00 0.000000e+00 0.000000e+00 0.000000e+00 0.000000e+00 0.000000e+00 0.000000e+00 0.000000e+00 0.000000e+00 0.000000e+00 0.000000e+00
 0.000000e+00 0.000000e+00 0.000000e+00 0.000000e+00 7.096711e-01 2.903289e-01 0.000000e+00 0.000000e+00 0.000000e+00 0.000000e+00 0.000000e+00 0.000000e+00 0.000000e+00 0.000000e+00 0.000000e+00 0.000000e+00 0.000000e+00 0.000000e+00 0.000000e+00 0.000000e+00
 0.000000e+00 0.000000e+00 0.000000e+00 0.000000e+00 0.000000e+00 8.140584e-01 1.859416e-01 0.000000e+00 0.000000e+00 0.000000e+00 0.000000e+00 0.000000e+00 0.000000e+00 0.000000e+00 0.000000e+00 0.000000e+00 0.000000e+00 0.000000e+00 0.000000e+00 0.000000e+00
 0.000000e+00 0.000000e+00 0.000000e+00 0.000000e+00 0.000000e+00 0.000000e+00 7.980484e-01 2.019515e-01 0.000000e+00 0.000000e+00 0.000000e+00 0.000000e+00 0.000000e+00 0.000000e+00 0.000000e+00 0.000000e+00 0.000000e+00 0.000000e+00 0.000000e+00 0.000000e+00
 0.000000e+00 0.000000e+00 0.000000e+00 0.000000e+00 0.000000e+00 0.000000e+00 0.000000e+00 8.355128e-01 1.644873e-01 0.000000e+00 0.000000e+00 0.000000e+00 0.000000e+00 0.000000e+00 0.000000e+00 0.000000e+00 0.000000e+00 0.000000e+00 0.000000e+00 0.000000e+00
 0.000000e+00 0.000000e+00 0.000000e+00 0.000000e+00 0.000000e+00 0.000000e+00 0.000000e+00 0.000000e+00 6.652167e-01 3.347832e-01 0.000000e+00 0.000000e+00 0.000000e+00 0.000000e+00 0.000000e+00 0.000000e+00 0.000000e+00 0.000000e+00 0.000000e+00 0.000000e+00
 0.000000e+00 0.000000e+00 0.000000e+00 0.000000e+00 0.000000e+00 0.000000e+00 0.000000e+00 0.000000e+00 0.000000e+00 6.664143e-01 3.335857e-01 0.000000e+00 0.000000e+00 0.000000e+00 0.000000e+00 0.000000e+00 0.000000e+00 0.000000e+00 0.000000e+00 0.000000e+00
 0.000000e+00 0.000000e+00 0.000000e+00 0.000000e+00 0.000000e+00 0.000000e+00 0.000000e+00 0.000000e+00 0.000000e+00 0.000000e+00 6.632261e-01 3.367740e-01 0.000000e+00 0.000000e+00 0.000000e+00 0.000000e+00 0.000000e+00 0.000000e+00 0.000000e+00 0.000000e+00
 0.000000e+00 0.000000e+00 0.000000e+00 0.000000e+00 0.000000e+00 0.000000e+00 0.000000e+00 0.000000e+00 0.000000e+00 0.000000e+00 0.000000e+00 8.029416e-01 1.970584e-01 0.000000e+00 0.000000e+00 0.000000e+00 0.000000e+00 0.000000e+00 0.000000e+00 0.000000e+00
 0.000000e+00 0.000000e+00 0.000000e+00 0.000000e+00 0.000000e+00 0.000000e+00 0.000000e+00 0.000000e+00 0.000000e+00 0.000000e+00 0.000000e+00 0.000000e+00 8.164102e-01 1.835898e-01 0.000000e+00 0.000000e+00 0.000000e+00 0.000000e+00 0.000000e+00 0.000000e+00
 0.000000e+00 0.000000e+00 0.000000e+00 0.000000e+00 0.000000e+00 0.000000e+00 0.000000e+00 0.000000e+00 0.000000e+00 0.000000e+00 0.000000e+00 0.000000e+00 0.000000e+00 7.677470e-01 2.322530e-01 0.000000e+00 0.000000e+00 0.000000e+00 0.000000e+00 0.000000e+00
 0.000000e+00 0.000000e+00 0.000000e+00 0.000000e+00 0.000000e+00 0.000000e+00 0.000000e+00 0.000000e+00 0.000000e+00 0.000000e+00 0.000000e+00 0.000000e+00 0.000000e+00 0.000000e+00 7.300374e-01 2.699626e-01 0.000000e+00 0.000000e+00 0.000000e+00 0.000000e+00
 0.000000e+00 0.000000e+00 0.000000e+00 0.000000e+00 0.000000e+00 0.000000e+00 0.000000e+00 0.000000e+00 0.000000e+00 0.000000e+00 0.000000e+00 0.000000e+00 0.000000e+00 0.000000e+00 0.000000e+00 7.449732e-01 2.550268e-01 0.000000e+00 0.000000e+00 0.000000e+00
 0.000000e+00 0.000000e+00 0.000000e+00 0.000000e+00 0.000000e+00 0.000000e+00 0.000000e+00 0.000000e+00 0.000000e+00 0.000000e+00 0.000000e+00 0.000000e+00 0.000000e+00 0.000000e+00 0.000000e+00 0.000000e+00 7.912065e-01 2.087935e-01 0.000000e+00 0.000000e+00
 0.000000e+00 0.000000e+00 0.000000e+00 0.000000e+00 0.000000e+00 0.000000e+00 0.000000e+00 0.000000e+00 0.000000e+00 0.000000e+00 0.000000e+00 0.000000e+00 0.000000e+00 0.000000e+00 0.000000e+00 0.000000e+00 0.000000e+00 8.194747e-01 1.805253e-01 0.000000e+00
 0.000000e+00 0.000000e+00 0.000000e+00 0.000000e+00 0.000000e+00 0.000000e+00 0.000000e+00 0.000000e+00 0.000000e+00 0.000000e+00 0.000000e+00 0.000000e+00 0.000000e+00 0.000000e+00 0.000000e+00 0.000000e+00 0.000000e+00 0.000000e+00 6.922763e-01 3.077237e-01
 0.000000e+00 0.000000e+00 0.000000e+00 0.000000e+00 0.000000e+00 0.000000e+00 0.000000e+00 0.000000e+00 0.000000e+00 0.000000e+00 0.000000e+00 0.000000e+00 0.000000e+00 0.000000e+00 0.000000e+00 0.000000e+00 0.000000e+00 0.000000e+00 0.000000e+00 0.000000e+00
<ENDHMM>
