~o
<STREAMINFO> 1 39
<VECSIZE> 39<NULLD><MFCC_D_A_0><DIAGC>
~h "sembilan"
<BEGINHMM>
<NUMSTATES> 20
<STATE> 2
<MEAN> 39
 -1.798748e+01 -6.067188e+00 -2.826028e+00 -4.292547e+00 2.060867e-01 -5.631123e+00 1.245227e+00 -6.527688e+00 9.928221e-01 -6.734396e+00 6.493132e-01 -5.758690e+00 5.676369e+01 -6.456048e-01 8.943316e-01 -7.516291e-01 4.787417e-01 1.597150e-01 -5.418915e-01 7.708054e-01 -7.179408e-01 6.440967e-01 -7.562380e-01 1.347518e-01 -1.324644e-01 3.997056e-01 -3.321265e-01 4.766654e-01 -3.497262e-01 2.754900e-01 3.591033e-02 -8.484256e-02 3.149064e-01 -1.673477e-01 2.888959e-01 -1.509495e-01 1.149417e-01 -9.947926e-04 1.792887e-01
<VARIANCE> 39
 2.005508e+00 3.182009e+00 6.745500e+00 9.026334e+00 6.787569e+00 7.742250e+00 1.203811e+01 1.818883e+01 1.475349e+01 1.321585e+01 1.153619e+01 1.852446e+01 6.289676e-01 7.931070e-01 1.996638e+00 1.250923e+00 1.146624e+00 9.538513e-01 1.318871e+00 2.955964e+00 2.281075e+00 3.152300e+00 1.611294e+00 1.863818e+00 1.804178e+00 2.055795e-01 9.277322e-02 2.501678e-01 1.622062e-01 1.550233e-01 1.885172e-01 2.507921e-01 4.409047e-01 3.958490e-01 4.867422e-01 2.893835e-01 2.970690e-01 4.375078e-01 2.006615e-02
<GCONST> 8.122565e+01
<STATE> 3
<MEAN> 39
 -2.709384e+01 6.826598e+00 -1.248244e+01 2.595999e+00 1.253625e+00 -9.420951e+00 1.012691e+01 -1.205656e+01 7.671346e+00 -1.084339e+01 3.168640e+00 -3.819440e+00 6.198106e+01 -1.444957e+00 2.020944e+00 -1.298314e+00 1.078577e+00 3.928346e-01 -8.549425e-01 1.159096e+00 -2.014669e-01 1.721990e-01 3.438466e-01 1.912845e-01 9.515628e-01 9.233068e-01 6.134387e-01 -6.106845e-01 5.837063e-01 -3.976449e-01 3.629358e-02 -6.569884e-02 -5.954103e-01 2.171075e-01 -5.730484e-01 2.462558e-01 -3.006761e-01 -4.871818e-02 -1.742994e-01
<VARIANCE> 39
 1.009875e+01 1.794418e+01 1.157823e+01 1.623687e+01 2.503697e+01 1.432650e+01 2.145341e+01 2.073696e+01 2.812987e+01 3.384766e+01 4.274763e+01 3.395270e+01 4.246196e+00 1.329252e+00 2.697301e+00 1.905771e+00 1.462037e+00 1.644680e+00 9.634457e-01 2.476093e+00 3.088345e+00 3.340839e+00 2.686705e+00 3.002634e+00 2.140667e+00 3.493969e-01 2.869430e-01 2.463006e-01 1.870248e-01 2.084697e-01 3.010742e-01 2.599221e-01 5.557582e-01 7.532288e-01 5.711408e-01 5.022554e-01 7.532098e-01 5.786648e-01 5.460038e-02
<GCONST> 1.031787e+02
<STATE> 4
<MEAN> 39
 -2.552102e+01 8.523402e+00 -1.030089e+01 2.699829e+00 3.557972e+00 -1.278951e+01 8.462367e+00 -1.257380e+01 3.929705e+00 -9.277341e+00 8.025510e-01 -2.868552e+00 6.305627e+01 3.585400e+00 3.121830e-01 1.785000e+00 -1.077533e+00 -9.946096e-01 -9.658644e-01 -3.125179e+00 -9.665157e-01 -8.383927e-01 1.050230e-01 -8.263292e-01 -1.221837e+00 5.480485e-01 1.147630e+00 1.387363e-01 2.233841e-01 -3.281241e-01 -4.886817e-01 9.297279e-03 -9.524358e-01 -2.401130e-01 7.373966e-02 9.466717e-02 2.513064e-01 -4.324658e-01 3.702915e-01
<VARIANCE> 39
 2.719181e+01 1.908790e+01 2.544714e+01 2.273278e+01 1.981536e+01 1.650320e+01 2.694150e+01 2.422999e+01 2.410477e+01 7.561515e+01 2.418821e+01 4.062087e+01 3.936500e+00 3.609322e+00 2.277407e+00 1.579012e+00 8.244081e-01 2.310927e+00 2.966764e+00 5.418228e+00 4.143405e+00 4.340520e+00 3.334337e+00 5.022547e+00 2.762813e+00 1.028345e+00 3.980508e-01 4.939903e-01 3.775850e-01 1.793400e-01 3.528481e-01 4.927436e-01 8.709087e-01 5.750829e-01 7.163982e-01 5.705408e-01 6.564320e-01 5.171749e-01 1.292751e-01
<GCONST> 1.142859e+02
<STATE> 5
<MEAN> 39
 -6.501662e+00 1.070656e+01 -5.998038e+00 -3.361087e+00 -2.539465e+00 -1.566122e+01 -7.249188e+00 -1.696805e+01 1.853666e+00 -7.368186e+00 8.863263e-01 -8.701837e+00 6.930811e+01 3.331763e+00 -2.534573e-02 8.932326e-01 -9.513057e-01 -2.671663e-01 5.667518e-01 -2.158048e+00 -1.062029e+00 -9.635922e-01 4.259264e-01 9.527604e-01 -4.760116e-01 1.017339e+00 -9.578526e-01 -2.133098e-01 -4.955213e-02 4.391015e-01 3.857984e-01 4.363194e-01 1.031731e+00 2.562950e-01 -1.759188e-01 -8.975105e-02 1.806802e-01 4.475403e-01 -4.545305e-01
<VARIANCE> 39
 1.851424e+01 1.828483e+01 4.738729e+01 1.925847e+01 6.172503e+01 3.175494e+01 6.472863e+01 7.210257e+01 4.751110e+01 1.489345e+02 5.069971e+01 4.542636e+01 1.625773e+01 3.480276e+00 1.373257e+00 1.940592e+00 2.614810e+00 3.709391e+00 3.536754e+00 6.827125e+00 4.674269e+00 3.682220e+00 4.600559e+00 4.201935e+00 4.229951e+00 1.450682e+00 1.659516e-01 2.893883e-01 3.890706e-01 3.039561e-01 4.561969e-01 6.393521e-01 7.745990e-01 9.817954e-01 8.435293e-01 8.321066e-01 4.929063e-01 6.328002e-01 1.763358e-01
<GCONST> 1.251160e+02
<STATE> 6
<MEAN> 39
 -9.489703e-01 9.094899e+00 2.117035e+00 -2.677439e+00 -3.259111e+00 -1.302259e+01 -6.896320e+00 -1.540751e+01 -4.622938e+00 -5.447159e+00 4.416170e+00 -7.670761e+00 6.746297e+01 3.303009e-01 -2.655136e-01 1.197332e+00 7.239159e-02 -4.518879e-01 -1.150507e-01 1.979525e-01 7.591760e-01 -8.190790e-01 2.065237e-02 -1.249522e-01 -1.875233e-01 -4.781172e-01 -1.657550e-01 -8.855271e-02 4.692880e-02 1.142834e-02 -1.682229e-01 -1.702505e-01 -4.962928e-03 1.173798e-01 5.029981e-02 2.200567e-02 -1.015926e-01 -2.259516e-02 1.709394e-02
<VARIANCE> 39
 8.929663e+00 1.038043e+01 2.995641e+01 2.150533e+01 4.787329e+01 2.575211e+01 4.374332e+01 4.870026e+01 2.161525e+01 6.028526e+01 7.714879e+01 3.889107e+01 7.875810e+00 1.837144e-01 4.332045e-01 7.514654e-01 1.065413e+00 1.457491e+00 8.934187e-01 2.006083e+00 1.522850e+00 1.912887e+00 2.271531e+00 2.070252e+00 1.093557e+00 1.406529e-01 3.956986e-02 8.617150e-02 9.531864e-02 1.373475e-01 3.993434e-01 2.173616e-01 2.674928e-01 4.012444e-01 3.679230e-01 3.850421e-01 4.385404e-01 3.164107e-01 3.024016e-02
<GCONST> 9.152993e+01
<STATE> 7
<MEAN> 39
 -6.688791e-01 4.955357e+00 1.093639e+01 -1.752632e+00 -1.105310e+01 -1.526517e+01 -6.202059e+00 -1.235678e+01 -1.046580e+01 -4.362590e+00 2.810424e+00 -9.893243e+00 6.635104e+01 -5.253994e-01 -1.848672e+00 3.215166e+00 -1.101859e-01 -3.753300e+00 -6.846309e-01 -4.093149e-02 2.346965e-02 -2.112951e+00 1.699528e+00 1.079029e+00 3.288274e-01 9.035605e-01 -2.337923e-01 -1.584035e-01 3.243280e-01 -2.827651e-01 -4.114297e-01 1.863554e-01 -4.941768e-02 -2.308009e-01 -5.430920e-02 2.011346e-01 2.689624e-01 3.323181e-01 3.685542e-01
<VARIANCE> 39
 5.592441e+00 1.636815e+01 3.970975e+01 4.232813e+01 7.880877e+01 3.508101e+01 2.487481e+01 4.129153e+01 6.843050e+01 4.158549e+01 6.597798e+01 2.523487e+01 5.450559e+00 4.578517e-01 1.466795e+00 3.106743e+00 1.319780e+00 5.485780e+00 3.396819e+00 1.534146e+00 4.568587e+00 1.129666e+01 8.025609e+00 3.834192e+00 3.757559e+00 6.024958e-01 6.885671e-02 3.183388e-01 5.976931e-01 3.917798e-01 1.363708e+00 6.832097e-01 2.326984e-01 4.702812e-01 1.437939e+00 7.280959e-01 8.004574e-01 2.843084e-01 8.372393e-02
<GCONST> 1.166304e+02
<STATE> 8
<MEAN> 39
 -4.558702e+00 -9.013371e-01 2.472238e+01 -5.588950e+00 -2.105773e+01 -1.446126e+01 -7.135994e+00 -9.320374e+00 -1.998450e+01 -2.695106e-01 8.276998e+00 -4.912353e+00 7.189989e+01 -3.333188e-01 -6.955563e-01 1.630196e-01 1.194441e-01 -6.495982e-01 -3.255504e-01 2.268056e-02 5.310074e-01 2.569065e-01 -6.838717e-01 -8.758406e-02 1.413192e+00 4.551999e-01 2.367715e-01 1.736639e-01 -7.379773e-01 2.806601e-01 7.351024e-01 -8.020917e-02 -3.617597e-02 1.787067e-01 4.269148e-01 -4.524060e-01 -3.368472e-01 -6.846660e-02 -2.838978e-01
<VARIANCE> 39
 7.039519e+00 1.571493e+01 1.295910e+02 5.309353e+01 1.043111e+02 8.917062e+01 4.327579e+01 1.350022e+02 2.868165e+02 1.081706e+02 9.357425e+01 4.781940e+01 7.711734e+00 8.671654e-01 8.215468e-01 4.719643e+00 4.028000e+00 2.679075e+00 4.564659e+00 2.703369e+00 3.329182e+00 4.435634e+00 3.350205e+00 2.746240e+00 2.208086e+00 6.404492e-01 9.580894e-02 2.462978e-01 3.997196e-01 4.449586e-01 6.388297e-01 8.076510e-01 5.512536e-01 7.193655e-01 1.148516e+00 7.171177e-01 6.292881e-01 5.030562e-01 7.766312e-02
<GCONST> 1.242248e+02
<STATE> 9
<MEAN> 39
 -2.855865e+00 -3.567641e+00 1.568636e+01 -1.562227e+00 -1.754957e+01 -1.641992e+01 -8.830971e+00 -9.076957e+00 -8.418497e+00 -6.358201e+00 3.090403e+00 -1.001823e+00 7.001530e+01 6.563153e-01 -2.247819e-01 -2.311243e+00 -2.305281e-01 2.710495e+00 4.485093e-01 -1.344574e+00 -4.037490e-01 1.773655e+00 6.321772e-01 -1.034261e+00 -8.309357e-01 -3.174679e-01 6.274289e-02 -2.410297e-02 -2.954360e-01 -3.674415e-01 1.609800e-01 2.525484e-01 -7.003054e-02 -3.679965e-01 7.871408e-02 6.097180e-01 9.302527e-03 -3.866860e-01 1.164191e-01
<VARIANCE> 39
 4.789797e+00 7.209631e+00 9.175611e+01 2.736116e+01 1.231569e+02 4.389616e+01 3.000320e+01 1.149771e+02 1.316684e+02 7.947092e+01 7.889577e+01 3.233540e+01 4.511671e+00 2.678893e-01 1.027443e+00 1.498605e+00 2.102515e+00 1.088148e+00 2.589909e+00 1.854108e+00 2.930282e+00 4.675770e+00 5.265036e+00 2.929692e+00 2.954592e+00 2.064261e-01 2.632901e-02 1.719581e-01 1.362755e-01 2.271876e-01 2.788994e-01 5.714881e-01 4.189736e-01 5.360534e-01 2.939136e-01 6.005584e-01 5.404778e-01 4.729648e-01 3.977711e-02
<GCONST> 1.062400e+02
<STATE> 10
<MEAN> 39
 5.574122e-01 -4.027187e+00 1.379303e+00 -7.469791e+00 -3.360094e+00 -1.654883e+01 -1.449253e+01 -1.066885e+01 -2.966485e+00 2.691566e+00 -1.495104e+00 -7.201169e+00 7.082726e+01 3.565054e-01 -1.122442e+00 -2.134014e+00 -1.421165e+00 1.291542e+00 1.023503e+00 6.664316e-01 1.273395e+00 1.275568e+00 7.579873e-02 -1.911281e+00 -1.487190e+00 6.153585e-01 -1.697857e-01 -3.583626e-01 3.394887e-01 -1.413939e-02 -4.748351e-01 2.216745e-01 6.074197e-01 7.500653e-01 -2.687015e-01 -6.338253e-01 -3.109167e-01 1.170902e-01 1.891411e-01
<VARIANCE> 39
 4.297245e+00 3.086384e+01 6.133514e+01 4.445821e+01 7.766480e+01 7.147535e+01 2.416542e+01 6.976760e+01 4.957657e+01 9.587330e+01 1.480747e+02 3.687529e+01 7.514358e+00 3.160516e-01 2.176674e+00 1.593472e+00 1.853723e+00 2.237134e+00 3.584589e+00 2.812303e+00 5.412480e+00 2.194191e+00 4.594278e+00 3.870585e+00 2.445821e+00 4.198210e-01 3.968647e-02 1.996461e-01 1.431566e-01 3.588038e-01 3.144343e-01 2.002483e-01 3.782516e-01 3.526592e-01 3.300570e-01 6.410634e-01 6.376935e-01 5.592084e-01 2.742635e-02
<GCONST> 1.100534e+02
<STATE> 11
<MEAN> 39
 4.706179e-02 -1.442020e+01 -3.968641e+00 -1.212745e+01 -7.110224e+00 -2.180753e+00 -6.669891e+00 -2.928758e+00 4.450323e+00 -2.678826e+00 -1.076904e+01 -9.235271e+00 7.515651e+01 -2.825723e-01 -1.277269e+00 -1.878298e-01 -2.146833e-02 -3.947378e-02 7.348666e-01 1.251598e+00 1.527324e+00 -8.337127e-02 -1.198397e+00 -9.303507e-01 1.048197e+00 5.597949e-01 -1.678956e-02 5.062598e-01 3.946224e-01 3.594486e-01 3.074101e-02 -5.643111e-01 -2.378687e-01 -4.518687e-01 -1.999273e-01 2.073163e-01 6.416010e-01 3.350666e-01 -2.558585e-01
<VARIANCE> 39
 4.879501e+00 1.485248e+01 6.619417e+01 1.012803e+01 1.429246e+02 1.384231e+02 3.524715e+01 1.354279e+02 7.130243e+01 7.124760e+01 9.614191e+01 7.455991e+01 6.506349e+00 1.801255e-01 1.364159e+00 1.276953e+00 1.271501e+00 8.369504e-01 3.245559e+00 2.436586e+00 1.899293e+00 1.557997e+00 2.486731e+00 2.382994e+00 2.247109e+00 3.250147e-01 4.458674e-02 1.730267e-01 1.972517e-01 2.348265e-01 1.167175e-01 3.058861e-01 3.828883e-01 3.551889e-01 2.287996e-01 3.714956e-01 3.208756e-01 4.431348e-01 3.719022e-02
<GCONST> 1.026641e+02
<STATE> 12
<MEAN> 39
 -1.026540e+00 -1.428292e+01 -4.237124e+00 -8.945767e+00 -2.142026e+00 -1.549110e+01 -4.924846e-01 5.021786e+00 -4.546972e+00 -8.978981e+00 -1.024239e+01 -3.577536e+00 7.528841e+01 -4.617410e-02 8.154770e-01 6.987094e-01 7.296680e-01 -4.182555e-01 -4.329377e-01 1.448475e-01 -5.390846e-01 -2.635858e-01 -3.320073e-01 7.096022e-01 4.950159e-01 -5.625164e-01 4.478934e-03 4.351303e-01 1.652333e-01 1.058804e-01 9.284561e-04 9.697587e-02 -3.720901e-01 -4.811937e-01 -3.969232e-02 1.620650e-02 3.738671e-02 -1.742415e-01 -2.262395e-01
<VARIANCE> 39
 4.472272e+00 1.707392e+01 3.695940e+01 5.779624e+00 5.736856e+01 1.231419e+02 2.992082e+01 1.044492e+02 8.177169e+01 7.110931e+01 4.655325e+01 6.614188e+01 1.004253e+01 1.262168e-01 1.620389e+00 9.519336e-01 6.472488e-01 1.421346e+00 1.634914e+00 1.983613e+00 2.865098e+00 1.222648e+00 9.353245e-01 1.379793e+00 1.323841e+00 5.113874e-01 2.598561e-02 1.063363e-01 1.018557e-01 9.789478e-02 2.240746e-01 2.467195e-01 2.845690e-01 2.896266e-01 2.554120e-01 2.371096e-01 2.892717e-01 2.543168e-01 4.064362e-02
<GCONST> 9.336240e+01
<STATE> 13
<MEAN> 39
 -1.038162e+00 -5.469656e+00 3.302003e+00 -4.539663e+00 -4.913733e+00 -9.844707e+00 -6.366189e+00 -6.388928e+00 -1.559593e+00 -9.427257e+00 -7.406913e+00 -4.284235e+00 6.985963e+01 -5.448094e-02 2.355628e+00 1.132825e+00 7.542661e-01 2.077326e-01 -2.563783e-01 -1.035681e+00 -1.613919e+00 -4.861711e-01 -7.831442e-01 3.210697e-01 -4.015545e-01 -1.092220e+00 1.472672e-03 -2.011210e-01 -2.256077e-01 -2.239130e-01 4.295644e-02 1.123516e-01 2.562585e-01 3.709548e-01 1.313238e-01 -6.935631e-02 -1.463528e-01 -1.469235e-01 1.481529e-01
<VARIANCE> 39
 2.708579e+00 1.275910e+01 2.763335e+01 7.819471e+00 2.746390e+01 5.660979e+01 2.489247e+01 4.659864e+01 5.567355e+01 3.301913e+01 7.019283e+01 5.578380e+01 4.640502e+00 1.974830e-01 3.855757e-01 6.199196e-01 1.123495e+00 2.986173e+00 2.895922e+00 1.864117e+00 2.228990e+00 2.292555e+00 1.696140e+00 1.215464e+00 1.060538e+00 1.412555e-01 2.886530e-02 5.680135e-02 3.438765e-02 1.166243e-01 2.743595e-01 2.724352e-01 2.286812e-01 2.617890e-01 1.503939e-01 1.361700e-01 1.933043e-01 1.487486e-01 1.133572e-02
<GCONST> 8.336578e+01
<STATE> 14
<MEAN> 39
 -1.388704e+00 3.041338e+00 3.935304e+00 -4.412758e+00 -4.972159e+00 -1.250726e+01 -8.330239e+00 -1.001826e+01 -6.581701e+00 -1.645966e+01 -1.049943e+01 -9.716240e+00 6.575873e+01 -4.844751e-01 8.832808e-01 2.443556e-01 4.998125e-01 6.705704e-01 7.081199e-01 2.002005e-01 -7.071627e-01 -4.387519e-01 -5.891669e-01 2.192977e-01 -2.786085e-01 -6.871136e-01 -1.382350e-01 -2.583950e-01 -9.297919e-02 7.901154e-02 1.832166e-01 9.472045e-02 1.689438e-01 8.109570e-02 -2.417530e-02 1.189945e-01 9.520239e-02 7.975813e-02 -7.210299e-03
<VARIANCE> 39
 4.510071e+00 1.366546e+01 8.150329e+00 6.018756e+00 1.031114e+01 2.138559e+01 8.918525e+00 3.146232e+01 3.363657e+01 4.171027e+01 4.459722e+01 4.199635e+01 5.598675e+00 1.379338e-01 5.310720e-01 4.380216e-01 5.387997e-01 7.331881e-01 1.227712e+00 9.375423e-01 6.911587e-01 1.585693e+00 2.241453e+00 1.495522e+00 1.158308e+00 6.472303e-02 1.276702e-02 2.956798e-02 2.359602e-02 8.098047e-02 1.139987e-01 2.620113e-01 2.235847e-01 1.481909e-01 2.105532e-01 3.853621e-01 2.943552e-01 1.898909e-01 7.657073e-03
<GCONST> 7.038311e+01
<STATE> 15
<MEAN> 39
 -5.102223e+00 3.492113e+00 6.495784e+00 1.930575e+00 4.007961e+00 -3.794091e+00 -2.237820e+00 -5.748690e+00 6.037548e-01 -1.162867e+01 -3.717520e+00 -3.954729e+00 6.300866e+01 -7.766686e-01 2.890618e-01 -2.442129e-01 2.387985e-01 5.513080e-01 2.483441e-01 5.027211e-01 2.591513e-01 4.513345e-02 9.537528e-02 3.168575e-01 -7.759294e-02 -8.247193e-01 -6.263045e-02 -1.775458e-01 -9.452963e-02 -1.793478e-01 -2.705812e-01 -8.293657e-02 -1.395432e-02 -1.508061e-02 2.412046e-02 1.460664e-01 3.458297e-02 -3.584095e-03 3.103102e-02
<VARIANCE> 39
 6.154976e+00 5.906457e+00 9.089098e+00 8.597763e+00 2.016544e+01 2.304480e+01 2.313817e+01 5.414820e+01 3.205049e+01 2.974691e+01 1.960633e+01 1.657005e+01 5.415424e+00 1.764442e-01 7.223202e-01 4.599024e-01 7.374815e-01 1.180361e+00 5.170094e-01 1.029395e+00 1.930723e+00 8.485841e-01 1.643705e+00 1.369952e+00 1.752200e+00 4.349971e-02 1.443372e-02 5.127027e-02 7.578901e-02 1.137736e-01 7.242809e-02 1.111962e-01 1.691762e-01 3.169084e-01 1.576651e-01 2.672729e-01 1.775001e-01 3.425997e-01 5.634794e-03
<GCONST> 7.150629e+01
<STATE> 16
<MEAN> 39
 -9.767163e+00 3.580965e+00 3.963706e+00 -2.124604e+00 -3.852010e-01 -6.464840e+00 -3.145297e+00 -1.269018e+01 -8.554512e+00 -1.529270e+01 -4.578320e+00 -9.467465e+00 5.917722e+01 -8.258314e-01 -4.315808e-01 -1.023306e-01 -7.280299e-02 2.734981e-01 6.146755e-01 7.207748e-01 -2.111155e-01 -4.816316e-01 -6.245560e-02 2.460019e-01 -1.464927e-01 -4.157464e-01 7.189589e-02 -7.538265e-02 -1.606699e-02 9.659700e-02 1.726962e-01 9.923465e-02 4.552256e-02 1.172837e-01 4.526060e-02 -1.068411e-01 -1.563370e-01 1.221056e-01 8.010274e-02
<VARIANCE> 39
 3.912100e+00 9.954669e+00 1.567098e+01 1.225348e+01 1.057041e+01 1.741005e+01 1.537940e+01 1.962760e+01 7.705797e+01 3.485266e+01 2.647763e+01 3.037288e+01 1.166631e+00 1.135371e-01 4.197750e-01 8.125091e-01 5.681000e-01 9.243622e-01 9.268478e-01 1.577710e+00 1.405356e+00 2.090054e+00 1.729283e+00 1.419530e+00 2.640600e+00 4.324271e-02 2.169316e-02 8.719029e-02 1.529962e-01 8.485968e-02 1.321750e-01 2.112220e-01 2.989819e-01 2.200220e-01 4.087179e-01 3.167903e-01 2.501259e-01 4.739583e-01 8.200496e-03
<GCONST> 7.665726e+01
<STATE> 17
<MEAN> 39
 -1.411299e+01 -9.313730e-01 4.196128e+00 4.122859e+00 9.746777e+00 3.266655e+00 4.839586e+00 -8.314782e+00 -7.186901e+00 -1.524736e+01 -4.792195e+00 -6.656058e+00 5.749936e+01 -4.576124e-01 -7.447562e-01 -3.754272e-01 8.377790e-02 6.018437e-01 7.642533e-01 5.484982e-01 3.069659e-01 -9.108394e-02 -2.095104e-01 -3.717819e-01 -2.052699e-01 -1.395835e-01 8.494433e-03 1.179952e-03 -4.841551e-02 -7.443682e-02 -1.134659e-01 -1.211819e-01 -5.561031e-02 6.972650e-02 7.429111e-02 8.728381e-02 4.199573e-03 -8.968540e-02 2.563158e-03
<VARIANCE> 39
 4.561856e+00 5.424349e+00 5.813093e+00 1.717371e+01 2.083429e+01 2.105636e+01 2.598973e+01 2.396779e+01 4.463981e+01 3.163425e+01 3.480764e+01 2.437642e+01 7.193472e-01 2.165432e-01 4.393554e-01 5.624923e-01 8.532044e-01 1.243214e+00 1.183379e+00 1.166819e+00 1.541221e+00 2.651614e+00 1.671855e+00 1.306096e+00 1.457514e+00 3.711364e-02 3.245897e-02 6.306124e-02 7.257927e-02 1.257171e-01 1.969976e-01 1.751658e-01 2.411549e-01 2.900479e-01 4.964725e-01 3.345050e-01 2.706087e-01 2.692135e-01 5.261831e-03
<GCONST> 7.582315e+01
<STATE> 18
<MEAN> 39
 -1.609426e+01 -4.628957e+00 -1.097020e+00 -2.883245e+00 2.965260e+00 -1.802559e+00 2.540802e+00 -6.467312e+00 -3.618612e+00 -1.040228e+01 -2.684727e+00 -7.889654e+00 5.688977e+01 -5.052391e-01 -5.387228e-01 -3.301737e-01 -1.953769e-01 -4.376609e-01 -1.157021e-01 3.017376e-01 6.506029e-01 9.766258e-01 1.041969e+00 6.146876e-01 1.676521e-01 -1.803905e-01 4.765342e-02 1.023894e-01 1.287517e-01 8.615931e-03 -2.330450e-02 4.554503e-02 -1.080809e-02 2.306427e-02 9.636754e-02 8.107816e-02 1.330409e-01 1.078757e-02 1.724727e-02
<VARIANCE> 39
 2.352309e+00 2.946458e+00 7.466539e+00 1.772267e+01 3.622772e+01 4.994838e+01 3.358092e+01 3.111673e+01 3.307543e+01 3.152536e+01 1.237246e+01 7.657866e+00 5.954918e-01 1.116157e-01 2.407277e-01 3.823819e-01 5.325071e-01 8.905459e-01 2.349263e+00 1.393557e+00 1.587498e+00 2.455166e+00 1.986784e+00 1.610357e+00 9.010300e-01 3.883302e-02 1.222730e-02 4.052603e-02 7.905941e-02 9.194743e-02 1.959220e-01 4.691418e-01 2.170995e-01 2.732174e-01 4.603438e-01 3.417941e-01 2.982306e-01 1.801625e-01 6.736882e-03
<GCONST> 7.144680e+01
<STATE> 19
<MEAN> 39
 -1.887000e+01 -6.940774e+00 -8.678614e-01 -1.226500e+00 5.820076e+00 2.166366e+00 6.345092e+00 -3.887417e+00 1.899398e-01 -8.997963e+00 -2.222205e+00 -8.987073e+00 5.597294e+01 -2.993640e-01 -2.379006e-01 -2.759762e-02 1.296607e-01 5.815376e-01 4.868122e-01 3.154818e-02 -2.138454e-01 5.934866e-02 -5.019362e-02 -1.139127e-01 -2.703254e-01 -1.313833e-01 3.405593e-02 -3.661830e-02 -1.141708e-01 -1.741365e-02 1.010802e-01 2.052748e-01 6.087757e-02 -1.477866e-01 -2.934076e-01 -1.250765e-01 -1.291158e-01 -8.000663e-02 -1.387451e-02
<VARIANCE> 39
 4.991633e+00 5.665416e+00 1.245032e+01 2.930923e+01 4.399297e+01 3.570187e+01 4.214182e+01 4.286296e+01 5.224054e+01 6.999679e+01 5.347345e+01 2.028721e+01 8.190503e-01 2.401485e-01 3.912874e-01 6.708886e-01 9.786690e-01 1.481690e+00 2.743887e+00 2.818485e+00 4.020275e+00 2.709369e+00 1.872105e+00 1.665397e+00 1.283769e+00 7.120057e-02 4.592331e-02 9.516547e-02 2.134514e-01 2.820879e-01 2.792563e-01 2.313052e-01 3.124262e-01 8.135824e-01 5.441341e-01 4.855341e-01 4.075167e-01 2.269953e-01 1.203618e-02
<GCONST> 9.107359e+01
<TRANSP> 20
 0.000000e+00 1.000000e+00 0.000000e+00 0.000000e+00 0.000000e+00 0.000000e+00 0.000000e+00 0.000000e+00 0.000000e+00 0.000000e+00 0.000000e+00 0.000000e+00 0.000000e+00 0.000000e+00 0.000000e+00 0.000000e+00 0.000000e+00 0.000000e+00 0.000000e+00 0.000000e+00
 0.000000e+00 8.417877e-01 1.582123e-01 0.000000e+00 0.000000e+00 0.000000e+00 0.000000e+00 0.000000e+00 0.000000e+00 0.000000e+00 0.000000e+00 0.000000e+00 0.000000e+00 0.000000e+00 0.000000e+00 0.000000e+00 0.000000e+00 0.000000e+00 0.000000e+00 0.000000e+00
 0.000000e+00 0.000000e+00 7.998020e-01 2.001980e-01 0.000000e+00 0.000000e+00 0.000000e+00 0.000000e+00 0.000000e+00 0.000000e+00 0.000000e+00 0.000000e+00 0.000000e+00 0.000000e+00 0.000000e+00 0.000000e+00 0.000000e+00 0.000000e+00 0.000000e+00 0.000000e+00
 0.000000e+00 0.000000e+00 0.000000e+00 7.196938e-01 2.803062e-01 0.000000e+00 0.000000e+00 0.000000e+00 0.000000e+00 0.000000e+00 0.000000e+00 0.000000e+00 0.000000e+00 0.000000e+00 0.000000e+00 0.000000e+00 0.000000e+00 0.000000e+00 0.000000e+00 0.000000e+00
 0.000000e+00 0.000000e+00 0.000000e+00 0.000000e+00 7.463673e-01 2.536327e-01 0.000000e+00 0.000000e+00 0.000000e+00 0.000000e+00 0.000000e+00 0.000000e+00 0.000000e+00 0.000000e+00 0.000000e+00 0.000000e+00 0.000000e+00 0.000000e+00 0.000000e+00 0.000000e+00
 0.000000e+00 0.000000e+00 0.000000e+00 0.000000e+00 0.000000e+00 8.770825e-01 1.229175e-01 0.000000e+00 0.000000e+00 0.000000e+00 0.000000e+00 0.000000e+00 0.000000e+00 0.000000e+00 0.000000e+00 0.000000e+00 0.000000e+00 0.000000e+00 0.000000e+00 0.000000e+00
 0.000000e+00 0.000000e+00 0.000000e+00 0.000000e+00 0.000000e+00 0.000000e+00 7.283151e-01 2.716849e-01 0.000000e+00 0.000000e+00 0.000000e+00 0.000000e+00 0.000000e+00 0.000000e+00 0.000000e+00 0.000000e+00 0.000000e+00 0.000000e+00 0.000000e+00 0.000000e+00
 0.000000e+00 0.000000e+00 0.000000e+00 0.000000e+00 0.000000e+00 0.000000e+00 0.000000e+00 8.321116e-01 1.678884e-01 0.000000e+00 0.000000e+00 0.000000e+00 0.000000e+00 0.000000e+00 0.000000e+00 0.000000e+00 0.000000e+00 0.000000e+00 0.000000e+00 0.000000e+00
 0.000000e+00 0.000000e+00 0.000000e+00 0.000000e+00 0.000000e+00 0.000000e+00 0.000000e+00 0.000000e+00 8.004844e-01 1.995156e-01 0.000000e+00 0.000000e+00 0.000000e+00 0.000000e+00 0.000000e+00 0.000000e+00 0.000000e+00 0.000000e+00 0.000000e+00 0.000000e+00
 0.000000e+00 0.000000e+00 0.000000e+00 0.000000e+00 0.000000e+00 0.000000e+00 0.000000e+00 0.000000e+00 0.000000e+00 7.954975e-01 2.045025e-01 0.000000e+00 0.000000e+00 0.000000e+00 0.000000e+00 0.000000e+00 0.000000e+00 0.000000e+00 0.000000e+00 0.000000e+00
 0.000000e+00 0.000000e+00 0.000000e+00 0.000000e+00 0.000000e+00 0.000000e+00 0.000000e+00 0.000000e+00 0.000000e+00 0.000000e+00 7.811674e-01 2.188325e-01 0.000000e+00 0.000000e+00 0.000000e+00 0.000000e+00 0.000000e+00 0.000000e+00 0.000000e+00 0.000000e+00
 0.000000e+00 0.000000e+00 0.000000e+00 0.000000e+00 0.000000e+00 0.000000e+00 0.000000e+00 0.000000e+00 0.000000e+00 0.000000e+00 0.000000e+00 8.266560e-01 1.733440e-01 0.000000e+00 0.000000e+00 0.000000e+00 0.000000e+00 0.000000e+00 0.000000e+00 0.000000e+00
 0.000000e+00 0.000000e+00 0.000000e+00 0.000000e+00 0.000000e+00 0.000000e+00 0.000000e+00 0.000000e+00 0.000000e+00 0.000000e+00 0.000000e+00 0.000000e+00 7.323406e-01 2.676594e-01 0.000000e+00 0.000000e+00 0.000000e+00 0.000000e+00 0.000000e+00 0.000000e+00
 0.000000e+00 0.000000e+00 0.000000e+00 0.000000e+00 0.000000e+00 0.000000e+00 0.000000e+00 0.000000e+00 0.000000e+00 0.000000e+00 0.000000e+00 0.000000e+00 0.000000e+00 7.857124e-01 2.142876e-01 0.000000e+00 0.000000e+00 0.000000e+00 0.000000e+00 0.000000e+00
 0.000000e+00 0.000000e+00 0.000000e+00 0.000000e+00 0.000000e+00 0.000000e+00 0.000000e+00 0.000000e+00 0.000000e+00 0.000000e+00 0.000000e+00 0.000000e+00 0.000000e+00 0.000000e+00 8.201861e-01 1.798139e-01 0.000000e+00 0.000000e+00 0.000000e+00 0.000000e+00
 0.000000e+00 0.000000e+00 0.000000e+00 0.000000e+00 0.000000e+00 0.000000e+00 0.000000e+00 0.000000e+00 0.000000e+00 0.000000e+00 0.000000e+00 0.000000e+00 0.000000e+00 0.000000e+00 0.000000e+00 8.251667e-01 1.748333e-01 0.000000e+00 0.000000e+00 0.000000e+00
 0.000000e+00 0.000000e+00 0.000000e+00 0.000000e+00 0.000000e+00 0.000000e+00 0.000000e+00 0.000000e+00 0.000000e+00 0.000000e+00 0.000000e+00 0.000000e+00 0.000000e+00 0.000000e+00 0.000000e+00 0.000000e+00 8.483238e-01 1.516763e-01 0.000000e+00 0.000000e+00
 0.000000e+00 0.000000e+00 0.000000e+00 0.000000e+00 0.000000e+00 0.000000e+00 0.000000e+00 0.000000e+00 0.000000e+00 0.000000e+00 0.000000e+00 0.000000e+00 0.000000e+00 0.000000e+00 0.000000e+00 0.000000e+00 0.000000e+00 8.069754e-01 1.930247e-01 0.000000e+00
 0.000000e+00 0.000000e+00 0.000000e+00 0.000000e+00 0.000000e+00 0.000000e+00 0.000000e+00 0.000000e+00 0.000000e+00 0.000000e+00 0.000000e+00 0.000000e+00 0.000000e+00 0.000000e+00 0.000000e+00 0.000000e+00 0.000000e+00 0.000000e+00 7.522934e-01 2.477066e-01
 0.000000e+00 0.000000e+00 0.000000e+00 0.000000e+00 0.000000e+00 0.000000e+00 0.000000e+00 0.000000e+00 0.000000e+00 0.000000e+00 0.000000e+00 0.000000e+00 0.000000e+00 0.000000e+00 0.000000e+00 0.000000e+00 0.000000e+00 0.000000e+00 0.000000e+00 0.000000e+00
<ENDHMM>
