~o
<STREAMINFO> 1 39
<VECSIZE> 39<NULLD><MFCC_D_A_0><DIAGC>
~h "setengah"
<BEGINHMM>
<NUMSTATES> 20
<STATE> 2
<MEAN> 39
 -1.964491e+01 -6.900169e+00 -4.270511e+00 -3.738625e+00 2.704732e+00 -3.686755e+00 3.947717e+00 -5.045792e+00 2.791085e+00 -7.413290e+00 1.244137e+00 -6.461163e+00 5.673220e+01 -9.311386e-01 1.588073e+00 -9.310358e-01 9.306390e-01 -1.516020e-01 -7.817379e-01 8.293439e-01 -1.030754e+00 1.038393e+00 -6.536896e-01 1.160754e+00 -1.333126e-01 5.745891e-01 -3.418554e-01 5.912160e-01 -3.825315e-01 3.139454e-01 -2.100064e-01 -3.133306e-02 1.501009e-01 -1.863292e-01 1.746983e-01 -5.926166e-02 1.723903e-01 1.334848e-02 2.145606e-01
<VARIANCE> 39
 6.824020e+00 8.201338e+00 5.772792e+00 9.130769e+00 1.686766e+01 1.443755e+01 3.590183e+01 2.190958e+01 2.613910e+01 2.072315e+01 1.782597e+01 1.874808e+01 1.507403e+00 6.736166e-01 2.011969e+00 8.962368e-01 2.062091e+00 1.884656e+00 2.641574e+00 1.964159e+00 4.455924e+00 2.729373e+00 1.803983e+00 2.331302e+00 2.571194e+00 2.383908e-01 7.893898e-02 1.436876e-01 1.355661e-01 2.766720e-01 3.375108e-01 3.443769e-01 2.464782e-01 5.397650e-01 3.910698e-01 3.647233e-01 4.730973e-01 3.480819e-01 1.303511e-02
<GCONST> 9.096709e+01
<STATE> 3
<MEAN> 39
 -2.741380e+01 6.272395e+00 -1.186853e+01 3.251231e+00 9.444358e-01 -7.141286e+00 8.000364e+00 -8.196246e+00 6.788544e+00 -8.988867e+00 5.594548e+00 -5.162948e+00 6.211894e+01 -6.253372e-01 1.405333e+00 -7.767649e-01 2.953456e-01 -9.880689e-02 -9.755799e-01 2.593828e-01 -3.234531e-01 6.881487e-02 1.608369e-01 -3.663752e-02 3.265769e-01 8.412915e-01 9.557046e-01 -5.889590e-01 4.442594e-01 -5.948248e-01 -1.150234e-01 -2.966179e-01 -6.692629e-01 1.146949e-01 -2.995995e-01 2.677865e-01 -4.042459e-01 -1.511846e-01 -1.401051e-02
<VARIANCE> 39
 9.333240e+00 2.410667e+01 1.497828e+01 1.543348e+01 3.458420e+01 2.870116e+01 3.652514e+01 4.354846e+01 3.774535e+01 2.579671e+01 2.220546e+01 2.259272e+01 6.517540e+00 2.825043e+00 2.607673e+00 2.027999e+00 2.427394e+00 1.920252e+00 1.633268e+00 1.641786e+00 2.046063e+00 2.776616e+00 2.628345e+00 1.860751e+00 1.250405e+00 2.622242e-01 4.623208e-01 1.615083e-01 1.836586e-01 3.005820e-01 6.105899e-01 4.670225e-01 5.645849e-01 5.223751e-01 4.807453e-01 4.956559e-01 4.471054e-01 4.183615e-01 6.144079e-02
<GCONST> 1.053538e+02
<STATE> 4
<MEAN> 39
 -1.676557e+01 5.473629e+00 -9.747140e+00 -2.391645e+00 -1.383281e+00 -1.771485e+01 -1.010904e+00 -1.041134e+01 6.147305e+00 -7.445851e+00 1.683623e+00 -7.308172e+00 6.607207e+01 5.359391e+00 -5.247487e-01 -4.460336e-02 -2.157212e+00 -1.039078e+00 -2.766626e+00 -4.874167e+00 -9.647281e-02 7.858816e-02 1.237323e+00 -1.703506e+00 -1.815443e+00 2.255485e+00 1.225098e-01 -2.255072e-01 -2.112709e-01 4.528972e-03 4.812150e-01 5.214741e-01 -1.006723e-01 2.279767e-01 7.264460e-02 2.278426e-01 6.877644e-02 -1.053492e-01 1.975522e-01
<VARIANCE> 39
 7.410511e+01 1.807882e+01 1.791453e+01 2.798189e+01 4.581549e+01 8.831531e+01 1.115788e+02 6.741742e+01 4.509951e+01 4.628275e+01 4.111946e+01 3.813979e+01 2.366196e+01 1.542569e+00 1.927375e+00 1.931563e+00 2.524678e+00 5.349133e+00 6.295883e+00 6.094214e+00 5.832320e+00 1.856270e+00 5.924221e+00 5.586720e+00 3.902462e+00 1.154559e+00 1.628019e+00 1.059011e-01 2.050393e-01 4.839651e-01 6.143922e-01 1.265289e+00 2.291317e+00 4.530182e-01 3.606340e-01 6.763155e-01 5.546424e-01 8.610424e-01 4.197364e-01
<GCONST> 1.285751e+02
<STATE> 5
<MEAN> 39
 -3.636381e+00 1.472946e+00 -1.165217e+01 -7.300077e+00 5.847415e-01 -1.925113e+01 -1.213789e+01 -8.905773e+00 5.115977e+00 -5.589962e-01 -2.989722e+00 -1.124393e+01 7.345675e+01 9.062242e-01 -5.514354e-01 6.154357e-01 -1.630904e-01 9.531810e-01 1.749429e+00 -4.301444e-01 -1.992573e-01 -5.504353e-01 5.252033e-01 1.262578e-01 -1.043092e-01 -3.730177e-01 -1.225033e+00 2.255095e-01 4.268062e-01 5.952762e-01 -2.770207e-02 6.156147e-01 1.052941e+00 -6.279182e-02 -2.160731e-01 -7.571025e-01 2.998999e-01 2.991596e-01 -9.588077e-01
<VARIANCE> 39
 3.774608e+00 2.445959e+01 2.259979e+01 4.425321e+01 1.027604e+02 1.105861e+02 4.997924e+01 1.095123e+02 8.531948e+01 8.566546e+01 9.530301e+01 3.482854e+01 1.643871e+01 1.819977e+00 9.282138e-01 1.053309e+00 1.440358e+00 1.801027e+00 1.627672e+00 2.337385e+00 2.373147e+00 2.451935e+00 3.413803e+00 2.793061e+00 1.515479e+00 1.784904e+00 2.486587e-01 1.915773e-01 1.542965e-01 3.671591e-01 7.161880e-01 8.169412e-01 5.286309e-01 8.655463e-01 4.514324e-01 8.134428e-01 7.734123e-01 5.012163e-01 1.277581e-01
<GCONST> 1.174971e+02
<STATE> 6
<MEAN> 39
 -6.251107e+00 1.048669e+00 -6.815029e+00 -5.854772e+00 6.459189e-01 -1.115167e+01 -8.210838e+00 -9.856069e+00 2.100462e+00 -5.061087e+00 -8.654156e-01 -1.045068e+01 6.592411e+01 -7.745379e-01 -6.188895e-01 9.414094e-01 2.766214e-02 -1.803791e-01 6.941277e-01 5.454642e-01 8.185759e-02 -7.874252e-01 -7.921467e-01 -1.199380e-01 1.851645e-01 -1.263290e+00 -6.944093e-02 -1.350358e-01 -1.397490e-01 -1.056986e-01 -8.728833e-02 -3.475695e-01 2.136656e-02 6.479143e-02 1.189858e-01 2.174373e-01 5.742842e-03 2.703488e-02 2.283777e-01
<VARIANCE> 39
 2.440054e+00 1.130551e+01 1.539020e+01 1.230535e+01 5.373502e+01 7.103220e+01 3.799209e+01 4.521479e+01 4.112107e+01 4.371494e+01 4.388020e+01 1.591432e+01 7.256064e+00 1.657640e-01 4.013180e-01 2.986543e-01 7.307728e-01 1.164378e+00 1.412242e+00 1.286707e+00 1.800316e+00 1.130434e+00 2.416906e+00 1.157846e+00 1.481541e+00 1.964394e-01 7.969814e-02 4.824849e-02 9.939700e-02 1.040311e-01 2.162822e-01 1.792581e-01 2.516831e-01 2.263712e-01 2.039551e-01 3.114890e-01 2.445032e-01 2.770343e-01 6.488640e-02
<GCONST> 8.455008e+01
<STATE> 7
<MEAN> 39
 -9.818245e+00 -3.043928e+00 -4.667575e+00 -6.830125e+00 1.553764e-01 -1.273069e+01 -6.019815e+00 -9.677871e+00 1.470264e+00 -6.265385e+00 -1.485338e+00 -1.039469e+01 6.386464e+01 6.972210e-01 -1.764610e+00 -1.110632e+00 -7.168462e-01 2.783516e-01 -1.017931e-01 5.167060e-01 4.539744e-01 8.503560e-01 6.032422e-01 -8.815011e-01 -1.039754e+00 1.495803e+00 9.036714e-01 -1.501224e-01 -4.263620e-01 -2.089650e-01 1.495029e-01 2.792688e-01 -2.912601e-01 -1.682375e-02 2.420228e-01 2.679670e-01 -4.702912e-01 -4.827391e-01 6.904554e-01
<VARIANCE> 39
 7.427241e+00 9.919817e+00 1.694020e+01 9.951900e+00 2.270730e+01 5.299823e+01 2.702730e+01 4.923809e+01 3.170843e+01 2.724287e+01 4.039718e+01 1.314564e+01 7.563774e+00 3.044362e+00 1.686372e+00 3.168593e+00 2.264508e+00 2.986009e+00 2.746029e+00 3.824730e+00 2.777900e+00 1.907616e+00 4.884584e+00 3.149009e+00 3.507948e+00 1.666664e+00 1.252180e-01 2.068915e-01 4.610997e-01 4.324042e-01 6.184956e-01 3.525177e-01 5.023166e-01 4.757403e-01 5.375077e-01 7.601732e-01 2.806366e-01 5.375306e-01 2.780422e-01
<GCONST> 1.113823e+02
<STATE> 8
<MEAN> 39
 -2.579410e-01 -9.309345e+00 -7.868381e+00 -1.081306e+01 2.692206e+00 -9.393589e+00 -7.308304e+00 -5.625792e+00 3.385004e+00 7.214630e-02 -6.289338e+00 -1.672137e+01 7.289800e+01 1.608487e+00 1.376660e-01 3.035835e-01 5.876226e-02 3.862111e-01 5.093806e-01 -7.825504e-02 4.913248e-02 -4.171127e-01 5.726150e-01 -5.184552e-01 3.423539e-01 7.821642e-01 -4.897720e-01 7.185863e-01 6.032476e-01 2.913817e-01 -2.248340e-01 -1.588429e-01 1.197150e-01 -1.798375e-01 -4.772014e-01 -5.181420e-01 6.891029e-01 8.690768e-01 -7.527690e-01
<VARIANCE> 39
 1.047195e+01 2.780687e+01 6.568095e+01 3.282038e+01 1.204632e+02 7.486497e+01 9.523825e+01 1.706537e+02 3.481176e+01 1.137440e+02 9.092780e+01 3.828503e+01 1.282428e+01 1.684536e+00 2.868397e+00 2.102345e+00 2.462834e+00 4.101341e+00 2.581063e+00 3.464801e+00 4.073853e+00 3.015621e+00 3.931108e+00 3.047118e+00 6.182090e+00 2.825127e+00 1.525555e-01 2.664458e-01 4.245507e-01 4.411185e-01 7.158965e-01 4.955543e-01 7.682915e-01 5.233952e-01 3.473692e-01 6.201227e-01 5.814521e-01 6.285784e-01 1.682988e-01
<GCONST> 1.263450e+02
<STATE> 9
<MEAN> 39
 9.046777e-01 -2.136068e+00 -1.272412e+00 -6.906911e+00 1.357826e+00 -1.082650e+01 -5.490935e+00 -7.402348e+00 -1.913992e+00 -4.696982e+00 -3.607139e+00 -9.604605e+00 6.940815e+01 1.924749e-01 1.098597e+00 7.402048e-01 2.555968e-01 -5.933246e-01 3.960178e-01 1.610582e-01 -7.344140e-01 -9.501143e-01 -9.235715e-01 6.581303e-01 8.100829e-01 -7.129586e-01 -6.920208e-02 -1.723497e-01 -1.923002e-01 -1.918689e-01 1.797405e-02 7.960033e-02 2.452798e-02 5.857937e-02 1.395594e-01 7.412311e-02 -1.335029e-01 -1.279094e-01 9.160248e-02
<VARIANCE> 39
 8.063309e+00 3.768134e+01 6.135661e+01 1.826560e+01 5.821750e+01 3.281693e+01 5.509240e+01 1.138478e+02 5.965127e+01 8.971859e+01 5.187131e+01 2.276232e+01 5.365549e+00 6.500385e-02 3.839990e-01 8.252816e-01 1.653870e+00 1.563391e+00 1.842856e+00 1.270456e+00 1.275434e+00 1.403843e+00 1.146635e+00 1.486598e+00 2.044429e+00 1.149153e-01 3.442933e-02 4.623913e-02 1.070024e-01 9.020421e-02 1.957606e-01 1.811628e-01 2.030489e-01 2.005152e-01 2.030168e-01 1.486707e-01 1.969978e-01 3.726703e-01 1.590990e-02
<GCONST> 8.776242e+01
<STATE> 10
<MEAN> 39
 2.791531e+00 -1.372792e+00 -4.106709e+00 -1.462870e+01 -2.932087e+00 -2.005894e+00 -4.804476e+00 -1.411378e+01 -2.639600e+00 -7.097890e+00 9.836382e-01 -1.208809e+00 6.779114e+01 -5.009999e-02 8.831891e-02 4.009560e-02 -3.271701e-01 -1.228107e-01 3.762670e-01 4.148796e-01 -2.227290e-01 -3.288759e-02 4.449197e-03 3.987882e-01 5.664697e-01 -7.380141e-02 -4.973250e-02 -2.817717e-01 -2.114241e-01 2.173788e-01 1.686079e-01 -1.237687e-01 -1.822137e-02 1.398137e-01 3.691888e-01 6.287121e-02 -2.960272e-01 -3.343422e-01 1.498555e-01
<VARIANCE> 39
 4.264291e+00 2.571350e+01 1.955431e+01 3.291080e+01 1.830517e+01 2.646409e+01 6.643813e+01 6.617062e+01 2.520957e+01 4.875745e+01 2.722022e+01 2.911590e+01 1.336131e+00 5.365222e-02 3.239259e-01 6.602610e-01 1.019549e+00 1.009950e+00 1.323397e+00 4.828147e-01 9.012336e-01 1.247379e+00 1.084185e+00 1.373332e+00 1.939021e+00 6.782790e-02 1.454664e-02 1.122147e-01 6.816462e-02 2.082849e-01 2.126653e-01 1.661638e-01 1.211936e-01 2.941741e-01 2.193573e-01 2.145616e-01 2.760516e-01 2.390361e-01 2.653286e-02
<GCONST> 7.833929e+01
<STATE> 11
<MEAN> 39
 1.071321e+00 -2.418962e+00 -4.717980e+00 -9.046223e+00 1.523991e+00 -6.694801e+00 -4.885579e+00 -1.116908e+01 9.686319e-01 -8.393900e+00 -4.621953e+00 -6.174347e+00 6.882125e+01 9.005457e-03 -2.211926e+00 -1.329570e+00 2.258136e-01 1.010751e+00 -4.316496e-01 -7.185884e-01 1.904770e+00 1.990850e+00 -5.861136e-01 -1.699709e+00 -8.411032e-01 9.821922e-01 2.349584e-02 -3.922486e-01 -3.406095e-02 4.695262e-02 -1.075839e-01 1.260991e-02 -3.085000e-01 4.393181e-01 4.314088e-02 -1.117623e-01 -1.333491e-01 -8.708382e-02 1.581759e-01
<VARIANCE> 39
 6.505199e+00 4.078041e+01 3.722315e+01 2.866148e+01 5.265479e+01 3.058369e+01 6.594244e+01 8.960853e+01 4.727275e+01 4.452100e+01 6.724719e+01 7.000491e+01 5.478671e+00 2.483368e-01 7.558730e-01 1.034595e+00 2.354000e+00 3.190146e+00 3.759746e+00 2.355050e+00 3.453389e+00 2.377680e+00 9.749776e-01 1.973923e+00 1.953634e+00 2.042364e-01 2.452636e-02 1.861605e-01 2.421004e-01 1.931107e-01 4.966588e-01 2.610210e-01 4.155941e-01 3.071808e-01 4.617360e-01 1.872844e-01 4.517826e-01 3.960920e-01 3.833671e-02
<GCONST> 1.025250e+02
<STATE> 12
<MEAN> 39
 1.088344e+00 -1.242075e+01 -5.751847e+00 -8.329218e+00 5.389337e+00 -5.947474e+00 -1.168456e+01 -1.188602e+00 7.310878e+00 -1.279881e+01 -6.531552e+00 -1.125991e+01 7.379704e+01 -1.141637e-01 -1.223457e+00 -1.988666e-01 1.324684e-01 4.708895e-02 1.332243e-01 -3.712728e-01 5.985028e-01 -1.779136e-01 -1.169610e+00 -5.671882e-01 -1.299302e-01 4.973329e-01 -1.073257e-01 5.156206e-01 2.964387e-01 2.177903e-01 -8.515384e-02 -2.291876e-02 1.973419e-01 -4.993740e-01 -4.499039e-01 -8.145756e-02 1.208740e-01 2.283787e-01 -2.417993e-01
<VARIANCE> 39
 3.851431e+00 2.150538e+01 1.048738e+02 1.494916e+01 3.889234e+01 4.487105e+01 3.817094e+01 1.143560e+02 4.582118e+01 4.915694e+01 1.054848e+02 3.612213e+01 1.457713e+01 2.156276e-01 2.291287e+00 1.268264e+00 1.206499e+00 1.431601e+00 2.421087e+00 1.448846e+00 2.489154e+00 3.327422e+00 2.167234e+00 1.249643e+00 1.414354e+00 3.583727e-01 6.194217e-02 1.458163e-01 3.054754e-01 1.590759e-01 2.707926e-01 3.957116e-01 2.062063e-01 5.356243e-01 4.353498e-01 2.739677e-01 1.998501e-01 2.551835e-01 2.020367e-02
<GCONST> 1.005349e+02
<STATE> 13
<MEAN> 39
 7.609507e-01 -1.554409e+01 -7.796930e+00 -3.839970e+00 -3.647431e+00 -6.714078e+00 -3.430151e+00 -5.058926e+00 2.679348e+00 -8.947284e+00 -1.126641e+01 -4.580658e+00 7.384105e+01 -3.131251e-01 2.996889e-01 8.415085e-01 1.237736e+00 5.346493e-01 8.302806e-02 -1.105805e-01 -4.103630e-02 -9.878788e-02 -7.702630e-01 -6.908999e-01 3.511930e-01 -2.256964e-01 -7.412297e-02 2.933578e-01 1.713800e-01 3.185599e-02 3.188051e-01 -1.331330e-01 1.464854e-01 -1.250627e-01 -5.452081e-02 -8.811969e-02 1.620306e-01 1.124064e-01 -2.049333e-01
<VARIANCE> 39
 2.526631e+00 1.117071e+01 2.200743e+01 1.662392e+01 6.531226e+01 1.244025e+02 5.529194e+01 3.001704e+01 6.675992e+01 5.790399e+01 3.218889e+01 5.594176e+01 4.517809e+00 1.237400e-01 9.523343e-01 7.359865e-01 9.142727e-01 2.170649e+00 1.322107e+00 1.816846e+00 1.533524e+00 1.722543e+00 1.223284e+00 1.104766e+00 1.479295e+00 3.620503e-01 3.744021e-02 6.759928e-02 7.543708e-02 1.857406e-01 1.941289e-01 2.508025e-01 2.703131e-01 2.158581e-01 3.114792e-01 2.017508e-01 1.477656e-01 2.798324e-01 2.214492e-02
<GCONST> 8.849178e+01
<STATE> 14
<MEAN> 39
 -2.783869e+00 -9.801826e+00 -3.086645e+00 1.245935e+00 8.177249e+00 -8.471663e+00 -7.336954e+00 -6.461810e+00 9.412594e-01 -2.225102e+01 -1.301181e+01 -7.025952e+00 6.989753e+01 -1.109294e+00 4.719505e-01 3.702931e-01 1.139752e+00 9.837664e-01 -6.468128e-01 7.529930e-01 -1.791225e-01 6.096559e-02 -8.429325e-01 8.442528e-01 5.868201e-01 -8.388565e-01 -9.283137e-02 -3.275762e-01 -3.285579e-01 -2.856569e-01 -1.771748e-01 5.456694e-02 3.092853e-02 2.350927e-01 2.214305e-01 2.656510e-01 3.031274e-01 -5.238392e-02 2.918753e-02
<VARIANCE> 39
 5.257464e+00 7.427206e+00 2.837468e+01 1.821861e+01 3.518899e+01 4.899406e+01 3.216890e+01 5.839605e+01 1.040696e+02 1.077074e+02 6.617403e+01 4.223177e+01 8.566939e+00 2.031109e-01 6.832899e-01 1.662571e+00 1.226978e+00 1.317071e+00 1.407200e+00 2.098924e+00 2.660392e+00 3.014025e+00 1.360430e+00 2.476979e+00 1.753832e+00 1.807288e-01 4.113353e-02 6.550812e-02 1.149122e-01 1.151060e-01 2.897986e-01 2.071830e-01 2.343292e-01 3.631161e-01 4.248000e-01 2.785435e-01 2.977476e-01 2.391790e-01 1.708652e-02
<GCONST> 9.386800e+01
<STATE> 15
<MEAN> 39
 -9.161544e+00 -1.287026e+01 -1.927461e+00 4.270086e+00 1.187598e+01 -9.825122e+00 -2.077349e+00 -4.457837e+00 3.652286e+00 -2.485341e+01 -7.258828e+00 -4.302487e+00 6.806149e+01 -8.382414e-01 -3.812031e-01 4.783555e-02 2.943701e-01 -1.512063e-01 3.021368e-01 1.083000e+00 4.204769e-01 3.822982e-02 3.803108e-01 3.594272e-01 3.321658e-01 -5.660146e-01 9.733830e-02 1.403761e-01 8.252744e-02 -1.091926e-01 -1.441485e-01 1.373644e-01 5.302425e-02 4.356237e-02 -9.707099e-02 5.784957e-02 -2.143992e-01 -1.452612e-01 -3.495075e-02
<VARIANCE> 39
 1.186592e+01 1.761564e+01 2.535049e+01 1.125964e+01 2.869882e+01 3.383073e+01 6.899967e+01 4.224834e+01 1.206632e+02 5.319110e+01 6.191859e+01 6.563970e+01 1.350476e+01 2.527018e-01 5.162525e-01 5.755821e-01 1.088131e+00 7.077272e-01 1.431817e+00 2.135355e+00 2.417850e+00 1.472463e+00 2.187885e+00 2.551602e+00 2.961961e+00 1.833013e-01 4.298586e-02 5.428563e-02 1.246826e-01 1.440523e-01 1.228352e-01 2.035106e-01 4.043297e-01 3.696335e-01 2.724980e-01 2.779579e-01 6.399335e-01 4.991755e-01 1.294288e-02
<GCONST> 9.411707e+01
<STATE> 16
<MEAN> 39
 -1.222117e+01 -1.273545e+01 -1.086513e-01 7.537306e+00 9.868828e+00 -7.216763e+00 5.886222e+00 1.925734e+00 5.673299e+00 -2.067130e+01 -6.352556e+00 -3.675008e+00 6.435721e+01 -3.431681e-01 7.875453e-01 1.269589e-02 -8.977497e-02 -6.669631e-03 8.342707e-01 4.377356e-02 2.305821e-01 -5.503485e-01 3.852275e-01 -5.756487e-01 -6.961410e-01 -9.938335e-01 6.176152e-03 5.398917e-02 5.360751e-03 -1.240065e-01 2.386344e-02 5.894521e-02 -1.275486e-01 -6.124791e-02 -1.330027e-02 1.412864e-01 -4.358478e-02 -1.580475e-01 1.708611e-02
<VARIANCE> 39
 1.669751e+01 2.515590e+01 1.688835e+01 3.285999e+01 5.011801e+01 4.500891e+01 5.001419e+01 3.838874e+01 7.132984e+01 2.116226e+01 1.870821e+01 2.205827e+01 7.739422e+00 1.285829e-01 2.708082e-01 6.776481e-01 7.005106e-01 8.341508e-01 1.282726e+00 1.291388e+00 9.116896e-01 1.356617e+00 9.393947e-01 1.541940e+00 1.239476e+00 3.345842e-02 2.596856e-02 5.321529e-02 1.094588e-01 7.745346e-02 1.328888e-01 1.855222e-01 2.937579e-01 2.555652e-01 3.190471e-01 1.378363e-01 2.763261e-01 2.015902e-01 7.574154e-03
<GCONST> 7.978585e+01
<STATE> 17
<MEAN> 39
 -1.173435e+01 -7.100359e+00 -3.133342e+00 4.347776e-01 6.451560e+00 -3.262627e+00 4.763150e-02 -2.880985e+00 8.753382e-01 -1.426200e+01 -8.762207e+00 -7.682786e+00 6.030526e+01 -8.525630e-01 3.904141e-01 2.785248e-01 -2.146351e-01 1.684290e-02 7.863007e-01 6.371189e-01 1.581693e-01 -1.856497e-01 6.721402e-01 5.085322e-01 -6.111451e-01 -6.723435e-01 1.330078e-04 -3.729549e-02 8.455116e-02 1.658138e-01 5.911687e-02 2.006455e-02 1.053281e-01 -6.640965e-02 6.627015e-03 4.894529e-02 1.227787e-01 9.021506e-02 5.836098e-02
<VARIANCE> 39
 6.209496e+00 4.555837e+00 9.003369e+00 1.435042e+01 1.839804e+01 2.083940e+01 2.653886e+01 2.663057e+01 5.254713e+01 4.989945e+01 1.552564e+01 1.576916e+01 2.393800e+00 8.572327e-02 2.891975e-01 4.415543e-01 1.076639e+00 1.113837e+00 9.869645e-01 1.118212e+00 1.161978e+00 7.955781e-01 1.001382e+00 1.445704e+00 1.320255e+00 4.838526e-02 1.545300e-02 3.796406e-02 6.531911e-02 1.362244e-01 1.442269e-01 1.478516e-01 1.230161e-01 1.040094e-01 1.430751e-01 1.830296e-01 2.727174e-01 2.228843e-01 4.550709e-03
<GCONST> 6.773720e+01
<STATE> 18
<MEAN> 39
 -1.647250e+01 -5.285873e+00 5.977144e-01 3.189748e+00 8.669516e+00 2.089715e+00 6.495215e+00 -1.784264e+00 -8.450170e-01 -1.240835e+01 -5.538766e+00 -9.712104e+00 5.708151e+01 -6.716519e-01 -4.471206e-02 3.296738e-01 1.185031e-02 1.794707e-01 7.935959e-01 9.148098e-01 -2.834097e-01 -7.762520e-01 -1.381538e-01 5.576390e-02 -2.877046e-01 -4.374753e-01 3.252076e-02 -1.520313e-01 -1.480373e-01 -1.065797e-01 -1.504262e-02 -2.422588e-02 -1.909148e-01 -1.515851e-01 -4.733035e-02 -3.397034e-02 -4.212352e-03 1.242394e-01 4.861745e-02
<VARIANCE> 39
 3.632894e+00 3.362185e+00 5.696229e+00 1.850792e+01 3.056500e+01 1.988492e+01 3.263579e+01 3.369388e+01 5.041414e+01 3.901646e+01 1.938665e+01 1.749851e+01 1.557666e+00 1.224028e-01 2.920105e-01 4.357457e-01 5.552899e-01 8.318948e-01 7.577680e-01 9.438095e-01 6.991132e-01 1.184609e+00 2.121172e+00 1.450056e+00 1.371555e+00 6.386809e-02 1.685672e-02 3.463934e-02 6.436938e-02 8.019283e-02 1.438678e-01 1.507473e-01 2.126069e-01 2.055022e-01 2.658089e-01 2.903289e-01 3.780968e-01 3.390837e-01 9.459820e-03
<GCONST> 7.038461e+01
<STATE> 19
<MEAN> 39
 -1.802096e+01 -7.387330e+00 -3.901217e-01 1.841029e+00 9.615288e+00 4.023826e+00 6.707980e+00 -4.667919e+00 -3.378341e+00 -1.180842e+01 -3.353348e+00 -8.898376e+00 5.638713e+01 -1.833417e-01 -4.192791e-03 -3.303740e-01 -9.267776e-01 -5.807837e-01 2.059404e-01 -2.176451e-01 -5.303737e-01 9.061101e-02 1.207729e+00 9.332871e-01 4.413926e-01 -1.618496e-01 3.955803e-02 5.232184e-02 -2.472263e-02 -9.300860e-02 -1.898552e-01 -1.004390e-01 -9.241421e-02 -6.158756e-03 3.104834e-02 1.027300e-02 3.294094e-02 6.807357e-02 2.869958e-02
<VARIANCE> 39
 3.164489e+00 5.171355e+00 9.239395e+00 2.438372e+01 3.064194e+01 2.914155e+01 3.596698e+01 5.066568e+01 5.930040e+01 6.377070e+01 6.098037e+01 4.278350e+01 1.165525e+00 1.139148e-01 5.779805e-01 6.297249e-01 9.512629e-01 1.380119e+00 2.331409e+00 2.758761e+00 2.722401e+00 2.062568e+00 2.326970e+00 2.504591e+00 3.412299e+00 3.750356e-02 2.062939e-02 5.359176e-02 7.627614e-02 1.777118e-01 2.692120e-01 3.035931e-01 6.054033e-01 4.483010e-01 2.759017e-01 4.382387e-01 3.381019e-01 5.921926e-01 1.004857e-02
<GCONST> 8.759437e+01
<TRANSP> 20
 0.000000e+00 1.000000e+00 0.000000e+00 0.000000e+00 0.000000e+00 0.000000e+00 0.000000e+00 0.000000e+00 0.000000e+00 0.000000e+00 0.000000e+00 0.000000e+00 0.000000e+00 0.000000e+00 0.000000e+00 0.000000e+00 0.000000e+00 0.000000e+00 0.000000e+00 0.000000e+00
 0.000000e+00 7.647074e-01 2.352926e-01 0.000000e+00 0.000000e+00 0.000000e+00 0.000000e+00 0.000000e+00 0.000000e+00 0.000000e+00 0.000000e+00 0.000000e+00 0.000000e+00 0.000000e+00 0.000000e+00 0.000000e+00 0.000000e+00 0.000000e+00 0.000000e+00 0.000000e+00
 0.000000e+00 0.000000e+00 8.095052e-01 1.904948e-01 0.000000e+00 0.000000e+00 0.000000e+00 0.000000e+00 0.000000e+00 0.000000e+00 0.000000e+00 0.000000e+00 0.000000e+00 0.000000e+00 0.000000e+00 0.000000e+00 0.000000e+00 0.000000e+00 0.000000e+00 0.000000e+00
 0.000000e+00 0.000000e+00 0.000000e+00 7.142970e-01 2.857030e-01 0.000000e+00 0.000000e+00 0.000000e+00 0.000000e+00 0.000000e+00 0.000000e+00 0.000000e+00 0.000000e+00 0.000000e+00 0.000000e+00 0.000000e+00 0.000000e+00 0.000000e+00 0.000000e+00 0.000000e+00
 0.000000e+00 0.000000e+00 0.000000e+00 0.000000e+00 6.917159e-01 3.082841e-01 0.000000e+00 0.000000e+00 0.000000e+00 0.000000e+00 0.000000e+00 0.000000e+00 0.000000e+00 0.000000e+00 0.000000e+00 0.000000e+00 0.000000e+00 0.000000e+00 0.000000e+00 0.000000e+00
 0.000000e+00 0.000000e+00 0.000000e+00 0.000000e+00 0.000000e+00 8.155243e-01 1.844757e-01 0.000000e+00 0.000000e+00 0.000000e+00 0.000000e+00 0.000000e+00 0.000000e+00 0.000000e+00 0.000000e+00 0.000000e+00 0.000000e+00 0.000000e+00 0.000000e+00 0.000000e+00
 0.000000e+00 0.000000e+00 0.000000e+00 0.000000e+00 0.000000e+00 0.000000e+00 7.211071e-01 2.788929e-01 0.000000e+00 0.000000e+00 0.000000e+00 0.000000e+00 0.000000e+00 0.000000e+00 0.000000e+00 0.000000e+00 0.000000e+00 0.000000e+00 0.000000e+00 0.000000e+00
 0.000000e+00 0.000000e+00 0.000000e+00 0.000000e+00 0.000000e+00 0.000000e+00 0.000000e+00 7.499702e-01 2.500298e-01 0.000000e+00 0.000000e+00 0.000000e+00 0.000000e+00 0.000000e+00 0.000000e+00 0.000000e+00 0.000000e+00 0.000000e+00 0.000000e+00 0.000000e+00
 0.000000e+00 0.000000e+00 0.000000e+00 0.000000e+00 0.000000e+00 0.000000e+00 0.000000e+00 0.000000e+00 8.115769e-01 1.884231e-01 0.000000e+00 0.000000e+00 0.000000e+00 0.000000e+00 0.000000e+00 0.000000e+00 0.000000e+00 0.000000e+00 0.000000e+00 0.000000e+00
 0.000000e+00 0.000000e+00 0.000000e+00 0.000000e+00 0.000000e+00 0.000000e+00 0.000000e+00 0.000000e+00 0.000000e+00 7.893049e-01 2.106951e-01 0.000000e+00 0.000000e+00 0.000000e+00 0.000000e+00 0.000000e+00 0.000000e+00 0.000000e+00 0.000000e+00 0.000000e+00
 0.000000e+00 0.000000e+00 0.000000e+00 0.000000e+00 0.000000e+00 0.000000e+00 0.000000e+00 0.000000e+00 0.000000e+00 0.000000e+00 7.217955e-01 2.782045e-01 0.000000e+00 0.000000e+00 0.000000e+00 0.000000e+00 0.000000e+00 0.000000e+00 0.000000e+00 0.000000e+00
 0.000000e+00 0.000000e+00 0.000000e+00 0.000000e+00 0.000000e+00 0.000000e+00 0.000000e+00 0.000000e+00 0.000000e+00 0.000000e+00 0.000000e+00 7.631049e-01 2.368951e-01 0.000000e+00 0.000000e+00 0.000000e+00 0.000000e+00 0.000000e+00 0.000000e+00 0.000000e+00
 0.000000e+00 0.000000e+00 0.000000e+00 0.000000e+00 0.000000e+00 0.000000e+00 0.000000e+00 0.000000e+00 0.000000e+00 0.000000e+00 0.000000e+00 0.000000e+00 7.707922e-01 2.292078e-01 0.000000e+00 0.000000e+00 0.000000e+00 0.000000e+00 0.000000e+00 0.000000e+00
 0.000000e+00 0.000000e+00 0.000000e+00 0.000000e+00 0.000000e+00 0.000000e+00 0.000000e+00 0.000000e+00 0.000000e+00 0.000000e+00 0.000000e+00 0.000000e+00 0.000000e+00 7.650843e-01 2.349157e-01 0.000000e+00 0.000000e+00 0.000000e+00 0.000000e+00 0.000000e+00
 0.000000e+00 0.000000e+00 0.000000e+00 0.000000e+00 0.000000e+00 0.000000e+00 0.000000e+00 0.000000e+00 0.000000e+00 0.000000e+00 0.000000e+00 0.000000e+00 0.000000e+00 0.000000e+00 7.937915e-01 2.062085e-01 0.000000e+00 0.000000e+00 0.000000e+00 0.000000e+00
 0.000000e+00 0.000000e+00 0.000000e+00 0.000000e+00 0.000000e+00 0.000000e+00 0.000000e+00 0.000000e+00 0.000000e+00 0.000000e+00 0.000000e+00 0.000000e+00 0.000000e+00 0.000000e+00 0.000000e+00 7.403010e-01 2.596990e-01 0.000000e+00 0.000000e+00 0.000000e+00
 0.000000e+00 0.000000e+00 0.000000e+00 0.000000e+00 0.000000e+00 0.000000e+00 0.000000e+00 0.000000e+00 0.000000e+00 0.000000e+00 0.000000e+00 0.000000e+00 0.000000e+00 0.000000e+00 0.000000e+00 0.000000e+00 8.090600e-01 1.909400e-01 0.000000e+00 0.000000e+00
 0.000000e+00 0.000000e+00 0.000000e+00 0.000000e+00 0.000000e+00 0.000000e+00 0.000000e+00 0.000000e+00 0.000000e+00 0.000000e+00 0.000000e+00 0.000000e+00 0.000000e+00 0.000000e+00 0.000000e+00 0.000000e+00 0.000000e+00 7.586809e-01 2.413191e-01 0.000000e+00
 0.000000e+00 0.000000e+00 0.000000e+00 0.000000e+00 0.000000e+00 0.000000e+00 0.000000e+00 0.000000e+00 0.000000e+00 0.000000e+00 0.000000e+00 0.000000e+00 0.000000e+00 0.000000e+00 0.000000e+00 0.000000e+00 0.000000e+00 0.000000e+00 7.400706e-01 2.599294e-01
 0.000000e+00 0.000000e+00 0.000000e+00 0.000000e+00 0.000000e+00 0.000000e+00 0.000000e+00 0.000000e+00 0.000000e+00 0.000000e+00 0.000000e+00 0.000000e+00 0.000000e+00 0.000000e+00 0.000000e+00 0.000000e+00 0.000000e+00 0.000000e+00 0.000000e+00 0.000000e+00
<ENDHMM>
