~o
<STREAMINFO> 1 39
<VECSIZE> 39<NULLD><MFCC_D_A_0><DIAGC>
~h "alarm"
<BEGINHMM>
<NUMSTATES> 5
<STATE> 2
<MEAN> 39
 -9.302481e+00 -1.217918e+01 -8.796679e+00 -6.116271e+00 2.921275e+00 -2.900656e+00 -1.753390e+00 -9.383164e+00 1.039530e+00 -7.776781e+00 -4.650125e+00 -9.933840e+00 6.507583e+01 2.217580e+00 -1.190675e+00 -1.327458e+00 -5.630752e-01 2.769097e-01 4.741724e-01 -7.452612e-01 -5.496969e-01 1.002343e-01 -2.459246e-01 -1.011759e+00 -7.717863e-01 2.361706e+00 -1.898258e-02 7.490921e-02 1.299725e-01 1.876358e-02 -1.372370e-01 -4.665968e-02 -8.751328e-02 6.277540e-02 -1.258917e-01 5.133464e-02 5.890694e-02 8.231314e-02 1.280549e-02
<VARIANCE> 39
 5.636413e+01 3.289531e+01 6.117326e+01 2.237514e+01 5.481362e+01 4.503094e+01 7.068581e+01 8.074179e+01 5.706294e+01 5.851009e+01 4.476387e+01 2.622931e+01 6.586341e+01 2.737409e+00 2.836395e+00 4.403417e+00 2.666876e+00 4.984900e+00 3.409394e+00 4.149472e+00 7.916278e+00 4.014892e+00 4.984820e+00 4.179316e+00 2.753378e+00 2.824126e+00 7.069014e-01 7.241243e-01 8.732988e-01 4.061441e-01 7.858426e-01 5.698094e-01 6.709473e-01 1.170578e+00 6.754221e-01 6.775253e-01 6.369800e-01 6.051168e-01 7.841106e-01
<GCONST> 1.348398e+02
<STATE> 3
<MEAN> 39
 1.346679e+00 -1.004417e+01 -8.709824e+00 -8.966695e+00 3.695734e-01 -5.097592e+00 -7.130311e+00 -7.512202e+00 -1.130723e-01 -4.676497e+00 -4.346691e+00 -1.241062e+01 7.356109e+01 -1.180955e-02 4.539456e-01 3.208556e-01 1.073887e-01 -1.439360e-01 -2.371371e-01 -2.367345e-02 -2.999008e-02 -1.304534e-01 -3.205248e-02 8.110732e-02 -1.403483e-02 -2.303455e-01 -2.891602e-02 2.979677e-02 1.796125e-02 2.395892e-02 4.844702e-02 1.083283e-02 1.055728e-02 -2.283313e-02 2.274554e-03 -4.033463e-02 -5.737168e-03 -5.946469e-03 -3.901067e-02
<VARIANCE> 39
 4.475206e+00 2.587411e+01 8.276227e+01 3.936605e+01 8.433437e+01 6.692893e+01 6.279219e+01 1.441438e+02 4.127763e+01 7.614608e+01 1.136825e+02 3.766971e+01 1.388108e+01 2.516724e-01 1.659601e+00 1.417685e+00 1.312709e+00 1.614858e+00 1.765660e+00 1.350265e+00 2.042065e+00 1.843158e+00 2.474267e+00 1.626518e+00 1.767857e+00 3.602032e-01 4.630489e-02 1.884161e-01 1.966781e-01 1.938102e-01 2.376620e-01 2.839990e-01 2.164628e-01 3.100135e-01 2.918336e-01 4.320955e-01 2.713288e-01 2.953781e-01 6.064534e-02
<GCONST> 1.038722e+02
<STATE> 4
<MEAN> 39
 -1.072301e+01 3.051104e+00 7.248689e+00 8.564211e-01 -6.623489e-01 -8.432868e+00 -4.046667e+00 -1.103675e+01 -6.323145e+00 -1.239218e+01 -3.269780e+00 -9.167730e+00 5.923335e+01 -5.604619e-01 -7.238036e-02 2.428716e-01 2.003090e-01 1.216991e-01 9.588619e-02 1.498604e-01 1.155985e-01 3.772660e-02 1.808097e-02 1.866857e-01 3.089673e-01 -3.613806e-01 3.400944e-03 -6.612790e-02 -5.880454e-02 -3.068886e-02 -2.172548e-02 -9.412769e-03 6.884898e-03 2.468552e-02 3.131327e-02 3.119884e-02 -1.023726e-03 7.764529e-03 1.766350e-02
<VARIANCE> 39
 3.724895e+01 1.552230e+01 3.433923e+01 3.190249e+01 3.695092e+01 4.092876e+01 4.591066e+01 4.742734e+01 4.358945e+01 4.619521e+01 4.958673e+01 3.638440e+01 1.328372e+01 2.219666e-01 6.820782e-01 1.123636e+00 9.495186e-01 1.390884e+00 1.529686e+00 1.547785e+00 2.114428e+00 1.840150e+00 1.817908e+00 1.667065e+00 1.790425e+00 1.071564e-01 3.016415e-02 7.783904e-02 1.540334e-01 1.757755e-01 2.310544e-01 2.555882e-01 2.630499e-01 3.513876e-01 3.155446e-01 3.411931e-01 2.935138e-01 3.301600e-01 8.352871e-03
<GCONST> 9.369878e+01
<TRANSP> 5
 0.000000e+00 1.000000e+00 0.000000e+00 0.000000e+00 0.000000e+00
 0.000000e+00 8.782967e-01 1.217033e-01 0.000000e+00 0.000000e+00
 0.000000e+00 0.000000e+00 9.732991e-01 2.670093e-02 0.000000e+00
 0.000000e+00 0.000000e+00 0.000000e+00 9.688294e-01 3.117059e-02
 0.000000e+00 0.000000e+00 0.000000e+00 0.000000e+00 0.000000e+00
<ENDHMM>
