~o
<STREAMINFO> 1 39
<VECSIZE> 39<NULLD><MFCC_D_A_0><DIAGC>
~h "delapan"
<BEGINHMM>
<NUMSTATES> 5
<STATE> 2
<MEAN> 39
 -9.822776e+00 -2.532943e-01 5.207482e+00 -6.389352e-01 -1.386022e+00 -8.096895e+00 -4.556152e+00 -9.782719e+00 -6.167737e-01 -7.615004e+00 -2.162716e+00 -7.009586e+00 6.146481e+01 1.538228e+00 3.397644e-01 6.984244e-01 -2.861986e-01 -9.155428e-01 -1.028214e+00 -1.668315e+00 -6.021552e-01 5.788764e-01 4.897881e-01 -1.004960e-01 7.213329e-02 1.305343e+00 9.017591e-02 -2.531894e-01 -2.138205e-01 -1.773917e-01 9.429696e-02 7.081220e-02 -7.530316e-02 6.920230e-02 1.053849e-01 1.869091e-01 8.435407e-03 5.594245e-02 1.475496e-01
<VARIANCE> 39
 4.368714e+01 3.451893e+01 4.346815e+01 2.266504e+01 8.264791e+01 5.516203e+01 7.169054e+01 5.025122e+01 4.231562e+01 5.628500e+01 2.179154e+01 2.216889e+01 2.579126e+01 1.771078e+00 4.658370e+00 4.068543e+00 3.521956e+00 7.578571e+00 6.332827e+00 5.488583e+00 5.698174e+00 6.473192e+00 5.949832e+00 2.782010e+00 2.871317e+00 1.167908e+00 3.708358e-01 6.427822e-01 7.669760e-01 4.897522e-01 1.385089e+00 1.242561e+00 1.129100e+00 1.079033e+00 1.004022e+00 9.164600e-01 5.159715e-01 4.920757e-01 1.543670e-01
<GCONST> 1.326842e+02
<STATE> 3
<MEAN> 39
 -8.490795e-01 -9.061930e+00 -5.962749e+00 -1.208566e+01 9.604256e-01 -2.982314e+00 -8.554957e+00 -9.159346e+00 8.259943e-01 -3.432850e+00 -6.727294e+00 -1.029076e+01 7.166434e+01 1.383596e-02 -1.007440e-02 -1.170329e-01 2.910715e-02 1.151525e-01 1.579810e-01 1.951445e-01 8.562905e-02 -1.261618e-01 -2.031176e-01 -1.035504e-01 1.094982e-02 -2.572667e-02 -2.923561e-02 8.808606e-02 5.495746e-02 4.546212e-02 -1.760109e-02 -9.287623e-03 2.439763e-02 -2.374923e-02 -2.125034e-02 -4.213006e-02 5.876730e-03 -1.791858e-02 -5.595027e-02
<VARIANCE> 39
 1.503569e+01 3.341883e+01 6.124617e+01 2.908965e+01 8.723230e+01 1.205684e+02 5.921965e+01 1.081363e+02 8.730711e+01 7.219850e+01 8.817480e+01 5.718201e+01 3.011959e+01 1.114331e+00 2.529856e+00 2.566548e+00 2.157064e+00 2.258227e+00 3.693542e+00 2.137994e+00 3.567476e+00 2.727915e+00 4.443486e+00 2.840822e+00 2.399730e+00 1.649819e+00 1.812561e-01 2.778495e-01 3.511259e-01 3.382111e-01 2.951464e-01 5.276788e-01 3.769910e-01 6.149485e-01 3.935487e-01 7.615147e-01 4.796939e-01 4.488039e-01 1.757720e-01
<GCONST> 1.229829e+02
<STATE> 4
<MEAN> 39
 -9.852496e+00 -3.904638e-01 1.374147e+00 -1.774823e+00 3.307572e+00 -2.024327e+00 -1.915558e-01 -8.247475e+00 -4.688407e+00 -1.342249e+01 -5.356841e+00 -1.007119e+01 6.039021e+01 -5.776581e-01 -1.069532e-01 -4.122853e-02 9.222663e-02 2.500618e-01 2.832369e-01 3.979408e-01 6.456330e-02 -1.602588e-01 -3.508836e-02 9.690443e-02 -1.564032e-01 -4.274554e-01 -1.553619e-03 -6.241458e-02 -1.883466e-02 -7.168205e-03 -2.101049e-02 -2.609875e-02 -5.693359e-03 1.274957e-02 2.664283e-03 2.406523e-02 7.409251e-03 2.887443e-02 2.568274e-02
<VARIANCE> 39
 3.865825e+01 2.003442e+01 1.681595e+01 2.206996e+01 3.672567e+01 3.976536e+01 4.552906e+01 4.126680e+01 5.244224e+01 5.290805e+01 4.385860e+01 3.278532e+01 1.652892e+01 2.256171e-01 7.227429e-01 7.717416e-01 8.178551e-01 1.342288e+00 1.648857e+00 1.446256e+00 1.669854e+00 1.568493e+00 1.868735e+00 1.358303e+00 1.274459e+00 1.315083e-01 3.173134e-02 6.434372e-02 1.139186e-01 1.292391e-01 1.973959e-01 2.601177e-01 2.468591e-01 2.787608e-01 2.543147e-01 3.173514e-01 2.543353e-01 2.235106e-01 8.639274e-03
<GCONST> 8.987941e+01
<TRANSP> 5
 0.000000e+00 1.000000e+00 0.000000e+00 0.000000e+00 0.000000e+00
 0.000000e+00 9.074894e-01 9.251068e-02 0.000000e+00 0.000000e+00
 0.000000e+00 0.000000e+00 9.781157e-01 2.188424e-02 0.000000e+00
 0.000000e+00 0.000000e+00 0.000000e+00 9.684160e-01 3.158405e-02
 0.000000e+00 0.000000e+00 0.000000e+00 0.000000e+00 0.000000e+00
<ENDHMM>
