~o
<STREAMINFO> 1 39
<VECSIZE> 39<NULLD><MFCC_D_A_0><DIAGC>
~h "enam"
<BEGINHMM>
<NUMSTATES> 5
<STATE> 2
<MEAN> 39
 -5.158707e+00 -2.968284e+00 4.805163e-01 -3.206029e+00 -9.476516e-01 -9.691578e+00 -5.699241e+00 -6.038015e+00 -4.081846e-01 -9.625267e+00 -3.470189e+00 -5.495304e+00 6.516980e+01 7.825886e-01 -2.075051e-01 -1.966931e-01 -8.216248e-02 1.758231e-01 -1.665974e-01 -4.350424e-01 1.353903e-01 6.569465e-02 -1.429752e-01 -2.420889e-01 -6.135724e-02 7.015271e-01 2.737386e-03 -8.301933e-03 -1.610798e-02 -6.939973e-03 2.870053e-02 6.450687e-03 1.023419e-02 -8.462855e-03 -2.185103e-02 -2.462793e-02 2.815605e-03 2.422011e-02 8.169113e-03
<VARIANCE> 39
 7.454382e+01 6.186150e+01 5.696051e+01 2.579933e+01 5.261068e+01 6.315331e+01 6.309941e+01 7.419698e+01 4.123944e+01 9.285094e+01 1.015919e+02 4.914050e+01 4.539840e+01 1.660711e+00 4.174134e+00 3.150167e+00 2.367488e+00 3.698406e+00 3.323686e+00 3.321406e+00 4.437318e+00 3.396703e+00 4.294775e+00 3.814491e+00 3.351833e+00 1.355258e+00 2.394936e-01 5.719693e-01 4.155088e-01 3.891039e-01 5.014398e-01 4.914874e-01 5.701542e-01 6.906759e-01 6.385370e-01 7.072021e-01 5.618358e-01 4.884174e-01 2.281371e-01
<GCONST> 1.295165e+02
<STATE> 3
<MEAN> 39
 1.546865e+00 -3.807088e+00 -3.995416e+00 -5.737272e+00 1.983629e+00 -5.632722e+00 -8.489547e+00 -1.180841e+01 -1.986429e+00 -1.203737e+01 -3.620023e+00 -7.154374e+00 7.033336e+01 -2.288868e-01 6.062305e-01 3.874640e-01 1.573518e-01 -5.116395e-02 2.171136e-01 2.159356e-01 -5.515511e-01 -4.085264e-01 -5.533262e-02 1.209514e-01 2.397435e-02 -4.105851e-01 -4.319353e-02 7.194377e-03 2.323424e-02 2.606484e-02 -1.730991e-02 -1.663462e-03 1.506908e-02 3.933947e-02 3.508397e-02 3.466330e-02 2.081953e-03 -1.436001e-02 -3.606941e-02
<VARIANCE> 39
 5.048359e+00 5.532335e+01 5.606097e+01 2.423682e+01 4.731864e+01 4.005592e+01 5.042834e+01 1.019253e+02 8.994776e+01 5.820850e+01 7.946040e+01 5.122147e+01 1.899040e+01 2.261599e-01 1.288517e+00 1.428071e+00 1.103588e+00 1.361350e+00 1.117217e+00 1.836439e+00 2.760812e+00 2.325032e+00 1.513895e+00 1.517978e+00 1.465547e+00 2.693090e-01 2.259845e-02 1.436864e-01 2.075522e-01 1.562653e-01 1.956123e-01 1.954586e-01 3.556711e-01 3.898799e-01 3.526606e-01 2.988052e-01 3.002589e-01 2.145197e-01 2.416629e-02
<GCONST> 9.933131e+01
<STATE> 4
<MEAN> 39
 -1.229253e+01 -5.807533e-01 2.023983e+00 -1.235110e+00 3.453753e+00 -1.136349e+00 1.309154e+00 -9.444039e+00 -4.188581e+00 -9.574877e+00 -1.491215e+00 -7.367440e+00 5.878234e+01 -4.500545e-01 -3.598839e-01 -1.905824e-01 -7.178002e-02 -5.902194e-02 6.109931e-03 1.872641e-01 3.555777e-01 2.653862e-01 1.601007e-01 1.210232e-01 5.861176e-02 -2.302145e-01 3.096060e-02 -9.991028e-03 -1.841941e-02 -2.149145e-02 -3.974572e-03 -3.166164e-03 -2.679614e-02 -3.416800e-02 -1.101230e-02 1.488818e-02 1.729550e-02 3.858449e-03 2.271078e-02
<VARIANCE> 39
 1.589116e+01 1.896595e+01 1.878415e+01 2.551857e+01 2.682553e+01 2.977573e+01 3.145479e+01 4.452588e+01 4.268575e+01 3.347680e+01 3.070959e+01 2.614349e+01 3.881280e+00 2.207564e-01 4.320202e-01 6.899137e-01 1.136638e+00 1.239099e+00 1.412027e+00 1.643498e+00 2.322042e+00 1.698013e+00 1.939921e+00 1.869258e+00 1.737847e+00 1.023693e-01 2.681351e-02 9.643423e-02 1.349638e-01 1.960382e-01 2.016186e-01 2.433494e-01 2.985377e-01 4.601431e-01 3.300026e-01 3.740598e-01 3.472895e-01 3.339330e-01 1.197925e-02
<GCONST> 8.893084e+01
<TRANSP> 5
 0.000000e+00 1.000000e+00 0.000000e+00 0.000000e+00 0.000000e+00
 0.000000e+00 9.604252e-01 3.957481e-02 0.000000e+00 0.000000e+00
 0.000000e+00 0.000000e+00 9.624332e-01 3.756686e-02 0.000000e+00
 0.000000e+00 0.000000e+00 0.000000e+00 9.660389e-01 3.396114e-02
 0.000000e+00 0.000000e+00 0.000000e+00 0.000000e+00 0.000000e+00
<ENDHMM>
