~o
<STREAMINFO> 1 39
<VECSIZE> 39<NULLD><MFCC_D_A_0><DIAGC>
~h "lebih"
<BEGINHMM>
<NUMSTATES> 5
<STATE> 2
<MEAN> 39
 -4.964373e+00 -2.032387e+00 3.408120e+00 -3.825743e+00 -2.208771e+00 -9.978105e+00 -1.283580e+01 -1.001108e+01 1.538279e+00 -1.894704e+00 1.649368e+00 -9.688709e+00 6.615383e+01 1.374362e+00 4.397515e-01 5.629444e-01 -7.678793e-02 -4.845120e-01 -6.547132e-01 -1.168687e+00 -4.332143e-01 -7.287012e-02 3.543876e-01 -7.398646e-03 -4.390009e-01 1.049418e+00 -1.373982e-01 -4.170934e-02 7.654205e-04 -4.341092e-02 1.162100e-01 1.771174e-01 1.893753e-01 8.534412e-02 1.084098e-02 -6.581556e-02 -3.201757e-02 -4.246829e-02 -9.684482e-02
<VARIANCE> 39
 5.129508e+01 2.510401e+01 7.468696e+01 2.495480e+01 9.054110e+01 1.011133e+02 1.215598e+02 1.407142e+02 6.034138e+01 1.125865e+02 8.794135e+01 3.309674e+01 4.494552e+01 2.882575e+00 3.609840e+00 3.959931e+00 2.405455e+00 5.219623e+00 7.484352e+00 8.183949e+00 9.479902e+00 6.958252e+00 8.704116e+00 5.664060e+00 3.512146e+00 2.346807e+00 4.041323e-01 6.368066e-01 6.133351e-01 4.675696e-01 8.204234e-01 1.277045e+00 1.065014e+00 1.590713e+00 1.280170e+00 1.575116e+00 9.825979e-01 7.594293e-01 3.924629e-01
<GCONST> 1.438434e+02
<STATE> 3
<MEAN> 39
 -5.658741e+00 2.635520e+00 1.181460e+01 -5.943932e-01 -8.896791e+00 -1.144510e+01 -7.954866e+00 -1.349270e+01 -5.727118e+00 -7.454478e+00 1.967502e+00 -8.115600e+00 6.598914e+01 -4.913243e-01 2.341232e-01 4.415612e-01 2.684468e-01 6.002998e-02 2.215094e-01 3.962581e-01 -3.151030e-01 -2.082890e-01 -3.158127e-01 1.125199e-01 4.356413e-01 -2.924386e-01 -1.626938e-02 -5.954602e-02 -8.062111e-02 -1.958284e-02 1.928640e-02 -7.354904e-03 -8.300735e-03 4.776593e-04 4.059818e-02 6.415040e-02 -1.610939e-02 4.481070e-02 7.173377e-03
<VARIANCE> 39
 1.809397e+01 1.675995e+01 1.075931e+02 5.307308e+01 1.700511e+02 5.630283e+01 4.520282e+01 9.785129e+01 6.609267e+01 6.808005e+01 1.096707e+02 4.313986e+01 1.065489e+01 5.110668e-01 9.936296e-01 2.151728e+00 2.117601e+00 7.608003e+00 4.472991e+00 2.571470e+00 2.815695e+00 3.156034e+00 2.977189e+00 3.792339e+00 2.582539e+00 6.578443e-01 8.240688e-02 1.591485e-01 2.403470e-01 3.035098e-01 1.043396e+00 7.517377e-01 4.008910e-01 3.997271e-01 4.692472e-01 4.593877e-01 5.448868e-01 4.749433e-01 9.203264e-02
<GCONST> 1.189942e+02
<STATE> 4
<MEAN> 39
 -1.576611e+01 -1.455646e+00 5.823757e+00 -1.689392e-01 4.296987e+00 -1.030772e+00 -4.429305e-01 -1.217184e+01 -2.905037e+00 -1.201334e+01 -2.964527e+00 -4.179798e+00 5.897775e+01 -3.876694e-01 -5.207737e-01 -7.317840e-01 -5.730890e-02 5.577223e-01 4.348382e-01 4.529873e-01 6.095257e-01 2.123478e-01 -1.518270e-01 -3.437437e-01 -2.272804e-01 -3.697684e-01 2.392074e-02 -6.882273e-03 -4.090225e-03 -1.305898e-02 -7.541406e-02 -3.213831e-02 -4.249136e-03 5.052506e-02 2.950421e-02 1.810991e-02 2.183373e-02 -3.672423e-02 1.491477e-02
<VARIANCE> 39
 1.902450e+01 1.845918e+01 4.199121e+01 2.511866e+01 6.025101e+01 4.939065e+01 6.082183e+01 6.662103e+01 4.428844e+01 4.956200e+01 3.646089e+01 3.162319e+01 9.963819e+00 2.122784e-01 3.910383e-01 5.830654e-01 9.969143e-01 1.346951e+00 1.062614e+00 1.272246e+00 1.602880e+00 1.530158e+00 1.925163e+00 1.864892e+00 1.458248e+00 8.682615e-02 2.921571e-02 6.801730e-02 8.365238e-02 1.680796e-01 1.648388e-01 1.672769e-01 1.924503e-01 2.358400e-01 3.033877e-01 2.752161e-01 3.200321e-01 2.638246e-01 9.899495e-03
<GCONST> 8.878573e+01
<TRANSP> 5
 0.000000e+00 1.000000e+00 0.000000e+00 0.000000e+00 0.000000e+00
 0.000000e+00 9.210085e-01 7.899152e-02 0.000000e+00 0.000000e+00
 0.000000e+00 0.000000e+00 9.531825e-01 4.681750e-02 0.000000e+00
 0.000000e+00 0.000000e+00 0.000000e+00 9.548483e-01 4.515163e-02
 0.000000e+00 0.000000e+00 0.000000e+00 0.000000e+00 0.000000e+00
<ENDHMM>
