~o
<STREAMINFO> 1 39
<VECSIZE> 39<NULLD><MFCC_D_A_0><DIAGC>
~h "nol"
<BEGINHMM>
<NUMSTATES> 5
<STATE> 2
<MEAN> 39
 -6.910872e+00 1.000633e+00 1.653257e+00 -3.812042e+00 1.371565e+00 -8.091873e+00 -6.508752e+00 -1.070488e+01 -1.544780e+00 -6.531243e+00 6.507299e-01 -7.386668e+00 6.324839e+01 1.394746e+00 1.013692e-01 -4.654312e-01 -7.573285e-01 2.585695e-01 3.605882e-01 -7.010807e-01 -1.931905e-01 4.136009e-02 1.297754e-01 2.032341e-01 -3.277080e-01 1.074627e+00 -7.789996e-03 -1.046464e-01 -1.351334e-01 -1.427850e-01 -2.782072e-03 1.771951e-01 1.442854e-01 -2.967468e-02 -2.112258e-03 -4.156658e-02 -1.710404e-03 3.814113e-02 1.836318e-02
<VARIANCE> 39
 7.613506e+01 5.211198e+01 7.341177e+01 4.494735e+01 3.655591e+01 4.232405e+01 8.540706e+01 5.585489e+01 4.676272e+01 5.682121e+01 8.298872e+01 4.216061e+01 3.282443e+01 1.863356e+00 6.998528e+00 8.388594e+00 4.960523e+00 3.877380e+00 6.594890e+00 4.914386e+00 5.182194e+00 4.103949e+00 2.728754e+00 3.669646e+00 3.236684e+00 6.307541e-01 3.208136e-01 9.923834e-01 1.077571e+00 5.952631e-01 6.854585e-01 8.595676e-01 7.031910e-01 9.564624e-01 7.530733e-01 4.727197e-01 5.746681e-01 6.065833e-01 1.199186e-01
<GCONST> 1.338985e+02
<STATE> 3
<MEAN> 39
 2.911558e+00 -3.149908e+00 -9.092974e+00 -2.040252e+01 8.902528e-01 7.047133e+00 -7.598303e+00 -1.450157e+01 -3.656480e+00 -6.993585e+00 1.119299e+00 -7.584394e+00 7.181349e+01 -1.739013e-01 2.762409e-01 2.187904e-01 9.372360e-02 -1.996717e-01 7.148919e-02 1.932242e-01 -2.641878e-01 -1.846304e-01 -1.531013e-01 -1.894923e-01 1.150441e-01 -2.492515e-01 -5.446780e-02 4.269665e-02 7.452946e-02 1.354313e-01 2.778967e-02 -1.366483e-01 -2.246097e-02 6.700967e-02 1.726878e-02 1.871079e-02 -4.320105e-03 -2.147168e-02 -5.440107e-02
<VARIANCE> 39
 2.939868e+00 3.236360e+01 6.296129e+01 1.934155e+01 8.896085e+01 6.586935e+01 7.251775e+01 1.134579e+02 6.980294e+01 5.700224e+01 1.443527e+02 4.537974e+01 1.197517e+01 1.820795e-01 5.047849e-01 9.934431e-01 1.277589e+00 1.588067e+00 2.051011e+00 1.306457e+00 1.777629e+00 1.593037e+00 2.026512e+00 1.227472e+00 1.167089e+00 1.804607e-01 1.959215e-02 9.020489e-02 1.264906e-01 1.101347e-01 2.251381e-01 2.160584e-01 1.909559e-01 2.686343e-01 2.483344e-01 2.703057e-01 2.073448e-01 1.796818e-01 1.107796e-02
<GCONST> 9.318229e+01
<STATE> 4
<MEAN> 39
 -1.015991e+01 -9.544324e-01 -7.819625e-01 -4.548571e+00 7.949041e-01 -2.607619e+00 6.666811e-01 -9.707417e+00 -3.794245e+00 -1.065931e+01 -4.091625e+00 -8.986347e+00 6.009993e+01 -6.216231e-01 -2.666107e-01 1.072266e-01 3.834650e-01 -6.933588e-04 -2.827748e-01 3.023201e-01 4.230148e-01 1.831272e-01 9.739345e-02 1.240580e-02 -3.239768e-03 -3.843341e-01 3.043709e-02 -2.004543e-02 -3.244309e-02 -7.175674e-02 -2.776832e-02 2.927083e-02 -2.815773e-02 -8.262761e-04 2.449609e-02 2.466266e-02 7.517489e-03 -8.722054e-03 2.998935e-02
<VARIANCE> 39
 2.346648e+01 1.185776e+01 1.198081e+01 3.260586e+01 1.836054e+01 3.307848e+01 2.800531e+01 3.405371e+01 2.483717e+01 2.709100e+01 3.994016e+01 2.735801e+01 8.187876e+00 1.764537e-01 3.730796e-01 6.541064e-01 1.102872e+00 1.059518e+00 1.310242e+00 1.492208e+00 1.616100e+00 1.424286e+00 1.273115e+00 1.902948e+00 1.835543e+00 9.549307e-02 2.401558e-02 6.717048e-02 9.753010e-02 1.593221e-01 1.833806e-01 1.907938e-01 2.573936e-01 2.817866e-01 2.554685e-01 2.254999e-01 2.918304e-01 3.129424e-01 7.072639e-03
<GCONST> 8.304239e+01
<TRANSP> 5
 0.000000e+00 1.000000e+00 0.000000e+00 0.000000e+00 0.000000e+00
 0.000000e+00 9.318383e-01 6.816176e-02 0.000000e+00 0.000000e+00
 0.000000e+00 0.000000e+00 9.583700e-01 4.163004e-02 0.000000e+00
 0.000000e+00 0.000000e+00 0.000000e+00 9.602247e-01 3.977532e-02
 0.000000e+00 0.000000e+00 0.000000e+00 0.000000e+00 0.000000e+00
<ENDHMM>
