~o
<STREAMINFO> 1 39
<VECSIZE> 39<NULLD><MFCC_D_A_0><DIAGC>
~h "pukul"
<BEGINHMM>
<NUMSTATES> 5
<STATE> 2
<MEAN> 39
 -4.630714e+00 2.605108e+00 -3.194325e+00 -1.294667e+01 -5.427289e+00 -5.174838e+00 -1.492428e+00 -9.101430e+00 -6.283068e+00 -1.083112e+01 1.962907e+00 -3.953701e+00 6.354150e+01 6.523001e-01 3.818092e-01 -1.561749e-01 -4.838561e-01 -2.271474e-01 6.900760e-02 -2.664342e-01 -4.051177e-01 -4.518285e-01 -6.543243e-02 3.332412e-01 1.233312e-01 3.917764e-01 1.285409e-03 -2.497093e-02 -6.009869e-03 -1.278839e-02 1.710575e-02 4.068469e-02 -2.380480e-02 -1.944899e-02 7.495786e-03 7.688578e-02 4.233129e-02 -2.454264e-02 1.182468e-02
<VARIANCE> 39
 5.000695e+01 3.290154e+01 2.541779e+01 5.616215e+01 4.850715e+01 4.077139e+01 3.591413e+01 5.083158e+01 4.201650e+01 2.476380e+01 5.859585e+01 3.239070e+01 1.640503e+01 3.674474e+00 2.397932e+00 2.032829e+00 4.820086e+00 3.243912e+00 2.913836e+00 4.042386e+00 4.059520e+00 2.671611e+00 2.100390e+00 3.373403e+00 2.150933e+00 1.165735e+00 4.692881e-01 3.651703e-01 3.941235e-01 7.072667e-01 5.581466e-01 5.360214e-01 7.553676e-01 7.052494e-01 4.493841e-01 3.697878e-01 5.151740e-01 4.016620e-01 1.326481e-01
<GCONST> 1.218339e+02
<STATE> 3
<MEAN> 39
 1.348186e+00 2.308848e+00 -5.371866e+00 -1.814365e+01 -2.940055e+00 -2.139296e+00 -1.349177e+01 -2.040110e+01 -9.502598e+00 -5.853435e-01 6.734498e+00 -8.806526e+00 6.938116e+01 -3.888747e-01 -2.201399e-01 2.917417e-01 6.355768e-01 3.149472e-01 -1.593917e-01 -8.720960e-02 -1.636048e-01 3.637135e-01 1.516096e-01 -5.768386e-01 -4.269094e-01 -2.787322e-01 -6.181196e-02 2.525435e-02 3.094199e-02 8.714090e-02 4.282581e-03 -7.907902e-02 5.244531e-02 7.229532e-02 -1.196059e-02 -1.299458e-01 -8.399057e-02 2.855239e-02 -6.424548e-02
<VARIANCE> 39
 8.603998e+00 1.244012e+01 5.261524e+01 5.141311e+01 4.833519e+01 6.529105e+01 9.416695e+01 8.566328e+01 6.116635e+01 4.703885e+01 9.715607e+01 5.730357e+01 1.174711e+01 2.433207e-01 5.449905e-01 8.976969e-01 1.065604e+00 1.332324e+00 1.538562e+00 2.069519e+00 3.177150e+00 1.994473e+00 4.061348e+00 1.807672e+00 1.903514e+00 2.422450e-01 3.150282e-02 7.001105e-02 1.075303e-01 1.378214e-01 1.889193e-01 2.445047e-01 2.864809e-01 3.772998e-01 3.726742e-01 4.888224e-01 3.166761e-01 3.281557e-01 1.242542e-02
<GCONST> 9.882150e+01
<STATE> 4
<MEAN> 39
 -1.245199e+01 -2.279742e+00 4.331400e-01 -1.271689e+00 3.662456e+00 -3.534244e+00 -3.298678e+00 -1.259883e+01 -4.758448e+00 -9.160929e+00 -3.472302e+00 -1.127048e+01 5.890947e+01 -6.310610e-01 -4.049858e-01 -1.965094e-02 2.994368e-01 2.599321e-01 2.614553e-01 6.273634e-01 7.228988e-01 1.630891e-01 -2.084729e-01 -2.366032e-01 -8.145779e-02 -3.353787e-01 3.071563e-02 -8.373066e-03 -2.170936e-02 -5.231556e-02 -2.195064e-02 4.525397e-02 3.806290e-02 4.842941e-02 4.136032e-02 3.059362e-02 1.531547e-02 -1.173948e-02 2.684704e-02
<VARIANCE> 39
 1.812582e+01 1.382799e+01 8.441784e+00 1.627862e+01 3.100293e+01 4.832737e+01 5.261460e+01 5.150891e+01 2.820905e+01 2.581567e+01 3.807767e+01 3.188899e+01 4.666623e+00 1.709802e-01 3.426912e-01 6.553495e-01 8.677488e-01 9.547200e-01 1.220787e+00 1.171429e+00 1.714857e+00 1.521718e+00 1.316985e+00 1.680616e+00 1.722294e+00 5.683397e-02 2.409715e-02 5.908338e-02 1.126151e-01 1.515349e-01 1.746985e-01 2.003312e-01 2.140209e-01 3.012318e-01 3.014409e-01 2.458909e-01 2.904700e-01 3.086543e-01 6.021075e-03
<GCONST> 8.206805e+01
<TRANSP> 5
 0.000000e+00 1.000000e+00 0.000000e+00 0.000000e+00 0.000000e+00
 0.000000e+00 9.692623e-01 3.073768e-02 0.000000e+00 0.000000e+00
 0.000000e+00 0.000000e+00 9.524990e-01 4.750104e-02 0.000000e+00
 0.000000e+00 0.000000e+00 0.000000e+00 9.553845e-01 4.461549e-02
 0.000000e+00 0.000000e+00 0.000000e+00 0.000000e+00 0.000000e+00
<ENDHMM>
