~o
<STREAMINFO> 1 39
<VECSIZE> 39<NULLD><MFCC_D_A_0><DIAGC>
~h "puluh"
<BEGINHMM>
<NUMSTATES> 5
<STATE> 2
<MEAN> 39
 -6.478096e+00 -2.072209e+00 -3.026788e+00 -1.198268e+01 -4.778703e+00 -5.175209e+00 -3.475774e+00 -9.855373e+00 -6.784081e+00 -6.946884e+00 3.262402e+00 -1.953167e+00 6.228604e+01 1.932369e+00 1.096747e+00 -3.493690e-01 -1.274381e+00 -6.596698e-01 2.421305e-01 -8.394446e-01 -1.576483e+00 -1.537242e+00 8.610421e-02 1.183848e+00 5.389128e-01 1.259144e+00 -7.512344e-03 -1.133110e-01 1.510760e-02 1.140018e-01 1.949046e-01 9.213684e-02 -9.390263e-02 -8.973295e-02 2.110576e-02 2.011212e-01 7.472484e-02 -2.076886e-01 2.312939e-02
<VARIANCE> 39
 1.010257e+02 7.125024e+01 2.394716e+01 7.502095e+01 6.432919e+01 4.414412e+01 4.526078e+01 8.993135e+01 8.683598e+01 4.296356e+01 4.453232e+01 2.600193e+01 3.298101e+01 4.078653e+00 5.573628e+00 1.797724e+00 5.954637e+00 5.032216e+00 5.162852e+00 3.749569e+00 4.890174e+00 4.404818e+00 6.440217e+00 4.711496e+00 2.488005e+00 1.011717e+00 8.210836e-01 1.021656e+00 2.830725e-01 1.198313e+00 7.790499e-01 9.209412e-01 5.824586e-01 8.819883e-01 8.949127e-01 1.065620e+00 7.291785e-01 5.940583e-01 1.867371e-01
<GCONST> 1.357521e+02
<STATE> 3
<MEAN> 39
 1.463630e+00 1.370281e+00 -2.441404e+00 -1.227181e+01 1.433257e+00 -3.644313e+00 -1.398886e+01 -1.891231e+01 -1.006329e+01 -7.687215e-01 1.225012e+01 -3.911882e+00 6.898574e+01 -4.120181e-01 -2.865256e-02 1.481968e-01 5.876341e-01 3.794716e-01 -2.066709e-01 1.114245e-02 1.022554e-01 5.219318e-01 -1.256774e-01 -2.808905e-01 -7.640050e-02 -2.635007e-01 -4.752839e-02 2.758215e-02 1.975607e-02 -3.994289e-03 -4.328436e-02 -4.621285e-03 1.099307e-01 7.281850e-02 1.047072e-02 -1.140119e-01 -8.028185e-02 5.578272e-02 -4.859046e-02
<VARIANCE> 39
 1.268318e+01 2.271240e+01 5.674966e+01 5.843093e+01 9.747127e+01 4.924310e+01 1.223958e+02 7.989382e+01 9.246191e+01 5.285044e+01 6.825125e+01 3.457059e+01 1.024484e+01 2.852913e-01 9.074126e-01 1.261371e+00 2.595838e+00 1.931760e+00 2.309670e+00 3.390547e+00 2.377141e+00 2.127342e+00 3.281590e+00 2.056936e+00 1.918984e+00 2.414283e-01 3.452740e-02 1.223424e-01 1.951808e-01 3.765424e-01 2.935247e-01 4.469914e-01 5.051518e-01 4.105369e-01 3.503680e-01 6.146597e-01 4.417399e-01 3.068480e-01 2.854094e-02
<GCONST> 1.082386e+02
<STATE> 4
<MEAN> 39
 -1.323373e+01 -3.454711e+00 -8.750625e-01 -1.033290e+00 6.748946e+00 3.157344e-01 1.786150e-01 -9.996121e+00 -3.974792e+00 -8.942348e+00 2.139627e-01 -6.072116e+00 5.889634e+01 -6.176609e-01 -4.267602e-01 -2.897373e-03 2.593250e-01 1.491504e-01 3.119162e-01 6.724372e-01 6.888489e-01 2.961922e-01 -1.023322e-01 -4.115009e-01 -3.068810e-01 -3.467053e-01 2.919296e-02 1.267843e-02 -9.396967e-03 -4.147913e-02 -2.480342e-02 2.447679e-03 1.397334e-03 4.216688e-02 4.511861e-02 3.225578e-02 3.898385e-02 2.051142e-02 1.952088e-02
<VARIANCE> 39
 2.223894e+01 1.708083e+01 1.605717e+01 2.382071e+01 4.105308e+01 2.662741e+01 5.395102e+01 5.716325e+01 5.488336e+01 3.088548e+01 4.001993e+01 4.557046e+01 7.551579e+00 1.974871e-01 2.384990e-01 4.606472e-01 8.304508e-01 1.055652e+00 1.050405e+00 1.245078e+00 1.610327e+00 1.512776e+00 1.310154e+00 1.298020e+00 1.277229e+00 6.357490e-02 2.267291e-02 4.423490e-02 6.833708e-02 1.321912e-01 1.715729e-01 2.052799e-01 2.295672e-01 2.667975e-01 2.468235e-01 2.317504e-01 2.111216e-01 2.210665e-01 6.871396e-03
<GCONST> 8.212033e+01
<TRANSP> 5
 0.000000e+00 1.000000e+00 0.000000e+00 0.000000e+00 0.000000e+00
 0.000000e+00 9.121845e-01 8.781548e-02 0.000000e+00 0.000000e+00
 0.000000e+00 0.000000e+00 9.569799e-01 4.302013e-02 0.000000e+00
 0.000000e+00 0.000000e+00 0.000000e+00 9.573572e-01 4.264284e-02
 0.000000e+00 0.000000e+00 0.000000e+00 0.000000e+00 0.000000e+00
<ENDHMM>
