~o
<STREAMINFO> 1 39
<VECSIZE> 39<NULLD><MFCC_D_A_0><DIAGC>
~h "sembilan"
<BEGINHMM>
<NUMSTATES> 5
<STATE> 2
<MEAN> 39
 -1.887431e+01 3.735751e+00 -6.684413e+00 -1.202545e+00 -3.451574e-01 -1.084433e+01 2.885112e+00 -1.160816e+01 3.503996e+00 -8.459282e+00 7.729180e-01 -5.800349e+00 6.219579e+01 6.886142e-01 7.886000e-01 -5.665364e-02 5.966624e-02 -8.998713e-02 -5.466427e-01 -4.757352e-01 -6.794711e-01 -2.480216e-02 1.605026e-02 1.508289e-01 -6.089205e-02 7.111935e-01 7.141104e-02 -1.948072e-02 5.395088e-02 9.734088e-03 2.582952e-02 6.080486e-02 -3.112801e-02 -5.002300e-03 -8.339373e-02 4.335435e-03 5.292941e-02 5.381275e-03 -9.775654e-03
<VARIANCE> 39
 7.619898e+01 6.224639e+01 4.594638e+01 2.736395e+01 4.257932e+01 4.436505e+01 6.897618e+01 4.534263e+01 3.476179e+01 6.243282e+01 3.833651e+01 4.345161e+01 2.731412e+01 6.843921e+00 2.870193e+00 3.029366e+00 2.171109e+00 2.349710e+00 2.482727e+00 6.962753e+00 3.374815e+00 4.105132e+00 3.115637e+00 3.459537e+00 3.122309e+00 8.073133e-01 7.906069e-01 4.877080e-01 3.999398e-01 3.243459e-01 4.224435e-01 4.778613e-01 1.078288e+00 6.675565e-01 7.845597e-01 5.401278e-01 5.596077e-01 6.029992e-01 1.900202e-01
<GCONST> 1.272447e+02
<STATE> 3
<MEAN> 39
 -1.241589e+00 -2.849516e+00 6.028729e+00 -5.445082e+00 -8.240619e+00 -1.286602e+01 -7.153411e+00 -7.759874e+00 -6.490966e+00 -4.630023e+00 -8.801797e-01 -5.855731e+00 7.078640e+01 6.474938e-02 -1.952303e-01 1.963955e-01 1.401738e-02 -5.856701e-02 1.146912e-01 3.159135e-02 2.429772e-01 -8.120730e-02 -1.939078e-01 -2.716768e-01 3.751197e-02 -7.897210e-02 -4.235926e-02 3.558571e-02 -1.570963e-02 1.482360e-02 1.610426e-02 -9.975670e-03 1.345756e-02 -4.775772e-03 3.142483e-02 -1.954885e-02 -2.219570e-02 -1.461445e-02 -1.653064e-02
<VARIANCE> 39
 7.247204e+00 7.968113e+01 1.539946e+02 3.754601e+01 1.265063e+02 8.330298e+01 4.642067e+01 1.251457e+02 1.373346e+02 8.901455e+01 1.317371e+02 5.142300e+01 1.551274e+01 3.919711e-01 2.350459e+00 4.183880e+00 2.076388e+00 4.362405e+00 2.817308e+00 2.703838e+00 3.745958e+00 4.384260e+00 3.893312e+00 3.220922e+00 2.763461e+00 6.883402e-01 5.200566e-02 2.334784e-01 3.215214e-01 2.942145e-01 5.273044e-01 4.341803e-01 4.365194e-01 5.875292e-01 5.125442e-01 5.950803e-01 5.551736e-01 4.144045e-01 7.473440e-02
<GCONST> 1.223013e+02
<STATE> 4
<MEAN> 39
 -1.145125e+01 -2.289136e-01 2.958163e+00 -2.169271e-01 3.602030e+00 -2.381519e+00 5.408593e-01 -8.053828e+00 -4.365385e+00 -1.314293e+01 -4.455188e+00 -7.523384e+00 5.921272e+01 -5.906353e-01 -2.609019e-01 -1.922892e-01 6.909007e-02 3.714489e-01 4.423187e-01 4.309048e-01 9.063970e-02 2.454617e-02 1.249967e-01 1.548531e-01 -1.350779e-01 -3.740152e-01 6.195209e-03 -6.065370e-02 -3.239208e-02 -2.894977e-02 -2.806705e-02 1.692409e-02 1.406562e-02 3.222935e-02 3.155959e-03 4.054657e-02 -1.205130e-03 -2.494186e-03 2.421751e-02
<VARIANCE> 39
 3.288148e+01 2.319479e+01 1.701254e+01 2.371685e+01 4.281017e+01 4.981389e+01 4.556994e+01 4.112664e+01 6.074923e+01 4.506403e+01 3.422060e+01 2.717819e+01 1.022195e+01 1.952241e-01 6.411030e-01 5.854409e-01 7.246376e-01 1.264710e+00 1.537306e+00 1.493190e+00 1.994693e+00 2.260191e+00 2.001931e+00 1.586172e+00 1.631001e+00 1.170453e-01 2.708935e-02 7.475521e-02 1.101202e-01 1.338584e-01 1.845777e-01 2.420653e-01 2.413504e-01 3.361695e-01 4.071656e-01 3.582153e-01 2.863086e-01 3.014893e-01 8.071019e-03
<GCONST> 9.049179e+01
<TRANSP> 5
 0.000000e+00 1.000000e+00 0.000000e+00 0.000000e+00 0.000000e+00
 0.000000e+00 9.490417e-01 5.095833e-02 0.000000e+00 0.000000e+00
 0.000000e+00 0.000000e+00 9.765543e-01 2.344571e-02 0.000000e+00
 0.000000e+00 0.000000e+00 0.000000e+00 9.667306e-01 3.326939e-02
 0.000000e+00 0.000000e+00 0.000000e+00 0.000000e+00 0.000000e+00
<ENDHMM>
