~o
<STREAMINFO> 1 39
<VECSIZE> 39<NULLD><MFCC_D_A_0><DIAGC>
~h "setengah"
<BEGINHMM>
<NUMSTATES> 5
<STATE> 2
<MEAN> 39
 -1.293450e+01 -3.065985e-01 -8.293436e+00 -4.238370e+00 7.561030e-01 -1.093551e+01 -2.494697e+00 -8.597300e+00 4.092896e+00 -5.600643e+00 -4.811232e-02 -9.289778e+00 6.520615e+01 6.667796e-01 -4.415094e-03 -1.611371e-01 -1.857112e-01 8.020549e-03 -2.377166e-01 -3.569880e-01 -1.546726e-01 3.446777e-02 1.560766e-01 -2.408182e-01 -3.148021e-01 5.606069e-01 3.621973e-02 2.455135e-02 4.933000e-02 -7.730684e-03 -4.963568e-03 1.459873e-02 -1.617279e-02 1.767940e-02 -5.806230e-02 -5.650881e-04 1.367099e-02 5.299629e-02 -1.651443e-02
<VARIANCE> 39
 9.925374e+01 4.728469e+01 2.826419e+01 3.706040e+01 5.216484e+01 8.455720e+01 1.000802e+02 6.484407e+01 4.486495e+01 5.754290e+01 6.066871e+01 3.648024e+01 3.657017e+01 5.578105e+00 2.972062e+00 2.172755e+00 2.710171e+00 2.896926e+00 4.192633e+00 5.750048e+00 3.423031e+00 2.664312e+00 3.937395e+00 3.316330e+00 3.107643e+00 2.214549e+00 8.685191e-01 3.563950e-01 3.885113e-01 4.561504e-01 5.592748e-01 6.462256e-01 9.164544e-01 5.063331e-01 4.584125e-01 6.916846e-01 5.947344e-01 6.355443e-01 4.060883e-01
<GCONST> 1.312374e+02
<STATE> 3
<MEAN> 39
 1.034318e+00 -7.013625e+00 -4.303371e+00 -7.857691e+00 1.236019e+00 -6.890467e+00 -6.367376e+00 -7.174278e+00 1.028058e+00 -9.055365e+00 -5.649504e+00 -6.920044e+00 7.082794e+01 -1.344489e-01 -7.844024e-02 1.802089e-01 4.338073e-01 1.984546e-01 3.205070e-02 4.789339e-02 9.385809e-02 3.176698e-03 -7.161115e-01 -2.103770e-01 3.635599e-01 -9.699322e-02 -7.045167e-02 -2.914253e-02 -3.244200e-02 3.536057e-02 2.940504e-02 -2.541638e-02 2.962155e-02 1.759959e-03 5.576815e-02 -1.403648e-02 1.297388e-02 -4.191479e-02 -2.044151e-02
<VARIANCE> 39
 6.243273e+00 5.759712e+01 5.308120e+01 4.086854e+01 6.416028e+01 6.020156e+01 6.203839e+01 1.073404e+02 6.724340e+01 8.764392e+01 7.704440e+01 5.534382e+01 1.253871e+01 2.506000e-01 2.249203e+00 1.500514e+00 1.715763e+00 2.153500e+00 2.148427e+00 1.751681e+00 2.641615e+00 2.913395e+00 1.473929e+00 2.105913e+00 2.257153e+00 6.035246e-01 3.949375e-02 2.198304e-01 1.928367e-01 2.037532e-01 3.121112e-01 2.568655e-01 2.587507e-01 3.963011e-01 3.955014e-01 2.262872e-01 3.128264e-01 3.414387e-01 5.938520e-02
<GCONST> 1.075646e+02
<STATE> 4
<MEAN> 39
 -1.258595e+01 -9.075525e+00 -1.323602e+00 3.277642e+00 9.201456e+00 -3.545254e+00 2.292232e+00 -2.883514e+00 1.179332e+00 -1.747989e+01 -6.908120e+00 -6.856293e+00 6.195800e+01 -6.533947e-01 1.254101e-01 7.286560e-02 -1.116941e-01 -4.082137e-02 5.201601e-01 5.482144e-01 5.234507e-02 -2.290210e-01 4.260764e-01 3.797287e-01 -1.478830e-01 -5.870565e-01 3.287162e-02 -1.375979e-02 -2.080490e-02 -6.718230e-02 -6.961945e-02 3.340175e-02 -3.569325e-02 -2.938067e-02 -2.314351e-02 6.787642e-02 -1.416566e-02 -4.124750e-03 2.545496e-02
<VARIANCE> 39
 2.296981e+01 1.952667e+01 1.577933e+01 2.420674e+01 3.458128e+01 5.824483e+01 6.098682e+01 4.506008e+01 8.113838e+01 8.118574e+01 4.251309e+01 3.915296e+01 2.689144e+01 2.411724e-01 5.328044e-01 6.363881e-01 1.079557e+00 1.054458e+00 1.459593e+00 1.867678e+00 1.733813e+00 1.489746e+00 1.886938e+00 2.269426e+00 2.206069e+00 1.467463e-01 2.598876e-02 6.451642e-02 1.058561e-01 1.413102e-01 1.827916e-01 2.040412e-01 3.259459e-01 2.945944e-01 2.580426e-01 2.732058e-01 3.870305e-01 3.708695e-01 1.032547e-02
<GCONST> 9.326943e+01
<TRANSP> 5
 0.000000e+00 1.000000e+00 0.000000e+00 0.000000e+00 0.000000e+00
 0.000000e+00 9.649168e-01 3.508322e-02 0.000000e+00 0.000000e+00
 0.000000e+00 0.000000e+00 9.607339e-01 3.926612e-02 0.000000e+00
 0.000000e+00 0.000000e+00 0.000000e+00 9.577982e-01 4.220178e-02
 0.000000e+00 0.000000e+00 0.000000e+00 0.000000e+00 0.000000e+00
<ENDHMM>
