~o
<STREAMINFO> 1 39
<VECSIZE> 39<NULLD><MFCC_D_A_0><DIAGC>
~h "tujuh"
<BEGINHMM>
<NUMSTATES> 5
<STATE> 2
<MEAN> 39
 -9.880696e+00 -2.235141e-01 3.917988e+00 -4.009110e+00 -4.577760e+00 -1.469040e+01 -7.140649e+00 -9.781186e+00 -3.824276e+00 -8.289336e+00 -2.399966e+00 -6.712378e+00 6.490337e+01 5.855381e-01 3.990807e-01 4.303539e-01 1.776616e-01 -4.197349e-01 -7.275838e-01 -6.451434e-01 -1.581248e-02 -2.089616e-01 -4.279999e-02 1.099435e-01 -8.207261e-02 6.297234e-01 6.855714e-02 -6.531450e-03 -3.375098e-02 -3.094789e-03 5.449928e-02 4.319873e-02 -3.278178e-02 4.504916e-02 2.369020e-03 2.323828e-02 5.293952e-03 -2.996089e-02 1.145110e-02
<VARIANCE> 39
 6.173166e+01 3.231039e+01 3.590659e+01 3.775832e+01 8.427475e+01 1.299771e+02 6.768942e+01 5.652422e+01 6.345728e+01 5.403476e+01 8.769424e+01 5.455397e+01 3.707786e+01 4.972453e+00 2.002381e+00 1.923728e+00 2.655989e+00 5.620070e+00 1.175229e+01 5.257016e+00 4.579132e+00 4.454072e+00 3.320599e+00 4.652803e+00 2.754524e+00 1.475570e+00 7.382278e-01 3.636086e-01 3.581130e-01 5.426313e-01 1.011600e+00 1.941899e+00 9.237892e-01 8.867177e-01 7.194852e-01 5.865769e-01 5.992255e-01 4.865272e-01 1.942757e-01
<GCONST> 1.349877e+02
<STATE> 3
<MEAN> 39
 -3.169085e+00 2.388842e+00 8.701437e+00 -4.778055e-01 -3.289372e+00 -1.580191e+01 -1.236295e+01 -8.697843e+00 -8.354303e+00 -5.671055e+00 9.180922e+00 -5.821385e+00 6.951147e+01 2.128748e-02 -4.514971e-02 -3.109251e-01 1.566199e-03 5.217515e-01 5.308569e-01 1.332116e-01 -5.258266e-01 5.917873e-02 2.451719e-01 2.508404e-02 3.450013e-02 -2.886949e-01 -9.439548e-02 2.937069e-03 4.658596e-02 3.113736e-02 1.083090e-02 1.544560e-02 1.087329e-01 2.860906e-03 1.499910e-02 -4.991291e-02 -3.567819e-02 3.500918e-02 -4.262872e-02
<VARIANCE> 39
 2.368057e+01 3.220081e+01 9.523176e+01 4.703603e+01 8.940103e+01 5.684632e+01 5.966945e+01 1.020133e+02 7.373794e+01 6.088866e+01 9.362310e+01 5.573351e+01 1.915767e+01 1.222976e+00 1.359224e+00 2.768980e+00 1.795721e+00 4.226917e+00 3.127004e+00 2.484334e+00 4.183788e+00 3.849564e+00 3.321755e+00 3.308767e+00 2.495391e+00 7.796867e-01 1.603836e-01 2.004821e-01 3.595804e-01 2.953556e-01 5.909504e-01 5.310442e-01 3.981442e-01 7.299401e-01 6.784746e-01 5.028731e-01 5.690131e-01 4.336221e-01 6.639148e-02
<GCONST> 1.220749e+02
<STATE> 4
<MEAN> 39
 -1.183066e+01 -2.175545e+00 -5.573332e-01 -1.385377e+00 4.311347e+00 -3.629173e+00 -2.272776e+00 -1.161846e+01 -2.066876e+00 -7.084919e+00 -9.392146e-01 -6.927991e+00 5.901594e+01 -5.230589e-01 -3.099009e-01 -8.074598e-02 -8.468934e-02 2.535778e-02 3.296940e-01 5.738894e-01 5.288987e-01 1.935284e-01 -2.135085e-01 -2.172829e-01 -7.252393e-02 -2.982954e-01 1.711939e-02 -1.083481e-03 -5.489067e-03 -1.818354e-02 -3.443620e-02 -1.721089e-02 -2.909006e-02 -5.933768e-03 -1.299589e-02 8.320615e-03 2.325920e-02 2.368810e-03 2.322498e-02
<VARIANCE> 39
 2.700966e+01 2.001016e+01 1.536001e+01 2.070508e+01 2.534482e+01 5.035632e+01 6.786224e+01 7.022261e+01 3.949748e+01 2.977073e+01 4.826687e+01 3.491504e+01 7.096084e+00 1.910006e-01 4.060351e-01 6.549249e-01 9.956457e-01 1.149142e+00 1.492127e+00 1.537431e+00 2.111103e+00 1.722731e+00 1.890698e+00 1.605996e+00 1.395398e+00 6.512132e-02 2.752589e-02 5.874451e-02 1.106727e-01 1.907397e-01 1.960940e-01 2.773228e-01 2.699898e-01 3.474270e-01 3.222644e-01 3.322467e-01 2.355336e-01 2.162736e-01 5.444732e-03
<GCONST> 8.781205e+01
<TRANSP> 5
 0.000000e+00 1.000000e+00 0.000000e+00 0.000000e+00 0.000000e+00
 0.000000e+00 9.573272e-01 4.267279e-02 0.000000e+00 0.000000e+00
 0.000000e+00 0.000000e+00 9.575303e-01 4.246970e-02 0.000000e+00
 0.000000e+00 0.000000e+00 0.000000e+00 9.650372e-01 3.496274e-02
 0.000000e+00 0.000000e+00 0.000000e+00 0.000000e+00 0.000000e+00
<ENDHMM>
