~o
<STREAMINFO> 1 39
<VECSIZE> 39<NULLD><MFCC_D_A_0><DIAGC>
~h "dua"
<BEGINHMM>
<NUMSTATES> 20
<STATE> 2
<MEAN> 39
 -1.702721e+01 -6.431081e+00 -2.690818e+00 -4.391526e+00 2.630486e-01 -4.943675e+00 -7.008343e-01 -6.296453e+00 -1.418464e-01 -7.168829e+00 -4.775430e-01 -6.733469e+00 5.663264e+01 1.122784e+00 1.496588e+00 1.457335e+00 9.778892e-01 4.830608e-01 -1.084757e-01 -6.459562e-01 -9.375780e-01 -1.274006e+00 -1.546410e+00 -1.653685e+00 -1.364876e+00 4.478414e-01 4.526363e-01 5.439020e-01 5.848712e-01 4.432475e-01 1.745536e-02 -2.679932e-01 -2.306800e-01 -3.105115e-01 -3.627521e-01 -3.890132e-01 -1.857335e-01 -1.152282e-01 2.126811e-01
<VARIANCE> 39
 2.195459e+00 4.763738e+00 6.301546e+00 7.060454e+00 9.206660e+00 8.989043e+00 1.153788e+01 1.294337e+01 1.656509e+01 1.351057e+01 1.435497e+01 2.169587e+01 3.946596e-01 1.098698e+00 1.965995e+00 2.605472e+00 2.199997e+00 1.214202e+00 1.294978e+00 1.792757e+00 3.110629e+00 4.013769e+00 3.321648e+00 2.824372e+00 2.786905e+00 2.145587e-01 1.105497e-01 1.212679e-01 1.543280e-01 2.100734e-01 1.509034e-01 3.434562e-01 2.824846e-01 4.556384e-01 4.472565e-01 4.773279e-01 4.824853e-01 4.561452e-01 2.635196e-02
<GCONST> 8.582077e+01
<STATE> 3
<MEAN> 39
 -8.438524e+00 4.866086e+00 9.352349e+00 4.512940e+00 3.876144e+00 -5.880155e+00 -3.850221e+00 -1.184400e+01 -7.428858e+00 -1.554744e+01 -7.130673e+00 -1.145538e+01 6.034159e+01 1.897418e+00 1.636604e+00 1.710495e+00 1.354651e+00 -2.847001e-03 -1.088372e+00 -1.416233e+00 -9.714029e-01 -4.966144e-01 -1.618771e-01 3.638361e-01 3.785615e-01 1.074745e+00 -1.358416e-01 -6.862744e-01 -7.815180e-01 -6.490937e-01 -5.349976e-01 -3.852893e-01 -5.568544e-01 -6.229922e-02 5.308830e-01 1.062356e+00 9.622241e-01 7.405222e-01 1.212329e-01
<VARIANCE> 39
 6.652830e+00 8.871039e+00 1.066518e+01 9.678833e+00 1.211333e+01 2.555378e+01 2.724943e+01 2.078123e+01 2.218542e+01 2.296822e+01 3.018574e+01 2.428458e+01 1.467209e+00 1.188161e+00 2.875890e+00 3.380909e+00 2.308543e+00 2.124895e+00 4.630518e+00 3.362462e+00 2.631578e+00 4.692848e+00 5.276975e+00 3.937073e+00 3.648355e+00 3.468283e-01 1.083688e-01 2.948173e-01 3.484086e-01 1.850222e-01 4.938206e-01 7.147899e-01 5.882864e-01 7.295226e-01 1.132797e+00 9.368965e-01 4.056087e-01 5.215630e-01 5.311038e-02
<GCONST> 1.057439e+02
<STATE> 4
<MEAN> 39
 -3.502649e+00 3.719246e+00 9.928149e+00 4.642241e+00 -1.330794e+00 -1.477323e+01 -1.338125e+01 -1.502611e+01 -7.717392e+00 -9.564278e+00 2.822828e-01 -5.828380e+00 6.515723e+01 1.663176e+00 -5.035795e-01 -1.015209e+00 -1.172440e+00 -2.065510e+00 -2.135620e+00 -3.415209e+00 -2.158609e+00 -2.818793e-01 3.153807e+00 2.917640e+00 1.015747e+00 1.627037e+00 -1.568406e-01 -2.356875e-02 -7.367116e-01 -7.483574e-01 1.423634e-01 8.177874e-01 4.272001e-01 -1.899751e-01 -1.164744e-01 4.073567e-01 2.764288e-01 -1.829358e-01 -2.148913e-01
<VARIANCE> 39
 4.559536e+00 1.982353e+01 2.845076e+01 2.144539e+01 4.511072e+01 7.454939e+01 5.188229e+01 1.153085e+02 3.137986e+01 1.941936e+01 5.860246e+01 4.245917e+01 1.088445e+01 4.967616e-01 2.401522e+00 3.717321e+00 1.929180e+00 5.175775e+00 6.565741e+00 5.008821e+00 7.069036e+00 7.164843e+00 5.029592e+00 3.576364e+00 5.437112e+00 5.247329e-01 1.652584e-01 4.719573e-01 2.844084e-01 4.664113e-01 7.176465e-01 1.371263e+00 6.983840e-01 8.448411e-01 7.186087e-01 5.005842e-01 6.933150e-01 3.490552e-01 1.032976e-01
<GCONST> 1.213517e+02
<STATE> 5
<MEAN> 39
 5.223446e-01 4.299990e+00 3.948919e+00 -1.956692e+00 -3.719494e+00 -1.548085e+01 -2.046786e+01 -2.150223e+01 -7.802110e+00 -1.901900e-01 7.987710e+00 -6.169306e+00 6.798227e+01 1.070506e+00 8.508731e-01 -1.853752e+00 -2.416582e+00 8.459735e-02 1.454937e+00 -2.222732e-01 -1.667529e+00 -1.046035e+00 1.496045e+00 2.245129e+00 1.151747e+00 2.738181e-01 -3.566316e-01 1.697004e-01 1.888849e-01 1.018202e-01 5.760883e-01 8.466048e-01 1.489462e+00 8.203442e-01 -3.558191e-01 -1.446666e+00 -8.860562e-01 -2.456812e-02 -4.233282e-01
<VARIANCE> 39
 3.099429e+00 2.846319e+01 4.595343e+01 9.601577e+00 3.889747e+01 4.687675e+01 5.366890e+01 1.065828e+02 6.344734e+01 3.278489e+01 7.938794e+01 7.052901e+01 9.982199e+00 2.854905e-01 4.698118e-01 1.227892e+00 7.238973e-01 1.840278e+00 4.050004e+00 3.400669e+00 2.382048e+00 2.256941e+00 3.610928e+00 3.908431e+00 1.417264e+00 2.568302e-01 4.468954e-02 2.478911e-01 2.800698e-01 1.955213e-01 6.882028e-01 6.550651e-01 4.133236e-01 6.622455e-01 9.726785e-01 7.948615e-01 7.550261e-01 7.699066e-01 3.536376e-02
<GCONST> 1.077607e+02
<STATE> 6
<MEAN> 39
 1.718355e+00 6.658936e+00 -4.134538e-02 -7.014237e+00 -2.756927e+00 -7.809933e+00 -1.378686e+01 -2.402730e+01 -1.183230e+01 -3.490208e+00 9.396155e+00 -5.262437e-01 6.699413e+01 1.256260e-01 4.225587e-01 -5.819936e-01 -1.090828e+00 -1.831474e-01 8.595574e-01 1.932919e+00 9.550486e-01 -9.702111e-01 -2.333849e+00 -9.493566e-01 5.203418e-01 -2.115077e-01 -1.759676e-01 -8.691564e-02 3.020102e-01 3.076983e-01 -3.002246e-01 -3.966045e-01 1.550580e-01 4.906112e-01 2.051660e-01 -2.525610e-01 -4.944423e-01 -1.810406e-01 -3.163580e-02
<VARIANCE> 39
 1.074125e+00 8.375219e+00 3.552444e+01 1.301834e+01 2.394922e+01 2.818925e+01 4.992407e+01 4.411129e+01 1.553452e+01 3.831868e+01 3.799089e+01 3.172501e+01 2.358379e+00 1.450669e-01 1.930368e-01 6.898818e-01 7.405754e-01 1.901243e+00 2.593180e+00 1.961912e+00 2.706749e+00 1.817553e+00 2.761986e+00 3.208292e+00 3.770994e+00 5.161552e-02 5.535281e-02 3.351319e-02 2.023265e-01 1.156635e-01 1.684344e-01 2.759250e-01 3.292547e-01 3.475209e-01 2.329410e-01 8.812501e-01 7.711282e-01 4.240194e-01 1.456477e-02
<GCONST> 8.651285e+01
<STATE> 7
<MEAN> 39
 1.476458e+00 8.319988e+00 8.584123e-01 -8.843517e+00 -5.575943e+00 -7.830467e+00 -6.936423e+00 -1.661460e+01 -1.331916e+01 -9.183247e+00 6.772438e+00 1.009451e+00 6.639219e+01 1.700437e-01 1.010967e-01 -5.478331e-01 -7.480892e-01 -4.347214e-01 4.527681e-01 8.604582e-01 4.739007e-01 5.680165e-02 -3.313489e-01 -7.596284e-02 5.864652e-01 4.533942e-02 5.284328e-02 -9.060307e-02 -7.926284e-02 -6.866652e-02 1.007817e-01 7.249583e-02 -2.276466e-01 -2.465064e-01 1.009792e-01 3.529153e-01 2.964497e-01 2.264652e-02 6.904606e-02
<VARIANCE> 39
 4.229949e+00 8.274872e+00 1.545205e+01 1.399767e+01 3.986143e+01 2.862894e+01 2.333938e+01 2.983776e+01 3.438884e+01 2.387811e+01 3.566219e+01 3.291503e+01 5.105263e+00 1.500529e-01 2.728514e-01 6.871453e-01 6.778741e-01 7.029911e-01 1.329180e+00 1.321711e+00 2.185574e+00 1.765494e+00 9.412644e-01 1.089937e+00 1.621574e+00 6.749416e-02 1.693171e-02 4.022205e-02 1.081068e-01 7.697266e-02 1.181628e-01 2.532023e-01 1.806105e-01 3.126973e-01 2.969454e-01 2.544151e-01 2.522188e-01 3.536386e-01 4.324700e-03
<GCONST> 7.611165e+01
<STATE> 8
<MEAN> 39
 2.996089e+00 7.333847e+00 -5.264124e+00 -1.535405e+01 -7.364382e+00 -5.387779e+00 -5.601915e+00 -1.828822e+01 -1.127852e+01 -6.932641e+00 8.464367e+00 3.347869e+00 6.724229e+01 2.873619e-01 -8.412539e-01 -1.416043e+00 -9.619016e-01 6.950472e-01 1.265127e+00 -6.438166e-02 -1.011026e+00 4.565851e-01 2.359015e+00 1.210310e+00 -6.832392e-01 4.212713e-01 -9.373608e-02 -3.397021e-01 -1.363003e-01 3.028531e-01 2.294362e-01 -5.322632e-03 -3.413839e-01 -5.370834e-02 5.029157e-01 5.826592e-01 -2.496108e-01 -8.692548e-01 6.506236e-02
<VARIANCE> 39
 2.710665e+00 8.121474e+00 2.046194e+01 1.389174e+01 3.537125e+01 2.413924e+01 1.929962e+01 3.114425e+01 3.801500e+01 3.980954e+01 2.009610e+01 2.466083e+01 1.439294e+00 1.096909e-01 3.688937e-01 7.175801e-01 7.252064e-01 8.402884e-01 1.516734e+00 1.729919e+00 2.834458e+00 1.728763e+00 1.230458e+00 1.969879e+00 2.988831e+00 6.129198e-02 2.133207e-02 4.994703e-02 1.645675e-01 1.084960e-01 2.143793e-01 2.180083e-01 2.620345e-01 4.525244e-01 3.353765e-01 3.823313e-01 4.268971e-01 4.413085e-01 1.124160e-02
<GCONST> 8.089014e+01
<STATE> 9
<MEAN> 39
 3.872501e+00 2.527087e+00 -8.978829e+00 -1.519633e+01 -2.354420e+00 2.918397e-01 -8.377180e+00 -2.210716e+01 -9.128385e+00 2.513388e+00 1.078145e+01 -4.691907e+00 6.972548e+01 2.214214e-02 -2.058352e+00 -1.068000e+00 3.433309e-01 6.365570e-01 3.220048e-01 -1.561505e+00 3.791295e-01 3.386875e+00 2.819393e+00 -8.021178e-01 -3.717339e+00 7.465124e-01 -4.972458e-02 -2.565489e-01 3.617806e-01 2.896833e-01 -1.010833e-01 -3.228114e-01 -9.518175e-02 6.539717e-01 5.943276e-01 -7.160745e-01 -7.740652e-01 -1.767709e-01 6.042978e-02
<VARIANCE> 39
 2.846857e+00 1.375768e+01 5.874570e+01 1.799025e+01 2.872367e+01 3.934317e+01 1.510392e+01 2.814124e+01 4.483421e+01 3.147042e+01 1.812394e+01 2.025926e+01 3.698232e+00 1.612644e-01 8.021740e-01 1.545593e+00 3.181661e-01 1.966518e+00 2.799153e+00 1.698107e+00 4.900418e+00 3.067801e+00 2.902940e+00 2.158143e+00 2.025909e+00 1.682996e-01 2.758583e-02 1.705656e-01 1.324276e-01 9.407923e-02 1.265011e-01 1.891119e-01 2.898063e-01 5.485313e-01 5.580131e-01 5.487440e-01 5.203890e-01 5.588061e-01 3.435257e-02
<GCONST> 9.169938e+01
<STATE> 10
<MEAN> 39
 3.902021e+00 -4.908113e+00 -1.132200e+01 -1.349025e+01 4.090983e-01 -3.451055e+00 -1.311560e+01 -1.611089e+01 2.649727e+00 5.248213e+00 3.009570e+00 -1.398683e+01 7.158833e+01 -2.690495e-01 -2.070074e+00 1.820558e-01 3.685102e-01 -7.775033e-02 -1.143624e-01 -7.094892e-02 1.883288e+00 2.003712e+00 -7.578579e-02 -3.052581e+00 -1.802927e+00 6.478694e-01 -1.095265e-01 1.772846e-01 3.861717e-01 -1.820510e-01 -3.188196e-01 1.036033e-01 5.250311e-01 1.591322e-02 -7.518520e-01 -4.461081e-01 -2.075214e-01 5.255721e-01 -4.969795e-02
<VARIANCE> 39
 5.163676e+00 2.474510e+01 7.990170e+01 1.739955e+01 2.501081e+01 3.921361e+01 1.897841e+01 4.787066e+01 2.596559e+01 2.375305e+01 1.062961e+02 3.107510e+01 8.449479e+00 2.630079e-01 1.161071e+00 9.783230e-01 8.933094e-01 1.027770e+00 1.432963e+00 1.604915e+00 3.894341e+00 3.760078e+00 2.060214e+00 3.927955e+00 1.891120e+00 2.518761e-01 3.009011e-02 1.003208e-01 7.219108e-02 1.052530e-01 1.500312e-01 1.244447e-01 1.615019e-01 3.889014e-01 4.196411e-01 4.121950e-01 7.323159e-01 4.001588e-01 1.193715e-02
<GCONST> 9.285718e+01
<STATE> 11
<MEAN> 39
 2.451545e+00 -1.160182e+01 -8.763194e+00 -1.384127e+01 -1.229458e+00 -4.238418e+00 -9.829329e+00 -7.548434e+00 4.744306e+00 2.077061e+00 -8.060203e+00 -1.809075e+01 7.400722e+01 -2.869797e-01 -7.439321e-01 4.272484e-01 -1.009925e-02 -1.871426e-01 -1.588673e-01 4.794474e-01 1.057998e+00 -6.697936e-02 -9.793370e-01 -1.405788e+00 -1.389780e-01 2.807265e-01 -8.516795e-03 1.962864e-01 -1.429784e-01 4.373371e-02 1.632136e-01 -2.523502e-02 -7.558528e-02 -1.330158e-01 -2.413707e-01 -2.506437e-01 2.121617e-01 3.261170e-01 -1.206285e-01
<VARIANCE> 39
 1.981926e+00 3.046940e+01 1.343708e+02 1.754492e+01 1.825705e+01 3.057019e+01 2.557543e+01 1.010115e+02 3.059781e+01 3.319938e+01 1.127543e+02 3.199449e+01 1.474516e+01 1.321468e-01 4.467344e-01 8.291026e-01 4.316879e-01 8.581526e-01 7.661805e-01 7.695924e-01 2.059239e+00 1.052218e+00 1.634799e+00 1.417905e+00 1.699170e+00 1.752224e-01 3.341690e-02 1.019611e-01 1.474890e-01 5.991742e-02 7.571190e-02 9.745445e-02 1.120652e-01 3.936974e-01 1.636001e-01 2.279317e-01 3.628434e-01 3.005216e-01 2.024318e-02
<GCONST> 8.354836e+01
<STATE> 12
<MEAN> 39
 -7.993994e-02 -7.425361e+00 -9.315546e+00 -1.689688e+01 -1.103015e+01 1.171402e+01 -6.128358e+00 -1.913200e+01 7.957973e+00 4.005344e+00 -7.130105e+00 -1.022584e+01 7.256078e+01 -5.823476e-01 -9.906772e-01 -1.931771e-01 -4.704784e-01 -1.488677e-01 8.055465e-01 -3.989671e-01 3.462692e-01 7.279546e-01 -7.847846e-01 -1.258573e+00 4.877658e-01 -1.642805e-02 -6.846371e-02 2.363931e-01 4.507343e-02 1.014971e-01 2.435353e-01 -3.952418e-01 -3.301226e-02 7.959933e-02 -2.540485e-01 -3.774674e-02 2.871278e-01 -1.163956e-02 -2.042091e-01
<VARIANCE> 39
 3.425694e+00 4.397649e+01 5.592097e+01 2.450124e+01 5.947233e+01 1.822486e+02 2.179463e+01 1.475039e+02 4.038961e+01 3.204780e+01 4.412745e+01 3.587984e+01 1.162160e+01 3.187772e-01 1.654755e+00 1.127174e+00 8.497167e-01 1.980405e+00 5.236923e+00 1.683094e+00 2.472475e+00 4.146146e+00 1.533401e+00 2.383931e+00 1.620304e+00 4.993941e-01 5.144127e-02 3.115767e-01 2.833460e-01 2.069116e-01 3.404796e-01 7.453062e-01 5.124118e-01 5.594905e-01 4.639082e-01 1.920206e-01 2.576093e-01 2.806604e-01 7.907074e-02
<GCONST> 1.066827e+02
<STATE> 13
<MEAN> 39
 -8.233901e-01 -1.406279e+01 -5.678202e+00 -1.229842e+01 4.053339e-01 -5.942564e+00 -1.071616e+01 -1.865047e+00 -8.974160e-02 -6.995323e+00 -9.071507e+00 -1.492726e+01 7.353066e+01 -6.472616e-01 1.039454e+00 -2.496890e-02 6.204622e-01 3.454466e-01 -6.622273e-01 3.560246e-01 -3.460535e-01 -1.809978e-01 -6.954619e-01 -1.859228e-01 2.860845e-01 -1.127775e+00 -5.679705e-02 2.937741e-01 1.999739e-01 1.288518e-01 -1.319349e-01 7.085542e-02 2.081553e-01 -7.281441e-02 2.140054e-01 1.873967e-01 1.875030e-01 -1.937564e-03 -1.707405e-01
<VARIANCE> 39
 2.562841e+00 2.541969e+01 9.020207e+01 2.097388e+01 3.593579e+01 9.458283e+01 1.934814e+01 9.487749e+01 7.781297e+01 2.135236e+01 6.783596e+01 2.024641e+01 1.620086e+01 1.762078e-01 1.157406e+00 1.630818e+00 3.655125e-01 6.802315e-01 1.306812e+00 1.573611e+00 2.670298e+00 2.501874e+00 1.542107e+00 1.099806e+00 1.773300e+00 2.817979e-01 4.127098e-02 1.604149e-01 5.505043e-02 6.341682e-02 1.532720e-01 3.365047e-01 2.313434e-01 4.697980e-01 3.943474e-01 2.075148e-01 2.685731e-01 3.675160e-01 4.544925e-02
<GCONST> 9.266437e+01
<STATE> 14
<MEAN> 39
 -3.471123e+00 -6.673673e+00 -7.452693e+00 -1.175506e+01 -3.452546e+00 1.747726e-01 -5.933393e+00 -1.280001e+01 5.499784e+00 -6.367534e+00 -1.523065e+01 -1.299058e+01 6.750026e+01 -7.641214e-01 7.389042e-01 7.922486e-01 1.052215e+00 8.879889e-01 -1.194791e+00 2.578442e-01 6.001575e-01 -1.068159e+00 -1.539685e+00 4.250438e-01 2.152950e-01 -1.085080e+00 1.142083e-02 -1.139549e-01 -1.563988e-01 -1.041135e-01 -2.036156e-01 5.000885e-02 2.064112e-02 -1.594712e-02 -5.033993e-02 1.168856e-01 3.135504e-01 4.884167e-02 3.956078e-02
<VARIANCE> 39
 7.704883e+00 1.063178e+01 2.086736e+01 2.429993e+01 3.707135e+01 9.564307e+01 1.840793e+01 6.718020e+01 3.071095e+01 4.798349e+01 7.321230e+01 2.868885e+01 4.145748e+00 9.743435e-02 3.639850e-01 2.730371e-01 5.694147e-01 1.787822e+00 2.491070e+00 1.874282e+00 1.505103e+00 1.035618e+00 1.120386e+00 1.796468e+00 1.250813e+00 7.335576e-02 1.535430e-02 4.756210e-02 3.008977e-02 8.613236e-02 2.107438e-01 1.257094e-01 4.150052e-01 3.390359e-01 1.041309e-01 1.676170e-01 2.635420e-01 1.167726e-01 7.085375e-03
<GCONST> 7.840025e+01
<STATE> 15
<MEAN> 39
 -5.275119e+00 -6.019321e+00 -4.718853e+00 -8.473478e+00 -1.365440e-01 -7.557417e+00 -5.601509e+00 -3.698194e+00 3.564992e-01 -9.896492e+00 -7.966162e+00 -1.192105e+01 6.544267e+01 -6.901789e-01 7.667015e-01 2.115942e-02 1.413354e-01 -3.140489e-01 3.013273e-01 1.164182e+00 -2.233917e-01 3.533651e-01 -2.255459e-01 2.527856e-01 4.110879e-01 -9.684170e-01 1.474739e-02 -1.100150e-01 -4.997506e-02 -4.635921e-02 4.081063e-02 6.684722e-02 -3.062084e-02 2.735512e-02 9.711999e-02 1.372026e-02 -1.449366e-01 -4.501669e-02 9.035905e-02
<VARIANCE> 39
 2.403356e+00 6.507807e+00 3.823207e+01 2.104337e+01 7.506445e+00 3.602052e+01 2.371422e+01 3.807573e+01 2.474812e+01 1.993391e+01 3.156627e+01 1.221618e+01 3.569409e+00 1.081661e-01 3.407738e-01 4.460750e-01 4.570457e-01 8.413542e-01 1.054234e+00 9.586885e-01 1.367890e+00 1.628022e+00 4.383136e-01 1.725432e+00 8.670096e-01 6.323767e-02 1.494110e-02 4.913048e-02 6.011000e-02 7.387827e-02 9.933966e-02 1.419326e-01 1.406134e-01 1.286203e-01 2.823476e-01 1.220281e-01 1.860733e-01 1.318392e-01 5.907598e-03
<GCONST> 6.640052e+01
<STATE> 16
<MEAN> 39
 -9.568997e+00 -5.800625e+00 -7.543092e+00 -1.037569e+01 -2.161399e+00 -4.019567e+00 -1.665576e+00 -7.202786e+00 2.561558e+00 -9.364039e+00 -8.329219e+00 -1.097602e+01 6.157875e+01 -8.215981e-01 4.833451e-02 3.509463e-01 7.686539e-01 3.359991e-01 6.302384e-02 4.597732e-01 7.014310e-01 -2.955475e-01 -2.615032e-01 7.640004e-01 2.635665e-01 -6.305320e-01 1.040317e-02 -4.319789e-02 4.017902e-02 1.066310e-01 1.555075e-01 7.760685e-02 -1.477027e-01 -3.042561e-02 -1.395247e-02 2.468951e-01 1.438386e-01 1.440040e-01 4.992329e-02
<VARIANCE> 39
 7.911430e+00 6.887764e+00 1.541568e+01 8.385889e+00 7.612740e+00 1.999111e+01 8.196487e+00 2.223300e+01 1.404403e+01 1.417358e+01 2.798426e+01 1.986169e+01 2.644821e+00 1.201654e-01 4.205738e-01 6.828369e-01 2.945361e-01 9.019393e-01 1.236312e+00 5.173445e-01 1.285942e+00 7.212340e-01 1.140596e+00 1.572338e+00 1.170951e+00 2.724406e-02 1.366406e-02 7.061199e-02 9.173713e-02 5.657125e-02 1.307163e-01 1.240821e-01 1.089724e-01 1.145187e-01 1.377568e-01 8.383901e-02 1.192179e-01 1.627253e-01 2.342990e-03
<GCONST> 6.010913e+01
<STATE> 17
<MEAN> 39
 -1.015787e+01 -2.231126e+00 -2.548009e+00 -4.562146e+00 4.712872e-01 -5.371516e+00 -8.991862e-01 -4.624442e+00 1.463832e+00 -1.128275e+01 -6.850199e+00 -7.646824e+00 6.029374e+01 -6.840196e-01 2.287947e-01 3.312682e-01 1.696173e-01 -6.851774e-02 -1.129623e-01 3.900516e-01 2.325130e-01 -3.266090e-01 4.514523e-01 9.856991e-01 8.077902e-01 -5.711387e-01 -1.179162e-03 -1.005254e-01 -7.081214e-02 -1.746613e-01 -1.458511e-01 -5.388517e-02 2.395429e-02 -1.203583e-02 -4.119854e-02 2.594735e-02 1.177737e-03 -7.734802e-02 3.068953e-02
<VARIANCE> 39
 6.587875e+00 9.805094e+00 8.675990e+00 9.612200e+00 8.542988e+00 2.104010e+01 2.219743e+01 1.893993e+01 1.457146e+01 2.117801e+01 2.124112e+01 1.869597e+01 2.199462e+00 1.673108e-01 3.729547e-01 6.876026e-01 4.881614e-01 7.253977e-01 1.941280e+00 1.443303e+00 1.300626e+00 1.002185e+00 6.839070e-01 9.621028e-01 1.039879e+00 5.706147e-02 2.071511e-02 5.559723e-02 1.138537e-01 4.541607e-02 9.842311e-02 3.240524e-01 1.817928e-01 1.852744e-01 1.574668e-01 2.084966e-01 2.381869e-01 1.114830e-01 5.620047e-03
<GCONST> 6.677777e+01
<STATE> 18
<MEAN> 39
 -1.474838e+01 -5.937560e+00 -5.130394e+00 -7.490939e+00 -1.181191e+00 -5.248494e+00 -4.028528e-01 -5.284209e+00 1.539914e-01 -7.747764e+00 -1.844556e+00 -7.835953e+00 5.803101e+01 -6.241387e-01 -1.758923e-01 2.181119e-03 -2.276884e-01 -2.971197e-01 -4.467031e-02 3.363508e-01 -1.991676e-01 -3.667059e-01 -4.927159e-02 5.289795e-01 2.910500e-01 -3.350783e-01 4.084469e-02 1.715543e-02 1.207490e-02 -4.423784e-02 1.622032e-02 1.242037e-01 8.984807e-02 -5.783496e-02 -3.022614e-02 -1.299258e-01 -1.085486e-01 -5.706544e-02 1.937173e-02
<VARIANCE> 39
 3.141510e+00 7.666826e+00 1.221780e+01 1.015773e+01 1.012083e+01 1.867160e+01 1.150401e+01 1.927085e+01 1.911891e+01 1.918806e+01 1.900754e+01 2.665757e+01 7.636359e-01 8.323990e-02 2.134865e-01 5.743897e-01 5.142479e-01 6.783125e-01 1.580404e+00 9.391477e-01 2.192412e+00 1.163456e+00 1.849096e+00 1.870796e+00 9.963540e-01 3.148041e-02 1.266723e-02 2.274973e-02 8.457535e-02 1.470455e-01 1.160044e-01 1.628277e-01 1.876458e-01 4.394684e-01 2.056603e-01 3.505216e-01 2.936952e-01 1.970004e-01 7.726607e-03
<GCONST> 6.631216e+01
<STATE> 19
<MEAN> 39
 -1.525467e+01 -3.194524e+00 -1.982141e+00 -5.838300e+00 -1.035052e+00 -4.246586e+00 4.846465e+00 -3.655005e+00 -2.324946e+00 -1.016868e+01 -1.058386e+00 -3.736287e+00 5.691940e+01 -4.501057e-01 -1.640891e-01 3.160302e-01 2.656377e-01 3.270941e-01 9.956630e-01 1.510637e+00 6.295739e-01 -5.530058e-01 -3.089439e-01 2.119715e-01 4.289985e-01 -2.886344e-01 4.406649e-02 -1.997785e-02 1.607588e-02 1.377177e-01 1.203024e-01 2.332094e-01 1.120398e-01 2.943031e-01 2.503013e-01 6.669959e-02 4.481186e-02 7.010627e-02 5.558317e-02
<VARIANCE> 39
 4.230628e+00 1.952501e+01 2.549095e+01 1.196147e+01 1.911236e+01 2.784015e+01 3.650402e+01 3.665817e+01 2.134804e+01 1.159725e+01 1.015858e+01 4.160579e+01 9.527425e-01 2.788663e-01 4.310979e-01 7.422763e-01 1.352627e+00 1.714298e+00 1.231843e+00 1.028910e+00 1.607450e+00 1.315886e+00 1.969182e+00 1.458943e+00 1.567385e+00 8.326355e-02 3.412226e-02 7.915058e-02 1.740446e-01 2.197986e-01 2.656811e-01 2.745390e-01 2.740344e-01 2.788653e-01 2.421198e-01 4.976819e-01 2.495800e-01 5.010210e-01 6.372398e-03
<GCONST> 8.160843e+01
<TRANSP> 20
 0.000000e+00 1.000000e+00 0.000000e+00 0.000000e+00 0.000000e+00 0.000000e+00 0.000000e+00 0.000000e+00 0.000000e+00 0.000000e+00 0.000000e+00 0.000000e+00 0.000000e+00 0.000000e+00 0.000000e+00 0.000000e+00 0.000000e+00 0.000000e+00 0.000000e+00 0.000000e+00
 0.000000e+00 7.444442e-01 2.555558e-01 0.000000e+00 0.000000e+00 0.000000e+00 0.000000e+00 0.000000e+00 0.000000e+00 0.000000e+00 0.000000e+00 0.000000e+00 0.000000e+00 0.000000e+00 0.000000e+00 0.000000e+00 0.000000e+00 0.000000e+00 0.000000e+00 0.000000e+00
 0.000000e+00 0.000000e+00 7.390125e-01 2.609875e-01 0.000000e+00 0.000000e+00 0.000000e+00 0.000000e+00 0.000000e+00 0.000000e+00 0.000000e+00 0.000000e+00 0.000000e+00 0.000000e+00 0.000000e+00 0.000000e+00 0.000000e+00 0.000000e+00 0.000000e+00 0.000000e+00
 0.000000e+00 0.000000e+00 0.000000e+00 6.151684e-01 3.848316e-01 0.000000e+00 0.000000e+00 0.000000e+00 0.000000e+00 0.000000e+00 0.000000e+00 0.000000e+00 0.000000e+00 0.000000e+00 0.000000e+00 0.000000e+00 0.000000e+00 0.000000e+00 0.000000e+00 0.000000e+00
 0.000000e+00 0.000000e+00 0.000000e+00 0.000000e+00 5.971678e-01 4.028322e-01 0.000000e+00 0.000000e+00 0.000000e+00 0.000000e+00 0.000000e+00 0.000000e+00 0.000000e+00 0.000000e+00 0.000000e+00 0.000000e+00 0.000000e+00 0.000000e+00 0.000000e+00 0.000000e+00
 0.000000e+00 0.000000e+00 0.000000e+00 0.000000e+00 0.000000e+00 6.862096e-01 3.137904e-01 0.000000e+00 0.000000e+00 0.000000e+00 0.000000e+00 0.000000e+00 0.000000e+00 0.000000e+00 0.000000e+00 0.000000e+00 0.000000e+00 0.000000e+00 0.000000e+00 0.000000e+00
 0.000000e+00 0.000000e+00 0.000000e+00 0.000000e+00 0.000000e+00 0.000000e+00 8.397205e-01 1.602795e-01 0.000000e+00 0.000000e+00 0.000000e+00 0.000000e+00 0.000000e+00 0.000000e+00 0.000000e+00 0.000000e+00 0.000000e+00 0.000000e+00 0.000000e+00 0.000000e+00
 0.000000e+00 0.000000e+00 0.000000e+00 0.000000e+00 0.000000e+00 0.000000e+00 0.000000e+00 7.195688e-01 2.804312e-01 0.000000e+00 0.000000e+00 0.000000e+00 0.000000e+00 0.000000e+00 0.000000e+00 0.000000e+00 0.000000e+00 0.000000e+00 0.000000e+00 0.000000e+00
 0.000000e+00 0.000000e+00 0.000000e+00 0.000000e+00 0.000000e+00 0.000000e+00 0.000000e+00 0.000000e+00 5.975580e-01 4.024421e-01 0.000000e+00 0.000000e+00 0.000000e+00 0.000000e+00 0.000000e+00 0.000000e+00 0.000000e+00 0.000000e+00 0.000000e+00 0.000000e+00
 0.000000e+00 0.000000e+00 0.000000e+00 0.000000e+00 0.000000e+00 0.000000e+00 0.000000e+00 0.000000e+00 0.000000e+00 6.931427e-01 3.068573e-01 0.000000e+00 0.000000e+00 0.000000e+00 0.000000e+00 0.000000e+00 0.000000e+00 0.000000e+00 0.000000e+00 0.000000e+00
 0.000000e+00 0.000000e+00 0.000000e+00 0.000000e+00 0.000000e+00 0.000000e+00 0.000000e+00 0.000000e+00 0.000000e+00 0.000000e+00 7.853224e-01 2.146777e-01 0.000000e+00 0.000000e+00 0.000000e+00 0.000000e+00 0.000000e+00 0.000000e+00 0.000000e+00 0.000000e+00
 0.000000e+00 0.000000e+00 0.000000e+00 0.000000e+00 0.000000e+00 0.000000e+00 0.000000e+00 0.000000e+00 0.000000e+00 0.000000e+00 0.000000e+00 6.250748e-01 3.749252e-01 0.000000e+00 0.000000e+00 0.000000e+00 0.000000e+00 0.000000e+00 0.000000e+00 0.000000e+00
 0.000000e+00 0.000000e+00 0.000000e+00 0.000000e+00 0.000000e+00 0.000000e+00 0.000000e+00 0.000000e+00 0.000000e+00 0.000000e+00 0.000000e+00 0.000000e+00 7.097925e-01 2.902075e-01 0.000000e+00 0.000000e+00 0.000000e+00 0.000000e+00 0.000000e+00 0.000000e+00
 0.000000e+00 0.000000e+00 0.000000e+00 0.000000e+00 0.000000e+00 0.000000e+00 0.000000e+00 0.000000e+00 0.000000e+00 0.000000e+00 0.000000e+00 0.000000e+00 0.000000e+00 6.584029e-01 3.415971e-01 0.000000e+00 0.000000e+00 0.000000e+00 0.000000e+00 0.000000e+00
 0.000000e+00 0.000000e+00 0.000000e+00 0.000000e+00 0.000000e+00 0.000000e+00 0.000000e+00 0.000000e+00 0.000000e+00 0.000000e+00 0.000000e+00 0.000000e+00 0.000000e+00 0.000000e+00 6.984178e-01 3.015822e-01 0.000000e+00 0.000000e+00 0.000000e+00 0.000000e+00
 0.000000e+00 0.000000e+00 0.000000e+00 0.000000e+00 0.000000e+00 0.000000e+00 0.000000e+00 0.000000e+00 0.000000e+00 0.000000e+00 0.000000e+00 0.000000e+00 0.000000e+00 0.000000e+00 0.000000e+00 7.095298e-01 2.904702e-01 0.000000e+00 0.000000e+00 0.000000e+00
 0.000000e+00 0.000000e+00 0.000000e+00 0.000000e+00 0.000000e+00 0.000000e+00 0.000000e+00 0.000000e+00 0.000000e+00 0.000000e+00 0.000000e+00 0.000000e+00 0.000000e+00 0.000000e+00 0.000000e+00 0.000000e+00 7.640982e-01 2.359018e-01 0.000000e+00 0.000000e+00
 0.000000e+00 0.000000e+00 0.000000e+00 0.000000e+00 0.000000e+00 0.000000e+00 0.000000e+00 0.000000e+00 0.000000e+00 0.000000e+00 0.000000e+00 0.000000e+00 0.000000e+00 0.000000e+00 0.000000e+00 0.000000e+00 0.000000e+00 7.635767e-01 2.364233e-01 0.000000e+00
 0.000000e+00 0.000000e+00 0.000000e+00 0.000000e+00 0.000000e+00 0.000000e+00 0.000000e+00 0.000000e+00 0.000000e+00 0.000000e+00 0.000000e+00 0.000000e+00 0.000000e+00 0.000000e+00 0.000000e+00 0.000000e+00 0.000000e+00 0.000000e+00 6.268129e-01 3.731870e-01
 0.000000e+00 0.000000e+00 0.000000e+00 0.000000e+00 0.000000e+00 0.000000e+00 0.000000e+00 0.000000e+00 0.000000e+00 0.000000e+00 0.000000e+00 0.000000e+00 0.000000e+00 0.000000e+00 0.000000e+00 0.000000e+00 0.000000e+00 0.000000e+00 0.000000e+00 0.000000e+00
<ENDHMM>
