~o
<STREAMINFO> 1 39
<VECSIZE> 39<NULLD><MFCC_D_A_0><DIAGC>
~h "empat"
<BEGINHMM>
<NUMSTATES> 20
<STATE> 2
<MEAN> 39
 -1.715609e+01 -6.274264e+00 -2.789310e+00 -5.162394e+00 1.390966e+00 -2.486823e+00 -1.879780e-02 -7.100751e+00 -2.987892e-01 -6.274115e+00 7.953440e-01 -6.043736e+00 5.682413e+01 2.048903e+00 6.525626e-01 2.706054e-01 -5.917700e-01 -3.826183e-02 6.441759e-01 -1.113825e+00 -1.622137e+00 -4.868303e-01 2.190756e-01 -2.018160e-02 -2.159441e-01 1.433289e+00 9.087818e-01 2.231138e-01 8.460482e-02 -3.499255e-01 -2.338699e-01 1.767722e-01 -2.974237e-01 -6.099563e-01 -1.632420e-01 2.872786e-01 -9.149186e-02 -2.615418e-01 6.296673e-01
<VARIANCE> 39
 3.647214e+00 6.016380e+00 5.794772e+00 1.084485e+01 1.047725e+01 1.240271e+01 1.629367e+01 1.492281e+01 1.893824e+01 1.368880e+01 9.278845e+00 9.542399e+00 1.622701e+00 2.818616e+00 1.818136e+00 1.253205e+00 4.465755e+00 3.515138e+00 3.473451e+00 5.182988e+00 7.094046e+00 6.306500e+00 3.816995e+00 1.092365e+00 2.956186e+00 1.627559e+00 1.646371e-01 3.593997e-01 2.196324e-01 4.731941e-01 6.482679e-01 7.196096e-01 6.781989e-01 8.410074e-01 6.147047e-01 4.844198e-01 2.171150e-01 3.626788e-01 1.374145e-01
<GCONST> 1.019428e+02
<STATE> 3
<MEAN> 39
 -3.025643e+00 -5.345706e+00 -1.949446e+00 -1.192748e+01 -4.655886e-01 3.546946e+00 -5.272227e+00 -1.512260e+01 -1.622009e-01 5.731451e-01 1.343232e+00 -9.526076e+00 6.820986e+01 3.135143e+00 8.549963e-01 3.157145e-01 -5.939952e-01 -1.683551e-01 8.069124e-01 -1.059512e+00 -2.100838e+00 -1.079836e+00 6.764833e-01 6.679697e-01 3.256954e-01 2.103412e+00 -6.119966e-01 1.541142e-01 -6.314407e-02 4.759276e-01 5.134355e-02 -3.981888e-01 3.929593e-01 3.850555e-01 -2.359321e-01 -4.602349e-01 2.369013e-01 6.411900e-01 -6.196732e-01
<VARIANCE> 39
 2.419771e+01 3.426061e+01 3.178548e+01 9.399789e+01 1.224175e+02 1.238817e+02 7.642860e+01 1.403183e+02 7.567604e+01 6.832265e+01 1.921681e+01 3.402907e+01 3.468023e+01 2.158480e+00 2.291036e+00 1.395485e+00 3.508275e+00 4.942959e+00 6.773890e+00 3.619601e+00 8.833665e+00 5.001213e+00 5.835313e+00 3.693151e+00 6.472843e+00 2.333751e+00 2.693330e-01 4.860719e-01 3.104601e-01 6.439211e-01 7.962769e-01 1.154505e+00 5.666289e-01 1.212440e+00 6.971945e-01 5.765278e-01 4.908320e-01 4.667234e-01 2.875936e-01
<GCONST> 1.337106e+02
<STATE> 4
<MEAN> 39
 -1.668085e-01 1.391401e+00 -2.346188e+00 -5.639802e+00 3.259631e+00 -2.171740e+00 -1.151792e+01 -2.510716e+01 -1.205448e+01 -9.867376e+00 5.282708e-01 -5.069091e+00 6.660619e+01 7.421187e-01 7.014018e-01 -7.577170e-02 9.087051e-02 7.452248e-02 4.046763e-02 -5.888093e-02 -6.318973e-01 -5.566176e-01 -7.928003e-02 6.071026e-01 6.600980e-01 2.268434e-01 -5.705054e-01 -1.721112e-01 1.835077e-01 1.621880e-01 -3.115247e-02 -8.483797e-02 3.069266e-01 5.578699e-01 3.906294e-01 7.822132e-02 3.897628e-02 -9.946530e-02 -3.505955e-01
<VARIANCE> 39
 7.730971e+00 1.272405e+01 1.429137e+01 2.385473e+01 3.767638e+01 3.112532e+01 4.839375e+01 5.394886e+01 5.138639e+01 7.525892e+01 3.952428e+01 7.884259e+01 8.978645e+00 8.099160e-01 1.114947e+00 8.983072e-01 9.844067e-01 1.500287e+00 2.000696e+00 1.543368e+00 2.119679e+00 2.054695e+00 1.202907e+00 2.336613e+00 2.328771e+00 4.862484e-01 8.625613e-02 1.365731e-01 1.595697e-01 1.684767e-01 2.097929e-01 2.671711e-01 3.313188e-01 3.521473e-01 4.505168e-01 4.181515e-01 5.151309e-01 5.732893e-01 2.410294e-02
<GCONST> 9.976700e+01
<STATE> 5
<MEAN> 39
 1.463535e+00 1.281052e+00 1.172206e-01 -8.742386e+00 -2.445172e+00 1.448254e+00 -1.554279e+00 -1.636162e+01 -6.455660e+00 -2.796890e+00 7.434983e+00 -2.870389e+00 6.834521e+01 -4.941767e-01 1.051540e+00 7.994437e-01 1.323912e+00 6.249656e-01 -9.919155e-01 -1.649216e-01 2.879184e-01 -7.369553e-01 -1.457245e+00 -4.685559e-01 7.680742e-02 -7.683170e-01 -1.446123e-01 -1.432316e-01 1.457345e-02 -5.468386e-03 1.520510e-01 1.230042e-01 -1.322827e-01 -1.769003e-02 1.352864e-01 -2.597076e-02 -3.997700e-01 -2.762289e-01 -1.924548e-02
<VARIANCE> 39
 3.766446e+00 2.025488e+01 1.431650e+01 2.771087e+01 7.386824e+01 4.304186e+01 5.212127e+01 5.822851e+01 2.970057e+01 4.278838e+01 1.546254e+01 2.154371e+01 6.869679e+00 1.144147e-01 4.218303e-01 4.898567e-01 5.220602e-01 1.357833e+00 1.157890e+00 1.719420e+00 1.452184e+00 1.289546e+00 1.818077e+00 1.269466e+00 1.973323e+00 9.099907e-02 3.698662e-02 5.414559e-02 7.180560e-02 1.527353e-01 1.802295e-01 1.611434e-01 2.162444e-01 1.570882e-01 1.761212e-01 3.288327e-01 1.618347e-01 2.895220e-01 1.768215e-02
<GCONST> 8.171468e+01
<STATE> 6
<MEAN> 39
 -2.249594e+00 6.616505e+00 5.242145e+00 -6.345326e-01 3.753143e+00 -3.730254e+00 -6.731545e+00 -1.840966e+01 -9.497602e+00 -8.669951e+00 3.230165e+00 -1.714086e+00 6.397563e+01 -9.194610e-01 -6.148757e-02 4.840188e-01 4.804276e-01 -5.900415e-02 -4.327497e-01 -1.652198e-01 4.885769e-02 -1.172963e-01 -4.545957e-01 -5.766093e-01 -4.166092e-01 -6.091807e-01 -1.835491e-01 -2.353521e-01 -2.026800e-01 -1.486422e-01 -1.250192e-01 2.128509e-02 2.325142e-01 1.749097e-01 4.515681e-02 5.333684e-02 1.254688e-01 1.709182e-02 -5.316156e-02
<VARIANCE> 39
 4.739074e+00 8.810562e+00 2.161318e+01 1.376488e+01 1.302185e+01 1.432033e+01 1.861901e+01 4.531660e+01 4.302126e+01 2.986165e+01 2.609047e+01 4.752911e+01 2.233997e+00 3.715212e-01 4.515054e-01 5.668679e-01 5.318170e-01 9.233056e-01 1.237249e+00 1.602582e+00 1.616233e+00 1.371478e+00 1.349568e+00 1.062398e+00 1.427413e+00 1.124684e-01 1.591410e-02 4.400582e-02 9.117629e-02 5.426431e-02 1.661102e-01 1.844997e-01 2.400502e-01 1.483403e-01 1.876455e-01 2.317938e-01 2.307518e-01 3.228053e-01 6.228104e-03
<GCONST> 7.489885e+01
<STATE> 7
<MEAN> 39
 -8.368623e+00 2.214732e+00 3.216345e+00 -8.909845e-01 3.121197e+00 -4.313643e+00 -5.151796e+00 -1.637193e+01 -9.391155e+00 -1.106867e+01 -1.027404e+00 -6.621929e+00 6.081382e+01 -1.094623e+00 -6.898099e-01 -2.974403e-01 -6.131303e-02 -1.164552e-01 -8.858003e-02 1.004829e+00 1.285410e+00 5.206622e-01 -2.790729e-01 -6.137905e-01 -1.382235e-01 -5.493475e-01 2.412861e-01 -3.796692e-03 -1.543301e-01 -1.044716e-01 -7.360160e-03 -3.032392e-03 -8.570738e-02 -2.154571e-02 1.271729e-01 1.251713e-01 8.587547e-02 5.589076e-02 1.931446e-01
<VARIANCE> 39
 5.992121e+00 4.541973e+00 9.533484e+00 1.188174e+01 1.065293e+01 1.062031e+01 1.625286e+01 3.281859e+01 2.248883e+01 1.417719e+01 2.263856e+01 3.262824e+01 1.601588e+00 1.860950e-01 4.102016e-01 7.591269e-01 4.463150e-01 4.680496e-01 7.893131e-01 8.909360e-01 1.513754e+00 1.034238e+00 9.596352e-01 1.797896e+00 1.735759e+00 5.069044e-02 5.527398e-02 7.474665e-02 1.945222e-01 1.317412e-01 1.668702e-01 2.471980e-01 1.683443e-01 3.605190e-01 2.375666e-01 2.455034e-01 3.316619e-01 2.764177e-01 2.888384e-02
<GCONST> 7.343710e+01
<STATE> 8
<MEAN> 39
 -1.079749e+01 8.711298e-01 2.897651e+00 -6.496457e-01 3.067484e+00 -4.626771e+00 -2.350223e+00 -1.261831e+01 -7.273709e+00 -1.271612e+01 -3.053405e+00 -6.153765e+00 5.974498e+01 3.459206e-01 -1.065996e+00 -1.700122e+00 -9.288872e-01 -4.012519e-01 -5.659617e-02 4.349369e-01 1.952508e-01 1.094511e+00 1.051489e+00 6.379681e-01 -8.560050e-02 7.422138e-01 1.184737e+00 -4.728870e-01 -1.293449e+00 -1.266424e+00 -2.524129e-01 7.682250e-01 -2.347227e-01 -7.192231e-01 2.345816e-01 8.497306e-01 2.241670e-01 -5.913308e-01 9.094919e-01
<VARIANCE> 39
 4.876848e+00 6.098071e+00 8.382373e+00 1.201961e+01 1.573149e+01 9.316587e+00 2.561047e+01 2.531008e+01 1.148974e+01 2.358793e+01 2.756464e+01 2.457723e+01 1.138815e+00 1.124334e+00 7.579376e-01 2.222056e+00 2.167593e+00 1.731817e+00 2.626550e+00 1.780692e+00 3.265995e+00 1.280533e+00 2.378970e+00 2.004144e+00 1.072229e+00 6.067390e-01 9.648708e-02 1.707908e-01 3.343650e-01 2.987512e-01 3.702743e-01 3.036159e-01 9.796253e-01 4.938837e-01 2.063883e-01 5.446968e-01 4.974982e-01 4.374911e-01 5.907543e-02
<GCONST> 9.360108e+01
<STATE> 9
<MEAN> 39
 -6.436139e+00 -2.446267e+00 -5.955853e+00 -7.085275e+00 1.579090e-01 -4.624111e+00 -2.386371e+00 -1.361149e+01 -4.969337e+00 -7.076210e+00 7.057070e-01 -8.016925e+00 6.396163e+01 3.668099e+00 -2.209897e+00 -4.769761e+00 -4.562243e+00 -7.139720e-01 2.994983e+00 -4.323906e-01 -1.376969e+00 1.953298e+00 2.803908e+00 -1.167370e-01 -2.419544e+00 3.065619e+00 4.495215e-01 -4.706216e-01 1.576925e-02 -2.592847e-01 2.175074e-01 6.910766e-01 -3.567430e-01 -5.884681e-02 4.755380e-01 1.549653e-01 -6.113647e-01 -5.146970e-01 4.899330e-01
<VARIANCE> 39
 1.935789e+01 8.491843e+00 3.352264e+01 3.883381e+01 3.123035e+01 3.467482e+01 2.483340e+01 3.000942e+01 2.872574e+01 2.941752e+01 2.062108e+01 1.821635e+01 8.128175e+00 8.850737e-01 2.287899e+00 3.917674e+00 2.241914e+00 4.011847e+00 3.408388e+00 9.171041e+00 3.048890e+00 3.016492e+00 6.449025e+00 3.618825e+00 2.991262e+00 1.017978e+00 4.319233e-01 2.151041e-01 1.053846e+00 8.855240e-01 8.226474e-01 5.916594e-01 6.029484e-01 5.493238e-01 6.033604e-01 6.894919e-01 5.061154e-01 5.054364e-01 1.961305e-01
<GCONST> 1.183681e+02
<STATE> 10
<MEAN> 39
 3.196318e+00 -9.580958e+00 -1.625487e+01 -1.866556e+01 -1.266424e+00 6.987330e+00 -3.603972e+00 -1.890535e+01 1.639271e+00 1.060849e+00 -2.967122e+00 -1.506131e+01 7.225104e+01 1.700040e+00 -2.733361e+00 -1.211983e+00 -1.101409e+00 1.633571e-01 1.869389e+00 -8.673226e-01 7.277767e-02 2.581014e+00 1.519119e+00 -2.026866e+00 -1.808252e+00 2.334514e+00 -1.098987e+00 1.694325e-01 1.531495e+00 1.771538e+00 2.140337e-01 -1.173009e+00 -5.563212e-02 7.985911e-01 -3.178817e-01 -1.166548e+00 -4.479832e-01 7.558914e-01 -5.919583e-01
<VARIANCE> 39
 1.860101e+00 2.047178e+01 5.740290e+01 1.597732e+01 4.777816e+01 4.177417e+01 7.334711e+01 5.676777e+01 4.078958e+01 7.504966e+01 3.662473e+01 3.711256e+01 7.522007e+00 1.867836e+00 1.998709e+00 7.219400e+00 6.926308e+00 4.626484e+00 4.799697e+00 3.577873e+00 5.689356e+00 3.127633e+00 6.994355e+00 2.443521e+00 2.942224e+00 1.273214e+00 7.857713e-02 2.724696e-01 3.166738e-01 2.423612e-01 2.701651e-01 3.125869e-01 1.098737e+00 4.636593e-01 8.639109e-01 7.276092e-01 5.734514e-01 3.543716e-01 6.559195e-02
<GCONST> 1.176336e+02
<STATE> 11
<MEAN> 39
 1.897705e+00 -1.755168e+01 -7.049977e+00 -1.530980e+01 7.588902e-01 6.681168e+00 -8.417100e+00 -8.491231e+00 6.505188e+00 -1.520928e+00 -7.541169e+00 -1.723151e+01 7.739592e+01 -3.419099e-01 -1.397884e+00 7.429134e-01 1.103225e+00 -2.549907e-01 -1.678263e+00 -2.489323e-01 1.115280e+00 -1.069445e-01 -9.292675e-01 -1.567763e+00 5.965108e-01 6.860182e-01 -2.663047e-01 6.784042e-01 -4.726600e-02 3.222843e-01 -1.702813e-01 -7.007606e-01 2.983108e-01 -1.900408e-01 -5.422730e-01 -3.950779e-01 4.908656e-01 6.578133e-01 -5.375721e-01
<VARIANCE> 39
 3.509833e+00 3.060429e+01 1.487270e+02 6.729139e+00 5.672203e+01 5.522709e+01 8.020139e+01 1.957760e+02 6.265649e+01 8.486173e+01 3.888805e+01 3.925662e+01 1.809938e+01 1.234591e-01 1.368237e+00 1.564783e+00 2.855250e+00 5.819981e-01 2.584283e+00 2.016924e+00 2.493351e+00 4.877191e+00 2.580812e+00 1.655409e+00 9.183713e-01 3.549406e-01 1.214197e-01 2.716645e-01 4.233847e-01 2.734585e-01 3.097096e-01 4.281838e-01 4.038895e-01 7.176377e-01 5.758067e-01 8.303598e-01 2.863705e-01 5.083556e-01 9.719120e-02
<GCONST> 1.096142e+02
<STATE> 12
<MEAN> 39
 1.300501e+00 -1.577379e+01 -1.643796e+01 -8.168040e+00 -1.782414e+00 -2.841947e+00 -3.635408e+00 -1.226889e+01 4.633099e+00 -8.766212e+00 -1.151754e+01 -8.232525e+00 7.458236e+01 -3.175892e-01 -6.676550e-02 4.317060e-01 7.501022e-01 -6.888381e-01 -1.699630e+00 1.056876e-01 1.472968e+00 1.111536e-01 -1.485950e+00 -1.708200e-01 1.312729e+00 -1.832568e-01 -4.826932e-02 4.342793e-01 1.292597e-01 -2.414938e-01 -2.624386e-02 5.630867e-02 -9.001879e-02 -1.175841e-01 -1.030263e-01 2.054960e-01 2.219687e-01 -1.459024e-01 -2.987218e-01
<VARIANCE> 39
 4.041324e+00 1.539622e+01 4.713957e+01 4.071339e+01 9.319229e+01 6.806894e+01 3.562743e+01 7.102341e+01 2.800497e+01 1.022073e+02 3.790022e+01 5.938591e+01 6.121334e+00 1.501772e-01 1.208742e+00 6.589274e-01 1.064158e+00 1.388825e+00 8.891797e-01 1.007564e+00 1.370550e+00 1.253702e+00 1.985949e+00 1.193682e+00 1.270200e+00 3.333507e-01 4.561427e-02 9.264212e-02 1.059663e-01 2.294051e-01 3.463967e-01 2.654112e-01 2.161952e-01 3.302743e-01 3.813958e-01 4.266456e-01 1.787767e-01 2.395129e-01 1.926963e-02
<GCONST> 9.302615e+01
<STATE> 13
<MEAN> 39
 -9.597240e-01 -1.362346e+01 -5.758126e+00 -9.148295e+00 -3.300275e+00 -6.708537e+00 -7.693376e+00 -5.122013e+00 4.021878e+00 -8.687284e+00 -8.925119e+00 -9.989420e+00 7.294565e+01 -8.052061e-01 1.828713e+00 7.497696e-01 9.105742e-01 3.664446e-01 3.856946e-02 3.541977e-01 -3.606171e-01 -4.091308e-01 -3.094624e-01 1.055926e-01 -3.716422e-01 -1.734449e+00 -1.711653e-01 -3.822196e-02 -1.055699e-02 -8.045793e-02 2.471494e-01 6.416657e-01 4.132013e-01 -8.296353e-02 -2.888578e-01 -6.066330e-04 6.156581e-02 -2.251646e-01 -9.848125e-02
<VARIANCE> 39
 7.853236e+00 9.811202e+00 7.743764e+01 2.417819e+01 5.491401e+01 4.876253e+01 5.183925e+01 6.337642e+01 4.745724e+01 3.700869e+01 6.148243e+01 4.236473e+01 8.747272e+00 3.005635e-01 7.583382e-01 1.362960e+00 1.184325e+00 2.327353e+00 1.653023e+00 1.854287e+00 2.644218e+00 1.936403e+00 2.490181e+00 1.054721e+00 1.335433e+00 1.678230e-01 7.664138e-02 2.064038e-01 1.640411e-01 1.857994e-01 2.145885e-01 2.606378e-01 2.100616e-01 6.170091e-01 3.442491e-01 3.095501e-01 4.168861e-01 2.704523e-01 6.631012e-02
<GCONST> 9.942036e+01
<STATE> 14
<MEAN> 39
 -3.511842e+00 -8.408301e+00 -7.342582e+00 -6.186966e+00 -1.170056e+00 -6.546556e+00 -4.494628e+00 -6.203800e+00 1.148325e+00 -1.295412e+01 -7.462994e+00 -8.309431e+00 6.717439e+01 -1.076905e+00 1.068649e+00 5.082872e-01 -6.409617e-02 2.248375e-01 3.888707e-01 4.912440e-01 -4.181910e-01 -1.108401e+00 -2.479124e-01 7.887810e-01 -1.636604e-01 -1.354492e+00 1.362536e-02 -2.384334e-01 -2.017412e-01 -9.185482e-02 -4.997717e-02 -1.049437e-01 -7.557347e-02 6.863134e-02 2.165687e-01 1.142734e-01 -1.384074e-01 -3.022559e-02 1.705736e-01
<VARIANCE> 39
 1.980944e+00 5.036566e+00 3.958755e+01 1.350216e+01 2.210198e+01 4.959962e+01 2.574866e+01 4.037585e+01 1.964159e+01 2.529846e+01 4.854577e+01 4.497669e+01 2.573623e+00 2.821358e-01 2.487454e-01 1.252191e+00 4.514998e-01 1.176601e+00 1.290719e+00 1.840285e+00 1.106487e+00 8.634117e-01 1.376523e+00 2.373092e+00 7.725629e-01 1.141637e-01 1.936937e-02 1.769059e-02 4.214685e-02 6.446685e-02 1.730656e-01 2.054993e-01 1.367621e-01 1.827303e-01 1.870900e-01 2.516595e-01 2.333012e-01 1.923511e-01 9.527190e-03
<GCONST> 7.383224e+01
<STATE> 15
<MEAN> 39
 -5.872687e+00 -6.603131e+00 -5.635927e+00 -7.318417e+00 -2.092329e+00 -2.793588e+00 -9.758329e-01 -8.096146e+00 1.034604e+00 -1.016898e+01 -9.942662e+00 -1.150353e+01 6.470675e+01 -9.086010e-01 7.582527e-01 1.048945e-01 -1.435400e-02 4.233875e-01 -7.826824e-02 1.416948e-01 3.436284e-01 -1.153169e-01 -9.618756e-02 -1.120059e-01 -4.662393e-01 -9.806069e-01 -1.622173e-02 -1.033202e-01 4.707399e-02 7.163114e-02 2.325932e-02 -1.424506e-02 -1.372526e-02 2.568614e-02 7.859943e-02 7.707231e-02 3.780809e-02 4.346800e-02 6.617941e-02
<VARIANCE> 39
 1.739942e+00 1.111477e+01 1.625136e+01 1.031445e+01 2.399348e+01 4.623630e+01 2.193709e+01 4.095211e+01 1.060830e+01 2.317038e+01 2.484805e+01 1.509244e+01 2.759548e+00 5.971813e-02 1.628304e-01 7.783858e-01 6.973696e-01 5.975136e-01 8.474591e-01 8.504097e-01 1.670486e+00 1.113494e+00 1.204802e+00 6.099443e-01 1.044974e+00 2.958497e-02 1.950025e-02 1.930263e-02 6.131710e-02 7.437870e-02 1.031032e-01 2.027117e-01 2.110211e-01 2.593019e-01 1.823136e-01 1.764448e-01 1.169899e-01 9.476276e-02 1.089323e-02
<GCONST> 6.426199e+01
<STATE> 16
<MEAN> 39
 -9.705955e+00 -5.052080e+00 -6.106185e+00 -7.360258e+00 -6.741136e-01 -5.403857e+00 -2.278530e+00 -6.795955e+00 -7.969117e-01 -1.167011e+01 -7.272850e+00 -1.092935e+01 6.132008e+01 -8.463567e-01 4.040235e-01 4.012935e-01 1.966439e-01 3.038746e-01 3.098283e-01 4.381573e-01 4.158618e-02 -3.195017e-01 1.218551e-01 4.435518e-01 1.731055e-01 -7.160827e-01 6.371177e-02 -7.990596e-02 6.303007e-03 6.140843e-02 -3.763420e-03 -6.818930e-02 9.038310e-03 -4.992939e-03 5.953316e-02 9.780936e-03 5.627671e-02 1.789809e-01 5.539800e-02
<VARIANCE> 39
 1.569015e+00 5.866038e+00 9.926768e+00 8.028632e+00 1.205985e+01 2.721883e+01 1.810615e+01 1.319080e+01 1.477947e+01 1.519314e+01 2.559320e+01 3.868179e+01 1.073251e+00 8.710487e-02 1.675628e-01 4.943849e-01 5.540995e-01 7.523169e-01 1.424725e+00 1.748283e+00 1.760596e+00 1.058051e+00 6.937277e-01 9.856176e-01 7.760203e-01 2.649537e-02 1.230195e-02 3.074643e-02 5.437005e-02 9.247352e-02 1.005611e-01 1.615995e-01 1.903279e-01 1.872626e-01 2.191076e-01 8.391474e-02 1.086916e-01 1.458154e-01 3.236786e-03
<GCONST> 5.889019e+01
<STATE> 17
<MEAN> 39
 -1.293517e+01 -4.508748e+00 -3.843915e+00 -5.148979e+00 1.728316e+00 -5.352455e+00 3.256771e-01 -4.405779e+00 -2.514263e-01 -1.043520e+01 -5.078490e+00 -9.918126e+00 5.876283e+01 -6.933767e-01 -3.197363e-02 4.726906e-01 4.339871e-01 7.429154e-02 -2.205395e-01 1.150598e-01 3.629332e-01 2.180882e-01 3.671741e-01 4.173484e-01 2.757790e-01 -4.997234e-01 -2.736892e-02 -6.649441e-02 -4.322142e-02 -7.682865e-02 -1.301144e-01 8.985052e-02 -3.105491e-02 -9.103662e-04 -1.031492e-01 -1.061620e-01 -1.117136e-01 -2.889225e-02 2.116169e-02
<VARIANCE> 39
 2.404585e+00 4.104448e+00 9.844378e+00 1.045603e+01 8.686542e+00 1.014996e+01 1.813161e+01 2.357105e+01 1.465978e+01 1.382233e+01 2.675140e+01 4.113356e+01 7.750639e-01 6.239467e-02 1.050252e-01 4.402056e-01 7.570028e-01 5.895753e-01 6.110516e-01 7.808126e-01 6.841235e-01 1.157694e+00 8.914119e-01 9.007865e-01 9.572038e-01 2.292984e-02 1.360529e-02 3.560159e-02 5.411848e-02 1.507635e-01 1.167972e-01 1.391298e-01 1.425548e-01 1.273364e-01 2.388101e-01 1.961305e-01 1.960059e-01 1.495627e-01 3.295684e-03
<GCONST> 5.665516e+01
<STATE> 18
<MEAN> 39
 -1.486760e+01 -4.883659e+00 -3.884082e+00 -4.909750e+00 -4.797212e-01 -4.201711e+00 2.622913e+00 -6.186345e+00 -3.781624e+00 -1.171993e+01 -3.354842e+00 -4.961555e+00 5.739970e+01 -8.042733e-01 -5.114268e-01 2.906675e-01 4.366186e-01 -2.562091e-01 4.629237e-01 1.537518e+00 7.815355e-01 -7.878465e-01 -7.435789e-01 2.350160e-01 3.458484e-01 -3.477657e-01 -1.845710e-03 2.700209e-02 1.404263e-01 1.370050e-01 1.005176e-01 2.813481e-02 1.665897e-01 1.565520e-01 5.013486e-02 -1.043634e-01 -1.350710e-02 -3.538391e-02 2.876484e-02
<VARIANCE> 39
 2.430422e+00 8.189093e+00 1.015212e+01 3.528437e+01 2.252963e+01 1.725409e+01 9.250913e+01 5.061975e+01 4.749430e+01 2.507658e+01 4.394680e+01 2.638831e+01 5.392170e-01 1.338174e-01 6.157944e-01 5.511980e-01 1.940988e+00 1.705632e+00 1.753921e+00 2.716937e+00 1.408099e+00 3.122736e+00 1.344106e+00 1.242021e+00 8.692171e-01 9.116296e-02 1.515498e-02 1.380518e-01 1.022048e-01 2.648166e-01 2.761382e-01 2.045241e-01 4.891494e-01 2.832300e-01 6.808026e-01 3.314794e-01 3.288776e-01 1.506997e-01 2.004124e-02
<GCONST> 8.457667e+01
<STATE> 19
<MEAN> 39
 -1.761252e+01 -4.788895e+00 -4.364879e-01 -1.485627e+00 1.112235e+00 -4.978770e+00 3.868031e+00 -2.841216e+00 -2.861398e+00 -1.252519e+01 -4.025231e+00 -7.688784e+00 5.594378e+01 -6.075508e-01 6.656869e-03 6.433585e-01 4.664110e-01 2.501639e-01 1.179707e-01 4.524821e-01 4.648169e-01 1.692514e-01 1.493771e-01 7.286046e-01 7.971971e-01 -3.598159e-01 1.068670e-01 -2.917091e-02 -2.252782e-02 5.330639e-02 1.443521e-01 1.600931e-01 3.134366e-02 2.385884e-02 1.201551e-01 2.338704e-01 1.216936e-01 1.806412e-01 5.883992e-02
<VARIANCE> 39
 2.865961e+00 2.821938e+00 1.246775e+01 3.396908e+01 1.652051e+01 1.474798e+01 9.788046e+01 4.081030e+01 1.686901e+01 2.090316e+01 3.436058e+01 2.969647e+01 9.924495e-01 2.531487e-01 1.891557e-01 3.656477e-01 6.821982e-01 6.444747e-01 1.221533e+00 7.808695e-01 9.641964e-01 1.033591e+00 2.329255e+00 1.979763e+00 8.506044e-01 8.708942e-02 3.335301e-02 4.377525e-02 6.777314e-02 1.586691e-01 1.638211e-01 2.795401e-01 2.702094e-01 2.421549e-01 2.208053e-01 4.044847e-01 3.590315e-01 1.706174e-01 8.598402e-03
<GCONST> 7.356207e+01
<TRANSP> 20
 0.000000e+00 1.000000e+00 0.000000e+00 0.000000e+00 0.000000e+00 0.000000e+00 0.000000e+00 0.000000e+00 0.000000e+00 0.000000e+00 0.000000e+00 0.000000e+00 0.000000e+00 0.000000e+00 0.000000e+00 0.000000e+00 0.000000e+00 0.000000e+00 0.000000e+00 0.000000e+00
 0.000000e+00 7.068229e-01 2.931771e-01 0.000000e+00 0.000000e+00 0.000000e+00 0.000000e+00 0.000000e+00 0.000000e+00 0.000000e+00 0.000000e+00 0.000000e+00 0.000000e+00 0.000000e+00 0.000000e+00 0.000000e+00 0.000000e+00 0.000000e+00 0.000000e+00 0.000000e+00
 0.000000e+00 0.000000e+00 6.765172e-01 3.234828e-01 0.000000e+00 0.000000e+00 0.000000e+00 0.000000e+00 0.000000e+00 0.000000e+00 0.000000e+00 0.000000e+00 0.000000e+00 0.000000e+00 0.000000e+00 0.000000e+00 0.000000e+00 0.000000e+00 0.000000e+00 0.000000e+00
 0.000000e+00 0.000000e+00 0.000000e+00 7.073748e-01 2.926252e-01 0.000000e+00 0.000000e+00 0.000000e+00 0.000000e+00 0.000000e+00 0.000000e+00 0.000000e+00 0.000000e+00 0.000000e+00 0.000000e+00 0.000000e+00 0.000000e+00 0.000000e+00 0.000000e+00 0.000000e+00
 0.000000e+00 0.000000e+00 0.000000e+00 0.000000e+00 7.492354e-01 2.507646e-01 0.000000e+00 0.000000e+00 0.000000e+00 0.000000e+00 0.000000e+00 0.000000e+00 0.000000e+00 0.000000e+00 0.000000e+00 0.000000e+00 0.000000e+00 0.000000e+00 0.000000e+00 0.000000e+00
 0.000000e+00 0.000000e+00 0.000000e+00 0.000000e+00 0.000000e+00 7.687142e-01 2.312858e-01 0.000000e+00 0.000000e+00 0.000000e+00 0.000000e+00 0.000000e+00 0.000000e+00 0.000000e+00 0.000000e+00 0.000000e+00 0.000000e+00 0.000000e+00 0.000000e+00 0.000000e+00
 0.000000e+00 0.000000e+00 0.000000e+00 0.000000e+00 0.000000e+00 0.000000e+00 7.744963e-01 2.255037e-01 0.000000e+00 0.000000e+00 0.000000e+00 0.000000e+00 0.000000e+00 0.000000e+00 0.000000e+00 0.000000e+00 0.000000e+00 0.000000e+00 0.000000e+00 0.000000e+00
 0.000000e+00 0.000000e+00 0.000000e+00 0.000000e+00 0.000000e+00 0.000000e+00 0.000000e+00 5.204514e-01 4.795486e-01 0.000000e+00 0.000000e+00 0.000000e+00 0.000000e+00 0.000000e+00 0.000000e+00 0.000000e+00 0.000000e+00 0.000000e+00 0.000000e+00 0.000000e+00
 0.000000e+00 0.000000e+00 0.000000e+00 0.000000e+00 0.000000e+00 0.000000e+00 0.000000e+00 0.000000e+00 5.384116e-01 4.615884e-01 0.000000e+00 0.000000e+00 0.000000e+00 0.000000e+00 0.000000e+00 0.000000e+00 0.000000e+00 0.000000e+00 0.000000e+00 0.000000e+00
 0.000000e+00 0.000000e+00 0.000000e+00 0.000000e+00 0.000000e+00 0.000000e+00 0.000000e+00 0.000000e+00 0.000000e+00 5.861424e-01 4.138576e-01 0.000000e+00 0.000000e+00 0.000000e+00 0.000000e+00 0.000000e+00 0.000000e+00 0.000000e+00 0.000000e+00 0.000000e+00
 0.000000e+00 0.000000e+00 0.000000e+00 0.000000e+00 0.000000e+00 0.000000e+00 0.000000e+00 0.000000e+00 0.000000e+00 0.000000e+00 5.887761e-01 4.112239e-01 0.000000e+00 0.000000e+00 0.000000e+00 0.000000e+00 0.000000e+00 0.000000e+00 0.000000e+00 0.000000e+00
 0.000000e+00 0.000000e+00 0.000000e+00 0.000000e+00 0.000000e+00 0.000000e+00 0.000000e+00 0.000000e+00 0.000000e+00 0.000000e+00 0.000000e+00 8.027763e-01 1.972237e-01 0.000000e+00 0.000000e+00 0.000000e+00 0.000000e+00 0.000000e+00 0.000000e+00 0.000000e+00
 0.000000e+00 0.000000e+00 0.000000e+00 0.000000e+00 0.000000e+00 0.000000e+00 0.000000e+00 0.000000e+00 0.000000e+00 0.000000e+00 0.000000e+00 0.000000e+00 6.573990e-01 3.426010e-01 0.000000e+00 0.000000e+00 0.000000e+00 0.000000e+00 0.000000e+00 0.000000e+00
 0.000000e+00 0.000000e+00 0.000000e+00 0.000000e+00 0.000000e+00 0.000000e+00 0.000000e+00 0.000000e+00 0.000000e+00 0.000000e+00 0.000000e+00 0.000000e+00 0.000000e+00 6.355270e-01 3.644730e-01 0.000000e+00 0.000000e+00 0.000000e+00 0.000000e+00 0.000000e+00
 0.000000e+00 0.000000e+00 0.000000e+00 0.000000e+00 0.000000e+00 0.000000e+00 0.000000e+00 0.000000e+00 0.000000e+00 0.000000e+00 0.000000e+00 0.000000e+00 0.000000e+00 0.000000e+00 6.843609e-01 3.156392e-01 0.000000e+00 0.000000e+00 0.000000e+00 0.000000e+00
 0.000000e+00 0.000000e+00 0.000000e+00 0.000000e+00 0.000000e+00 0.000000e+00 0.000000e+00 0.000000e+00 0.000000e+00 0.000000e+00 0.000000e+00 0.000000e+00 0.000000e+00 0.000000e+00 0.000000e+00 7.659802e-01 2.340198e-01 0.000000e+00 0.000000e+00 0.000000e+00
 0.000000e+00 0.000000e+00 0.000000e+00 0.000000e+00 0.000000e+00 0.000000e+00 0.000000e+00 0.000000e+00 0.000000e+00 0.000000e+00 0.000000e+00 0.000000e+00 0.000000e+00 0.000000e+00 0.000000e+00 0.000000e+00 7.376810e-01 2.623190e-01 0.000000e+00 0.000000e+00
 0.000000e+00 0.000000e+00 0.000000e+00 0.000000e+00 0.000000e+00 0.000000e+00 0.000000e+00 0.000000e+00 0.000000e+00 0.000000e+00 0.000000e+00 0.000000e+00 0.000000e+00 0.000000e+00 0.000000e+00 0.000000e+00 0.000000e+00 6.071364e-01 3.928636e-01 0.000000e+00
 0.000000e+00 0.000000e+00 0.000000e+00 0.000000e+00 0.000000e+00 0.000000e+00 0.000000e+00 0.000000e+00 0.000000e+00 0.000000e+00 0.000000e+00 0.000000e+00 0.000000e+00 0.000000e+00 0.000000e+00 0.000000e+00 0.000000e+00 0.000000e+00 6.794485e-01 3.205515e-01
 0.000000e+00 0.000000e+00 0.000000e+00 0.000000e+00 0.000000e+00 0.000000e+00 0.000000e+00 0.000000e+00 0.000000e+00 0.000000e+00 0.000000e+00 0.000000e+00 0.000000e+00 0.000000e+00 0.000000e+00 0.000000e+00 0.000000e+00 0.000000e+00 0.000000e+00 0.000000e+00
<ENDHMM>
