~o
<STREAMINFO> 1 39
<VECSIZE> 39<NULLD><MFCC_D_A_0><DIAGC>
~h "sembilan"
<BEGINHMM>
<NUMSTATES> 20
<STATE> 2
<MEAN> 39
 -1.760094e+01 -6.493785e+00 -2.389804e+00 -4.639323e+00 1.755577e-02 -5.606453e+00 5.913423e-01 -6.236245e+00 4.959847e-01 -6.082026e+00 5.550399e-01 -5.301996e+00 5.654912e+01 -4.363966e-01 5.358391e-01 -5.274995e-01 2.759320e-01 2.048456e-01 -5.771920e-01 5.732576e-01 -5.483546e-01 3.983964e-01 -5.690228e-01 -4.774321e-02 -1.107727e-02 2.958003e-01 -3.337890e-01 4.505240e-01 -3.581812e-01 2.632981e-01 7.701410e-02 -6.302994e-02 3.617108e-01 -1.804752e-01 3.236904e-01 -2.348931e-01 1.108894e-01 -6.073045e-02 1.760138e-01
<VARIANCE> 39
 8.448683e-01 1.706913e+00 5.350149e+00 8.413079e+00 7.181239e+00 8.004743e+00 9.474262e+00 1.705606e+01 1.247790e+01 8.254814e+00 1.123138e+01 1.499806e+01 3.205965e-01 5.463045e-01 1.176238e+00 9.181708e-01 8.897899e-01 8.103145e-01 1.168257e+00 2.360138e+00 1.805056e+00 2.756705e+00 1.351109e+00 1.488802e+00 1.740692e+00 1.301462e-01 9.701946e-02 2.736730e-01 1.738894e-01 1.452499e-01 1.734897e-01 2.664161e-01 4.464387e-01 4.094110e-01 4.909587e-01 2.266048e-01 2.987780e-01 4.013730e-01 2.008015e-02
<GCONST> 7.428284e+01
<STATE> 3
<MEAN> 39
 -2.376400e+01 1.975526e+00 -9.195374e+00 3.741403e-01 4.455177e-01 -7.469009e+00 7.714332e+00 -1.159896e+01 7.599712e+00 -1.236340e+01 2.859964e+00 -7.285078e+00 5.985984e+01 -2.096730e+00 3.121191e+00 -2.112681e+00 1.910533e+00 3.883383e-02 -7.615489e-01 1.909386e+00 -1.214183e+00 1.526934e+00 -6.025641e-01 8.715326e-01 5.132724e-01 1.167852e+00 6.887937e-02 -1.348641e-01 1.496260e-01 -3.910403e-02 7.713997e-02 -8.365429e-02 -2.638454e-01 3.425309e-01 -5.473386e-01 6.385670e-01 -1.252492e-01 4.304943e-01 7.198821e-03
<VARIANCE> 39
 6.778453e+00 1.664670e+01 1.220115e+01 1.411922e+01 1.908991e+01 1.527511e+01 2.203867e+01 2.820461e+01 2.338957e+01 3.071653e+01 3.849890e+01 2.605745e+01 2.376797e+00 6.016726e-01 1.351687e+00 1.289730e+00 6.455290e-01 2.012954e+00 1.320215e+00 3.005121e+00 3.013402e+00 2.517606e+00 2.726762e+00 3.191098e+00 2.760623e+00 2.308593e-01 1.341281e-01 3.768408e-01 2.081372e-01 2.758487e-01 3.086800e-01 2.382779e-01 6.248682e-01 6.478782e-01 5.486355e-01 3.429559e-01 5.830566e-01 3.701435e-01 4.992380e-02
<GCONST> 9.788337e+01
<STATE> 4
<MEAN> 39
 -2.867950e+01 9.229349e+00 -1.349252e+01 3.298301e+00 3.296704e+00 -1.201201e+01 1.134427e+01 -1.141492e+01 5.678632e+00 -7.930566e+00 2.301895e+00 -9.081843e-01 6.342381e+01 1.153590e+00 3.727529e-01 4.085972e-01 -3.721597e-01 2.275414e-03 -7.711737e-01 -9.860240e-01 -4.588731e-02 -6.061964e-01 5.129093e-01 -4.552821e-01 6.252726e-03 4.621589e-01 1.227689e+00 -3.530016e-01 6.125603e-01 -5.025038e-01 -3.095874e-01 1.408710e-02 -1.023984e+00 -1.915703e-01 -1.779277e-01 -9.803115e-02 -1.573562e-01 -5.814439e-01 3.900920e-02
<VARIANCE> 39
 8.269053e+00 1.419395e+01 9.477391e+00 1.867782e+01 2.226453e+01 1.163171e+01 1.279094e+01 1.794542e+01 2.890251e+01 4.133925e+01 3.340554e+01 2.827912e+01 2.788797e+00 6.158711e+00 1.733926e+00 2.222956e+00 1.219305e+00 1.779921e+00 1.534498e+00 4.773886e+00 3.075666e+00 2.927263e+00 2.583522e+00 3.561910e+00 2.859475e+00 5.637069e-01 2.151527e-01 5.475419e-01 2.500744e-01 1.335317e-01 3.496391e-01 3.246859e-01 5.848400e-01 6.398411e-01 7.735986e-01 4.334108e-01 7.943302e-01 3.979106e-01 2.080528e-01
<GCONST> 1.058902e+02
<STATE> 5
<MEAN> 39
 -9.500942e+00 1.000623e+01 -5.797065e+00 -1.902395e+00 -1.168750e+00 -1.491047e+01 -5.199229e+00 -1.593702e+01 2.497966e+00 -8.514111e+00 7.856526e-01 -8.412195e+00 6.792153e+01 3.891879e+00 4.427978e-01 1.326867e+00 -1.002940e+00 -6.227021e-01 1.223446e-02 -2.968988e+00 -1.363322e+00 -1.279147e+00 2.868901e-01 5.095960e-01 -7.725808e-01 1.195388e+00 -7.034138e-01 -1.060515e-01 -9.758715e-02 3.214982e-01 2.353389e-01 3.434238e-01 8.101888e-01 1.455500e-01 -1.335293e-01 -1.761641e-02 3.196780e-01 4.154316e-01 -2.869385e-01
<VARIANCE> 39
 3.963175e+01 1.999502e+01 4.334927e+01 2.710853e+01 5.473889e+01 3.459552e+01 6.902966e+01 6.008800e+01 4.182069e+01 1.540663e+02 4.080896e+01 3.822821e+01 2.349339e+01 3.118856e+00 2.349871e+00 2.426942e+00 2.412179e+00 4.225031e+00 4.764205e+00 7.890818e+00 4.909801e+00 4.000849e+00 5.279644e+00 5.700169e+00 4.900479e+00 1.369394e+00 4.783421e-01 4.020484e-01 4.066848e-01 3.641383e-01 5.658078e-01 7.663110e-01 1.023889e+00 9.115413e-01 8.230428e-01 8.486018e-01 5.352613e-01 6.277030e-01 2.901793e-01
<GCONST> 1.305406e+02
<STATE> 6
<MEAN> 39
 -1.074931e+00 9.255655e+00 1.724371e+00 -2.761065e+00 -3.426543e+00 -1.308534e+01 -6.935329e+00 -1.590595e+01 -4.585635e+00 -5.900286e+00 4.015937e+00 -7.815599e+00 6.748378e+01 3.868340e-01 -2.806943e-01 1.184451e+00 4.563738e-03 -4.412161e-01 -3.266492e-02 1.698979e-01 7.300075e-01 -7.990842e-01 3.642102e-02 -1.077237e-01 -2.440534e-01 -4.541932e-01 -1.922631e-01 -9.884316e-02 5.201273e-02 2.948890e-02 -1.502000e-01 -1.702395e-01 2.200218e-02 1.593773e-01 5.179938e-02 2.532556e-02 -9.523042e-02 -1.690160e-02 9.859420e-04
<VARIANCE> 39
 9.310739e+00 1.083278e+01 3.222366e+01 2.128634e+01 4.786623e+01 2.556224e+01 4.329076e+01 5.087685e+01 2.109263e+01 6.358992e+01 7.893401e+01 4.164174e+01 7.768723e+00 2.354183e-01 4.318958e-01 7.795212e-01 1.165188e+00 1.486127e+00 1.001592e+00 2.001004e+00 1.715603e+00 2.013150e+00 2.228236e+00 2.032846e+00 1.121912e+00 1.457758e-01 4.996614e-02 8.559728e-02 9.200183e-02 1.438080e-01 3.947844e-01 2.142603e-01 2.809970e-01 4.248988e-01 3.701379e-01 3.741176e-01 4.265307e-01 3.089483e-01 3.309218e-02
<GCONST> 9.283932e+01
<STATE> 7
<MEAN> 39
 -6.884948e-01 4.958984e+00 1.093959e+01 -1.767000e+00 -1.106798e+01 -1.526982e+01 -6.218248e+00 -1.234396e+01 -1.046808e+01 -4.350839e+00 2.778677e+00 -9.940274e+00 6.633897e+01 -5.228499e-01 -1.840353e+00 3.205189e+00 -1.146780e-01 -3.745148e+00 -6.776583e-01 -3.262939e-02 1.861841e-02 -2.112838e+00 1.703404e+00 1.083022e+00 3.381698e-01 9.014257e-01 -2.319546e-01 -1.590271e-01 3.237583e-01 -2.831941e-01 -4.144763e-01 1.829351e-01 -4.885621e-02 -2.360547e-01 -5.063459e-02 2.028154e-01 2.731765e-01 3.352442e-01 3.684847e-01
<VARIANCE> 39
 5.523557e+00 1.632105e+01 3.944538e+01 4.238666e+01 7.860980e+01 3.505416e+01 2.491329e+01 4.117266e+01 6.832143e+01 4.160431e+01 6.602942e+01 2.510351e+01 5.472987e+00 4.587911e-01 1.474310e+00 3.120072e+00 1.309751e+00 5.487225e+00 3.391294e+00 1.504307e+00 4.532100e+00 1.123054e+01 8.022995e+00 3.810585e+00 3.723003e+00 6.026210e-01 6.885409e-02 3.174774e-01 5.962057e-01 3.900194e-01 1.364297e+00 6.838147e-01 2.321422e-01 4.706652e-01 1.435394e+00 7.344031e-01 7.984929e-01 2.820436e-01 8.346222e-02
<GCONST> 1.165404e+02
<STATE> 8
<MEAN> 39
 -4.560834e+00 -9.053553e-01 2.472944e+01 -5.587840e+00 -2.106030e+01 -1.446113e+01 -7.130897e+00 -9.323626e+00 -1.998436e+01 -2.752149e-01 8.284593e+00 -4.906560e+00 7.190150e+01 -3.330729e-01 -6.963642e-01 1.623739e-01 1.205383e-01 -6.489773e-01 -3.268176e-01 2.289032e-02 5.310931e-01 2.585463e-01 -6.856933e-01 -8.797668e-02 1.414374e+00 4.551502e-01 2.369174e-01 1.738598e-01 -7.382277e-01 2.805915e-01 7.354959e-01 -8.013986e-02 -3.636595e-02 1.791483e-01 4.267174e-01 -4.519176e-01 -3.375916e-01 -6.897241e-02 -2.841106e-01
<VARIANCE> 39
 7.038056e+00 1.569927e+01 1.295776e+02 5.311909e+01 1.043609e+02 8.919906e+01 4.326825e+01 1.350845e+02 2.870085e+02 1.081627e+02 9.351492e+01 4.776224e+01 7.711502e+00 8.676894e-01 8.208464e-01 4.721986e+00 4.027492e+00 2.680676e+00 4.561373e+00 2.704983e+00 3.331180e+00 4.433794e+00 3.347096e+00 2.748059e+00 2.206449e+00 6.408948e-01 9.585480e-02 2.463743e-01 3.998501e-01 4.451628e-01 6.389715e-01 8.080394e-01 5.515358e-01 7.194773e-01 1.149257e+00 7.171358e-01 6.285912e-01 5.028065e-01 7.765178e-02
<GCONST> 1.242263e+02
<STATE> 9
<MEAN> 39
 -2.855966e+00 -3.565908e+00 1.568332e+01 -1.563488e+00 -1.754648e+01 -1.642408e+01 -8.834002e+00 -9.076097e+00 -8.417970e+00 -6.357959e+00 3.089306e+00 -1.001755e+00 7.001432e+01 6.561906e-01 -2.248406e-01 -2.310891e+00 -2.303291e-01 2.709974e+00 4.484487e-01 -1.344332e+00 -4.041248e-01 1.773424e+00 6.318710e-01 -1.034183e+00 -8.309047e-01 -3.174402e-01 6.276418e-02 -2.403022e-02 -2.954351e-01 -3.675754e-01 1.608431e-01 2.526481e-01 -6.983443e-02 -3.679394e-01 7.872517e-02 6.095942e-01 9.152624e-03 -3.867392e-01 1.164208e-01
<VARIANCE> 39
 4.790017e+00 7.225800e+00 9.175298e+01 2.735943e+01 1.231339e+02 4.395960e+01 3.001716e+01 1.149613e+02 1.316319e+02 7.945159e+01 7.888916e+01 3.233280e+01 4.515327e+00 2.679630e-01 1.027450e+00 1.499020e+00 2.102438e+00 1.089439e+00 2.590072e+00 1.854150e+00 2.929331e+00 4.675458e+00 5.264165e+00 2.929044e+00 2.954242e+00 2.063843e-01 2.633170e-02 1.719558e-01 1.362473e-01 2.271641e-01 2.788956e-01 5.714474e-01 4.190045e-01 5.360631e-01 2.938588e-01 6.006241e-01 5.404216e-01 4.729011e-01 3.977099e-02
<GCONST> 1.062439e+02
<STATE> 10
<MEAN> 39
 5.580477e-01 -4.028126e+00 1.377404e+00 -7.470338e+00 -3.359227e+00 -1.654735e+01 -1.449189e+01 -1.066944e+01 -2.965220e+00 2.692559e+00 -1.496270e+00 -7.201807e+00 7.082810e+01 3.565716e-01 -1.122605e+00 -2.134197e+00 -1.421340e+00 1.291706e+00 1.023427e+00 6.666548e-01 1.273954e+00 1.275393e+00 7.591622e-02 -1.911444e+00 -1.487230e+00 6.154914e-01 -1.698557e-01 -3.584639e-01 3.396303e-01 -1.396887e-02 -4.748119e-01 2.216256e-01 6.073908e-01 7.501567e-01 -2.687842e-01 -6.339710e-01 -3.108319e-01 1.171962e-01 1.891468e-01
<VARIANCE> 39
 4.294640e+00 3.085887e+01 6.133475e+01 4.446580e+01 7.766638e+01 7.145287e+01 2.416393e+01 6.976689e+01 4.957437e+01 9.588157e+01 1.480953e+02 3.687086e+01 7.510743e+00 3.160977e-01 2.176460e+00 1.593201e+00 1.853715e+00 2.237094e+00 3.584920e+00 2.812323e+00 5.411798e+00 2.194415e+00 4.594870e+00 3.871052e+00 2.445910e+00 4.197227e-01 3.966378e-02 1.996064e-01 1.430513e-01 3.587274e-01 3.145037e-01 2.002653e-01 3.783269e-01 3.526776e-01 3.300827e-01 6.409537e-01 6.378155e-01 5.592576e-01 2.742760e-02
<GCONST> 1.100510e+02
<STATE> 11
<MEAN> 39
 8.579788e-02 -1.438304e+01 -3.408412e+00 -1.201134e+01 -6.363123e+00 -2.119488e+00 -6.484365e+00 -2.108873e+00 3.743623e+00 -2.133218e+00 -1.024278e+01 -9.809414e+00 7.531023e+01 -2.295277e-01 -1.143781e+00 -2.462034e-01 1.113577e-02 -5.480609e-02 5.559959e-01 1.187768e+00 1.509702e+00 -8.611375e-02 -1.195804e+00 -9.030892e-01 1.092546e+00 5.194390e-01 -2.338273e-02 4.797208e-01 3.626442e-01 3.173578e-01 -1.135837e-02 -5.813472e-01 -2.249152e-01 -4.675235e-01 -1.817669e-01 1.996374e-01 6.229143e-01 3.616788e-01 -2.487312e-01
<VARIANCE> 39
 4.845914e+00 1.435142e+01 6.592166e+01 1.032433e+01 1.530745e+02 1.331961e+02 3.518700e+01 1.400495e+02 7.998334e+01 7.111207e+01 9.103827e+01 8.076911e+01 6.877030e+00 2.159461e-01 1.720230e+00 1.289075e+00 1.286014e+00 8.537143e-01 3.795192e+00 2.451355e+00 1.910794e+00 1.502348e+00 2.420991e+00 2.343633e+00 2.163559e+00 3.634397e-01 4.483167e-02 1.729694e-01 2.116286e-01 2.710523e-01 1.374849e-01 3.076265e-01 3.279271e-01 3.486278e-01 2.297439e-01 3.589965e-01 3.209496e-01 4.335164e-01 3.503681e-02
<GCONST> 1.036136e+02
<STATE> 12
<MEAN> 39
 -1.090889e+00 -1.431066e+01 -4.719523e+00 -8.951982e+00 -2.626854e+00 -1.593306e+01 -4.705780e-01 4.562559e+00 -4.210955e+00 -9.622914e+00 -1.066920e+01 -2.926889e+00 7.516403e+01 -8.387579e-02 7.626131e-01 7.734159e-01 7.232276e-01 -4.167957e-01 -3.156360e-01 1.673874e-01 -5.838754e-01 -2.663496e-01 -3.086673e-01 7.340286e-01 4.418296e-01 -5.605874e-01 1.069163e-02 4.555268e-01 1.856377e-01 1.341206e-01 3.562688e-02 1.307091e-01 -3.868629e-01 -4.688210e-01 -5.046746e-02 1.716257e-02 3.565352e-02 -2.113853e-01 -2.314854e-01
<VARIANCE> 39
 4.379581e+00 1.757391e+01 3.559967e+01 5.806346e+00 5.116370e+01 1.203907e+02 3.063108e+01 1.080663e+02 8.260719e+01 6.361479e+01 4.944898e+01 5.353434e+01 9.824979e+00 1.099542e-01 1.653586e+00 8.136123e-01 6.398875e-01 1.428973e+00 1.396416e+00 2.037613e+00 2.819798e+00 1.259634e+00 9.266751e-01 1.380558e+00 1.312720e+00 5.228332e-01 2.491856e-02 1.065058e-01 9.655802e-02 7.721390e-02 2.091210e-01 2.103152e-01 3.244275e-01 2.937406e-01 2.591865e-01 2.452176e-01 2.965674e-01 2.246296e-01 4.280807e-02
<GCONST> 9.217727e+01
<STATE> 13
<MEAN> 39
 -1.037720e+00 -5.474517e+00 3.298662e+00 -4.541000e+00 -4.914994e+00 -9.842603e+00 -6.361160e+00 -6.386620e+00 -1.561020e+00 -9.428346e+00 -7.414313e+00 -4.286082e+00 6.985970e+01 -5.489895e-02 2.355994e+00 1.133179e+00 7.550938e-01 2.081256e-01 -2.565432e-01 -1.036455e+00 -1.613860e+00 -4.863816e-01 -7.833261e-01 3.215552e-01 -4.017384e-01 -1.092521e+00 1.433368e-03 -2.008883e-01 -2.254693e-01 -2.239390e-01 4.281968e-02 1.119686e-01 2.557319e-01 3.704340e-01 1.314160e-01 -6.942567e-02 -1.462779e-01 -1.470851e-01 1.481265e-01
<VARIANCE> 39
 2.709352e+00 1.277620e+01 2.764121e+01 7.821524e+00 2.744827e+01 5.659200e+01 2.490792e+01 4.659591e+01 5.565942e+01 3.301206e+01 7.025675e+01 5.579497e+01 4.640261e+00 1.977914e-01 3.855143e-01 6.198474e-01 1.125066e+00 2.985894e+00 2.895648e+00 1.863292e+00 2.228751e+00 2.292270e+00 1.696533e+00 1.215265e+00 1.060226e+00 1.412877e-01 2.886379e-02 5.689459e-02 3.441259e-02 1.165685e-01 2.742864e-01 2.725200e-01 2.288413e-01 2.621419e-01 1.503687e-01 1.360653e-01 1.932874e-01 1.487226e-01 1.133583e-02
<GCONST> 8.337278e+01
<STATE> 14
<MEAN> 39
 -1.388196e+00 3.040701e+00 3.935016e+00 -4.413083e+00 -4.971412e+00 -1.250830e+01 -8.330655e+00 -1.001730e+01 -6.582616e+00 -1.645882e+01 -1.049876e+01 -9.716297e+00 6.575952e+01 -4.843512e-01 8.834518e-01 2.444620e-01 4.998587e-01 6.703751e-01 7.080438e-01 2.002315e-01 -7.070537e-01 -4.386691e-01 -5.893815e-01 2.192160e-01 -2.786280e-01 -6.871211e-01 -1.382163e-01 -2.583859e-01 -9.301236e-02 7.903124e-02 1.832199e-01 9.480248e-02 1.690749e-01 8.119208e-02 -2.418220e-02 1.190525e-01 9.517062e-02 7.976057e-02 -7.197279e-03
<VARIANCE> 39
 4.510848e+00 1.366485e+01 8.149326e+00 6.018140e+00 1.031587e+01 2.139079e+01 8.918352e+00 3.146581e+01 3.363639e+01 4.171513e+01 4.460115e+01 4.198975e+01 5.601852e+00 1.379924e-01 5.311377e-01 4.379662e-01 5.387500e-01 7.332749e-01 1.227585e+00 9.374592e-01 6.912470e-01 1.585812e+00 2.241410e+00 1.495319e+00 1.158018e+00 6.471275e-02 1.276632e-02 2.956515e-02 2.359628e-02 8.096985e-02 1.139916e-01 2.620342e-01 2.236465e-01 1.482170e-01 2.105211e-01 3.853388e-01 2.943148e-01 1.898590e-01 7.656680e-03
<GCONST> 7.038398e+01
<STATE> 15
<MEAN> 39
 -5.102212e+00 3.492107e+00 6.495665e+00 1.930418e+00 4.007725e+00 -3.794491e+00 -2.238158e+00 -5.748984e+00 6.034139e-01 -1.162905e+01 -3.717731e+00 -3.954777e+00 6.300863e+01 -7.766774e-01 2.890380e-01 -2.442247e-01 2.387822e-01 5.513026e-01 2.483414e-01 5.026956e-01 2.591369e-01 4.514874e-02 9.544647e-02 3.168852e-01 -7.758718e-02 -8.247194e-01 -6.263100e-02 -1.775440e-01 -9.452682e-02 -1.793528e-01 -2.705874e-01 -8.293030e-02 -1.394058e-02 -1.506881e-02 2.413374e-02 1.460771e-01 3.459334e-02 -3.608687e-03 3.103274e-02
<VARIANCE> 39
 6.154677e+00 5.906388e+00 9.089391e+00 8.598063e+00 2.016634e+01 2.304636e+01 2.313867e+01 5.414782e+01 3.205260e+01 2.974647e+01 1.960650e+01 1.657092e+01 5.415295e+00 1.764414e-01 7.223297e-01 4.598961e-01 7.374858e-01 1.180339e+00 5.169795e-01 1.029368e+00 1.930631e+00 8.485574e-01 1.643800e+00 1.369950e+00 1.752234e+00 4.350102e-02 1.443314e-02 5.126946e-02 7.578831e-02 1.137726e-01 7.242947e-02 1.111955e-01 1.691711e-01 3.168989e-01 1.576631e-01 2.672644e-01 1.774962e-01 3.426275e-01 5.635001e-03
<GCONST> 7.150630e+01
<STATE> 16
<MEAN> 39
 -9.765720e+00 3.583513e+00 3.965007e+00 -2.123996e+00 -3.847192e-01 -6.463879e+00 -3.144719e+00 -1.269130e+01 -8.558159e+00 -1.529413e+01 -4.578921e+00 -9.469489e+00 5.917773e+01 -8.257825e-01 -4.314409e-01 -1.021739e-01 -7.289100e-02 2.732964e-01 6.146202e-01 7.208390e-01 -2.112077e-01 -4.819437e-01 -6.289446e-02 2.460994e-01 -1.464027e-01 -4.157695e-01 7.186887e-02 -7.544375e-02 -1.609910e-02 9.655464e-02 1.726680e-01 9.911148e-02 4.548992e-02 1.172050e-01 4.526306e-02 -1.071264e-01 -1.565652e-01 1.221668e-01 8.008686e-02
<VARIANCE> 39
 3.907802e+00 9.940679e+00 1.567143e+01 1.225557e+01 1.057193e+01 1.741218e+01 1.538532e+01 1.963186e+01 7.707263e+01 3.485826e+01 2.649021e+01 3.037394e+01 1.166439e+00 1.135346e-01 4.198983e-01 8.126315e-01 5.681085e-01 9.245244e-01 9.269564e-01 1.577869e+00 1.405786e+00 2.090352e+00 1.728932e+00 1.419655e+00 2.641312e+00 4.325140e-02 2.169933e-02 8.720280e-02 1.530079e-01 8.485410e-02 1.321989e-01 2.111489e-01 2.990733e-01 2.200982e-01 4.088789e-01 3.166756e-01 2.500940e-01 4.740788e-01 8.202130e-03
<GCONST> 7.665944e+01
<STATE> 17
<MEAN> 39
 -1.411079e+01 -9.292852e-01 4.201852e+00 4.131787e+00 9.753834e+00 3.266670e+00 4.840914e+00 -8.312472e+00 -7.191613e+00 -1.524814e+01 -4.786094e+00 -6.652842e+00 5.750032e+01 -4.573808e-01 -7.441350e-01 -3.741218e-01 8.419990e-02 6.017073e-01 7.643130e-01 5.486423e-01 3.062510e-01 -8.957382e-02 -2.107399e-01 -3.726622e-01 -2.057414e-01 -1.396697e-01 8.428173e-03 1.270566e-03 -4.856233e-02 -7.455970e-02 -1.133434e-01 -1.206685e-01 -5.525110e-02 6.899721e-02 7.407046e-02 8.683577e-02 3.432086e-03 -8.942053e-02 2.548148e-03
<VARIANCE> 39
 4.564459e+00 5.426383e+00 5.788806e+00 1.711031e+01 2.079885e+01 2.109381e+01 2.601679e+01 2.397608e+01 4.465525e+01 3.167166e+01 3.481742e+01 2.440210e+01 7.193840e-01 2.167428e-01 4.392058e-01 5.608694e-01 8.534905e-01 1.243972e+00 1.183868e+00 1.168152e+00 1.542361e+00 2.650748e+00 1.671888e+00 1.306826e+00 1.459169e+00 3.716385e-02 3.249678e-02 6.307011e-02 7.262824e-02 1.258302e-01 1.972312e-01 1.752076e-01 2.411139e-01 2.898501e-01 4.968956e-01 3.344429e-01 2.700204e-01 2.694698e-01 5.268163e-03
<GCONST> 7.582836e+01
<STATE> 18
<MEAN> 39
 -1.608621e+01 -4.614264e+00 -1.093309e+00 -2.897218e+00 2.942754e+00 -1.826928e+00 2.516835e+00 -6.465138e+00 -3.611080e+00 -1.039788e+01 -2.681642e+00 -7.865084e+00 5.688932e+01 -5.066472e-01 -5.428470e-01 -3.329349e-01 -1.894764e-01 -4.369285e-01 -1.170639e-01 2.930392e-01 6.364030e-01 9.656185e-01 1.053547e+00 6.268392e-01 1.760151e-01 -1.807088e-01 4.778400e-02 1.007218e-01 1.260850e-01 5.878293e-03 -2.726049e-02 4.157582e-02 -1.300870e-02 2.153815e-02 9.572419e-02 8.392309e-02 1.367326e-01 8.752730e-03 1.773376e-02
<VARIANCE> 39
 2.356248e+00 2.937221e+00 7.476120e+00 1.772309e+01 3.629947e+01 4.999563e+01 3.357986e+01 3.120330e+01 3.315526e+01 3.148520e+01 1.236258e+01 7.572695e+00 5.972360e-01 1.117940e-01 2.410449e-01 3.862136e-01 5.258063e-01 8.965065e-01 2.357055e+00 1.377272e+00 1.556473e+00 2.467178e+00 1.952886e+00 1.568349e+00 8.869990e-01 3.885324e-02 1.221878e-02 4.032022e-02 7.817002e-02 9.078906e-02 1.940624e-01 4.686647e-01 2.174604e-01 2.725927e-01 4.621050e-01 3.427841e-01 2.988838e-01 1.805600e-01 6.709912e-03
<GCONST> 7.133527e+01
<STATE> 19
<MEAN> 39
 -1.885680e+01 -6.936601e+00 -8.722116e-01 -1.223134e+00 5.825238e+00 2.172317e+00 6.344633e+00 -3.919922e+00 1.533720e-01 -9.023701e+00 -2.243911e+00 -9.010900e+00 5.598091e+01 -2.996537e-01 -2.365441e-01 -2.871266e-02 1.198262e-01 5.760600e-01 4.863752e-01 4.521058e-02 -1.890939e-01 7.534935e-02 -5.716142e-02 -1.247356e-01 -2.778529e-01 -1.312214e-01 3.406969e-02 -3.381579e-02 -1.091312e-01 -1.360197e-02 1.049319e-01 2.081205e-01 6.251490e-02 -1.431322e-01 -2.893817e-01 -1.261001e-01 -1.306964e-01 -7.739504e-02 -1.421039e-02
<VARIANCE> 39
 4.979423e+00 5.639951e+00 1.239467e+01 2.917872e+01 4.370503e+01 3.551907e+01 4.192308e+01 4.276873e+01 5.212169e+01 6.978754e+01 5.326442e+01 2.022376e+01 8.229176e-01 2.386850e-01 3.892258e-01 6.669431e-01 9.892956e-01 1.475588e+00 2.726606e+00 2.831914e+00 4.074432e+00 2.723357e+00 1.888510e+00 1.695495e+00 1.288723e+00 7.082725e-02 4.564844e-02 9.570276e-02 2.154430e-01 2.821862e-01 2.794975e-01 2.322102e-01 3.109921e-01 8.119845e-01 5.423680e-01 4.825567e-01 4.050054e-01 2.263728e-01 1.199081e-02
<GCONST> 9.104790e+01
<TRANSP> 20
 0.000000e+00 1.000000e+00 0.000000e+00 0.000000e+00 0.000000e+00 0.000000e+00 0.000000e+00 0.000000e+00 0.000000e+00 0.000000e+00 0.000000e+00 0.000000e+00 0.000000e+00 0.000000e+00 0.000000e+00 0.000000e+00 0.000000e+00 0.000000e+00 0.000000e+00 0.000000e+00
 0.000000e+00 8.181662e-01 1.818338e-01 0.000000e+00 0.000000e+00 0.000000e+00 0.000000e+00 0.000000e+00 0.000000e+00 0.000000e+00 0.000000e+00 0.000000e+00 0.000000e+00 0.000000e+00 0.000000e+00 0.000000e+00 0.000000e+00 0.000000e+00 0.000000e+00 0.000000e+00
 0.000000e+00 0.000000e+00 6.933611e-01 3.066389e-01 0.000000e+00 0.000000e+00 0.000000e+00 0.000000e+00 0.000000e+00 0.000000e+00 0.000000e+00 0.000000e+00 0.000000e+00 0.000000e+00 0.000000e+00 0.000000e+00 0.000000e+00 0.000000e+00 0.000000e+00 0.000000e+00
 0.000000e+00 0.000000e+00 0.000000e+00 8.057170e-01 1.942830e-01 0.000000e+00 0.000000e+00 0.000000e+00 0.000000e+00 0.000000e+00 0.000000e+00 0.000000e+00 0.000000e+00 0.000000e+00 0.000000e+00 0.000000e+00 0.000000e+00 0.000000e+00 0.000000e+00 0.000000e+00
 0.000000e+00 0.000000e+00 0.000000e+00 0.000000e+00 7.747980e-01 2.252020e-01 0.000000e+00 0.000000e+00 0.000000e+00 0.000000e+00 0.000000e+00 0.000000e+00 0.000000e+00 0.000000e+00 0.000000e+00 0.000000e+00 0.000000e+00 0.000000e+00 0.000000e+00 0.000000e+00
 0.000000e+00 0.000000e+00 0.000000e+00 0.000000e+00 0.000000e+00 8.837850e-01 1.162150e-01 0.000000e+00 0.000000e+00 0.000000e+00 0.000000e+00 0.000000e+00 0.000000e+00 0.000000e+00 0.000000e+00 0.000000e+00 0.000000e+00 0.000000e+00 0.000000e+00 0.000000e+00
 0.000000e+00 0.000000e+00 0.000000e+00 0.000000e+00 0.000000e+00 0.000000e+00 7.291959e-01 2.708041e-01 0.000000e+00 0.000000e+00 0.000000e+00 0.000000e+00 0.000000e+00 0.000000e+00 0.000000e+00 0.000000e+00 0.000000e+00 0.000000e+00 0.000000e+00 0.000000e+00
 0.000000e+00 0.000000e+00 0.000000e+00 0.000000e+00 0.000000e+00 0.000000e+00 0.000000e+00 8.320025e-01 1.679976e-01 0.000000e+00 0.000000e+00 0.000000e+00 0.000000e+00 0.000000e+00 0.000000e+00 0.000000e+00 0.000000e+00 0.000000e+00 0.000000e+00 0.000000e+00
 0.000000e+00 0.000000e+00 0.000000e+00 0.000000e+00 0.000000e+00 0.000000e+00 0.000000e+00 0.000000e+00 8.005211e-01 1.994789e-01 0.000000e+00 0.000000e+00 0.000000e+00 0.000000e+00 0.000000e+00 0.000000e+00 0.000000e+00 0.000000e+00 0.000000e+00 0.000000e+00
 0.000000e+00 0.000000e+00 0.000000e+00 0.000000e+00 0.000000e+00 0.000000e+00 0.000000e+00 0.000000e+00 0.000000e+00 7.954599e-01 2.045401e-01 0.000000e+00 0.000000e+00 0.000000e+00 0.000000e+00 0.000000e+00 0.000000e+00 0.000000e+00 0.000000e+00 0.000000e+00
 0.000000e+00 0.000000e+00 0.000000e+00 0.000000e+00 0.000000e+00 0.000000e+00 0.000000e+00 0.000000e+00 0.000000e+00 0.000000e+00 7.886697e-01 2.113303e-01 0.000000e+00 0.000000e+00 0.000000e+00 0.000000e+00 0.000000e+00 0.000000e+00 0.000000e+00 0.000000e+00
 0.000000e+00 0.000000e+00 0.000000e+00 0.000000e+00 0.000000e+00 0.000000e+00 0.000000e+00 0.000000e+00 0.000000e+00 0.000000e+00 0.000000e+00 8.215833e-01 1.784167e-01 0.000000e+00 0.000000e+00 0.000000e+00 0.000000e+00 0.000000e+00 0.000000e+00 0.000000e+00
 0.000000e+00 0.000000e+00 0.000000e+00 0.000000e+00 0.000000e+00 0.000000e+00 0.000000e+00 0.000000e+00 0.000000e+00 0.000000e+00 0.000000e+00 0.000000e+00 7.324165e-01 2.675835e-01 0.000000e+00 0.000000e+00 0.000000e+00 0.000000e+00 0.000000e+00 0.000000e+00
 0.000000e+00 0.000000e+00 0.000000e+00 0.000000e+00 0.000000e+00 0.000000e+00 0.000000e+00 0.000000e+00 0.000000e+00 0.000000e+00 0.000000e+00 0.000000e+00 0.000000e+00 7.857583e-01 2.142417e-01 0.000000e+00 0.000000e+00 0.000000e+00 0.000000e+00 0.000000e+00
 0.000000e+00 0.000000e+00 0.000000e+00 0.000000e+00 0.000000e+00 0.000000e+00 0.000000e+00 0.000000e+00 0.000000e+00 0.000000e+00 0.000000e+00 0.000000e+00 0.000000e+00 0.000000e+00 8.201782e-01 1.798218e-01 0.000000e+00 0.000000e+00 0.000000e+00 0.000000e+00
 0.000000e+00 0.000000e+00 0.000000e+00 0.000000e+00 0.000000e+00 0.000000e+00 0.000000e+00 0.000000e+00 0.000000e+00 0.000000e+00 0.000000e+00 0.000000e+00 0.000000e+00 0.000000e+00 0.000000e+00 8.251012e-01 1.748988e-01 0.000000e+00 0.000000e+00 0.000000e+00
 0.000000e+00 0.000000e+00 0.000000e+00 0.000000e+00 0.000000e+00 0.000000e+00 0.000000e+00 0.000000e+00 0.000000e+00 0.000000e+00 0.000000e+00 0.000000e+00 0.000000e+00 0.000000e+00 0.000000e+00 0.000000e+00 8.481152e-01 1.518848e-01 0.000000e+00 0.000000e+00
 0.000000e+00 0.000000e+00 0.000000e+00 0.000000e+00 0.000000e+00 0.000000e+00 0.000000e+00 0.000000e+00 0.000000e+00 0.000000e+00 0.000000e+00 0.000000e+00 0.000000e+00 0.000000e+00 0.000000e+00 0.000000e+00 0.000000e+00 8.062373e-01 1.937627e-01 0.000000e+00
 0.000000e+00 0.000000e+00 0.000000e+00 0.000000e+00 0.000000e+00 0.000000e+00 0.000000e+00 0.000000e+00 0.000000e+00 0.000000e+00 0.000000e+00 0.000000e+00 0.000000e+00 0.000000e+00 0.000000e+00 0.000000e+00 0.000000e+00 0.000000e+00 7.541592e-01 2.458409e-01
 0.000000e+00 0.000000e+00 0.000000e+00 0.000000e+00 0.000000e+00 0.000000e+00 0.000000e+00 0.000000e+00 0.000000e+00 0.000000e+00 0.000000e+00 0.000000e+00 0.000000e+00 0.000000e+00 0.000000e+00 0.000000e+00 0.000000e+00 0.000000e+00 0.000000e+00 0.000000e+00
<ENDHMM>
