~o
<STREAMINFO> 1 39
<VECSIZE> 39<NULLD><MFCC_D_A_0><DIAGC>
~h "dua"
<BEGINHMM>
<NUMSTATES> 20
<STATE> 2
<MEAN> 39
 -1.702722e+01 -6.431100e+00 -2.690865e+00 -4.391548e+00 2.630226e-01 -4.943583e+00 -7.007334e-01 -6.296547e+00 -1.418712e-01 -7.168892e+00 -4.775683e-01 -6.733510e+00 5.663264e+01 1.122766e+00 1.496566e+00 1.457308e+00 9.778622e-01 4.830660e-01 -1.084579e-01 -6.459436e-01 -9.375867e-01 -1.274013e+00 -1.546416e+00 -1.653657e+00 -1.364836e+00 4.478315e-01 4.526291e-01 5.438997e-01 5.848684e-01 4.432344e-01 1.745294e-02 -2.679900e-01 -2.306862e-01 -3.105131e-01 -3.627502e-01 -3.890030e-01 -1.857305e-01 -1.152215e-01 2.126770e-01
<VARIANCE> 39
 2.195485e+00 4.763698e+00 6.301637e+00 7.060641e+00 9.206801e+00 8.989115e+00 1.153755e+01 1.294359e+01 1.656461e+01 1.351084e+01 1.435500e+01 2.169607e+01 3.946591e-01 1.098671e+00 1.965947e+00 2.605481e+00 2.200009e+00 1.214195e+00 1.295025e+00 1.792762e+00 3.110568e+00 4.013520e+00 3.321484e+00 2.824324e+00 2.786894e+00 2.145533e-01 1.105450e-01 1.212666e-01 1.543310e-01 2.100766e-01 1.509078e-01 3.434530e-01 2.824920e-01 4.556327e-01 4.472253e-01 4.773155e-01 4.824621e-01 4.561378e-01 2.635024e-02
<GCONST> 8.582046e+01
<STATE> 3
<MEAN> 39
 -8.438543e+00 4.866063e+00 9.352288e+00 4.512899e+00 3.876122e+00 -5.880138e+00 -3.850250e+00 -1.184405e+01 -7.428826e+00 -1.554741e+01 -7.130610e+00 -1.145528e+01 6.034157e+01 1.897398e+00 1.636617e+00 1.710493e+00 1.354616e+00 -2.852235e-03 -1.088321e+00 -1.416237e+00 -9.714351e-01 -4.966169e-01 -1.618475e-01 3.638462e-01 3.785869e-01 1.074726e+00 -1.358416e-01 -6.862622e-01 -7.815088e-01 -6.490858e-01 -5.349958e-01 -3.852665e-01 -5.568337e-01 -6.231211e-02 5.308779e-01 1.062351e+00 9.622174e-01 7.405224e-01 1.212294e-01
<VARIANCE> 39
 6.652924e+00 8.871273e+00 1.066563e+01 9.679063e+00 1.211333e+01 2.555353e+01 2.724900e+01 2.078109e+01 2.218537e+01 2.296815e+01 3.018633e+01 2.428505e+01 1.467227e+00 1.188141e+00 2.875874e+00 3.380804e+00 2.308420e+00 2.124920e+00 4.630296e+00 3.362451e+00 2.631487e+00 4.692821e+00 5.276827e+00 3.937013e+00 3.648349e+00 3.468062e-01 1.083687e-01 2.948115e-01 3.484087e-01 1.850119e-01 4.938276e-01 7.147572e-01 5.882747e-01 7.295237e-01 1.132763e+00 9.368595e-01 4.056075e-01 5.215588e-01 5.310813e-02
<GCONST> 1.057435e+02
<STATE> 4
<MEAN> 39
 -3.502732e+00 3.719546e+00 9.928043e+00 4.641934e+00 -1.331024e+00 -1.477289e+01 -1.338119e+01 -1.502675e+01 -7.717339e+00 -9.564164e+00 2.821775e-01 -5.828099e+00 6.515701e+01 1.663146e+00 -5.035284e-01 -1.015174e+00 -1.172373e+00 -2.065500e+00 -2.135520e+00 -3.415098e+00 -2.158660e+00 -2.818041e-01 3.153764e+00 2.917570e+00 1.015819e+00 1.626990e+00 -1.568294e-01 -2.358624e-02 -7.367080e-01 -7.483261e-01 1.423644e-01 8.177345e-01 4.271764e-01 -1.899410e-01 -1.164723e-01 4.073324e-01 2.764371e-01 -1.829380e-01 -2.148765e-01
<VARIANCE> 39
 4.559424e+00 1.982273e+01 2.844894e+01 2.144470e+01 4.511200e+01 7.454715e+01 5.188169e+01 1.152961e+02 3.137863e+01 1.941865e+01 5.859824e+01 4.245815e+01 1.088365e+01 4.967828e-01 2.401453e+00 3.717241e+00 1.929204e+00 5.175903e+00 6.565268e+00 5.008842e+00 7.068740e+00 7.164428e+00 5.029500e+00 3.576366e+00 5.436796e+00 5.247120e-01 1.652579e-01 4.719524e-01 2.843996e-01 4.663984e-01 7.176605e-01 1.371156e+00 6.983630e-01 8.447948e-01 7.186013e-01 5.005559e-01 6.932693e-01 3.490384e-01 1.032931e-01
<GCONST> 1.213505e+02
<STATE> 5
<MEAN> 39
 5.223058e-01 4.300175e+00 3.948822e+00 -1.956711e+00 -3.719664e+00 -1.548055e+01 -2.046785e+01 -2.150279e+01 -7.801928e+00 -1.900805e-01 7.987760e+00 -6.168907e+00 6.798215e+01 1.070529e+00 8.508627e-01 -1.853789e+00 -2.416595e+00 8.457856e-02 1.454885e+00 -2.223231e-01 -1.667505e+00 -1.046042e+00 1.496101e+00 2.245176e+00 1.151718e+00 2.738326e-01 -3.566316e-01 1.697082e-01 1.888881e-01 1.018055e-01 5.761043e-01 8.465893e-01 1.489465e+00 8.203811e-01 -3.558051e-01 -1.446659e+00 -8.860726e-01 -2.460035e-02 -4.233313e-01
<VARIANCE> 39
 3.099465e+00 2.846096e+01 4.595237e+01 9.601465e+00 3.889805e+01 4.687943e+01 5.366887e+01 1.065750e+02 6.344386e+01 3.278589e+01 7.938684e+01 7.052872e+01 9.981328e+00 2.854928e-01 4.697935e-01 1.227935e+00 7.238860e-01 1.840298e+00 4.049851e+00 3.400614e+00 2.381945e+00 2.256930e+00 3.610812e+00 3.908286e+00 1.417275e+00 2.568285e-01 4.468979e-02 2.478754e-01 2.800693e-01 1.955249e-01 6.882364e-01 6.550575e-01 4.133019e-01 6.622417e-01 9.726664e-01 7.948914e-01 7.550212e-01 7.698918e-01 3.536329e-02
<GCONST> 1.077602e+02
<STATE> 6
<MEAN> 39
 1.718320e+00 6.659022e+00 -4.131686e-02 -7.014282e+00 -2.757070e+00 -7.809949e+00 -1.378682e+01 -2.402731e+01 -1.183218e+01 -3.490110e+00 9.396222e+00 -5.261067e-01 6.699407e+01 1.256222e-01 4.225511e-01 -5.819908e-01 -1.090816e+00 -1.831176e-01 8.595048e-01 1.932869e+00 9.550532e-01 -9.701796e-01 -2.333814e+00 -9.493200e-01 5.203142e-01 -2.115063e-01 -1.759754e-01 -8.691486e-02 3.020191e-01 3.077069e-01 -3.002247e-01 -3.966043e-01 1.550570e-01 4.906042e-01 2.051652e-01 -2.525650e-01 -4.944417e-01 -1.810363e-01 -3.163928e-02
<VARIANCE> 39
 1.074100e+00 8.374615e+00 3.552314e+01 1.301869e+01 2.394867e+01 2.819065e+01 4.992301e+01 4.410898e+01 1.553372e+01 3.831762e+01 3.798900e+01 3.172432e+01 2.358191e+00 1.450718e-01 1.930316e-01 6.898947e-01 7.405932e-01 1.901283e+00 2.593252e+00 1.961871e+00 2.706762e+00 1.817496e+00 2.761976e+00 3.208301e+00 3.771006e+00 5.161615e-02 5.535263e-02 3.351264e-02 2.023305e-01 1.156636e-01 1.684350e-01 2.759302e-01 3.292589e-01 3.475202e-01 2.329405e-01 8.812496e-01 7.711049e-01 4.240332e-01 1.456474e-02
<GCONST> 8.651258e+01
<STATE> 7
<MEAN> 39
 1.476318e+00 8.320087e+00 8.583624e-01 -8.843571e+00 -5.576222e+00 -7.830670e+00 -6.936405e+00 -1.661459e+01 -1.331886e+01 -9.183246e+00 6.772336e+00 1.009679e+00 6.639203e+01 1.700291e-01 1.010839e-01 -5.478119e-01 -7.480808e-01 -4.347392e-01 4.527178e-01 8.604476e-01 4.739584e-01 5.680427e-02 -3.313566e-01 -7.597426e-02 5.864575e-01 4.533787e-02 5.284778e-02 -9.060165e-02 -7.926873e-02 -6.867076e-02 1.007850e-01 7.251154e-02 -2.276428e-01 -2.465175e-01 1.009723e-01 3.529064e-01 2.964559e-01 2.265886e-02 6.904670e-02
<VARIANCE> 39
 4.229779e+00 8.274260e+00 1.545196e+01 1.399796e+01 3.985804e+01 2.862852e+01 2.333953e+01 2.983705e+01 3.438702e+01 2.387747e+01 3.566050e+01 3.291459e+01 5.104774e+00 1.500544e-01 2.728455e-01 6.871597e-01 6.778904e-01 7.029827e-01 1.329173e+00 1.321716e+00 2.185457e+00 1.765470e+00 9.412426e-01 1.089961e+00 1.621573e+00 6.749243e-02 1.693182e-02 4.022325e-02 1.081095e-01 7.697304e-02 1.181607e-01 2.531995e-01 1.806040e-01 3.126874e-01 2.969422e-01 2.544139e-01 2.522201e-01 3.536460e-01 4.324927e-03
<GCONST> 7.611115e+01
<STATE> 8
<MEAN> 39
 2.995991e+00 7.333810e+00 -5.264081e+00 -1.535406e+01 -7.364437e+00 -5.387908e+00 -5.602039e+00 -1.828820e+01 -1.127830e+01 -6.932403e+00 8.464512e+00 3.347959e+00 6.724223e+01 2.873564e-01 -8.412570e-01 -1.416044e+00 -9.618946e-01 6.950622e-01 1.265130e+00 -6.437283e-02 -1.011006e+00 4.566023e-01 2.359002e+00 1.210286e+00 -6.832673e-01 4.212673e-01 -9.373774e-02 -3.396928e-01 -1.362944e-01 3.028464e-01 2.294275e-01 -5.318846e-03 -3.413649e-01 -5.369772e-02 5.028997e-01 5.826434e-01 -2.496181e-01 -8.692539e-01 6.505825e-02
<VARIANCE> 39
 2.710650e+00 8.121343e+00 2.046224e+01 1.389208e+01 3.537021e+01 2.413964e+01 1.929948e+01 3.114375e+01 3.801527e+01 3.981048e+01 2.009625e+01 2.466113e+01 1.439259e+00 1.096897e-01 3.688849e-01 7.175502e-01 7.252157e-01 8.402880e-01 1.516744e+00 1.729918e+00 2.834508e+00 1.728682e+00 1.230469e+00 1.969962e+00 2.988855e+00 6.129033e-02 2.133225e-02 4.994704e-02 1.645650e-01 1.084957e-01 2.143750e-01 2.180061e-01 2.620394e-01 4.525267e-01 3.353702e-01 3.823399e-01 4.269049e-01 4.412968e-01 1.124181e-02
<GCONST> 8.089009e+01
<STATE> 9
<MEAN> 39
 3.872398e+00 2.527100e+00 -8.978897e+00 -1.519638e+01 -2.354551e+00 2.917288e-01 -8.377240e+00 -2.210711e+01 -9.128146e+00 2.513472e+00 1.078155e+01 -4.691805e+00 6.972539e+01 2.214689e-02 -2.058353e+00 -1.067995e+00 3.433324e-01 6.365362e-01 3.220434e-01 -1.561520e+00 3.790915e-01 3.386858e+00 2.819408e+00 -8.021137e-01 -3.717386e+00 7.465107e-01 -4.972171e-02 -2.565440e-01 3.617844e-01 2.896771e-01 -1.010982e-01 -3.227925e-01 -9.515759e-02 6.539586e-01 5.943090e-01 -7.160949e-01 -7.740740e-01 -1.767581e-01 6.043094e-02
<VARIANCE> 39
 2.846781e+00 1.375762e+01 5.874381e+01 1.799047e+01 2.872345e+01 3.934337e+01 1.510420e+01 2.814072e+01 4.483365e+01 3.147080e+01 1.812382e+01 2.025982e+01 3.698299e+00 1.612701e-01 8.021901e-01 1.545582e+00 3.181489e-01 1.966422e+00 2.799149e+00 1.698082e+00 4.900386e+00 3.067815e+00 2.902936e+00 2.158194e+00 2.025797e+00 1.683057e-01 2.758544e-02 1.705684e-01 1.324273e-01 9.407954e-02 1.264941e-01 1.891140e-01 2.898077e-01 5.485473e-01 5.580049e-01 5.487338e-01 5.203780e-01 5.588064e-01 3.435310e-02
<GCONST> 9.169921e+01
<STATE> 10
<MEAN> 39
 3.901930e+00 -4.907989e+00 -1.132208e+01 -1.349034e+01 4.089407e-01 -3.450967e+00 -1.311554e+01 -1.611106e+01 2.649669e+00 5.248273e+00 3.009785e+00 -1.398675e+01 7.158821e+01 -2.690437e-01 -2.070061e+00 1.820309e-01 3.684913e-01 -7.775951e-02 -1.142884e-01 -7.090760e-02 1.883225e+00 2.003690e+00 -7.581083e-02 -3.052576e+00 -1.802950e+00 6.478751e-01 -1.095262e-01 1.772814e-01 3.861737e-01 -1.820450e-01 -3.188146e-01 1.035982e-01 5.250260e-01 1.591123e-02 -7.518398e-01 -4.461166e-01 -2.075290e-01 5.255854e-01 -4.969838e-02
<VARIANCE> 39
 5.163730e+00 2.474560e+01 7.989944e+01 1.740024e+01 2.501158e+01 3.921301e+01 1.897941e+01 4.787071e+01 2.596609e+01 2.375238e+01 1.062952e+02 3.107552e+01 8.449571e+00 2.630145e-01 1.161100e+00 9.783833e-01 8.933088e-01 1.027750e+00 1.432999e+00 1.604859e+00 3.894493e+00 3.759951e+00 2.060161e+00 3.927959e+00 1.891121e+00 2.518897e-01 3.009062e-02 1.003187e-01 7.219096e-02 1.052503e-01 1.500314e-01 1.244450e-01 1.615066e-01 3.888994e-01 4.196364e-01 4.121794e-01 7.323269e-01 4.001550e-01 1.193693e-02
<GCONST> 9.285737e+01
<STATE> 11
<MEAN> 39
 2.451516e+00 -1.160161e+01 -8.763508e+00 -1.384145e+01 -1.229589e+00 -4.238299e+00 -9.829327e+00 -7.548784e+00 4.744203e+00 2.076859e+00 -8.059949e+00 -1.809055e+01 7.400703e+01 -2.869728e-01 -7.439267e-01 4.272399e-01 -1.008206e-02 -1.871229e-01 -1.588575e-01 4.794080e-01 1.057986e+00 -6.693321e-02 -9.793323e-01 -1.405799e+00 -1.389719e-01 2.807170e-01 -8.517700e-03 1.962890e-01 -1.429718e-01 4.373413e-02 1.632164e-01 -2.524410e-02 -7.559007e-02 -1.330061e-01 -2.413649e-01 -2.506310e-01 2.121559e-01 3.261148e-01 -1.206275e-01
<VARIANCE> 39
 1.981942e+00 3.047132e+01 1.343692e+02 1.754629e+01 1.825675e+01 3.056982e+01 2.557540e+01 1.010097e+02 3.059837e+01 3.319983e+01 1.127538e+02 3.199448e+01 1.474547e+01 1.321439e-01 4.467236e-01 8.291377e-01 4.316700e-01 8.581517e-01 7.662075e-01 7.696356e-01 2.059199e+00 1.052216e+00 1.634729e+00 1.417906e+00 1.699176e+00 1.752173e-01 3.341647e-02 1.019601e-01 1.474946e-01 5.991490e-02 7.571326e-02 9.745648e-02 1.120663e-01 3.936978e-01 1.636039e-01 2.279275e-01 3.628415e-01 3.005247e-01 2.024296e-02
<GCONST> 8.354845e+01
<STATE> 12
<MEAN> 39
 -7.997011e-02 -7.425209e+00 -9.315626e+00 -1.689710e+01 -1.103028e+01 1.171426e+01 -6.128342e+00 -1.913235e+01 7.958165e+00 4.005492e+00 -7.129852e+00 -1.022558e+01 7.256064e+01 -5.823497e-01 -9.907073e-01 -1.931842e-01 -4.704967e-01 -1.488848e-01 8.055895e-01 -3.989800e-01 3.462456e-01 7.280285e-01 -7.847453e-01 -1.258575e+00 4.877392e-01 -1.641311e-02 -6.846561e-02 2.363885e-01 4.507982e-02 1.015015e-01 2.435314e-01 -3.952473e-01 -3.300712e-02 7.961246e-02 -2.540495e-01 -3.775219e-02 2.871284e-01 -1.164299e-02 -2.042069e-01
<VARIANCE> 39
 3.425707e+00 4.397562e+01 5.591852e+01 2.450180e+01 5.947015e+01 1.822432e+02 2.179469e+01 1.474959e+02 4.038987e+01 3.204676e+01 4.412643e+01 3.587901e+01 1.162115e+01 3.187838e-01 1.654771e+00 1.127168e+00 8.497403e-01 1.980467e+00 5.237000e+00 1.683125e+00 2.472500e+00 4.146062e+00 1.533378e+00 2.383939e+00 1.620242e+00 4.994090e-01 5.144320e-02 3.115910e-01 2.833498e-01 2.069222e-01 3.404923e-01 7.453293e-01 5.124258e-01 5.594854e-01 4.639280e-01 1.920193e-01 2.576087e-01 2.806590e-01 7.907346e-02
<GCONST> 1.066828e+02
<STATE> 13
<MEAN> 39
 -8.234118e-01 -1.406259e+01 -5.678425e+00 -1.229843e+01 4.052688e-01 -5.942334e+00 -1.071633e+01 -1.865346e+00 -8.924795e-02 -6.995241e+00 -9.071410e+00 -1.492724e+01 7.353049e+01 -6.472657e-01 1.039447e+00 -2.493533e-02 6.204770e-01 3.454479e-01 -6.622590e-01 3.560106e-01 -3.460204e-01 -1.810146e-01 -6.954637e-01 -1.859310e-01 2.860689e-01 -1.127763e+00 -5.679733e-02 2.937701e-01 1.999737e-01 1.288452e-01 -1.319352e-01 7.085657e-02 2.081597e-01 -7.282313e-02 2.139834e-01 1.873827e-01 1.874937e-01 -1.936815e-03 -1.707391e-01
<VARIANCE> 39
 2.562909e+00 2.541942e+01 9.020374e+01 2.097577e+01 3.593603e+01 9.458727e+01 1.934848e+01 9.487844e+01 7.781078e+01 2.135279e+01 6.783546e+01 2.024683e+01 1.620068e+01 1.762079e-01 1.157400e+00 1.630851e+00 3.655170e-01 6.802377e-01 1.306850e+00 1.573611e+00 2.670374e+00 2.501777e+00 1.542066e+00 1.099772e+00 1.773207e+00 2.817948e-01 4.127100e-02 1.604137e-01 5.505133e-02 6.341900e-02 1.532703e-01 3.365222e-01 2.313382e-01 4.698013e-01 3.943361e-01 2.075174e-01 2.685594e-01 3.674867e-01 4.544714e-02
<GCONST> 9.266436e+01
<STATE> 14
<MEAN> 39
 -3.471215e+00 -6.673678e+00 -7.452688e+00 -1.175525e+01 -3.452681e+00 1.750867e-01 -5.933436e+00 -1.280023e+01 5.499929e+00 -6.367387e+00 -1.523036e+01 -1.299042e+01 6.750021e+01 -7.641184e-01 7.389043e-01 7.922496e-01 1.052222e+00 8.880150e-01 -1.194824e+00 2.578611e-01 6.001672e-01 -1.068189e+00 -1.539712e+00 4.249869e-01 2.152461e-01 -1.085080e+00 1.142033e-02 -1.139526e-01 -1.564026e-01 -1.041166e-01 -2.036193e-01 5.001373e-02 2.064383e-02 -1.594913e-02 -5.033774e-02 1.168849e-01 3.135428e-01 4.883821e-02 3.956146e-02
<VARIANCE> 39
 7.704967e+00 1.063150e+01 2.086691e+01 2.430064e+01 3.707143e+01 9.564471e+01 1.840816e+01 6.717777e+01 3.071131e+01 4.798384e+01 7.321195e+01 2.868944e+01 4.145710e+00 9.743043e-02 3.639688e-01 2.730409e-01 5.694234e-01 1.787796e+00 2.491130e+00 1.874293e+00 1.505164e+00 1.035592e+00 1.120350e+00 1.796419e+00 1.250785e+00 7.335294e-02 1.535419e-02 4.756100e-02 3.008925e-02 8.613260e-02 2.107430e-01 1.257091e-01 4.150067e-01 3.390310e-01 1.041319e-01 1.676166e-01 2.635331e-01 1.167723e-01 7.085255e-03
<GCONST> 7.840002e+01
<STATE> 15
<MEAN> 39
 -5.275175e+00 -6.019232e+00 -4.718949e+00 -8.473595e+00 -1.366016e-01 -7.557406e+00 -5.601823e+00 -3.698505e+00 3.566009e-01 -9.896530e+00 -7.966235e+00 -1.192115e+01 6.544260e+01 -6.901909e-01 7.666899e-01 2.117993e-02 1.413501e-01 -3.140363e-01 3.012696e-01 1.164173e+00 -2.233944e-01 3.533075e-01 -2.255208e-01 2.528282e-01 4.111099e-01 -9.684176e-01 1.474986e-02 -1.100142e-01 -4.997015e-02 -4.635100e-02 4.081097e-02 6.684933e-02 -3.062310e-02 2.735570e-02 9.712293e-02 1.373081e-02 -1.449114e-01 -4.501214e-02 9.035766e-02
<VARIANCE> 39
 2.403387e+00 6.507451e+00 3.823114e+01 2.104353e+01 7.506601e+00 3.602098e+01 2.371455e+01 3.807611e+01 2.474846e+01 1.993390e+01 3.156588e+01 1.221661e+01 3.569359e+00 1.081652e-01 3.407754e-01 4.460854e-01 4.570189e-01 8.413591e-01 1.054235e+00 9.586774e-01 1.367899e+00 1.628005e+00 4.383114e-01 1.725383e+00 8.670267e-01 6.323340e-02 1.494077e-02 4.913007e-02 6.010924e-02 7.387283e-02 9.934342e-02 1.419320e-01 1.406102e-01 1.286207e-01 2.823388e-01 1.220329e-01 1.860685e-01 1.318278e-01 5.907107e-03
<GCONST> 6.640014e+01
<STATE> 16
<MEAN> 39
 -9.568924e+00 -5.800542e+00 -7.542970e+00 -1.037568e+01 -2.161447e+00 -4.019506e+00 -1.665795e+00 -7.203083e+00 2.561574e+00 -9.363937e+00 -8.329160e+00 -1.097607e+01 6.157878e+01 -8.215942e-01 4.833653e-02 3.509393e-01 7.686621e-01 3.360012e-01 6.297663e-02 4.597687e-01 7.014915e-01 -2.955423e-01 -2.615167e-01 7.639678e-01 2.635445e-01 -6.305375e-01 1.040113e-02 -4.320349e-02 4.016678e-02 1.066229e-01 1.555094e-01 7.761326e-02 -1.477019e-01 -3.042149e-02 -1.394593e-02 2.468925e-01 1.438281e-01 1.440061e-01 4.992334e-02
<VARIANCE> 39
 7.910924e+00 6.887616e+00 1.541517e+01 8.385804e+00 7.612810e+00 1.999180e+01 8.196489e+00 2.223297e+01 1.404407e+01 1.417346e+01 2.798391e+01 1.986207e+01 2.644668e+00 1.201652e-01 4.205740e-01 6.828250e-01 2.945274e-01 9.019478e-01 1.236349e+00 5.173291e-01 1.285917e+00 7.212207e-01 1.140556e+00 1.572291e+00 1.170952e+00 2.724187e-02 1.366358e-02 7.060976e-02 9.173106e-02 5.657199e-02 1.307142e-01 1.240836e-01 1.089724e-01 1.145193e-01 1.377537e-01 8.383781e-02 1.192171e-01 1.627222e-01 2.342946e-03
<GCONST> 6.010858e+01
<STATE> 17
<MEAN> 39
 -1.015782e+01 -2.231067e+00 -2.548008e+00 -4.562243e+00 4.712889e-01 -5.371514e+00 -8.993936e-01 -4.624571e+00 1.463812e+00 -1.128270e+01 -6.850238e+00 -7.646979e+00 6.029375e+01 -6.840280e-01 2.287826e-01 3.312544e-01 1.696076e-01 -6.850930e-02 -1.129320e-01 3.901120e-01 2.325504e-01 -3.266092e-01 4.514660e-01 9.856936e-01 8.077813e-01 -5.711409e-01 -1.181228e-03 -1.005276e-01 -7.080915e-02 -1.746615e-01 -1.458596e-01 -5.389088e-02 2.396971e-02 -1.202369e-02 -4.119664e-02 2.595000e-02 1.188006e-03 -7.733844e-02 3.069020e-02
<VARIANCE> 39
 6.587629e+00 9.805111e+00 8.676205e+00 9.612115e+00 8.542849e+00 2.103946e+01 2.219698e+01 1.894039e+01 1.457169e+01 2.117731e+01 2.124013e+01 1.869633e+01 2.199363e+00 1.673045e-01 3.729493e-01 6.875671e-01 4.881650e-01 7.253972e-01 1.941266e+00 1.443281e+00 1.300642e+00 1.002206e+00 6.839144e-01 9.621082e-01 1.039878e+00 5.705923e-02 2.071513e-02 5.559496e-02 1.138450e-01 4.541741e-02 9.842256e-02 3.240326e-01 1.817855e-01 1.852805e-01 1.574700e-01 2.084954e-01 2.381767e-01 1.114820e-01 5.620094e-03
<GCONST> 6.677734e+01
<STATE> 18
<MEAN> 39
 -1.474841e+01 -5.937619e+00 -5.130507e+00 -7.491081e+00 -1.181228e+00 -5.248575e+00 -4.028542e-01 -5.284230e+00 1.539095e-01 -7.747849e+00 -1.844570e+00 -7.836057e+00 5.803101e+01 -6.241395e-01 -1.758857e-01 2.192736e-03 -2.276823e-01 -2.971340e-01 -4.467956e-02 3.363626e-01 -1.991577e-01 -3.667149e-01 -4.928575e-02 5.290180e-01 2.910795e-01 -3.350778e-01 4.084576e-02 1.715841e-02 1.207785e-02 -4.423341e-02 1.621690e-02 1.242025e-01 8.982539e-02 -5.784757e-02 -3.022396e-02 -1.299067e-01 -1.085363e-01 -5.705770e-02 1.937163e-02
<VARIANCE> 39
 3.141557e+00 7.666717e+00 1.221768e+01 1.015744e+01 1.012066e+01 1.867095e+01 1.150380e+01 1.927095e+01 1.911959e+01 1.918785e+01 1.900736e+01 2.665704e+01 7.636360e-01 8.323961e-02 2.134804e-01 5.743815e-01 5.142604e-01 6.783037e-01 1.580307e+00 9.390998e-01 2.192411e+00 1.163469e+00 1.849050e+00 1.870776e+00 9.963319e-01 3.148042e-02 1.266763e-02 2.274901e-02 8.457696e-02 1.470459e-01 1.160069e-01 1.628266e-01 1.876337e-01 4.394744e-01 2.056633e-01 3.505267e-01 2.936972e-01 1.969950e-01 7.726554e-03
<GCONST> 6.631184e+01
<STATE> 19
<MEAN> 39
 -1.525472e+01 -3.194469e+00 -1.982060e+00 -5.838362e+00 -1.035239e+00 -4.246711e+00 4.846477e+00 -3.654948e+00 -2.324881e+00 -1.016851e+01 -1.058198e+00 -3.736162e+00 5.691936e+01 -4.501076e-01 -1.640926e-01 3.160536e-01 2.656864e-01 3.270989e-01 9.956373e-01 1.510613e+00 6.295465e-01 -5.529950e-01 -3.088907e-01 2.120103e-01 4.289927e-01 -2.886397e-01 4.406772e-02 -1.999112e-02 1.606258e-02 1.377101e-01 1.203022e-01 2.332033e-01 1.120423e-01 2.943028e-01 2.502982e-01 6.667218e-02 4.479279e-02 7.007992e-02 5.558572e-02
<VARIANCE> 39
 4.230767e+00 1.952485e+01 2.549054e+01 1.196197e+01 1.911166e+01 2.783965e+01 3.650384e+01 3.665730e+01 2.134743e+01 1.159749e+01 1.015879e+01 4.160576e+01 9.527285e-01 2.788693e-01 4.310904e-01 7.422610e-01 1.352663e+00 1.714325e+00 1.231770e+00 1.028929e+00 1.607415e+00 1.315886e+00 1.969305e+00 1.458936e+00 1.567346e+00 8.326374e-02 3.412396e-02 7.914869e-02 1.740385e-01 2.198001e-01 2.656829e-01 2.745316e-01 2.740358e-01 2.788714e-01 2.421256e-01 4.977194e-01 2.495889e-01 5.010073e-01 6.372557e-03
<GCONST> 8.160853e+01
<TRANSP> 20
 0.000000e+00 1.000000e+00 0.000000e+00 0.000000e+00 0.000000e+00 0.000000e+00 0.000000e+00 0.000000e+00 0.000000e+00 0.000000e+00 0.000000e+00 0.000000e+00 0.000000e+00 0.000000e+00 0.000000e+00 0.000000e+00 0.000000e+00 0.000000e+00 0.000000e+00 0.000000e+00
 0.000000e+00 7.444493e-01 2.555507e-01 0.000000e+00 0.000000e+00 0.000000e+00 0.000000e+00 0.000000e+00 0.000000e+00 0.000000e+00 0.000000e+00 0.000000e+00 0.000000e+00 0.000000e+00 0.000000e+00 0.000000e+00 0.000000e+00 0.000000e+00 0.000000e+00 0.000000e+00
 0.000000e+00 0.000000e+00 7.390136e-01 2.609864e-01 0.000000e+00 0.000000e+00 0.000000e+00 0.000000e+00 0.000000e+00 0.000000e+00 0.000000e+00 0.000000e+00 0.000000e+00 0.000000e+00 0.000000e+00 0.000000e+00 0.000000e+00 0.000000e+00 0.000000e+00 0.000000e+00
 0.000000e+00 0.000000e+00 0.000000e+00 6.151758e-01 3.848242e-01 0.000000e+00 0.000000e+00 0.000000e+00 0.000000e+00 0.000000e+00 0.000000e+00 0.000000e+00 0.000000e+00 0.000000e+00 0.000000e+00 0.000000e+00 0.000000e+00 0.000000e+00 0.000000e+00 0.000000e+00
 0.000000e+00 0.000000e+00 0.000000e+00 0.000000e+00 5.971604e-01 4.028396e-01 0.000000e+00 0.000000e+00 0.000000e+00 0.000000e+00 0.000000e+00 0.000000e+00 0.000000e+00 0.000000e+00 0.000000e+00 0.000000e+00 0.000000e+00 0.000000e+00 0.000000e+00 0.000000e+00
 0.000000e+00 0.000000e+00 0.000000e+00 0.000000e+00 0.000000e+00 6.862178e-01 3.137822e-01 0.000000e+00 0.000000e+00 0.000000e+00 0.000000e+00 0.000000e+00 0.000000e+00 0.000000e+00 0.000000e+00 0.000000e+00 0.000000e+00 0.000000e+00 0.000000e+00 0.000000e+00
 0.000000e+00 0.000000e+00 0.000000e+00 0.000000e+00 0.000000e+00 0.000000e+00 8.397222e-01 1.602779e-01 0.000000e+00 0.000000e+00 0.000000e+00 0.000000e+00 0.000000e+00 0.000000e+00 0.000000e+00 0.000000e+00 0.000000e+00 0.000000e+00 0.000000e+00 0.000000e+00
 0.000000e+00 0.000000e+00 0.000000e+00 0.000000e+00 0.000000e+00 0.000000e+00 0.000000e+00 7.195753e-01 2.804247e-01 0.000000e+00 0.000000e+00 0.000000e+00 0.000000e+00 0.000000e+00 0.000000e+00 0.000000e+00 0.000000e+00 0.000000e+00 0.000000e+00 0.000000e+00
 0.000000e+00 0.000000e+00 0.000000e+00 0.000000e+00 0.000000e+00 0.000000e+00 0.000000e+00 0.000000e+00 5.975499e-01 4.024501e-01 0.000000e+00 0.000000e+00 0.000000e+00 0.000000e+00 0.000000e+00 0.000000e+00 0.000000e+00 0.000000e+00 0.000000e+00 0.000000e+00
 0.000000e+00 0.000000e+00 0.000000e+00 0.000000e+00 0.000000e+00 0.000000e+00 0.000000e+00 0.000000e+00 0.000000e+00 6.931347e-01 3.068654e-01 0.000000e+00 0.000000e+00 0.000000e+00 0.000000e+00 0.000000e+00 0.000000e+00 0.000000e+00 0.000000e+00 0.000000e+00
 0.000000e+00 0.000000e+00 0.000000e+00 0.000000e+00 0.000000e+00 0.000000e+00 0.000000e+00 0.000000e+00 0.000000e+00 0.000000e+00 7.853204e-01 2.146796e-01 0.000000e+00 0.000000e+00 0.000000e+00 0.000000e+00 0.000000e+00 0.000000e+00 0.000000e+00 0.000000e+00
 0.000000e+00 0.000000e+00 0.000000e+00 0.000000e+00 0.000000e+00 0.000000e+00 0.000000e+00 0.000000e+00 0.000000e+00 0.000000e+00 0.000000e+00 6.250880e-01 3.749120e-01 0.000000e+00 0.000000e+00 0.000000e+00 0.000000e+00 0.000000e+00 0.000000e+00 0.000000e+00
 0.000000e+00 0.000000e+00 0.000000e+00 0.000000e+00 0.000000e+00 0.000000e+00 0.000000e+00 0.000000e+00 0.000000e+00 0.000000e+00 0.000000e+00 0.000000e+00 7.097887e-01 2.902113e-01 0.000000e+00 0.000000e+00 0.000000e+00 0.000000e+00 0.000000e+00 0.000000e+00
 0.000000e+00 0.000000e+00 0.000000e+00 0.000000e+00 0.000000e+00 0.000000e+00 0.000000e+00 0.000000e+00 0.000000e+00 0.000000e+00 0.000000e+00 0.000000e+00 0.000000e+00 6.584054e-01 3.415947e-01 0.000000e+00 0.000000e+00 0.000000e+00 0.000000e+00 0.000000e+00
 0.000000e+00 0.000000e+00 0.000000e+00 0.000000e+00 0.000000e+00 0.000000e+00 0.000000e+00 0.000000e+00 0.000000e+00 0.000000e+00 0.000000e+00 0.000000e+00 0.000000e+00 0.000000e+00 6.984115e-01 3.015886e-01 0.000000e+00 0.000000e+00 0.000000e+00 0.000000e+00
 0.000000e+00 0.000000e+00 0.000000e+00 0.000000e+00 0.000000e+00 0.000000e+00 0.000000e+00 0.000000e+00 0.000000e+00 0.000000e+00 0.000000e+00 0.000000e+00 0.000000e+00 0.000000e+00 0.000000e+00 7.095257e-01 2.904743e-01 0.000000e+00 0.000000e+00 0.000000e+00
 0.000000e+00 0.000000e+00 0.000000e+00 0.000000e+00 0.000000e+00 0.000000e+00 0.000000e+00 0.000000e+00 0.000000e+00 0.000000e+00 0.000000e+00 0.000000e+00 0.000000e+00 0.000000e+00 0.000000e+00 0.000000e+00 7.640903e-01 2.359097e-01 0.000000e+00 0.000000e+00
 0.000000e+00 0.000000e+00 0.000000e+00 0.000000e+00 0.000000e+00 0.000000e+00 0.000000e+00 0.000000e+00 0.000000e+00 0.000000e+00 0.000000e+00 0.000000e+00 0.000000e+00 0.000000e+00 0.000000e+00 0.000000e+00 0.000000e+00 7.635880e-01 2.364120e-01 0.000000e+00
 0.000000e+00 0.000000e+00 0.000000e+00 0.000000e+00 0.000000e+00 0.000000e+00 0.000000e+00 0.000000e+00 0.000000e+00 0.000000e+00 0.000000e+00 0.000000e+00 0.000000e+00 0.000000e+00 0.000000e+00 0.000000e+00 0.000000e+00 0.000000e+00 6.268055e-01 3.731946e-01
 0.000000e+00 0.000000e+00 0.000000e+00 0.000000e+00 0.000000e+00 0.000000e+00 0.000000e+00 0.000000e+00 0.000000e+00 0.000000e+00 0.000000e+00 0.000000e+00 0.000000e+00 0.000000e+00 0.000000e+00 0.000000e+00 0.000000e+00 0.000000e+00 0.000000e+00 0.000000e+00
<ENDHMM>
