~o
<STREAMINFO> 1 39
<VECSIZE> 39<NULLD><MFCC_D_A_0><DIAGC>
~h "pukul"
<BEGINHMM>
<NUMSTATES> 20
<STATE> 2
<MEAN> 39
 -1.664950e+01 -6.498562e+00 -2.712279e+00 -4.699133e+00 9.161166e-01 -4.208891e+00 7.256528e-01 -6.127486e+00 -9.760144e-01 -7.193447e+00 1.643684e+00 -5.085717e+00 5.749530e+01 1.607433e+00 7.015276e-01 -3.962575e-01 -8.001221e-01 -7.594789e-01 -6.152833e-01 -8.062556e-01 -1.576205e+00 -1.148191e+00 -2.837319e-01 6.391578e-01 7.320935e-01 9.892542e-01 8.409685e-01 5.722432e-01 -9.195852e-02 -6.315743e-01 -5.658223e-01 -1.718049e-01 -2.975321e-01 -2.842959e-01 -3.456080e-01 -1.769627e-02 2.039590e-01 1.673403e-01 4.132299e-01
<VARIANCE> 39
 2.663062e+00 2.538670e+00 8.324644e+00 9.089210e+00 9.765182e+00 2.017144e+01 1.928102e+01 1.841146e+01 1.509746e+01 1.157318e+01 1.688900e+01 1.336108e+01 2.005485e+00 2.988232e+00 1.925031e+00 1.677569e+00 2.857145e+00 3.183962e+00 2.442573e+00 2.990318e+00 3.163210e+00 2.135120e+00 1.773156e+00 2.630831e+00 2.095562e+00 8.579573e-01 2.582483e-01 2.826883e-01 2.353910e-01 4.555245e-01 4.800441e-01 4.817675e-01 5.549918e-01 4.431616e-01 3.553922e-01 2.779514e-01 6.403968e-01 4.136875e-01 6.985262e-02
<GCONST> 9.682669e+01
<STATE> 3
<MEAN> 39
 -6.614769e-01 4.045513e+00 -4.302858e+00 -1.581058e+01 -8.668311e+00 -7.685409e+00 -5.094324e+00 -1.391914e+01 -8.150301e+00 -9.033129e+00 5.456753e+00 -9.709969e-01 6.581341e+01 3.853775e+00 2.953173e+00 -6.547132e-02 -3.684808e+00 -2.471684e+00 9.361082e-02 -3.550470e-01 4.081728e-01 -1.371489e+00 -6.971979e-01 5.634235e-01 2.800368e-01 1.923413e+00 -8.603738e-01 -5.018151e-01 1.549755e-01 4.152889e-01 5.668595e-01 4.740054e-01 6.077222e-01 9.467611e-01 4.149592e-01 -1.366792e-01 -2.548508e-01 -3.032881e-01 -4.267619e-01
<VARIANCE> 39
 2.243940e+01 2.317857e+01 2.849881e+01 4.152839e+01 3.262980e+01 2.699960e+01 1.756804e+01 3.068486e+01 2.526887e+01 2.141944e+01 4.204729e+01 2.488221e+01 6.393293e+00 2.359829e+00 2.108995e+00 1.837559e+00 2.901618e+00 2.699572e+00 4.465826e+00 3.512742e+00 5.112473e+00 2.567585e+00 1.885059e+00 5.329522e+00 1.954068e+00 6.818733e-01 5.088074e-01 5.625277e-01 3.833525e-01 1.008169e+00 5.590598e-01 2.918474e-01 4.301918e-01 4.339013e-01 3.737837e-01 3.994763e-01 5.838192e-01 4.687706e-01 1.089571e-01
<GCONST> 1.142663e+02
<STATE> 4
<MEAN> 39
 4.236429e+00 8.148925e+00 -2.940028e+00 -2.263304e+01 -9.916244e+00 -3.342383e+00 -3.397916e+00 -8.099328e+00 -9.937043e+00 -1.252631e+01 7.031527e+00 -1.456126e-01 6.893306e+01 -4.903023e-01 4.448934e-02 4.095262e-01 7.676233e-01 5.547119e-01 -2.343803e-02 5.452046e-01 4.984614e-01 1.809323e-01 -5.814174e-01 -8.490545e-01 -3.971819e-01 -3.886599e-01 -6.993626e-01 -4.546647e-01 1.511605e-01 9.015779e-01 4.263133e-01 -2.536205e-01 -1.182860e-01 -3.095957e-01 2.979148e-01 2.064951e-01 -3.074528e-01 -2.007697e-01 -4.333356e-01
<VARIANCE> 39
 3.051944e+00 5.821504e+00 2.320057e+01 2.693960e+01 3.675677e+01 7.946832e+01 1.899396e+01 8.428502e+01 2.912382e+01 9.149204e+00 6.045626e+01 2.298199e+01 6.066415e+00 5.637907e-01 3.063546e-01 7.859746e-01 2.204677e+00 1.116649e+00 1.686566e+00 9.239397e-01 2.833083e+00 1.655622e+00 1.276498e+00 9.014261e-01 1.449399e+00 3.950298e-01 1.386165e-01 1.266585e-01 1.544782e-01 4.078839e-01 2.296537e-01 3.726325e-01 2.998109e-01 6.139457e-01 2.796409e-01 2.489769e-01 2.722647e-01 2.137539e-01 4.074695e-02
<GCONST> 9.178427e+01
<STATE> 5
<MEAN> 39
 -2.071929e+00 5.379232e+00 -1.293612e+00 -1.415069e+01 -6.638336e+00 -6.622023e+00 -1.974177e+00 -8.093170e+00 -7.035590e+00 -1.245756e+01 2.478325e-01 -4.601763e+00 6.435304e+01 -1.424759e+00 -9.066064e-01 3.586388e-01 1.412620e+00 4.749374e-01 -4.511602e-01 -1.565588e-01 -1.239929e-01 5.277965e-01 1.341644e-01 -7.732148e-01 -3.726269e-01 -8.363947e-01 3.450174e-02 -5.964443e-02 -1.126828e-01 -1.524827e-01 -9.564333e-02 2.394323e-02 -5.129470e-02 -1.248579e-01 -1.050614e-01 6.591327e-02 2.440444e-01 1.609943e-01 6.112016e-02
<VARIANCE> 39
 5.388484e+00 5.645438e+00 1.079522e+01 1.231905e+01 3.681430e+01 4.073388e+01 1.774907e+01 4.742488e+01 3.441568e+01 1.458497e+01 5.101829e+01 3.713987e+01 2.261054e+00 9.983642e-02 2.982410e-01 5.641121e-01 6.227883e-01 1.172967e+00 1.215630e+00 1.308463e+00 2.018639e+00 9.570574e-01 1.468344e+00 1.485186e+00 1.342385e+00 4.605563e-02 3.294270e-02 4.587200e-02 6.236861e-02 8.216657e-02 1.887541e-01 2.210331e-01 2.312948e-01 3.071097e-01 2.360337e-01 3.559449e-01 2.475251e-01 2.058408e-01 9.250239e-03
<GCONST> 7.560377e+01
<STATE> 6
<MEAN> 39
 -7.826708e+00 1.426226e+00 -2.732565e-01 -8.136414e+00 -4.414094e+00 -7.591747e+00 -2.222424e+00 -9.748702e+00 -4.812548e+00 -1.122892e+01 -1.722387e+00 -6.072915e+00 6.114862e+01 -7.009612e-01 -4.764360e-01 3.080052e-02 8.852074e-01 1.090647e+00 6.027418e-01 3.023289e-01 6.756294e-02 2.838965e-01 1.912770e-01 -2.102543e-01 -6.066515e-01 -3.494658e-01 1.810984e-01 6.056244e-02 -2.504433e-01 -2.568237e-01 5.332715e-02 2.572134e-01 2.629445e-01 2.620585e-01 -1.131586e-02 2.397344e-02 1.357893e-02 -7.002627e-03 1.233872e-01
<VARIANCE> 39
 3.679564e+00 4.341982e+00 8.203688e+00 1.264566e+01 2.241891e+01 2.046553e+01 1.088457e+01 1.911086e+01 2.291134e+01 1.516633e+01 2.980287e+01 2.577107e+01 1.027443e+00 1.240717e-01 3.045053e-01 5.660189e-01 8.749674e-01 6.037853e-01 6.966125e-01 1.114430e+00 9.231264e-01 1.547389e+00 1.612191e+00 1.797390e+00 1.133801e+00 3.765035e-02 2.975370e-02 1.110773e-01 2.501206e-01 2.312485e-01 3.235801e-01 2.451636e-01 3.262817e-01 3.019454e-01 4.160008e-01 3.260411e-01 4.520035e-01 3.113741e-01 1.171073e-02
<GCONST> 7.478848e+01
<STATE> 7
<MEAN> 39
 -8.986572e+00 -7.509717e-01 -4.360983e+00 -9.206565e+00 -1.124550e+00 -2.776223e+00 2.624920e+00 -5.669717e+00 -3.022599e+00 -1.005710e+01 -2.808104e+00 -8.477915e+00 6.108666e+01 3.772377e-01 -5.352256e-01 -2.317769e+00 -1.972977e+00 -2.652483e-01 1.687033e+00 2.327849e+00 1.302850e+00 5.014703e-02 4.172294e-01 1.929848e-01 3.431941e-01 4.756858e-01 4.532019e-01 4.035869e-01 7.432088e-02 -4.095570e-01 -5.865037e-01 -4.210967e-01 -4.886403e-01 -5.680395e-01 -4.338836e-01 -1.458467e-01 3.995518e-01 4.629932e-01 2.096140e-01
<VARIANCE> 39
 4.367115e+00 6.174158e+00 3.104532e+01 4.522712e+01 4.712250e+01 3.496018e+01 3.364057e+01 3.678962e+01 4.241667e+01 5.002144e+01 4.250329e+01 2.585252e+01 1.932924e+00 4.576039e-01 1.208155e+00 3.036303e+00 3.047687e+00 4.183775e+00 3.083823e+00 3.979060e+00 3.493166e+00 3.356750e+00 2.643250e+00 3.768284e+00 1.428355e+00 2.155600e-01 1.017568e-01 1.862513e-01 7.892561e-01 8.306654e-01 4.653239e-01 7.414841e-01 1.471318e+00 6.174833e-01 4.531717e-01 5.794037e-01 4.809256e-01 2.270191e-01 4.655561e-02
<GCONST> 1.090538e+02
<STATE> 8
<MEAN> 39
 -6.677478e+00 1.541989e-01 -7.651953e+00 -1.335720e+01 -3.311189e+00 -9.338216e-01 5.224528e+00 -6.214538e+00 -6.345655e+00 -1.118416e+01 -4.340987e-01 -4.669555e+00 6.258840e+01 2.098890e+00 1.901080e+00 6.672050e-01 -8.362677e-01 -1.377952e+00 -1.509338e+00 -2.606103e+00 -2.529624e+00 -2.041244e+00 -6.920151e-01 1.679887e+00 1.751583e+00 1.011560e+00 5.215489e-01 4.660776e-01 5.320296e-01 -1.886088e-02 -2.121490e-01 -4.821568e-01 -1.156732e+00 -6.510332e-01 -1.393004e-01 6.042760e-02 3.372004e-01 -7.376541e-02 2.851237e-01
<VARIANCE> 39
 9.080600e+00 1.605301e+01 4.455481e+01 5.799052e+01 9.370092e+01 5.064830e+01 3.496566e+01 6.533546e+01 5.715864e+01 3.293876e+01 5.465127e+01 3.820009e+01 3.003779e+00 1.069618e+00 9.976920e-01 2.783570e+00 4.428280e+00 2.891184e+00 2.404170e+00 3.461178e+00 2.147343e+00 1.529856e+00 1.514385e+00 1.681710e+00 1.646834e+00 3.867445e-01 1.672704e-01 2.766042e-01 1.112890e+00 1.298363e+00 8.279364e-01 8.795467e-01 7.845511e-01 7.066897e-01 5.084429e-01 3.136986e-01 3.582075e-01 5.179998e-01 9.866327e-02
<GCONST> 1.149812e+02
<STATE> 9
<MEAN> 39
 1.625588e+00 6.982514e+00 -4.795805e+00 -1.821320e+01 -8.323101e+00 -6.643902e+00 -7.900496e+00 -1.492015e+01 -1.138345e+01 -1.138187e+01 6.557145e+00 -1.916685e+00 6.733712e+01 1.908337e+00 9.270782e-01 -1.342770e-02 -1.866508e+00 -7.161740e-01 8.603753e-02 -2.256329e+00 -7.719881e-01 -7.864088e-01 6.080561e-01 1.666805e+00 -2.764108e-01 1.363253e+00 -5.600515e-01 -6.333506e-01 -3.158279e-01 2.276359e-01 6.606012e-01 8.158941e-01 8.632140e-01 7.166806e-01 4.364420e-01 3.568152e-01 -3.806080e-01 -5.219561e-01 -2.109827e-01
<VARIANCE> 39
 3.883946e+00 1.675422e+01 4.112013e+01 3.488906e+01 3.136328e+01 3.356006e+01 6.720001e+01 6.389702e+01 5.782063e+01 2.602873e+01 1.066255e+02 2.925097e+01 4.248309e+00 1.011037e+00 1.320579e+00 2.127391e+00 4.479174e+00 2.988344e+00 3.999598e+00 4.844219e+00 4.548553e+00 3.435771e+00 3.000398e+00 2.692484e+00 2.768873e+00 5.201149e-01 8.033144e-02 7.475967e-02 2.555282e-01 4.762184e-01 2.606634e-01 3.494264e-01 3.495379e-01 4.224843e-01 4.754762e-01 1.766261e-01 3.095351e-01 3.209258e-01 5.719708e-02
<GCONST> 1.078809e+02
<STATE> 10
<MEAN> 39
 4.291925e+00 7.679794e+00 -8.292520e+00 -1.992717e+01 -9.010613e+00 -3.422245e+00 -2.619705e+00 -1.490562e+01 -1.146709e+01 -1.066934e+01 7.314265e+00 -1.073728e+00 6.889531e+01 1.059762e-01 -5.732739e-01 -5.882884e-01 -1.232035e-01 7.933375e-01 1.055720e+00 -4.930001e-01 -1.606513e+00 -3.430110e-01 1.655118e+00 1.307478e+00 -4.482852e-01 3.726386e-01 -2.384579e-01 -2.188776e-01 1.914616e-01 2.383158e-01 -8.659032e-04 -4.142784e-02 -5.742917e-02 -2.770540e-01 2.227400e-01 3.852592e-01 -2.343298e-01 -2.437384e-01 -9.598430e-02
<VARIANCE> 39
 2.964946e+00 1.560902e+01 2.990193e+01 2.871215e+01 2.670704e+01 2.614010e+01 3.889345e+01 4.769281e+01 2.760012e+01 3.942484e+01 4.877089e+01 2.590562e+01 1.513630e+00 1.938860e-01 5.599790e-01 7.970180e-01 6.545877e-01 8.551014e-01 1.179908e+00 1.418171e+00 4.102925e+00 1.395160e+00 3.351909e+00 2.262874e+00 3.463866e+00 5.519528e-02 4.831746e-02 6.828675e-02 1.645380e-01 1.369121e-01 1.832101e-01 1.484875e-01 2.216212e-01 3.483008e-01 1.954157e-01 3.714418e-01 6.355423e-01 3.889149e-01 1.896598e-02
<GCONST> 8.683452e+01
<STATE> 11
<MEAN> 39
 1.808950e+00 3.770535e+00 -1.592989e+00 -2.474749e+01 1.043507e+00 -2.967483e-01 -2.384353e+01 -1.185231e+01 -1.627772e+01 2.355658e+00 1.596797e+01 -9.061234e+00 7.347168e+01 2.015319e-02 -2.566528e-01 -1.751470e-01 2.827392e-01 3.210461e-01 -3.607576e-01 -2.658142e-01 -3.764567e-01 6.502725e-01 5.905211e-01 -8.271651e-01 -8.566469e-01 -3.193364e-02 -6.270348e-03 2.989544e-02 3.102350e-02 1.342743e-01 -7.777628e-02 -6.218160e-02 1.741934e-01 -2.080188e-02 2.112947e-02 -1.942022e-01 -2.093894e-01 9.779526e-02 -8.092228e-02
<VARIANCE> 39
 3.619794e+00 8.234445e+00 5.105031e+01 3.391933e+01 2.512950e+01 7.787823e+01 8.961545e+01 6.817360e+01 1.963637e+01 4.152572e+01 4.766557e+01 3.560047e+01 1.039978e+01 1.349271e-01 6.816419e-01 9.551817e-01 1.254745e+00 9.852230e-01 1.727207e+00 3.167564e+00 3.035130e+00 1.399449e+00 3.011794e+00 2.328814e+00 1.250425e+00 2.971744e-01 2.137483e-02 5.489067e-02 1.490632e-01 1.525608e-01 1.708428e-01 2.777361e-01 3.254039e-01 3.811642e-01 3.432310e-01 3.027346e-01 2.821482e-01 2.407842e-01 1.424436e-02
<GCONST> 9.231956e+01
<STATE> 12
<MEAN> 39
 2.305024e+00 -2.018384e-02 -7.219847e+00 -1.654031e+01 -6.030672e+00 2.360380e+00 -8.590011e+00 -2.844191e+01 -4.105139e+00 5.301207e+00 5.255823e+00 -7.729528e+00 6.978165e+01 -4.515973e-01 -3.012366e-01 6.553072e-01 4.150220e-01 -3.149246e-02 -2.418521e-01 -4.382826e-01 2.493652e-02 8.555300e-01 2.840124e-01 -8.936220e-01 -3.070415e-01 -2.315232e-01 -4.259108e-02 1.608099e-01 -1.218364e-02 4.781780e-02 3.812506e-02 -2.252164e-01 4.408713e-02 3.304431e-01 -3.101538e-01 -6.970832e-01 1.545952e-02 1.184333e-01 -1.105506e-01
<VARIANCE> 39
 4.927254e+00 9.133669e+00 7.033059e+01 2.448756e+01 4.684988e+01 7.571004e+01 5.837866e+01 5.967206e+01 6.078310e+01 1.553884e+01 6.072182e+01 7.563646e+01 7.669396e-01 8.829433e-02 4.380803e-01 4.469339e-01 5.181352e-01 1.333237e+00 1.458869e+00 1.029396e+00 1.785998e+00 2.867784e+00 4.532803e+00 1.434589e+00 2.109924e+00 1.103158e-01 1.504116e-02 4.539187e-02 7.279552e-02 1.091689e-01 1.945368e-01 2.162499e-01 2.046030e-01 3.606762e-01 4.832656e-01 4.655263e-01 2.893870e-01 5.460539e-01 4.710442e-03
<GCONST> 8.571544e+01
<STATE> 13
<MEAN> 39
 1.176441e+00 1.434770e+00 -7.763598e+00 -1.719662e+01 -3.632738e+00 -6.647400e+00 -1.447566e+01 -2.223826e+01 -7.320446e+00 -2.558452e+00 3.330875e-01 -1.331798e+01 6.776797e+01 -6.225375e-01 3.277021e-02 5.595367e-01 1.073897e+00 1.607155e-01 -3.066528e-01 3.421099e-01 -1.298974e-01 -2.664939e-01 -1.093997e+00 -6.820394e-01 9.975769e-02 -5.736020e-01 -1.122397e-01 -1.459154e-02 7.603393e-02 1.221133e-01 1.058580e-01 5.366044e-02 8.568012e-02 1.049376e-01 1.382452e-01 1.521393e-01 1.364343e-01 4.710106e-02 -4.446689e-02
<VARIANCE> 39
 4.411721e+00 1.157002e+01 2.444769e+01 1.812873e+01 6.049156e+01 2.668461e+01 2.030839e+01 3.225894e+01 4.971749e+01 1.802692e+01 9.093445e+01 3.118561e+01 1.631080e+00 1.728189e-01 4.284548e-01 7.766464e-01 1.020486e+00 1.230057e+00 1.390636e+00 1.448031e+00 2.236779e+00 1.881568e+00 2.110121e+00 1.173364e+00 1.441545e+00 6.158343e-02 3.305915e-02 8.018029e-02 9.006669e-02 1.225283e-01 2.118657e-01 2.404777e-01 2.263234e-01 3.624519e-01 2.278272e-01 2.214104e-01 2.580426e-01 2.384218e-01 1.007070e-02
<GCONST> 8.251598e+01
<STATE> 14
<MEAN> 39
 -3.803275e+00 1.900424e+00 -1.047722e+00 -7.149287e+00 9.082442e-01 -3.499878e+00 -9.398274e+00 -2.116401e+01 -6.356077e+00 -4.571487e+00 2.022243e+00 -9.755900e+00 6.422803e+01 -9.786041e-01 -1.240485e-01 4.616713e-01 1.189336e+00 5.976360e-01 -2.855296e-01 5.891171e-01 8.461177e-01 2.657105e-01 -5.118510e-01 -3.475651e-01 8.733977e-02 -7.563281e-01 -1.767820e-02 -4.112610e-02 -6.671874e-02 -1.172466e-01 -3.101607e-02 -3.983752e-02 -4.844395e-02 4.202070e-02 -1.603464e-02 1.824897e-02 2.700264e-02 1.135298e-01 1.395414e-02
<VARIANCE> 39
 4.043445e+00 5.969351e+00 1.801128e+01 1.897382e+01 2.320263e+01 3.942476e+01 2.764350e+01 2.819016e+01 3.409557e+01 2.491857e+01 5.057553e+01 4.544247e+01 1.966509e+00 1.906708e-01 3.361418e-01 5.145382e-01 5.651438e-01 1.540170e+00 9.596329e-01 1.489081e+00 3.059720e+00 1.233566e+00 1.735739e+00 1.796347e+00 1.134493e+00 2.711291e-02 3.676618e-02 8.110051e-02 5.998955e-02 8.880029e-02 1.392334e-01 2.087599e-01 3.519602e-01 2.930960e-01 3.121948e-01 4.857415e-01 2.776181e-01 1.626406e-01 5.481089e-03
<GCONST> 7.807284e+01
<STATE> 15
<MEAN> 39
 -8.711334e+00 2.912280e-01 -1.859415e-04 -4.216336e+00 1.995724e-02 -8.693244e+00 -9.563455e+00 -1.897827e+01 -7.999556e+00 -1.083959e+01 -4.965312e+00 -1.269067e+01 6.081549e+01 -6.380051e-01 -1.097646e-01 6.087353e-01 9.771920e-01 2.533259e-01 -3.392110e-02 4.655107e-01 6.793633e-01 -1.233638e-01 -6.938861e-01 -5.175233e-01 -1.174872e-01 -4.293311e-01 6.225077e-02 -1.655606e-02 -7.051480e-02 -8.662186e-02 -1.732506e-02 1.247994e-01 7.748402e-02 1.041498e-01 7.029155e-02 1.434983e-01 5.047465e-02 -1.118955e-01 5.128127e-02
<VARIANCE> 39
 3.421981e+00 5.718664e+00 9.271694e+00 1.559958e+01 2.306450e+01 1.957265e+01 1.403374e+01 9.380128e+00 1.619079e+01 1.143020e+01 1.735659e+01 1.793973e+01 1.001253e+00 1.358218e-01 3.615916e-01 4.672059e-01 4.552776e-01 5.087956e-01 1.062606e+00 7.460431e-01 1.015785e+00 1.688175e+00 1.159693e+00 1.487666e+00 1.359045e+00 4.736111e-02 2.801268e-02 6.121521e-02 9.914840e-02 9.191127e-02 8.760055e-02 1.798642e-01 1.283566e-01 1.211094e-01 3.427107e-01 2.431520e-01 2.359614e-01 2.373068e-01 1.042722e-02
<GCONST> 6.514105e+01
<STATE> 16
<MEAN> 39
 -1.059754e+01 4.285813e-01 2.528462e+00 6.773605e-01 5.525349e+00 -2.057397e+00 -1.497188e+00 -1.037651e+01 -2.594940e+00 -6.430701e+00 4.199098e-02 -8.521262e+00 5.959272e+01 -6.080657e-01 -4.749052e-01 -2.822559e-01 -6.170109e-02 -3.981136e-02 3.256626e-01 8.713997e-01 1.003189e+00 3.625618e-01 6.604491e-02 -1.485224e-01 -8.278714e-02 -3.473843e-01 -1.839641e-02 -1.117097e-01 -9.238853e-02 -1.106340e-01 -5.173676e-02 3.985052e-02 -5.839230e-02 -1.604628e-01 -2.328711e-02 2.152029e-02 -2.925905e-02 1.232184e-01 7.972104e-03
<VARIANCE> 39
 1.693701e+00 3.527544e+00 5.346632e+00 8.210647e+00 1.802576e+01 2.448810e+01 3.260035e+01 4.481153e+01 3.578524e+01 3.105765e+01 5.841121e+01 4.619007e+01 5.019978e-01 9.226127e-02 3.514691e-01 5.282741e-01 3.865920e-01 5.400223e-01 1.020082e+00 7.404770e-01 1.505525e+00 1.458346e+00 1.065138e+00 1.144719e+00 2.234921e+00 3.544884e-02 2.003669e-02 4.635689e-02 7.832120e-02 1.005323e-01 1.786801e-01 1.192793e-01 1.150347e-01 2.450002e-01 3.331644e-01 2.117833e-01 2.014364e-01 4.290569e-01 6.025904e-03
<GCONST> 6.792843e+01
<STATE> 17
<MEAN> 39
 -1.321723e+01 -2.451133e+00 1.351053e+00 -4.271582e-01 2.810183e+00 -4.235304e+00 -2.561646e+00 -1.158765e+01 -5.036994e+00 -9.599278e+00 -4.380222e+00 -1.150744e+01 5.818023e+01 -5.149146e-01 -4.644771e-01 4.363500e-02 3.370779e-01 4.416728e-01 4.006422e-01 3.641306e-01 4.528784e-01 2.906429e-01 -1.946951e-01 -5.067096e-01 -2.862819e-01 -2.256476e-01 -1.190028e-02 -1.697439e-02 -3.377856e-02 -1.086796e-02 5.414241e-02 -2.953524e-02 -1.022600e-01 -1.707767e-02 1.040260e-01 5.143906e-02 4.555324e-02 -1.253709e-01 2.962343e-02
<VARIANCE> 39
 7.846872e-01 1.930245e+00 6.339231e+00 1.063802e+01 2.531142e+01 4.536040e+01 2.863147e+01 1.530599e+01 1.708789e+01 2.365518e+01 3.972549e+01 2.947704e+01 1.561231e-01 1.827862e-01 5.003072e-01 6.559458e-01 8.307969e-01 1.109996e+00 8.062272e-01 1.347371e+00 1.812267e+00 1.575296e+00 1.630305e+00 2.362734e+00 1.785114e+00 4.189902e-02 2.027528e-02 7.011562e-02 1.911689e-01 2.293148e-01 2.804872e-01 2.286471e-01 1.547375e-01 3.752644e-01 1.977159e-01 2.986250e-01 4.545482e-01 3.107290e-01 5.638403e-03
<GCONST> 7.239426e+01
<STATE> 18
<MEAN> 39
 -1.578859e+01 -4.716853e+00 1.805060e-01 -7.205609e-01 3.641177e+00 -3.409440e+00 -1.018386e+00 -8.259722e+00 -2.114913e+00 -9.173903e+00 -4.036978e+00 -1.143523e+01 5.721867e+01 -6.182711e-01 -5.866061e-01 -4.066839e-01 -1.729852e-01 1.176791e-01 3.350222e-01 5.213544e-01 4.428928e-01 3.209292e-01 2.125024e-01 2.120466e-01 1.213351e-01 -2.622179e-01 1.746160e-02 1.416112e-02 2.355054e-03 8.804470e-03 2.174342e-02 1.010777e-01 6.358778e-02 -9.089215e-02 -1.857682e-01 -6.617225e-02 -2.787161e-02 1.372393e-02 1.088429e-02
<VARIANCE> 39
 1.380577e+00 2.622086e+00 5.338567e+00 9.881252e+00 2.119389e+01 3.591342e+01 4.350803e+01 5.066168e+01 2.243356e+01 1.463397e+01 2.465792e+01 2.552515e+01 3.535491e-01 1.007717e-01 2.273435e-01 4.411915e-01 5.192970e-01 1.013413e+00 1.419541e+00 1.258118e+00 2.216964e+00 1.340322e+00 1.088871e+00 1.587451e+00 1.869411e+00 1.598791e-02 1.484807e-02 4.221373e-02 8.253399e-02 1.257064e-01 1.274180e-01 2.437044e-01 2.812422e-01 3.721473e-01 2.540899e-01 1.830651e-01 2.771931e-01 3.081101e-01 3.088612e-03
<GCONST> 6.695001e+01
<STATE> 19
<MEAN> 39
 -1.864774e+01 -7.875136e+00 -1.708750e+00 8.941244e-01 8.336045e+00 2.977257e+00 3.358576e+00 -8.255319e+00 -5.307400e+00 -1.205058e+01 -6.013125e+00 -1.234262e+01 5.611239e+01 -4.510050e-01 -4.706596e-01 -2.803697e-01 2.021864e-02 3.952543e-01 8.094991e-01 1.167307e+00 9.488096e-01 1.847596e-02 -3.478593e-01 -3.317247e-01 -3.415165e-01 -1.679319e-01 1.302626e-01 1.323670e-01 1.097261e-01 1.130243e-02 -9.642730e-02 -5.623304e-02 1.736184e-01 3.685748e-01 3.215573e-01 8.018182e-02 -4.472207e-02 -6.147880e-02 4.067082e-02
<VARIANCE> 39
 1.973094e+00 3.042416e+00 5.602984e+00 1.761604e+01 4.390157e+01 6.314594e+01 5.537011e+01 3.669371e+01 2.317218e+01 2.396978e+01 2.586043e+01 2.467759e+01 2.965221e-01 2.230661e-01 2.045549e-01 6.225094e-01 1.379397e+00 1.459231e+00 1.432786e+00 1.860031e+00 1.961746e+00 1.625771e+00 1.445335e+00 1.527895e+00 1.524335e+00 3.392442e-02 1.688657e-02 3.979390e-02 1.427286e-01 2.705104e-01 2.832468e-01 2.486447e-01 4.005995e-01 3.493806e-01 2.856685e-01 2.708105e-01 3.053733e-01 2.980406e-01 5.058767e-03
<GCONST> 7.685516e+01
<TRANSP> 20
 0.000000e+00 1.000000e+00 0.000000e+00 0.000000e+00 0.000000e+00 0.000000e+00 0.000000e+00 0.000000e+00 0.000000e+00 0.000000e+00 0.000000e+00 0.000000e+00 0.000000e+00 0.000000e+00 0.000000e+00 0.000000e+00 0.000000e+00 0.000000e+00 0.000000e+00 0.000000e+00
 0.000000e+00 7.894408e-01 2.105592e-01 0.000000e+00 0.000000e+00 0.000000e+00 0.000000e+00 0.000000e+00 0.000000e+00 0.000000e+00 0.000000e+00 0.000000e+00 0.000000e+00 0.000000e+00 0.000000e+00 0.000000e+00 0.000000e+00 0.000000e+00 0.000000e+00 0.000000e+00
 0.000000e+00 0.000000e+00 7.111116e-01 2.888884e-01 0.000000e+00 0.000000e+00 0.000000e+00 0.000000e+00 0.000000e+00 0.000000e+00 0.000000e+00 0.000000e+00 0.000000e+00 0.000000e+00 0.000000e+00 0.000000e+00 0.000000e+00 0.000000e+00 0.000000e+00 0.000000e+00
 0.000000e+00 0.000000e+00 0.000000e+00 7.356933e-01 2.643067e-01 0.000000e+00 0.000000e+00 0.000000e+00 0.000000e+00 0.000000e+00 0.000000e+00 0.000000e+00 0.000000e+00 0.000000e+00 0.000000e+00 0.000000e+00 0.000000e+00 0.000000e+00 0.000000e+00 0.000000e+00
 0.000000e+00 0.000000e+00 0.000000e+00 0.000000e+00 7.979794e-01 2.020206e-01 0.000000e+00 0.000000e+00 0.000000e+00 0.000000e+00 0.000000e+00 0.000000e+00 0.000000e+00 0.000000e+00 0.000000e+00 0.000000e+00 0.000000e+00 0.000000e+00 0.000000e+00 0.000000e+00
 0.000000e+00 0.000000e+00 0.000000e+00 0.000000e+00 0.000000e+00 8.142200e-01 1.857800e-01 0.000000e+00 0.000000e+00 0.000000e+00 0.000000e+00 0.000000e+00 0.000000e+00 0.000000e+00 0.000000e+00 0.000000e+00 0.000000e+00 0.000000e+00 0.000000e+00 0.000000e+00
 0.000000e+00 0.000000e+00 0.000000e+00 0.000000e+00 0.000000e+00 0.000000e+00 6.584705e-01 3.415295e-01 0.000000e+00 0.000000e+00 0.000000e+00 0.000000e+00 0.000000e+00 0.000000e+00 0.000000e+00 0.000000e+00 0.000000e+00 0.000000e+00 0.000000e+00 0.000000e+00
 0.000000e+00 0.000000e+00 0.000000e+00 0.000000e+00 0.000000e+00 0.000000e+00 0.000000e+00 6.243278e-01 3.756723e-01 0.000000e+00 0.000000e+00 0.000000e+00 0.000000e+00 0.000000e+00 0.000000e+00 0.000000e+00 0.000000e+00 0.000000e+00 0.000000e+00 0.000000e+00
 0.000000e+00 0.000000e+00 0.000000e+00 0.000000e+00 0.000000e+00 0.000000e+00 0.000000e+00 0.000000e+00 6.572395e-01 3.427605e-01 0.000000e+00 0.000000e+00 0.000000e+00 0.000000e+00 0.000000e+00 0.000000e+00 0.000000e+00 0.000000e+00 0.000000e+00 0.000000e+00
 0.000000e+00 0.000000e+00 0.000000e+00 0.000000e+00 0.000000e+00 0.000000e+00 0.000000e+00 0.000000e+00 0.000000e+00 7.688124e-01 2.311877e-01 0.000000e+00 0.000000e+00 0.000000e+00 0.000000e+00 0.000000e+00 0.000000e+00 0.000000e+00 0.000000e+00 0.000000e+00
 0.000000e+00 0.000000e+00 0.000000e+00 0.000000e+00 0.000000e+00 0.000000e+00 0.000000e+00 0.000000e+00 0.000000e+00 0.000000e+00 8.096095e-01 1.903905e-01 0.000000e+00 0.000000e+00 0.000000e+00 0.000000e+00 0.000000e+00 0.000000e+00 0.000000e+00 0.000000e+00
 0.000000e+00 0.000000e+00 0.000000e+00 0.000000e+00 0.000000e+00 0.000000e+00 0.000000e+00 0.000000e+00 0.000000e+00 0.000000e+00 0.000000e+00 7.975227e-01 2.024773e-01 0.000000e+00 0.000000e+00 0.000000e+00 0.000000e+00 0.000000e+00 0.000000e+00 0.000000e+00
 0.000000e+00 0.000000e+00 0.000000e+00 0.000000e+00 0.000000e+00 0.000000e+00 0.000000e+00 0.000000e+00 0.000000e+00 0.000000e+00 0.000000e+00 0.000000e+00 7.920210e-01 2.079789e-01 0.000000e+00 0.000000e+00 0.000000e+00 0.000000e+00 0.000000e+00 0.000000e+00
 0.000000e+00 0.000000e+00 0.000000e+00 0.000000e+00 0.000000e+00 0.000000e+00 0.000000e+00 0.000000e+00 0.000000e+00 0.000000e+00 0.000000e+00 0.000000e+00 0.000000e+00 8.076779e-01 1.923221e-01 0.000000e+00 0.000000e+00 0.000000e+00 0.000000e+00 0.000000e+00
 0.000000e+00 0.000000e+00 0.000000e+00 0.000000e+00 0.000000e+00 0.000000e+00 0.000000e+00 0.000000e+00 0.000000e+00 0.000000e+00 0.000000e+00 0.000000e+00 0.000000e+00 0.000000e+00 8.113028e-01 1.886971e-01 0.000000e+00 0.000000e+00 0.000000e+00 0.000000e+00
 0.000000e+00 0.000000e+00 0.000000e+00 0.000000e+00 0.000000e+00 0.000000e+00 0.000000e+00 0.000000e+00 0.000000e+00 0.000000e+00 0.000000e+00 0.000000e+00 0.000000e+00 0.000000e+00 0.000000e+00 7.329181e-01 2.670819e-01 0.000000e+00 0.000000e+00 0.000000e+00
 0.000000e+00 0.000000e+00 0.000000e+00 0.000000e+00 0.000000e+00 0.000000e+00 0.000000e+00 0.000000e+00 0.000000e+00 0.000000e+00 0.000000e+00 0.000000e+00 0.000000e+00 0.000000e+00 0.000000e+00 0.000000e+00 7.097233e-01 2.902767e-01 0.000000e+00 0.000000e+00
 0.000000e+00 0.000000e+00 0.000000e+00 0.000000e+00 0.000000e+00 0.000000e+00 0.000000e+00 0.000000e+00 0.000000e+00 0.000000e+00 0.000000e+00 0.000000e+00 0.000000e+00 0.000000e+00 0.000000e+00 0.000000e+00 0.000000e+00 7.923753e-01 2.076247e-01 0.000000e+00
 0.000000e+00 0.000000e+00 0.000000e+00 0.000000e+00 0.000000e+00 0.000000e+00 0.000000e+00 0.000000e+00 0.000000e+00 0.000000e+00 0.000000e+00 0.000000e+00 0.000000e+00 0.000000e+00 0.000000e+00 0.000000e+00 0.000000e+00 0.000000e+00 7.002816e-01 2.997184e-01
 0.000000e+00 0.000000e+00 0.000000e+00 0.000000e+00 0.000000e+00 0.000000e+00 0.000000e+00 0.000000e+00 0.000000e+00 0.000000e+00 0.000000e+00 0.000000e+00 0.000000e+00 0.000000e+00 0.000000e+00 0.000000e+00 0.000000e+00 0.000000e+00 0.000000e+00 0.000000e+00
<ENDHMM>
