~o
<STREAMINFO> 1 39
<VECSIZE> 39<NULLD><MFCC_D_A_0><DIAGC>
~h "tiga"
<BEGINHMM>
<NUMSTATES> 20
<STATE> 2
<MEAN> 39
 -1.810806e+01 -6.840040e+00 -2.133554e+00 -3.975664e+00 3.144803e-01 -6.217939e+00 2.379068e+00 -7.335803e+00 -2.329748e+00 -6.284363e+00 3.007599e+00 -4.739830e+00 5.791629e+01 6.457211e-01 9.081118e-01 1.862897e+00 4.535547e-01 -1.350682e+00 -1.817684e+00 1.568589e-01 -2.032990e+00 -2.236898e+00 7.613825e-02 3.119289e-01 -6.129689e-01 1.338714e+00 6.163311e-01 6.223855e-01 1.282321e+00 -7.297032e-02 -8.647907e-01 -4.659628e-01 -5.636113e-01 -6.448528e-01 -5.883474e-01 1.352376e-01 -3.355610e-01 -2.508899e-01 4.997798e-01
<VARIANCE> 39
 3.314773e+00 4.417599e+00 4.872776e+00 9.979948e+00 3.313748e+01 4.650558e+01 1.418121e+01 3.315230e+01 2.655181e+01 1.438150e+01 2.142009e+01 2.068919e+01 4.719913e+00 1.731792e+00 1.950171e+00 5.790508e+00 2.470720e+00 5.595380e+00 4.320069e+00 4.050610e+00 6.293411e+00 4.941439e+00 2.680084e+00 2.569947e+00 3.588499e+00 1.080498e+00 2.576919e-01 2.797084e-01 7.325497e-01 6.315892e-01 1.159661e+00 1.171400e+00 9.030890e-01 4.206153e-01 6.824939e-01 6.383489e-01 7.764223e-01 4.585865e-01 7.194034e-02
<GCONST> 1.119555e+02
<STATE> 3
<MEAN> 39
 -1.026593e+01 1.849445e+00 1.542326e+01 -3.618188e+00 -1.130226e+01 -1.349805e+01 -3.437190e+00 -2.054007e+01 -1.337434e+01 -3.186093e+00 6.905428e-01 -8.477603e+00 6.624358e+01 2.574569e+00 2.565852e+00 5.883297e+00 -1.494283e+00 -3.686177e+00 -6.635838e-01 -3.598949e+00 -2.192748e+00 -8.314489e-01 1.118931e+00 -8.042574e-01 -4.513892e-01 2.168379e+00 -3.447367e-01 -4.101915e-01 -6.110811e-01 -4.820837e-01 6.428509e-01 8.128694e-01 -6.982966e-02 1.280943e+00 1.137847e+00 -2.558930e-01 1.151087e-01 2.383293e-01 -4.272026e-01
<VARIANCE> 39
 2.033517e+01 2.586443e+01 1.067685e+02 5.962638e+01 1.021514e+02 4.380780e+01 9.836265e+01 9.807771e+01 4.541030e+01 5.956411e+01 3.662521e+01 5.705768e+01 1.562386e+01 1.334051e+00 2.186854e+00 6.238636e+00 7.752204e+00 8.989373e+00 8.220956e+00 5.892478e+00 7.181536e+00 4.387446e+00 5.227158e+00 7.275725e+00 3.583570e+00 9.329759e-01 3.827815e-01 3.607402e-01 1.460409e+00 7.340870e-01 1.190258e+00 8.702064e-01 1.627977e+00 1.040089e+00 4.911524e-01 8.123578e-01 5.562447e-01 6.630920e-01 1.424702e-01
<GCONST> 1.366864e+02
<STATE> 4
<MEAN> 39
 -7.017982e+00 4.506474e+00 2.785600e+01 -9.977302e+00 -1.664429e+01 -9.356342e+00 -1.122423e+01 -1.824314e+01 -9.885702e+00 -2.556268e+00 1.629338e+00 -1.001089e+01 7.003232e+01 3.080159e-01 1.986310e-01 7.167023e-01 -9.118989e-01 4.919415e-01 1.079827e+00 -6.437536e-01 1.542371e+00 1.216180e+00 -5.387970e-01 -1.060199e-01 -7.889672e-01 4.188315e-02 -3.721420e-01 -3.880652e-01 -1.403265e+00 7.145689e-01 8.534641e-01 -8.425181e-02 8.393539e-01 1.789458e-01 -1.760850e-02 -2.441986e-01 -3.836456e-02 -8.445634e-02 -5.397360e-01
<VARIANCE> 39
 5.411975e+00 2.835615e+01 1.042092e+02 1.048036e+02 1.575949e+02 5.098941e+01 6.661403e+01 1.239944e+02 4.403552e+01 5.826560e+01 8.494193e+01 4.171308e+01 1.124650e+01 3.246535e-01 6.135780e-01 2.167455e+00 1.398478e+00 1.157164e+00 2.327573e+00 2.284997e+00 2.362499e+00 1.585479e+00 1.700059e+00 1.657949e+00 1.736165e+00 4.004263e-01 1.179643e-01 2.568322e-01 3.139918e-01 3.923472e-01 5.662428e-01 6.445820e-01 9.784837e-01 7.367299e-01 2.531412e-01 4.481091e-01 7.100511e-01 3.190651e-01 5.501989e-02
<GCONST> 1.122815e+02
<STATE> 5
<MEAN> 39
 -7.572098e+00 4.927300e+00 2.526524e+01 -8.537032e+00 -9.389800e+00 -5.605574e+00 -1.014953e+01 -1.412743e+01 -8.618325e+00 -3.809055e+00 -1.307918e+00 -1.302313e+01 6.729253e+01 5.954831e-02 2.774998e-01 -1.602039e+00 1.231658e+00 1.496496e+00 -2.672633e-02 4.151267e-01 2.877405e-01 3.193456e-01 -8.662682e-01 -6.355159e-01 -1.523801e-01 -8.341292e-01 -3.199852e-02 -4.274895e-02 -9.459155e-02 1.645344e-01 4.397831e-02 -1.040954e-02 1.940656e-01 -2.410799e-02 -6.872763e-02 4.977724e-02 4.428472e-02 1.245450e-01 -6.359105e-03
<VARIANCE> 39
 3.219591e+00 1.504072e+01 5.820874e+01 7.816132e+01 1.142109e+02 3.448631e+01 5.613630e+01 8.211623e+01 2.013138e+01 3.398636e+01 5.131290e+01 3.727652e+01 7.666618e+00 9.542824e-02 3.808434e-01 6.152818e-01 1.290436e+00 1.249788e+00 8.152720e-01 2.462732e+00 1.886036e+00 1.188825e+00 9.941468e-01 2.157349e+00 1.862076e+00 8.933213e-02 2.702182e-02 8.493340e-02 1.350654e-01 1.651620e-01 1.633687e-01 2.322722e-01 2.825479e-01 2.168826e-01 2.595835e-01 1.957098e-01 2.562304e-01 2.290778e-01 2.645541e-02
<GCONST> 8.857611e+01
<STATE> 6
<MEAN> 39
 -6.691842e+00 6.136830e+00 1.047481e+01 -2.111176e+00 -2.782482e+00 -1.070250e+01 -8.901235e+00 -1.202190e+01 -5.462747e+00 -9.302256e+00 -1.234881e+00 -9.574438e+00 6.230589e+01 -4.025015e-01 -5.050489e-01 -9.553807e-01 7.896855e-01 6.855886e-01 5.127248e-01 8.681139e-01 2.910084e-01 3.067045e-01 -1.772667e-01 7.766606e-03 4.252653e-01 -4.873320e-01 -1.581263e-01 -1.500523e-01 1.081502e-01 -5.792913e-02 -1.625715e-01 -1.481277e-01 4.606663e-02 -2.301685e-01 -8.115078e-02 -2.915526e-02 1.086099e-01 1.580230e-01 1.355749e-01
<VARIANCE> 39
 5.025311e+00 4.742949e+00 1.930849e+01 1.259557e+01 3.733106e+01 3.078252e+01 1.540516e+01 2.927265e+01 2.382647e+01 2.200566e+01 3.691628e+01 2.731424e+01 2.244773e+00 2.098286e-01 6.229835e-01 9.450285e-01 9.163949e-01 7.728421e-01 9.317058e-01 1.465392e+00 1.304647e+00 7.565175e-01 1.475728e+00 2.095153e+00 1.224528e+00 8.182988e-02 5.163402e-02 1.814688e-01 1.545602e-01 1.793185e-01 1.223172e-01 2.900610e-01 3.628603e-01 4.147930e-01 1.484379e-01 3.096422e-01 4.570246e-01 3.072863e-01 3.398531e-02
<GCONST> 8.226414e+01
<STATE> 7
<MEAN> 39
 -8.724915e+00 3.333950e+00 1.069664e+01 1.591563e+00 -2.348520e+00 -7.578244e+00 -3.803472e+00 -1.411378e+01 -5.566914e+00 -1.057507e+01 -3.751702e+00 -9.968506e+00 6.179276e+01 -1.229810e+00 -1.792712e+00 -7.735210e-01 1.262353e+00 -5.054161e-01 -1.593525e+00 2.261928e+00 -3.335188e-01 -6.174406e-01 -3.351800e-01 1.273234e+00 1.073848e+00 8.104308e-01 -2.261027e-03 -4.565387e-01 4.297215e-01 -8.771738e-02 -1.386387e+00 -9.881640e-01 3.252358e-01 -1.643554e-01 -4.536643e-01 3.235928e-01 8.058553e-01 2.951138e-01 6.290466e-01
<VARIANCE> 39
 4.299724e+00 1.323893e+01 2.267777e+01 1.447502e+01 4.048759e+01 1.907993e+01 1.414229e+01 2.510070e+01 1.312899e+01 2.047764e+01 5.563146e+01 4.855455e+01 2.211728e+00 8.617241e-01 3.175725e+00 1.746203e+00 3.222145e+00 3.734577e+00 8.287998e+00 3.609347e+00 7.117013e+00 3.756326e+00 2.310047e+00 6.039649e+00 3.098529e+00 7.502964e-01 1.973895e-01 2.394846e-01 3.575262e-01 4.776108e-01 9.160026e-01 5.852563e-01 8.000126e-01 7.229080e-01 3.669388e-01 7.498396e-01 9.805021e-01 5.693877e-01 6.393925e-02
<GCONST> 1.119256e+02
<STATE> 8
<MEAN> 39
 -1.258138e+01 -3.104698e+00 7.987119e+00 4.265527e+00 -6.344832e+00 -1.716862e+01 5.990273e+00 -1.577393e+01 -7.089346e+00 -1.097805e+01 2.703574e+00 -4.121808e+00 6.639302e+01 7.979503e-01 -7.435564e-01 1.287842e+00 -2.525879e-01 -4.297841e+00 -3.707489e+00 5.932493e-01 -5.289810e-01 -1.460482e+00 1.027770e+00 2.814519e+00 1.152472e+00 1.801004e+00 9.360681e-01 2.720416e-01 5.107085e-01 -4.526985e-01 -9.105342e-01 -3.255903e-01 -1.164641e+00 8.998947e-01 6.615850e-02 2.099327e-01 2.936394e-01 -1.770316e-01 1.512274e-01
<VARIANCE> 39
 9.768761e+00 5.410091e+01 4.778068e+01 4.537447e+01 7.808637e+01 1.059267e+02 5.215876e+01 1.276026e+02 5.900172e+01 7.090499e+01 1.151993e+02 3.654040e+01 9.229049e+00 2.932573e+00 5.071402e+00 3.373862e+00 3.295910e+00 1.033867e+01 5.279352e+00 9.855679e+00 8.294732e+00 3.743260e+00 6.263102e+00 7.576903e+00 5.320552e+00 8.154948e-01 1.653387e-01 1.099143e+00 6.701630e-01 6.075351e-01 1.172579e+00 1.228917e+00 8.893543e-01 1.370382e+00 1.483117e+00 1.028066e+00 1.330808e+00 4.706819e-01 1.795657e-01
<GCONST> 1.387141e+02
<STATE> 9
<MEAN> 39
 -5.060346e+00 -4.612109e+00 1.659824e+01 1.682557e+00 -2.526603e+01 -2.694579e+01 -5.493134e-01 -1.100901e+01 -1.161899e+01 -6.361805e+00 1.319458e+01 -3.113552e+00 7.263974e+01 1.852951e+00 -1.987104e+00 -2.434545e-01 -3.227564e-01 -2.575354e+00 -1.539675e+00 -5.653356e-01 4.007554e+00 1.133186e+00 -5.721393e-01 7.152191e-01 5.586552e-01 1.700393e+00 -2.921790e-01 -3.058065e-01 -1.247104e+00 4.704252e-02 1.976130e+00 1.484410e+00 3.597154e-01 5.398927e-01 1.078317e+00 -5.838268e-01 -1.696827e+00 -3.889108e-01 -3.305145e-01
<VARIANCE> 39
 1.027092e+01 2.154826e+01 6.967609e+01 7.503551e+01 1.383134e+02 9.841722e+01 3.414838e+01 2.297943e+02 3.352714e+01 7.769460e+01 8.856569e+01 6.021107e+01 7.512931e+00 7.051470e-01 1.634649e+00 6.912217e+00 2.317106e+00 1.384100e+01 6.334214e+00 2.924617e+00 3.725741e+00 8.146904e+00 5.180961e+00 8.948456e+00 3.768310e+00 6.989627e-01 1.835027e-01 3.189948e-01 4.716390e-01 4.839926e-01 6.825047e-01 5.965092e-01 2.211574e-01 1.099937e+00 6.541452e-01 8.810600e-01 8.685989e-01 8.438150e-01 6.726206e-02
<GCONST> 1.290804e+02
<STATE> 10
<MEAN> 39
 -1.922730e+00 -1.130386e+01 9.834044e+00 1.423257e+00 -2.155367e+01 -2.339194e+01 2.195330e-01 3.280770e+00 -2.938801e+00 -1.090295e+01 7.351186e+00 -3.400437e+00 7.550972e+01 5.571009e-01 -1.993867e+00 -2.888182e+00 -9.204674e-01 2.438628e+00 2.170675e+00 -2.875638e-01 2.263707e+00 2.308268e+00 -3.462988e-01 -3.110711e+00 -9.329821e-01 6.081417e-01 -3.020138e-01 3.120924e-01 1.329849e-03 -2.828932e-01 6.167817e-01 4.099984e-01 -2.070737e-01 -9.465614e-01 -4.836616e-01 4.002196e-01 -3.190635e-01 -3.986349e-01 -2.804379e-01
<VARIANCE> 39
 4.771558e+00 1.888096e+01 4.360580e+01 3.513995e+01 2.320056e+02 8.508406e+01 7.828815e+01 2.171518e+02 6.028187e+01 6.220796e+01 9.517744e+01 4.486002e+01 5.315304e+00 1.320183e-01 5.882217e-01 1.369023e+00 1.024292e+00 1.821293e+00 4.278336e+00 1.342111e+00 3.065588e+00 3.984709e+00 3.130815e+00 1.939471e+00 1.701275e+00 2.076636e-01 5.909574e-02 7.302339e-02 3.427538e-01 2.461113e-01 9.966572e-01 4.459555e-01 3.217431e-01 4.714734e-01 4.185300e-01 3.336838e-01 3.503074e-01 2.806850e-01 3.176856e-02
<GCONST> 1.064469e+02
<STATE> 11
<MEAN> 39
 -9.957813e-01 -1.368163e+01 4.580133e+00 -3.422232e+00 -7.697870e+00 -2.043287e+01 -4.203110e+00 1.115546e+01 -3.580455e+00 -9.203858e+00 1.701911e+00 -1.026981e+01 7.595836e+01 -2.605782e-02 -5.743383e-01 -1.179582e+00 -1.272416e+00 1.396399e+00 1.409387e+00 -5.321054e-01 -3.011192e-01 3.002345e-01 6.792964e-01 -2.201636e+00 -1.287416e+00 -2.328305e-02 -4.604714e-02 2.220450e-01 9.349702e-02 1.481325e-01 -2.446074e-01 -1.716642e-01 -1.343696e-02 -3.513919e-01 -3.651423e-02 -1.931352e-01 1.767223e-01 1.797800e-01 -1.346454e-01
<VARIANCE> 39
 2.332555e+00 2.439024e+01 4.491841e+01 1.943040e+01 1.601503e+02 9.613598e+01 7.208675e+01 1.274068e+02 4.859636e+01 6.313215e+01 5.231034e+01 5.994571e+01 9.489633e+00 1.403709e-01 4.958586e-01 1.354963e+00 8.648210e-01 2.384863e+00 1.980480e+00 1.263865e+00 2.962322e+00 1.627357e+00 2.528152e+00 1.571512e+00 1.092373e+00 1.235747e-01 3.035804e-02 1.384637e-01 2.336048e-01 1.631240e-01 3.000986e-01 1.775980e-01 1.838040e-01 3.530524e-01 3.204322e-01 4.243689e-01 2.512586e-01 2.446631e-01 1.599669e-02
<GCONST> 9.649107e+01
<STATE> 12
<MEAN> 39
 -1.079572e+00 -1.587160e+01 -5.093703e+00 -6.450004e+00 -1.064670e+01 -1.535813e+01 -1.396298e-01 -2.623342e+00 1.988878e+00 -9.136958e+00 -1.335960e+01 -8.435517e+00 7.494160e+01 2.101493e-02 1.418990e-01 -1.231376e+00 -3.298648e-01 1.169266e+00 9.776850e-01 -2.904418e-01 5.929710e-01 7.568787e-01 -4.284747e-01 -1.576532e+00 -4.074752e-01 -3.657123e-01 -1.009471e-01 2.752453e-01 3.489883e-01 1.412134e-01 -2.577514e-01 -1.013358e-01 -4.310204e-02 -7.957529e-02 -2.001349e-01 -9.353697e-02 3.596373e-01 1.952097e-01 -1.534929e-01
<VARIANCE> 39
 3.530557e+00 7.938321e+00 2.486063e+01 3.899059e+01 1.459395e+02 8.403844e+01 2.385852e+01 5.311166e+01 5.473899e+01 1.275275e+01 4.953968e+01 3.379594e+01 5.282568e+00 1.760072e-01 5.421208e-01 5.469427e-01 3.354620e-01 1.611081e+00 1.446295e+00 2.037982e+00 2.000460e+00 1.119010e+00 8.766608e-01 9.833998e-01 8.407435e-01 1.239134e-01 1.199373e-02 7.896973e-02 8.397242e-02 9.107027e-02 1.807126e-01 1.787453e-01 3.287481e-01 2.188168e-01 1.435234e-01 1.034319e-01 1.258970e-01 1.180660e-01 2.105721e-02
<GCONST> 7.981086e+01
<STATE> 13
<MEAN> 39
 -1.993896e+00 -1.343403e+01 -4.402788e+00 -6.473252e+00 -6.082079e+00 -1.134457e+01 -4.021062e+00 2.567466e+00 1.208381e+00 -1.248422e+01 -1.427774e+01 -1.066586e+01 7.289869e+01 -5.979992e-01 1.052122e+00 -8.541834e-02 3.650083e-01 3.360246e-01 4.551334e-01 -4.795258e-01 -1.193743e+00 -3.966766e-01 -1.087650e+00 7.574611e-02 5.716267e-01 -1.217594e+00 -1.403775e-01 1.881616e-01 2.230422e-01 6.419726e-02 -1.988768e-02 -2.156935e-01 1.371381e-01 -3.381377e-01 -1.603705e-01 1.469743e-01 3.999484e-01 6.500327e-02 -1.672690e-01
<VARIANCE> 39
 4.180891e+00 6.162036e+00 5.263887e+01 2.037814e+01 1.211009e+02 9.768758e+01 2.459174e+01 5.466488e+01 6.556798e+01 2.551348e+01 8.707032e+01 3.709597e+01 9.307453e+00 1.690235e-01 4.487515e-01 8.222339e-01 1.820620e+00 9.945844e-01 6.973945e-01 2.019289e+00 2.593848e+00 1.565725e+00 1.625490e+00 1.270027e+00 8.901297e-01 1.757547e-01 2.273178e-02 9.015367e-02 8.590256e-02 2.103617e-01 1.714349e-01 2.450278e-01 3.077644e-01 5.448662e-01 3.566255e-01 2.686183e-01 1.854929e-01 2.073971e-01 3.188910e-02
<GCONST> 9.044389e+01
<STATE> 14
<MEAN> 39
 -5.567866e+00 -1.015099e+01 -3.808723e+00 -7.120482e+00 -1.214349e+01 -7.209962e+00 -3.945396e+00 -4.602001e+00 4.378580e+00 -9.727647e+00 -1.075628e+01 -6.179442e+00 6.800933e+01 -6.374626e-01 1.118849e+00 1.953789e-01 -2.148763e-01 9.850788e-01 -5.759070e-01 6.105795e-02 -6.559423e-01 -5.219445e-01 -7.006631e-03 6.374866e-01 -2.999224e-01 -1.278159e+00 1.647296e-02 -5.791317e-02 2.015631e-02 6.968489e-02 4.792829e-02 8.996417e-02 2.200271e-01 1.672200e-01 -2.475914e-02 -2.839469e-02 -5.290410e-02 -1.249941e-01 7.931850e-02
<VARIANCE> 39
 4.562918e+00 4.281389e+00 1.405169e+01 8.600368e+00 6.510808e+01 5.814817e+01 1.519233e+01 3.683189e+01 2.902097e+01 2.275989e+01 3.063987e+01 2.512678e+01 7.142190e+00 1.317446e-01 2.367473e-01 8.939390e-01 1.518266e+00 1.386494e+00 2.387731e+00 1.237283e+00 1.841799e+00 1.954393e+00 1.529086e+00 9.668756e-01 1.369639e+00 1.035695e-01 1.482327e-02 2.683186e-02 9.302030e-02 1.167231e-01 1.663856e-01 1.270810e-01 1.813704e-01 1.726875e-01 1.589839e-01 2.687097e-01 2.509756e-01 1.494063e-01 1.029020e-02
<GCONST> 7.639655e+01
<STATE> 15
<MEAN> 39
 -5.879753e+00 -5.800421e+00 -3.081664e+00 -4.339106e+00 -4.200984e-01 -1.168578e+01 -4.710247e+00 -1.796704e+00 -1.429231e+00 -1.756755e+01 -1.203109e+01 -1.232246e+01 6.494849e+01 -7.302337e-01 7.733967e-01 5.416086e-02 9.401237e-02 4.285073e-01 6.341100e-01 6.047521e-01 -1.287088e-01 1.358410e-01 3.126787e-02 4.484466e-01 -4.025547e-02 -1.040949e+00 -6.947953e-03 -1.096430e-01 -1.079901e-01 -1.472121e-01 7.024390e-02 6.139961e-02 8.895689e-02 2.993436e-01 2.196181e-01 2.052263e-01 4.004863e-02 1.180578e-02 7.138721e-02
<VARIANCE> 39
 4.321960e+00 8.202964e+00 1.975544e+01 7.034313e+00 1.788380e+01 1.559367e+01 2.424093e+01 6.641642e+01 3.140360e+01 4.938656e+01 6.444477e+01 1.814705e+01 5.264499e+00 6.709658e-02 1.866214e-01 2.833217e-01 6.342336e-01 1.070479e+00 4.248825e-01 6.696676e-01 2.445677e+00 1.140985e+00 9.621567e-01 1.253355e+00 1.062434e+00 4.976158e-02 8.073083e-03 3.106009e-02 7.062632e-02 8.384594e-02 1.461841e-01 1.264367e-01 1.599822e-01 3.372197e-01 1.833979e-01 1.288701e-01 1.324124e-01 1.284492e-01 4.747674e-03
<GCONST> 6.675419e+01
<STATE> 16
<MEAN> 39
 -1.092169e+01 -5.178335e+00 -5.588872e+00 -8.182125e+00 -2.465894e+00 -9.089016e+00 -3.387708e+00 -4.431837e+00 2.093939e+00 -1.190399e+01 -8.333533e+00 -1.005720e+01 6.042867e+01 -8.020492e-01 4.003389e-01 -6.535938e-02 -2.284610e-03 8.125547e-01 5.833720e-01 8.215187e-02 -9.144595e-02 2.981445e-01 2.029331e-01 4.657145e-01 2.169385e-02 -7.037928e-01 2.197584e-02 -4.476617e-02 6.628127e-02 1.401927e-01 5.308228e-02 8.214550e-02 2.857294e-02 6.512075e-02 2.318385e-03 9.336954e-02 7.641489e-02 9.148927e-02 5.601525e-02
<VARIANCE> 39
 4.954206e+00 4.866653e+00 8.312443e+00 8.884284e+00 1.840170e+01 1.500617e+01 1.078214e+01 1.641152e+01 1.673884e+01 3.224532e+01 2.354028e+01 3.094416e+01 2.733949e+00 1.280332e-01 2.003683e-01 5.852760e-01 8.039504e-01 1.071581e+00 9.331020e-01 1.191103e+00 1.575892e+00 1.203264e+00 9.391494e-01 6.797796e-01 1.586826e+00 2.391225e-02 2.719399e-02 3.490772e-02 7.949804e-02 1.088749e-01 1.802378e-01 1.216674e-01 2.630053e-01 3.357708e-01 2.293385e-01 2.016445e-01 1.847363e-01 2.691415e-01 5.322608e-03
<GCONST> 6.725652e+01
<STATE> 17
<MEAN> 39
 -1.073290e+01 -1.043859e+00 -8.865334e-01 -1.640561e+00 4.233211e+00 -4.177814e+00 9.398472e-01 -1.458750e+00 2.245111e+00 -1.178636e+01 -6.227202e+00 -7.825515e+00 5.970591e+01 -7.311436e-01 4.529109e-01 -8.946016e-02 2.520038e-01 8.194928e-01 1.097399e+00 7.822680e-01 -5.278290e-02 3.372495e-01 3.340058e-01 4.185419e-01 7.901558e-01 -7.200289e-01 -1.993452e-02 -2.064461e-01 -1.122660e-01 -1.918780e-01 -4.994485e-02 8.932848e-02 -6.906825e-02 1.064239e-02 1.939020e-02 -1.504589e-03 -1.743187e-02 -6.138219e-02 4.093433e-02
<VARIANCE> 39
 5.303334e+00 4.812611e+00 9.624031e+00 9.824901e+00 9.567245e+00 1.326289e+01 1.565858e+01 2.994318e+01 6.883771e+00 1.855319e+01 1.171832e+01 1.353345e+01 3.833068e+00 8.844937e-02 3.452893e-01 6.430455e-01 7.220290e-01 7.317072e-01 5.151268e-01 1.122454e+00 1.609883e+00 6.081485e-01 8.079260e-01 2.030054e+00 1.281009e+00 5.173053e-02 8.274266e-03 3.411388e-02 4.445723e-02 5.140866e-02 9.156469e-02 9.498219e-02 1.308949e-01 1.886021e-01 1.243791e-01 8.536131e-02 9.442200e-02 2.218525e-01 4.565966e-03
<GCONST> 5.786259e+01
<STATE> 18
<MEAN> 39
 -1.564821e+01 -4.285153e+00 -4.198658e+00 -5.287899e+00 3.338097e+00 -2.145872e+00 7.221912e-01 -3.045847e+00 1.991956e+00 -8.918867e+00 -2.064507e+00 -8.605217e+00 5.685641e+01 -5.421148e-01 -1.747233e-01 -8.806556e-02 -2.800990e-01 4.545073e-01 1.259339e+00 5.896339e-01 4.448230e-02 1.071867e-01 5.125409e-01 2.639119e-01 -2.834153e-01 -3.545069e-01 7.028116e-02 -1.975146e-02 -1.304472e-01 -1.528727e-01 -7.228427e-02 -5.339638e-02 -3.957810e-02 -1.005539e-01 3.995483e-02 -1.109133e-01 -2.660199e-01 -6.923125e-02 4.938019e-02
<VARIANCE> 39
 3.788526e+00 1.126406e+01 8.108557e+00 2.192610e+01 2.527978e+01 1.367217e+01 1.458165e+01 3.713446e+01 1.477292e+01 2.394150e+01 1.468204e+01 3.547484e+01 6.884416e-01 1.307149e-01 2.249676e-01 5.224138e-01 9.455552e-01 1.099937e+00 1.265479e+00 1.115071e+00 1.249954e+00 1.955407e+00 1.180830e+00 1.536162e+00 1.379969e+00 3.396440e-02 2.081641e-02 4.374295e-02 8.167762e-02 1.158043e-01 1.531358e-01 2.636671e-01 3.167368e-01 2.101495e-01 3.309548e-01 1.253493e-01 2.790117e-01 3.927838e-01 3.677446e-03
<GCONST> 7.055790e+01
<STATE> 19
<MEAN> 39
 -1.648198e+01 -1.928277e+00 -7.116217e+00 -8.476172e+00 8.854390e+00 6.078124e+00 2.037354e+00 -4.005994e+00 8.583695e+00 -8.739579e+00 -8.418682e+00 -7.366691e+00 5.499250e+01 -5.005237e-01 -2.674356e-01 -6.181846e-01 -5.055702e-01 7.993782e-01 1.323071e+00 1.606116e-01 -1.459426e-01 8.549109e-01 4.055541e-01 -3.870943e-01 -2.374950e-01 -3.426538e-01 5.378511e-02 7.444267e-03 9.956018e-02 1.062321e-01 -1.920355e-03 -1.902238e-01 -1.075087e-01 8.806954e-02 1.369345e-02 2.070314e-01 1.912147e-01 -1.563427e-02 6.618006e-02
<VARIANCE> 39
 3.196053e+00 1.264955e+01 1.101133e+01 3.944123e+01 3.495203e+01 3.309827e+01 1.655383e+01 6.378943e+01 4.892016e+01 3.992694e+01 2.682579e+01 6.894825e+01 1.779860e+00 1.896833e-01 4.102207e-01 3.231668e-01 1.087385e+00 1.327518e+00 1.794611e+00 2.197194e+00 1.498718e+00 2.677884e+00 3.018508e+00 2.269647e+00 4.482264e+00 1.275822e-01 1.319521e-02 7.530642e-02 8.299037e-02 1.765060e-01 2.148236e-01 2.185687e-01 5.071024e-01 2.644969e-01 3.260509e-01 4.123331e-01 1.685319e-01 5.683415e-01 1.098809e-02
<GCONST> 8.688548e+01
<TRANSP> 20
 0.000000e+00 1.000000e+00 0.000000e+00 0.000000e+00 0.000000e+00 0.000000e+00 0.000000e+00 0.000000e+00 0.000000e+00 0.000000e+00 0.000000e+00 0.000000e+00 0.000000e+00 0.000000e+00 0.000000e+00 0.000000e+00 0.000000e+00 0.000000e+00 0.000000e+00 0.000000e+00
 0.000000e+00 7.391315e-01 2.608686e-01 0.000000e+00 0.000000e+00 0.000000e+00 0.000000e+00 0.000000e+00 0.000000e+00 0.000000e+00 0.000000e+00 0.000000e+00 0.000000e+00 0.000000e+00 0.000000e+00 0.000000e+00 0.000000e+00 0.000000e+00 0.000000e+00 0.000000e+00
 0.000000e+00 0.000000e+00 6.756808e-01 3.243192e-01 0.000000e+00 0.000000e+00 0.000000e+00 0.000000e+00 0.000000e+00 0.000000e+00 0.000000e+00 0.000000e+00 0.000000e+00 0.000000e+00 0.000000e+00 0.000000e+00 0.000000e+00 0.000000e+00 0.000000e+00 0.000000e+00
 0.000000e+00 0.000000e+00 0.000000e+00 6.629264e-01 3.370736e-01 0.000000e+00 0.000000e+00 0.000000e+00 0.000000e+00 0.000000e+00 0.000000e+00 0.000000e+00 0.000000e+00 0.000000e+00 0.000000e+00 0.000000e+00 0.000000e+00 0.000000e+00 0.000000e+00 0.000000e+00
 0.000000e+00 0.000000e+00 0.000000e+00 0.000000e+00 8.158586e-01 1.841414e-01 0.000000e+00 0.000000e+00 0.000000e+00 0.000000e+00 0.000000e+00 0.000000e+00 0.000000e+00 0.000000e+00 0.000000e+00 0.000000e+00 0.000000e+00 0.000000e+00 0.000000e+00 0.000000e+00
 0.000000e+00 0.000000e+00 0.000000e+00 0.000000e+00 0.000000e+00 7.864192e-01 2.135809e-01 0.000000e+00 0.000000e+00 0.000000e+00 0.000000e+00 0.000000e+00 0.000000e+00 0.000000e+00 0.000000e+00 0.000000e+00 0.000000e+00 0.000000e+00 0.000000e+00 0.000000e+00
 0.000000e+00 0.000000e+00 0.000000e+00 0.000000e+00 0.000000e+00 0.000000e+00 5.865427e-01 4.134574e-01 0.000000e+00 0.000000e+00 0.000000e+00 0.000000e+00 0.000000e+00 0.000000e+00 0.000000e+00 0.000000e+00 0.000000e+00 0.000000e+00 0.000000e+00 0.000000e+00
 0.000000e+00 0.000000e+00 0.000000e+00 0.000000e+00 0.000000e+00 0.000000e+00 0.000000e+00 6.554939e-01 3.445062e-01 0.000000e+00 0.000000e+00 0.000000e+00 0.000000e+00 0.000000e+00 0.000000e+00 0.000000e+00 0.000000e+00 0.000000e+00 0.000000e+00 0.000000e+00
 0.000000e+00 0.000000e+00 0.000000e+00 0.000000e+00 0.000000e+00 0.000000e+00 0.000000e+00 0.000000e+00 6.772298e-01 3.227702e-01 0.000000e+00 0.000000e+00 0.000000e+00 0.000000e+00 0.000000e+00 0.000000e+00 0.000000e+00 0.000000e+00 0.000000e+00 0.000000e+00
 0.000000e+00 0.000000e+00 0.000000e+00 0.000000e+00 0.000000e+00 0.000000e+00 0.000000e+00 0.000000e+00 0.000000e+00 6.147648e-01 3.852352e-01 0.000000e+00 0.000000e+00 0.000000e+00 0.000000e+00 0.000000e+00 0.000000e+00 0.000000e+00 0.000000e+00 0.000000e+00
 0.000000e+00 0.000000e+00 0.000000e+00 0.000000e+00 0.000000e+00 0.000000e+00 0.000000e+00 0.000000e+00 0.000000e+00 0.000000e+00 7.220744e-01 2.779256e-01 0.000000e+00 0.000000e+00 0.000000e+00 0.000000e+00 0.000000e+00 0.000000e+00 0.000000e+00 0.000000e+00
 0.000000e+00 0.000000e+00 0.000000e+00 0.000000e+00 0.000000e+00 0.000000e+00 0.000000e+00 0.000000e+00 0.000000e+00 0.000000e+00 0.000000e+00 7.549022e-01 2.450978e-01 0.000000e+00 0.000000e+00 0.000000e+00 0.000000e+00 0.000000e+00 0.000000e+00 0.000000e+00
 0.000000e+00 0.000000e+00 0.000000e+00 0.000000e+00 0.000000e+00 0.000000e+00 0.000000e+00 0.000000e+00 0.000000e+00 0.000000e+00 0.000000e+00 0.000000e+00 6.925811e-01 3.074190e-01 0.000000e+00 0.000000e+00 0.000000e+00 0.000000e+00 0.000000e+00 0.000000e+00
 0.000000e+00 0.000000e+00 0.000000e+00 0.000000e+00 0.000000e+00 0.000000e+00 0.000000e+00 0.000000e+00 0.000000e+00 0.000000e+00 0.000000e+00 0.000000e+00 0.000000e+00 6.680086e-01 3.319914e-01 0.000000e+00 0.000000e+00 0.000000e+00 0.000000e+00 0.000000e+00
 0.000000e+00 0.000000e+00 0.000000e+00 0.000000e+00 0.000000e+00 0.000000e+00 0.000000e+00 0.000000e+00 0.000000e+00 0.000000e+00 0.000000e+00 0.000000e+00 0.000000e+00 0.000000e+00 7.134108e-01 2.865892e-01 0.000000e+00 0.000000e+00 0.000000e+00 0.000000e+00
 0.000000e+00 0.000000e+00 0.000000e+00 0.000000e+00 0.000000e+00 0.000000e+00 0.000000e+00 0.000000e+00 0.000000e+00 0.000000e+00 0.000000e+00 0.000000e+00 0.000000e+00 0.000000e+00 0.000000e+00 7.770523e-01 2.229477e-01 0.000000e+00 0.000000e+00 0.000000e+00
 0.000000e+00 0.000000e+00 0.000000e+00 0.000000e+00 0.000000e+00 0.000000e+00 0.000000e+00 0.000000e+00 0.000000e+00 0.000000e+00 0.000000e+00 0.000000e+00 0.000000e+00 0.000000e+00 0.000000e+00 0.000000e+00 6.767151e-01 3.232849e-01 0.000000e+00 0.000000e+00
 0.000000e+00 0.000000e+00 0.000000e+00 0.000000e+00 0.000000e+00 0.000000e+00 0.000000e+00 0.000000e+00 0.000000e+00 0.000000e+00 0.000000e+00 0.000000e+00 0.000000e+00 0.000000e+00 0.000000e+00 0.000000e+00 0.000000e+00 7.372297e-01 2.627703e-01 0.000000e+00
 0.000000e+00 0.000000e+00 0.000000e+00 0.000000e+00 0.000000e+00 0.000000e+00 0.000000e+00 0.000000e+00 0.000000e+00 0.000000e+00 0.000000e+00 0.000000e+00 0.000000e+00 0.000000e+00 0.000000e+00 0.000000e+00 0.000000e+00 0.000000e+00 6.577432e-01 3.422568e-01
 0.000000e+00 0.000000e+00 0.000000e+00 0.000000e+00 0.000000e+00 0.000000e+00 0.000000e+00 0.000000e+00 0.000000e+00 0.000000e+00 0.000000e+00 0.000000e+00 0.000000e+00 0.000000e+00 0.000000e+00 0.000000e+00 0.000000e+00 0.000000e+00 0.000000e+00 0.000000e+00
<ENDHMM>
