~o
<STREAMINFO> 1 39
<VECSIZE> 39<NULLD><MFCC_D_A_0><DIAGC>
~h "dua"
<BEGINHMM>
<NUMSTATES> 5
<STATE> 2
<MEAN> 39
 -8.457027e+00 1.235488e+00 4.617584e+00 5.652604e-01 1.786526e-01 -9.079898e+00 -7.956409e+00 -1.292045e+01 -5.076932e+00 -8.867459e+00 -9.062449e-01 -7.629761e+00 6.143895e+01 1.463005e+00 9.950827e-01 4.129572e-01 2.396650e-02 -2.635848e-01 -5.715449e-01 -1.394016e+00 -1.294281e+00 -7.975761e-01 4.019622e-01 6.227706e-01 9.422427e-02 8.584408e-01 -6.250250e-03 -1.810946e-02 -1.640289e-01 -1.974259e-01 -1.189889e-02 1.329348e-01 1.398906e-01 9.159176e-05 -3.744430e-02 1.298772e-02 1.158850e-01 1.280230e-01 -2.100950e-02
<VARIANCE> 39
 4.632393e+01 3.850274e+01 4.872106e+01 2.831861e+01 3.073260e+01 5.666725e+01 9.056602e+01 8.322063e+01 3.807329e+01 5.072661e+01 6.431838e+01 4.186082e+01 2.018910e+01 9.806281e-01 2.731215e+00 5.068147e+00 4.148108e+00 3.359313e+00 5.115002e+00 4.420647e+00 3.795794e+00 4.730728e+00 7.424154e+00 6.795963e+00 4.366318e+00 5.570626e-01 2.108942e-01 5.067121e-01 6.602814e-01 5.197532e-01 6.322179e-01 1.059507e+00 1.056816e+00 8.276346e-01 9.714973e-01 1.508992e+00 1.017526e+00 6.647833e-01 1.134083e-01
<GCONST> 1.312860e+02
<STATE> 3
<MEAN> 39
 1.870142e+00 -1.179624e+00 -5.300113e+00 -1.245846e+01 -3.762459e+00 -3.665533e+00 -9.057290e+00 -1.515221e+01 -4.396194e+00 -2.368824e+00 1.626851e+00 -6.996377e+00 7.004321e+01 -1.124994e-01 -5.014115e-01 -3.532438e-01 -2.877982e-01 4.672582e-02 3.128113e-01 3.420278e-01 4.892771e-01 4.676115e-01 -1.421772e-01 -7.295840e-01 -3.558345e-01 7.344564e-02 -4.755285e-02 1.771198e-02 6.878372e-02 9.750998e-02 5.977236e-03 -8.173072e-02 -2.135823e-02 2.630119e-02 2.946738e-02 -1.964050e-02 -1.775844e-02 -1.909171e-02 -4.062734e-02
<VARIANCE> 39
 5.541450e+00 9.544234e+01 8.021141e+01 2.776493e+01 4.549972e+01 8.433504e+01 3.201633e+01 1.066502e+02 1.073670e+02 5.935604e+01 1.229226e+02 9.372259e+01 1.748876e+01 2.757145e-01 1.660000e+00 1.341402e+00 1.029399e+00 1.311423e+00 2.387046e+00 2.198309e+00 3.519808e+00 3.626268e+00 3.924229e+00 3.245660e+00 3.693770e+00 4.531506e-01 3.580488e-02 1.520418e-01 1.761492e-01 1.231347e-01 1.961898e-01 2.901156e-01 2.961626e-01 4.920657e-01 4.772055e-01 5.203248e-01 5.512459e-01 5.284839e-01 3.388454e-02
<GCONST> 1.102466e+02
<STATE> 4
<MEAN> 39
 -9.980783e+00 -4.934328e+00 -4.775853e+00 -7.693418e+00 -9.048120e-01 -4.912811e+00 -1.747053e+00 -5.735105e+00 1.049262e+00 -9.437377e+00 -6.478000e+00 -9.188795e+00 6.139837e+01 -6.816717e-01 2.193907e-01 2.510606e-01 3.016024e-01 5.533189e-02 3.498739e-02 6.279993e-01 1.961158e-01 -3.199837e-01 -2.068986e-01 5.797681e-01 4.424541e-01 -6.291134e-01 1.915379e-02 -6.051584e-02 -2.585437e-02 -3.994771e-02 -9.994606e-03 8.664186e-02 2.307214e-02 2.846113e-02 2.700457e-02 4.998368e-02 1.565077e-02 6.080007e-03 4.689567e-02
<VARIANCE> 39
 2.270882e+01 1.260517e+01 2.410772e+01 1.745587e+01 1.387481e+01 3.504063e+01 3.230653e+01 3.740158e+01 2.297719e+01 2.174773e+01 4.553622e+01 3.144081e+01 1.517974e+01 1.519268e-01 4.920462e-01 6.146223e-01 7.298068e-01 1.141074e+00 1.820745e+00 1.324930e+00 1.724312e+00 1.313908e+00 1.453589e+00 1.616148e+00 1.151235e+00 1.340806e-01 1.885822e-02 5.712586e-02 9.691380e-02 1.121266e-01 1.639476e-01 2.077354e-01 2.199724e-01 2.620888e-01 2.012727e-01 2.457628e-01 2.369793e-01 1.972360e-01 1.000000e-02
<GCONST> 8.201801e+01
<TRANSP> 5
 0.000000e+00 1.000000e+00 0.000000e+00 0.000000e+00 0.000000e+00
 0.000000e+00 9.210526e-01 7.894737e-02 0.000000e+00 0.000000e+00
 0.000000e+00 0.000000e+00 9.664804e-01 3.351955e-02 0.000000e+00
 0.000000e+00 0.000000e+00 0.000000e+00 9.516129e-01 4.838710e-02
 0.000000e+00 0.000000e+00 0.000000e+00 0.000000e+00 0.000000e+00
<ENDHMM>
