~o
<STREAMINFO> 1 39
<VECSIZE> 39<NULLD><MFCC_D_A_0><DIAGC>
~h "hapus"
<BEGINHMM>
<NUMSTATES> 5
<STATE> 2
<MEAN> 39
 -7.298953e+00 -7.493855e+00 -6.412356e+00 -6.133178e+00 5.531278e+00 -1.489438e+00 -2.506807e+00 -1.031105e+01 -1.964359e+00 -8.549533e+00 -2.894778e+00 -8.837577e+00 6.483805e+01 2.946178e-01 2.956774e-01 8.579569e-02 -5.276280e-02 -1.331500e-01 -1.018287e-01 -1.247731e-01 -2.093280e-01 -2.000710e-01 -6.158409e-02 -3.240186e-02 -7.711398e-02 1.619904e-01 7.529285e-02 8.862062e-02 4.566927e-03 -8.531845e-02 -1.207754e-01 -5.733706e-02 -5.603327e-02 -1.925439e-02 -2.349526e-02 5.626555e-02 6.937155e-02 6.900842e-02 2.882665e-02
<VARIANCE> 39
 4.380251e+01 3.368811e+01 4.944062e+01 3.287827e+01 5.146476e+01 4.415775e+01 4.014182e+01 6.437689e+01 3.126264e+01 5.052647e+01 4.432531e+01 4.665567e+01 3.928423e+01 2.752094e+00 1.457376e+00 2.533642e+00 2.165790e+00 2.033864e+00 2.177012e+00 2.161192e+00 3.171519e+00 2.089340e+00 2.500447e+00 2.106359e+00 2.671137e+00 1.705243e+00 3.622668e-01 2.448292e-01 3.556423e-01 4.250142e-01 3.326608e-01 2.789986e-01 3.271265e-01 4.675437e-01 4.083310e-01 4.063618e-01 3.007488e-01 3.718184e-01 1.666098e-01
<GCONST> 1.166963e+02
<STATE> 3
<MEAN> 39
 -5.110861e+00 6.788207e+00 -5.777574e+00 -1.103549e+01 -1.566774e+00 -1.564042e+01 -8.117398e+00 -1.487865e+01 -5.712912e+00 -5.843222e+00 1.532307e+00 -1.486353e+00 6.831895e+01 -8.429504e-01 1.023981e+00 -4.041117e-01 5.726324e-02 5.016605e-01 -1.378916e+00 1.622727e-01 -2.157461e-01 1.149414e-01 1.572438e-01 -1.089327e-01 3.381988e-01 5.619605e-01 -2.148763e-01 -6.622251e-02 5.540818e-02 1.782455e-01 1.718449e-01 1.312851e-01 1.442464e-01 8.223187e-02 3.793062e-02 -9.306381e-02 -1.108022e-01 -1.711289e-01 -7.309818e-02
<VARIANCE> 39
 8.465425e+01 4.224809e+01 3.514197e+01 8.812571e+01 7.275069e+01 1.243368e+02 7.236662e+01 3.664781e+01 5.475052e+01 6.402068e+01 9.766586e+01 4.507286e+01 8.636150e+00 7.182868e+00 2.730846e+00 2.300785e+00 5.901536e+00 5.540254e+00 4.960493e+00 6.303706e+00 3.915305e+00 3.692096e+00 4.011145e+00 5.539924e+00 4.757472e+00 6.217529e-01 6.016370e-01 4.712110e-01 4.005605e-01 6.075177e-01 7.309701e-01 8.638766e-01 8.255630e-01 6.758298e-01 6.451062e-01 6.837687e-01 8.768549e-01 8.657224e-01 9.279075e-02
<GCONST> 1.340060e+02
<STATE> 4
<MEAN> 39
 -2.415365e+01 8.099925e+00 -5.391106e+00 -7.569613e-01 6.500721e+00 -1.551761e+01 3.993519e+00 -8.108582e+00 -4.728666e-01 -7.556396e+00 -8.126976e-01 -4.775826e+00 6.364563e+01 1.900972e-01 -7.992707e-01 2.241747e-01 8.612291e-04 -1.555180e-01 9.275308e-01 6.973036e-02 2.909630e-01 1.402611e-01 -4.498411e-02 6.575467e-02 -2.546807e-01 -5.052652e-01 6.531507e-02 -4.148274e-02 -3.110936e-03 -3.255106e-02 -2.617529e-02 4.549847e-03 -4.475714e-02 -9.836495e-03 5.207721e-03 1.526604e-02 1.663019e-02 1.817940e-02 -6.206611e-03
<VARIANCE> 39
 1.907327e+01 9.556506e+01 1.801087e+01 4.184999e+01 4.633276e+01 1.063865e+02 3.736577e+01 3.561964e+01 3.416853e+01 6.279837e+01 3.236928e+01 3.141049e+01 3.170680e+01 4.095145e-01 6.642861e-01 5.751504e-01 9.471048e-01 9.897673e-01 1.551558e+00 1.560889e+00 1.467685e+00 1.660971e+00 2.026861e+00 1.275111e+00 1.444454e+00 1.200771e-01 4.095008e-02 6.977158e-02 9.877635e-02 1.423500e-01 1.570829e-01 2.710332e-01 2.428856e-01 2.718886e-01 2.965325e-01 3.416474e-01 2.408759e-01 2.662161e-01 1.555521e-02
<GCONST> 9.341656e+01
<TRANSP> 5
 0.000000e+00 1.000000e+00 0.000000e+00 0.000000e+00 0.000000e+00
 0.000000e+00 9.652174e-01 3.478261e-02 0.000000e+00 0.000000e+00
 0.000000e+00 0.000000e+00 9.405941e-01 5.940595e-02 0.000000e+00
 0.000000e+00 0.000000e+00 0.000000e+00 9.673913e-01 3.260870e-02
 0.000000e+00 0.000000e+00 0.000000e+00 0.000000e+00 0.000000e+00
<ENDHMM>
