~o
<STREAMINFO> 1 39
<VECSIZE> 39<NULLD><MFCC_D_A_0><DIAGC>
~h "jam"
<BEGINHMM>
<NUMSTATES> 5
<STATE> 2
<MEAN> 39
 -1.112003e+01 1.539333e+00 6.708133e+00 -1.390524e+00 4.379921e-01 -1.409184e+01 -2.266151e-01 -6.535326e+00 -4.763228e+00 -1.011374e+01 4.124337e-01 -7.075177e+00 6.603288e+01 8.127182e-01 -2.640618e-01 1.965437e-01 -1.841818e-01 -5.422934e-01 -1.284818e+00 -3.010556e-01 3.527243e-01 -3.343470e-01 -3.391812e-02 1.940692e-01 1.778972e-02 1.194971e+00 9.269462e-03 -1.581906e-01 -1.589565e-01 -5.311313e-02 9.609823e-02 1.725075e-01 -1.623791e-02 -2.562982e-02 4.723209e-02 3.593544e-02 -1.265283e-01 -1.286136e-01 -1.566366e-02
<VARIANCE> 39
 3.361661e+01 6.301287e+01 6.094447e+01 4.144556e+01 1.181367e+02 2.022420e+02 4.283290e+01 1.117333e+02 5.990935e+01 5.644274e+01 1.576845e+02 5.903528e+01 6.738342e+01 3.996589e+00 7.334550e+00 5.431254e+00 3.815114e+00 1.020732e+01 1.034184e+01 3.316525e+00 8.667672e+00 6.124738e+00 4.695635e+00 7.896546e+00 4.834118e+00 1.101506e+00 7.500929e-01 7.810805e-01 8.173789e-01 6.840358e-01 2.047296e+00 1.558972e+00 5.906249e-01 1.589257e+00 1.088086e+00 7.529065e-01 1.172453e+00 7.335612e-01 1.792034e-01
<GCONST> 1.466364e+02
<STATE> 3
<MEAN> 39
 5.282388e-02 -7.341794e+00 -1.823558e+00 -6.998607e+00 8.441314e-02 -8.514546e+00 -7.632652e+00 -7.610754e+00 -5.217267e+00 -6.331103e+00 -3.323989e+00 -1.402014e+01 7.231141e+01 8.494749e-02 7.701393e-01 7.625169e-03 1.852080e-01 5.136975e-01 9.190781e-01 -3.755024e-01 -9.702526e-01 -2.560579e-01 -2.313779e-01 -3.042884e-01 -2.224791e-01 -6.429703e-01 -7.964421e-02 1.188891e-01 1.118047e-01 4.097831e-02 -7.240792e-02 -1.263355e-01 6.403976e-02 5.069038e-02 -1.244950e-02 -2.796559e-02 1.234721e-01 1.179513e-01 -3.946404e-02
<VARIANCE> 39
 3.432219e+00 6.130481e+01 4.981306e+01 1.419598e+01 3.477465e+01 1.028823e+02 4.682922e+01 1.116050e+02 5.975519e+01 6.165847e+01 1.229335e+02 3.947651e+01 2.551827e+01 2.723029e-01 1.365523e+00 1.506368e+00 9.965809e-01 1.613178e+00 2.570380e+00 1.387495e+00 2.307605e+00 2.283702e+00 2.512978e+00 2.033868e+00 2.535635e+00 1.698603e-01 2.141494e-02 1.469271e-01 1.437370e-01 1.533657e-01 1.944537e-01 2.426760e-01 2.029546e-01 2.779050e-01 3.087924e-01 3.800397e-01 3.017182e-01 3.007582e-01 1.777977e-02
<GCONST> 9.981088e+01
<STATE> 4
<MEAN> 39
 -1.143520e+01 2.073041e+00 2.699998e+00 -8.781970e-01 7.671773e+00 2.497350e+00 -1.497432e+00 -1.364590e+01 -6.177585e+00 -1.161831e+01 -5.844538e+00 -1.138622e+01 5.844621e+01 -6.037912e-01 -3.370461e-01 -5.369321e-02 4.224271e-02 9.382233e-02 3.344484e-01 5.465497e-01 3.822162e-01 2.857016e-01 1.533282e-01 -1.436502e-02 1.323409e-02 -3.229034e-01 1.906887e-02 -3.044330e-02 -1.016767e-02 -2.603372e-02 -3.834644e-02 -3.375564e-02 -2.890904e-02 -1.377958e-02 -1.387646e-02 1.084274e-02 1.609784e-03 -6.889744e-04 2.587057e-02
<VARIANCE> 39
 2.641487e+01 2.735429e+01 1.468424e+01 2.353224e+01 4.014553e+01 5.085069e+01 4.988065e+01 6.178537e+01 4.092608e+01 5.499175e+01 4.528883e+01 4.050017e+01 6.691832e+00 2.187701e-01 5.652877e-01 7.404518e-01 9.020830e-01 1.503467e+00 1.755068e+00 1.529706e+00 1.668989e+00 1.904450e+00 2.216777e+00 1.982642e+00 1.903047e+00 1.051269e-01 3.262049e-02 7.508744e-02 1.289796e-01 1.569668e-01 2.651159e-01 2.914909e-01 2.910891e-01 2.682010e-01 3.600588e-01 4.163677e-01 3.342929e-01 3.310227e-01 1.000000e-02
<GCONST> 9.309711e+01
<TRANSP> 5
 0.000000e+00 1.000000e+00 0.000000e+00 0.000000e+00 0.000000e+00
 0.000000e+00 9.454545e-01 5.454545e-02 0.000000e+00 0.000000e+00
 0.000000e+00 0.000000e+00 9.527559e-01 4.724410e-02 0.000000e+00
 0.000000e+00 0.000000e+00 0.000000e+00 9.635258e-01 3.647417e-02
 0.000000e+00 0.000000e+00 0.000000e+00 0.000000e+00 0.000000e+00
<ENDHMM>
