~o
<STREAMINFO> 1 39
<VECSIZE> 39<NULLD><MFCC_D_A_0><DIAGC>
~h "lima"
<BEGINHMM>
<NUMSTATES> 5
<STATE> 2
<MEAN> 39
 -7.444796e+00 1.803003e+00 1.522989e+01 2.313459e-01 -1.355332e+01 -1.363618e+01 -6.707442e+00 -1.468632e+01 -8.225515e+00 -5.043766e+00 4.963790e+00 -4.359952e+00 6.443141e+01 9.622133e-01 6.798481e-01 8.358909e-01 -3.363642e-02 -6.115124e-01 -3.176287e-01 -4.633972e-01 -8.547661e-01 -7.326315e-01 3.219632e-01 3.608896e-01 -2.029373e-01 6.516511e-01 -1.242706e-02 -6.279711e-02 -1.510266e-01 -1.132606e-01 1.083960e-01 1.489619e-01 9.327421e-02 7.212405e-02 3.642670e-02 1.738915e-03 -3.538327e-02 7.198524e-03 -3.205831e-03
<VARIANCE> 39
 3.162243e+01 3.727645e+01 1.143404e+02 4.076874e+01 1.817953e+02 4.415113e+01 4.350789e+01 1.035543e+02 6.856789e+01 6.540068e+01 9.324114e+01 6.071869e+01 2.619127e+01 2.156203e+00 2.899660e+00 4.575274e+00 3.383221e+00 1.045881e+01 5.991040e+00 5.668103e+00 4.479247e+00 2.790982e+00 4.690876e+00 2.877542e+00 2.712817e+00 1.110167e+00 3.222682e-01 5.163251e-01 4.264156e-01 5.691058e-01 1.261185e+00 9.670244e-01 1.061534e+00 7.471488e-01 5.221811e-01 8.529970e-01 5.715429e-01 4.318694e-01 1.182947e-01
<GCONST> 1.340061e+02
<STATE> 3
<MEAN> 39
 1.405377e-01 -8.989717e-01 8.425292e-01 -8.730645e+00 4.497792e-01 -2.504252e+00 -8.546552e+00 -1.551690e+01 -6.605353e+00 -4.506735e+00 3.260149e+00 -7.368656e+00 6.911891e+01 5.971085e-02 -8.107808e-01 -1.474247e+00 -4.101083e-01 9.220698e-01 5.315681e-01 -2.448901e-01 4.448394e-01 1.010431e+00 -2.257280e-01 -8.034775e-01 -3.900265e-01 8.924928e-02 -1.130077e-01 7.549009e-02 1.550263e-01 1.194271e-01 -1.211089e-01 -1.572674e-01 2.013166e-02 4.803896e-02 -2.205607e-02 -2.059936e-02 2.140394e-03 -3.367355e-02 -1.057009e-01
<VARIANCE> 39
 8.852501e+00 7.220302e+01 1.850896e+02 3.921085e+01 6.784196e+01 3.098389e+01 4.279916e+01 9.807066e+01 1.043581e+02 4.473122e+01 8.381651e+01 6.816475e+01 1.067521e+01 6.745430e-01 2.110617e+00 3.548812e+00 3.055098e+00 2.218863e+00 1.856408e+00 2.051365e+00 3.292063e+00 4.493896e+00 3.152878e+00 3.239992e+00 3.558441e+00 7.504259e-01 5.502747e-02 2.925374e-01 4.227724e-01 4.026154e-01 3.206376e-01 2.466817e-01 3.443001e-01 5.327065e-01 7.546699e-01 5.211003e-01 5.662839e-01 5.721473e-01 7.444312e-02
<GCONST> 1.185673e+02
<STATE> 4
<MEAN> 39
 -1.096530e+01 -3.964138e+00 -3.783897e+00 -4.840854e+00 4.973236e+00 -2.067512e+00 -3.032851e+00 -8.664317e+00 -1.753761e+00 -1.008870e+01 -4.326499e+00 -1.067764e+01 6.027311e+01 -7.695155e-01 9.547418e-02 3.784446e-01 3.448966e-01 -6.083014e-03 1.930085e-02 6.177587e-01 2.441859e-01 -4.053432e-01 -2.993277e-01 2.670548e-02 1.589640e-01 -5.731012e-01 4.215480e-02 -6.226293e-02 -1.596099e-02 -1.690167e-03 1.065755e-02 4.401681e-02 -7.362664e-03 -5.677771e-03 2.535961e-02 1.647248e-02 -1.929170e-02 -4.204312e-03 6.005613e-02
<VARIANCE> 39
 2.220370e+01 1.150380e+01 1.888079e+01 1.536824e+01 1.401643e+01 2.005760e+01 5.539320e+01 3.048540e+01 2.378772e+01 2.131161e+01 2.737743e+01 1.888488e+01 1.099553e+01 1.642001e-01 6.221349e-01 7.360550e-01 6.570787e-01 1.260695e+00 1.131117e+00 1.720488e+00 1.602681e+00 1.437081e+00 1.568038e+00 1.671151e+00 1.129411e+00 1.746076e-01 1.991749e-02 5.808257e-02 8.403579e-02 1.158223e-01 2.353871e-01 1.865321e-01 2.633746e-01 2.436090e-01 2.392708e-01 2.837169e-01 2.490424e-01 2.149225e-01 1.167952e-02
<GCONST> 8.156527e+01
<TRANSP> 5
 0.000000e+00 1.000000e+00 0.000000e+00 0.000000e+00 0.000000e+00
 0.000000e+00 9.411765e-01 5.882353e-02 0.000000e+00 0.000000e+00
 0.000000e+00 0.000000e+00 9.390863e-01 6.091370e-02 0.000000e+00
 0.000000e+00 0.000000e+00 0.000000e+00 9.500000e-01 5.000000e-02
 0.000000e+00 0.000000e+00 0.000000e+00 0.000000e+00 0.000000e+00
<ENDHMM>
