~o
<STREAMINFO> 1 39
<VECSIZE> 39<NULLD><MFCC_D_A_0><DIAGC>
~h "matikan"
<BEGINHMM>
<NUMSTATES> 5
<STATE> 2
<MEAN> 39
 -4.492979e+00 -5.268187e+00 -6.227614e+00 -6.707115e+00 1.292765e+00 -7.660721e+00 -5.845884e+00 -5.592417e+00 -6.004862e-01 -1.069208e+01 -3.636222e+00 -1.018961e+01 6.574598e+01 4.540446e-01 2.655826e-01 2.418114e-01 7.116135e-02 -3.473861e-01 -5.305468e-01 -3.533718e-01 -1.414198e-01 -2.405380e-01 -2.918990e-01 9.056640e-02 -5.801480e-02 3.979031e-01 -4.580763e-02 -3.800899e-04 1.921471e-01 -1.902321e-02 -1.869988e-01 -1.239904e-01 -5.721147e-02 -3.441487e-02 -4.656024e-02 5.454624e-02 1.594416e-01 5.603147e-02 2.296262e-02
<VARIANCE> 39
 4.246747e+01 2.327748e+01 2.834653e+01 2.444097e+01 3.332034e+01 4.682375e+01 3.817680e+01 8.938421e+01 3.281262e+01 5.773431e+01 6.069627e+01 3.341941e+01 3.104126e+01 4.264591e+00 2.689758e+00 4.107342e+00 2.422965e+00 3.365228e+00 3.591192e+00 3.830210e+00 6.255125e+00 4.081383e+00 3.102174e+00 4.841847e+00 3.041572e+00 2.539349e+00 4.699462e-01 5.083544e-01 8.002117e-01 4.651002e-01 6.175507e-01 5.954133e-01 5.820103e-01 1.068711e+00 7.208035e-01 5.271444e-01 5.879666e-01 5.593091e-01 3.013556e-01
<GCONST> 1.285903e+02
<STATE> 3
<MEAN> 39
 -7.045159e+00 -5.576631e+00 7.413350e+00 -4.613246e+00 -1.018556e+01 -1.683648e+01 -4.848655e+00 -6.599576e+00 -6.474693e+00 -1.037553e+01 1.480965e+00 -6.758103e+00 6.789535e+01 2.595537e-01 -3.422296e-01 -1.129961e-01 7.095474e-02 5.862791e-02 3.357314e-02 2.738549e-01 3.974603e-01 4.256079e-02 -3.991580e-02 -3.708640e-01 -1.333971e-01 2.362832e-01 -2.727362e-02 4.708686e-02 -1.186718e-01 5.619355e-02 1.916436e-01 1.313369e-01 6.316514e-02 3.037698e-02 6.856490e-02 -2.162896e-02 -1.068115e-01 -3.291836e-02 -9.073429e-02
<VARIANCE> 39
 2.244497e+01 7.355978e+01 1.215919e+02 5.342888e+01 9.668915e+01 8.923521e+01 6.857804e+01 1.769358e+02 6.689737e+01 5.901282e+01 8.412439e+01 3.965779e+01 3.246592e+01 1.642418e+00 3.068887e+00 6.290066e+00 4.592096e+00 5.924711e+00 7.643986e+00 4.081351e+00 6.385521e+00 4.360984e+00 4.656124e+00 3.775669e+00 3.654793e+00 2.030347e+00 2.578342e-01 4.489014e-01 6.484025e-01 8.082262e-01 8.595971e-01 1.234615e+00 6.560599e-01 8.702223e-01 7.771502e-01 8.710640e-01 7.259029e-01 6.649596e-01 2.546366e-01
<GCONST> 1.388136e+02
<STATE> 4
<MEAN> 39
 -9.406998e+00 -1.920683e-01 3.336952e+00 -3.561049e-01 2.902137e+00 -3.316643e+00 1.079553e+00 -4.902633e+00 -1.684978e+00 -1.001535e+01 -3.784380e+00 -8.655846e+00 6.097898e+01 -5.665656e-01 2.512189e-01 1.131750e-01 3.662200e-02 3.605135e-01 4.873343e-01 5.191575e-02 -3.244355e-01 5.973241e-02 2.447179e-01 1.625218e-01 1.742765e-02 -5.155255e-01 -3.335989e-03 -8.949718e-02 -4.519819e-02 -2.927860e-02 -4.659964e-02 -3.473781e-02 1.977285e-02 3.469166e-02 -8.447716e-03 -9.740341e-03 7.217848e-03 1.185208e-03 3.363159e-02
<VARIANCE> 39
 3.093020e+01 2.087674e+01 1.490633e+01 1.273785e+01 2.966988e+01 5.078655e+01 2.524458e+01 4.279725e+01 2.794327e+01 4.044340e+01 4.709903e+01 3.010902e+01 2.025968e+01 1.739686e-01 9.527035e-01 6.691118e-01 8.422431e-01 1.249903e+00 1.587904e+00 1.386089e+00 1.611578e+00 1.524566e+00 1.460173e+00 1.576103e+00 1.428584e+00 1.557374e-01 2.621351e-02 4.717867e-02 9.191638e-02 1.383967e-01 1.772085e-01 1.971877e-01 2.474034e-01 2.393733e-01 2.686630e-01 2.637331e-01 2.844574e-01 2.184958e-01 1.147926e-02
<GCONST> 8.673048e+01
<TRANSP> 5
 0.000000e+00 1.000000e+00 0.000000e+00 0.000000e+00 0.000000e+00
 0.000000e+00 9.500000e-01 5.000000e-02 0.000000e+00 0.000000e+00
 0.000000e+00 0.000000e+00 9.607843e-01 3.921569e-02 0.000000e+00
 0.000000e+00 0.000000e+00 0.000000e+00 9.653179e-01 3.468208e-02
 0.000000e+00 0.000000e+00 0.000000e+00 0.000000e+00 0.000000e+00
<ENDHMM>
