~o
<STREAMINFO> 1 39
<VECSIZE> 39<NULLD><MFCC_D_A_0><DIAGC>
~h "nol"
<BEGINHMM>
<NUMSTATES> 5
<STATE> 2
<MEAN> 39
 -6.854975e+00 1.020699e+00 1.605292e+00 -3.873965e+00 1.320852e+00 -8.075733e+00 -6.507195e+00 -1.072082e+01 -1.580256e+00 -6.549785e+00 6.539308e-01 -7.371444e+00 6.327324e+01 1.391572e+00 9.591132e-02 -4.765109e-01 -7.626718e-01 2.645270e-01 3.708192e-01 -6.914698e-01 -1.967359e-01 4.424399e-02 1.379615e-01 1.974260e-01 -3.289035e-01 1.071100e+00 -8.951865e-03 -1.027247e-01 -1.303144e-01 -1.389729e-01 -7.532411e-04 1.752244e-01 1.386592e-01 -3.624286e-02 -1.750726e-03 -4.191663e-02 -1.610828e-03 3.672855e-02 1.728775e-02
<VARIANCE> 39
 7.630597e+01 5.189395e+01 7.344876e+01 4.542715e+01 3.678148e+01 4.213081e+01 8.497386e+01 5.558348e+01 4.689126e+01 5.655865e+01 8.249270e+01 4.196656e+01 3.275872e+01 1.855352e+00 6.971192e+00 8.366367e+00 4.939633e+00 3.862927e+00 6.579136e+00 4.906715e+00 5.158759e+00 4.084011e+00 2.728216e+00 3.660243e+00 3.218571e+00 6.299718e-01 3.194040e-01 9.878513e-01 1.076474e+00 5.948931e-01 6.824104e-01 8.562652e-01 7.059418e-01 9.592681e-01 7.491786e-01 4.708835e-01 5.714263e-01 6.039007e-01 1.195144e-01
<GCONST> 1.338083e+02
<STATE> 3
<MEAN> 39
 2.858710e+00 -3.087035e+00 -8.987173e+00 -2.030788e+01 9.536424e-01 6.998556e+00 -7.622374e+00 -1.448448e+01 -3.668609e+00 -6.976473e+00 1.167438e+00 -7.574985e+00 7.176396e+01 -1.873572e-01 2.761050e-01 2.255127e-01 1.162138e-01 -2.055672e-01 4.838591e-02 2.075770e-01 -2.498885e-01 -1.837980e-01 -1.541226e-01 -1.858370e-01 1.243410e-01 -2.599656e-01 -5.291926e-02 3.794821e-02 6.930962e-02 1.283177e-01 2.334847e-02 -1.348656e-01 -1.369920e-02 7.498179e-02 1.946893e-02 1.956566e-02 -4.781553e-03 -2.274445e-02 -5.261818e-02
<VARIANCE> 39
 3.127922e+00 3.253846e+01 6.344886e+01 2.006558e+01 8.858407e+01 6.614048e+01 7.188100e+01 1.133585e+02 6.954255e+01 5.702277e+01 1.449898e+02 4.563178e+01 1.212291e+01 1.867506e-01 4.981102e-01 9.635460e-01 1.279581e+00 1.597217e+00 2.043752e+00 1.322595e+00 1.787453e+00 1.587221e+00 2.014071e+00 1.226312e+00 1.171295e+00 1.833192e-01 1.942956e-02 9.064116e-02 1.252009e-01 1.112265e-01 2.250503e-01 2.141090e-01 1.902801e-01 2.630483e-01 2.485973e-01 2.724324e-01 2.089135e-01 1.795731e-01 1.110535e-02
<GCONST> 9.329511e+01
<STATE> 4
<MEAN> 39
 -1.027221e+01 -1.013759e+00 -7.877737e-01 -4.460430e+00 7.606666e-01 -2.642028e+00 7.876313e-01 -9.667193e+00 -3.770237e+00 -1.071232e+01 -4.204049e+00 -9.023026e+00 6.001566e+01 -6.171382e-01 -2.694089e-01 1.080323e-01 3.709763e-01 2.532572e-03 -2.716008e-01 2.868036e-01 4.194595e-01 1.844488e-01 9.573758e-02 1.354219e-02 -1.165918e-02 -3.776637e-01 3.051904e-02 -1.685927e-02 -3.086865e-02 -6.875838e-02 -2.522741e-02 2.975969e-02 -3.397170e-02 -5.239424e-03 2.228644e-02 2.430187e-02 8.045696e-03 -6.672328e-03 2.970176e-02
<VARIANCE> 39
 2.271106e+01 1.166070e+01 1.200541e+01 3.234696e+01 1.789848e+01 3.264954e+01 2.711322e+01 3.343594e+01 2.461359e+01 2.664082e+01 3.766887e+01 2.692926e+01 7.706291e+00 1.756188e-01 3.729904e-01 6.584870e-01 1.099336e+00 1.040556e+00 1.307960e+00 1.482568e+00 1.618347e+00 1.431488e+00 1.272506e+00 1.912481e+00 1.840646e+00 9.252734e-02 2.423895e-02 6.697423e-02 9.755339e-02 1.602573e-01 1.836661e-01 1.928785e-01 2.564499e-01 2.821057e-01 2.560308e-01 2.232762e-01 2.920913e-01 3.149618e-01 1.000000e-02
<GCONST> 8.305965e+01
<TRANSP> 5
 0.000000e+00 1.000000e+00 0.000000e+00 0.000000e+00 0.000000e+00
 0.000000e+00 9.322034e-01 6.779660e-02 0.000000e+00 0.000000e+00
 0.000000e+00 0.000000e+00 9.587629e-01 4.123711e-02 0.000000e+00
 0.000000e+00 0.000000e+00 0.000000e+00 9.597315e-01 4.026846e-02
 0.000000e+00 0.000000e+00 0.000000e+00 0.000000e+00 0.000000e+00
<ENDHMM>
