~o
<STREAMINFO> 1 39
<VECSIZE> 39<NULLD><MFCC_D_A_0><DIAGC>
~h "nyalakan"
<BEGINHMM>
<NUMSTATES> 5
<STATE> 2
<MEAN> 39
 -6.919215e+00 -3.259475e+00 5.209010e+00 -4.891701e+00 -7.641871e+00 -1.173239e+01 -2.813514e+00 -1.915491e-01 -6.418540e+00 -1.039921e+01 2.874166e+00 -7.139657e+00 6.411424e+01 1.422164e+00 -3.657821e-01 2.907862e-01 -1.693593e-01 -8.505139e-01 -1.246082e+00 -1.171487e-02 1.057297e+00 -5.741762e-01 -1.007388e+00 -5.071968e-01 -2.838573e-02 1.637328e+00 -2.530735e-02 -3.198509e-01 -3.155903e-01 -5.701865e-02 2.045109e-01 2.247128e-01 -1.592217e-01 -1.203819e-01 2.262952e-01 5.178572e-02 -1.847573e-01 -5.606478e-02 3.731464e-02
<VARIANCE> 39
 3.981866e+01 4.604662e+01 6.579829e+01 2.743596e+01 5.847146e+01 7.692583e+01 4.799524e+01 1.607472e+02 5.693538e+01 6.501976e+01 8.128316e+01 2.425995e+01 4.370173e+01 1.769600e+00 8.189228e+00 4.442193e+00 3.122102e+00 6.292693e+00 5.980666e+00 6.271564e+00 1.004593e+01 5.867627e+00 4.962900e+00 6.526238e+00 3.710573e+00 8.608462e-01 3.542329e-01 1.096934e+00 4.293972e-01 6.878509e-01 1.322532e+00 1.308745e+00 1.381284e+00 2.093353e+00 1.061225e+00 1.073257e+00 1.055167e+00 5.438783e-01 1.848897e-01
<GCONST> 1.404481e+02
<STATE> 3
<MEAN> 39
 -1.314785e+00 -1.110191e+01 -6.276510e+00 -7.098143e+00 5.036518e-01 -6.438693e+00 -7.130738e+00 -4.602475e+00 -2.138118e-01 -8.033156e+00 -7.157386e+00 -1.196590e+01 7.120457e+01 1.381570e-02 2.167333e-01 -3.817322e-02 4.420318e-02 1.621358e-01 4.319612e-02 -1.444475e-01 -3.569087e-01 7.556257e-03 6.838975e-02 -1.357330e-01 -3.837296e-02 -1.040511e-01 -1.627824e-02 8.218250e-02 6.747152e-02 1.459547e-03 -5.539476e-02 -4.922236e-02 3.189600e-02 1.288631e-02 -4.458289e-02 -9.882786e-03 4.596418e-02 1.862934e-02 -3.718753e-02
<VARIANCE> 39
 1.778189e+01 2.787218e+01 5.520780e+01 3.113058e+01 7.903735e+01 1.114893e+02 3.909636e+01 1.413682e+02 5.132188e+01 9.010385e+01 8.252826e+01 5.740152e+01 2.550053e+01 9.939192e-01 2.110538e+00 1.672185e+00 1.847244e+00 3.201740e+00 3.971902e+00 2.429112e+00 3.866833e+00 3.233026e+00 3.508084e+00 2.111424e+00 2.587685e+00 1.287912e+00 1.346630e-01 2.385180e-01 1.837749e-01 3.092213e-01 4.365820e-01 5.629218e-01 4.301914e-01 5.034515e-01 5.836762e-01 5.516321e-01 3.967992e-01 4.619265e-01 1.313110e-01
<GCONST> 1.201064e+02
<STATE> 4
<MEAN> 39
 -9.547368e+00 7.238114e-01 2.476568e+00 -1.259824e+00 2.812950e+00 -4.145443e+00 -2.532179e+00 -1.053762e+01 -5.695108e+00 -1.283869e+01 -6.197595e+00 -1.036679e+01 6.035121e+01 -5.183008e-01 -5.455228e-02 6.676209e-03 7.205212e-02 2.292157e-01 4.370643e-01 3.650317e-01 3.917896e-02 5.869137e-02 1.508029e-01 2.239169e-01 1.120132e-02 -3.724284e-01 -1.062384e-03 -6.618678e-02 -3.689149e-02 -1.958453e-02 -9.049967e-03 3.480708e-04 2.601003e-02 5.235009e-02 2.975378e-02 2.163134e-02 1.147013e-02 9.985999e-05 2.114671e-02
<VARIANCE> 39
 3.243506e+01 1.623698e+01 1.262281e+01 1.793694e+01 4.474909e+01 6.192571e+01 4.323826e+01 4.185637e+01 4.120301e+01 3.804742e+01 3.656070e+01 2.964116e+01 1.332650e+01 2.006202e-01 6.464760e-01 8.259019e-01 9.209586e-01 1.299393e+00 1.454643e+00 1.609088e+00 1.782442e+00 1.722477e+00 1.783999e+00 1.758092e+00 1.654189e+00 1.027138e-01 3.335897e-02 6.804151e-02 1.384970e-01 1.788280e-01 2.051983e-01 2.380351e-01 2.907500e-01 3.285272e-01 3.336709e-01 2.864269e-01 2.946343e-01 2.787408e-01 1.000000e-02
<GCONST> 9.041144e+01
<TRANSP> 5
 0.000000e+00 1.000000e+00 0.000000e+00 0.000000e+00 0.000000e+00
 0.000000e+00 9.024390e-01 9.756098e-02 0.000000e+00 0.000000e+00
 0.000000e+00 0.000000e+00 9.772296e-01 2.277040e-02 0.000000e+00
 0.000000e+00 0.000000e+00 0.000000e+00 9.689922e-01 3.100775e-02
 0.000000e+00 0.000000e+00 0.000000e+00 0.000000e+00 0.000000e+00
<ENDHMM>
