~o
<STREAMINFO> 1 39
<VECSIZE> 39<NULLD><MFCC_D_A_0><DIAGC>
~h "sepuluh"
<BEGINHMM>
<NUMSTATES> 5
<STATE> 2
<MEAN> 39
 -1.317879e+01 2.086884e+00 -5.455249e+00 -5.507601e+00 1.650814e+00 -9.122512e+00 3.881354e-01 -9.813169e+00 5.477306e-01 -6.540044e+00 1.285892e+00 -6.130220e+00 6.337269e+01 7.160020e-01 4.240378e-01 -1.554950e-02 -4.766149e-01 -3.932238e-01 -1.073956e-01 -3.421417e-01 -2.352244e-01 -4.000291e-01 -1.943684e-01 1.148446e-01 2.244361e-01 3.493735e-01 2.879099e-02 -1.303215e-02 1.292932e-03 -2.141539e-02 1.978224e-02 7.068536e-02 -1.275212e-03 -4.103389e-02 -6.313029e-02 3.014142e-02 4.441106e-02 2.447041e-02 1.331642e-02
<VARIANCE> 39
 1.117811e+02 3.898423e+01 3.159663e+01 4.451458e+01 7.187581e+01 5.138528e+01 8.122722e+01 6.491604e+01 4.622935e+01 6.673159e+01 3.155247e+01 2.567796e+01 2.788374e+01 5.289377e+00 3.210231e+00 2.011990e+00 3.450115e+00 3.470574e+00 3.685144e+00 5.160142e+00 3.749955e+00 3.304345e+00 3.703635e+00 2.898571e+00 2.648487e+00 1.531037e+00 7.635625e-01 4.796482e-01 3.030999e-01 5.775496e-01 6.037652e-01 5.602592e-01 8.809727e-01 6.941777e-01 5.223621e-01 6.778396e-01 5.235110e-01 4.460717e-01 2.021843e-01
<GCONST> 1.289856e+02
<STATE> 3
<MEAN> 39
 2.833813e+00 3.591586e+00 -3.278692e+00 -1.282574e+01 -3.073325e+00 -3.592320e+00 -1.195429e+01 -2.056487e+01 -1.431751e+01 -3.514835e+00 1.016632e+01 -3.042691e+00 6.804869e+01 -2.573275e-01 -7.943704e-02 7.920631e-02 3.896268e-01 3.738135e-01 3.325626e-02 -2.371655e-02 -2.336023e-01 -3.841600e-03 1.668941e-01 1.294142e-01 -1.109064e-01 -1.178139e-01 -6.560772e-02 -1.411773e-02 3.032138e-02 6.806842e-02 -2.814010e-03 -8.656895e-02 7.643739e-03 8.522138e-02 9.042864e-02 -5.277282e-02 -1.023649e-01 -4.049197e-02 -4.504061e-02
<VARIANCE> 39
 6.142545e+00 1.568895e+01 4.663094e+01 4.081609e+01 6.494957e+01 4.208138e+01 6.672494e+01 6.035910e+01 5.388575e+01 6.256441e+01 5.318027e+01 4.926363e+01 5.286421e+00 2.911705e-01 7.550297e-01 1.151534e+00 2.330534e+00 1.341560e+00 2.004136e+00 2.139300e+00 3.424186e+00 2.876915e+00 3.628565e+00 2.361237e+00 2.854484e+00 2.266060e-01 3.864618e-02 1.030438e-01 1.836068e-01 3.321163e-01 2.367323e-01 3.505535e-01 3.467906e-01 3.770640e-01 4.700476e-01 4.981792e-01 3.183122e-01 5.116626e-01 2.181162e-02
<GCONST> 1.029533e+02
<STATE> 4
<MEAN> 39
 -1.259117e+01 -2.342549e+00 5.368455e-01 -1.225474e+00 4.282217e+00 -2.480783e+00 -2.080784e+00 -1.183391e+01 -6.792864e+00 -1.147455e+01 -1.394586e+00 -6.114560e+00 5.886293e+01 -6.786264e-01 -4.627739e-01 8.815906e-03 3.172403e-01 2.582167e-01 2.550097e-01 4.764327e-01 4.953990e-01 3.666232e-01 -1.722422e-01 -5.569514e-01 -3.643378e-01 -3.531123e-01 3.951059e-02 1.443874e-02 -2.879374e-02 -5.102661e-02 -1.455821e-02 2.815307e-02 2.200518e-03 -6.849266e-03 -1.930873e-02 3.824746e-03 1.337917e-02 -5.553988e-03 2.590960e-02
<VARIANCE> 39
 2.626689e+01 1.786395e+01 1.133179e+01 1.937452e+01 3.307882e+01 3.535749e+01 4.177764e+01 4.472237e+01 3.191123e+01 3.496694e+01 4.570265e+01 4.259930e+01 6.736122e+00 1.908733e-01 2.727561e-01 5.352932e-01 8.434752e-01 1.077929e+00 1.246476e+00 1.253285e+00 1.628867e+00 1.377261e+00 1.379532e+00 1.284500e+00 1.498454e+00 6.204776e-02 2.402248e-02 4.738828e-02 9.059571e-02 1.463149e-01 1.843708e-01 2.001224e-01 2.201163e-01 2.928040e-01 2.345423e-01 2.411013e-01 2.101058e-01 3.113372e-01 1.000000e-02
<GCONST> 8.274347e+01
<TRANSP> 5
 0.000000e+00 1.000000e+00 0.000000e+00 0.000000e+00 0.000000e+00
 0.000000e+00 9.686684e-01 3.133159e-02 0.000000e+00 0.000000e+00
 0.000000e+00 0.000000e+00 9.643917e-01 3.560831e-02 0.000000e+00
 0.000000e+00 0.000000e+00 0.000000e+00 9.590444e-01 4.095563e-02
 0.000000e+00 0.000000e+00 0.000000e+00 0.000000e+00 0.000000e+00
<ENDHMM>
