~o
<STREAMINFO> 1 39
<VECSIZE> 39<NULLD><MFCC_D_A_0><DIAGC>
~h "jam"
<BEGINHMM>
<NUMSTATES> 20
<STATE> 2
<MEAN> 39
 -1.681592e+01 -5.729651e+00 -8.608510e-01 -2.003780e+00 3.949790e+00 -3.402212e-01 2.885087e+00 -4.919877e+00 4.624891e-01 -7.994649e+00 -2.270041e+00 -8.106698e+00 5.685474e+01 1.488526e+00 1.913311e+00 1.726465e+00 1.337092e+00 5.835930e-01 -1.745968e-01 -9.201416e-01 -1.463611e+00 -1.831639e+00 -1.286209e+00 -9.738294e-01 -6.458749e-01 5.973135e-01 3.479989e-01 5.753930e-01 4.959499e-01 2.510317e-01 -1.929647e-02 -3.365286e-01 -2.987706e-01 -4.078693e-01 -4.724029e-01 -2.640801e-01 -2.073370e-01 -2.297941e-01 1.852682e-01
<VARIANCE> 39
 4.692310e+00 8.904665e+00 8.752652e+00 1.332661e+01 1.563478e+01 1.305053e+01 2.320341e+01 2.379272e+01 2.047824e+01 1.651259e+01 1.967794e+01 1.682846e+01 8.435870e-01 1.393514e+00 2.924953e+00 2.610435e+00 1.295300e+00 8.508677e-01 1.736963e+00 3.175567e+00 3.347752e+00 4.054737e+00 3.363842e+00 3.285861e+00 2.085958e+00 2.279442e-01 1.544035e-01 2.143082e-01 2.291753e-01 1.715205e-01 1.923696e-01 2.712359e-01 4.494322e-01 4.852472e-01 6.250156e-01 5.303414e-01 3.410805e-01 2.960095e-01 1.732325e-02
<GCONST> 9.312004e+01
<STATE> 3
<MEAN> 39
 -7.411544e+00 6.311769e+00 9.435968e+00 3.799824e+00 4.114761e+00 -4.967111e+00 -3.067719e+00 -1.175726e+01 -7.371902e+00 -1.453436e+01 -6.966630e+00 -1.133925e+01 6.096122e+01 1.897580e-01 1.083423e+00 5.186312e-01 1.509291e-01 4.747678e-01 -8.596162e-01 2.538633e-01 -6.624315e-01 -1.137095e-01 1.361958e-03 -4.287178e-02 1.895072e-02 6.444969e-01 -8.049954e-01 -3.718458e-01 -5.762947e-01 -6.015061e-01 8.366635e-02 -4.299665e-01 4.381455e-01 1.699588e-01 5.088324e-01 4.611998e-01 4.610107e-01 3.402872e-01 1.094848e-01
<VARIANCE> 39
 7.529944e+00 1.013830e+01 8.523081e+00 1.959500e+01 3.348345e+01 4.915208e+01 4.617873e+01 3.136060e+01 5.351876e+01 7.029174e+01 6.704655e+01 4.705011e+01 1.628860e+00 3.864924e+00 2.784894e+00 2.665091e+00 2.043368e+00 1.564463e+00 2.587743e+00 3.004751e+00 2.971487e+00 3.265697e+00 4.699619e+00 2.348591e+00 2.998764e+00 3.685276e-01 1.946161e-01 4.773053e-01 3.536493e-01 4.946698e-01 4.284346e-01 1.074795e+00 4.438321e-01 8.539432e-01 5.727264e-01 7.817091e-01 5.252756e-01 5.267057e-01 1.710774e-01
<GCONST> 1.142155e+02
<STATE> 4
<MEAN> 39
 -1.649239e+01 7.969470e+00 5.481360e+00 -1.405158e+00 1.138758e+01 -1.202408e+01 2.818454e+00 -1.413514e+01 -2.831747e+00 -9.985050e+00 -3.515474e+00 -8.082782e+00 6.526959e+01 -1.421523e+00 1.234867e+00 -1.111367e-01 -2.766347e+00 -1.378518e+00 -5.829172e+00 -7.092907e-01 -3.762697e-01 2.029371e-01 1.296255e+00 3.094200e+00 1.963584e+00 2.517603e+00 1.079920e+00 -6.549695e-01 5.572845e-01 4.945565e-02 -1.976790e+00 -7.781417e-01 -6.422406e-01 1.153159e+00 -5.629586e-01 -1.224630e-01 8.376694e-01 3.228661e-01 3.336016e-01
<VARIANCE> 39
 2.043327e+01 3.492134e+01 3.819440e+01 5.728140e+01 4.373648e+01 7.187676e+01 3.943168e+01 6.495571e+01 6.357539e+01 5.742195e+01 1.016633e+02 5.936272e+01 1.538747e+01 4.067020e+00 1.283419e+00 5.235766e+00 3.780913e+00 1.130527e+01 3.121238e+00 4.385698e+00 8.597368e+00 5.388096e+00 6.582522e+00 8.654408e+00 5.020188e+00 4.055495e-01 5.847283e-01 6.775011e-01 5.947499e-01 1.202815e+00 9.317421e-01 9.350101e-01 4.483072e-01 1.286200e+00 1.511004e+00 8.193261e-01 8.397376e-01 7.926928e-01 1.592573e-01
<GCONST> 1.357698e+02
<STATE> 5
<MEAN> 39
 -1.214452e+01 6.853308e+00 1.180051e+01 -5.518070e+00 -6.892020e+00 -3.102888e+01 -2.150563e+00 -6.774057e+00 -8.151598e+00 -7.604186e+00 1.162317e+01 -7.433032e-01 7.331873e+01 2.864561e+00 -3.373556e+00 1.271662e+00 -5.496002e-02 -5.899237e+00 -3.474924e+00 -4.325027e-01 4.407703e+00 -1.059170e+00 1.236943e-01 2.576234e+00 1.308029e+00 2.397390e+00 3.915896e-01 -1.141928e+00 -7.801268e-01 5.357271e-01 1.026778e+00 1.911093e+00 5.350243e-01 5.496459e-01 5.687480e-01 -2.257645e-01 -1.469466e+00 -8.755372e-01 -3.920493e-01
<VARIANCE> 39
 2.657020e+01 2.726182e+01 7.893033e+01 4.890500e+01 1.297883e+02 2.847557e+01 2.787319e+01 1.353236e+02 2.829173e+01 6.300275e+01 1.824266e+02 5.382770e+01 1.214264e+01 1.198362e+00 2.602058e+00 4.262337e+00 2.513027e+00 7.619428e+00 6.595937e+00 3.705928e+00 5.089525e+00 1.358957e+01 2.615643e+00 6.118628e+00 3.595553e+00 6.698524e-01 7.395903e-01 3.504303e-01 1.049644e+00 7.278258e-01 2.658337e+00 4.263695e-01 3.232307e-01 1.733552e+00 9.680836e-01 8.687295e-01 8.553035e-01 6.014246e-01 6.180075e-02
<GCONST> 1.330746e+02
<STATE> 6
<MEAN> 39
 -5.850649e+00 -4.908695e+00 9.895273e+00 -4.688634e+00 -1.338782e+01 -3.210886e+01 1.665206e-01 5.573606e+00 -6.273322e+00 -8.674587e+00 1.030983e+01 -2.234317e+00 7.737500e+01 1.362900e+00 -3.614516e+00 -2.167300e+00 8.847751e-02 1.219509e+00 1.908364e+00 6.947894e-02 1.852436e+00 1.158017e+00 2.271882e-02 -2.211380e+00 -1.584549e+00 7.548333e-01 -4.133343e-01 4.226742e-01 -6.528666e-01 -1.333278e-01 1.727645e+00 1.193049e+00 -3.020272e-01 -1.386323e+00 9.322210e-02 -3.508024e-03 -9.774790e-01 -6.589223e-01 -4.436283e-01
<VARIANCE> 39
 6.185421e+00 2.013404e+01 9.209601e+01 2.225480e+01 7.069360e+01 5.350826e+01 3.656507e+01 1.018588e+02 7.696174e+01 2.813536e+01 1.867130e+02 4.349760e+01 1.301688e+01 4.366269e-01 9.589309e-01 3.814707e+00 1.906175e+00 4.015076e+00 3.142924e+00 1.584706e+00 5.164560e+00 3.042969e+00 3.597974e+00 1.561888e+00 2.916881e+00 2.143438e-01 5.438442e-02 1.639573e-01 4.882598e-01 2.541495e-01 7.190151e-01 4.229850e-01 3.383502e-01 7.012606e-01 1.013978e+00 2.534438e-01 3.216817e-01 4.246809e-01 4.585054e-02
<GCONST> 1.120900e+02
<STATE> 7
<MEAN> 39
 -2.388056e+00 -1.364569e+01 1.375935e-01 -6.301914e+00 -2.695849e+00 -2.234579e+01 -2.785539e+00 3.554116e+00 -4.188954e+00 -8.133970e+00 -7.232822e-01 -9.721529e+00 7.806251e+01 8.817037e-01 -1.447942e+00 -1.999463e+00 -5.297396e-01 1.979855e+00 3.255769e+00 -5.588587e-01 -8.874933e-01 4.431579e-01 6.025938e-01 -2.297825e+00 -2.475872e+00 -2.796166e-02 -1.143572e-01 6.507680e-01 3.651997e-01 -8.449314e-02 -4.088227e-01 7.824631e-02 -5.204121e-02 -4.542588e-01 -1.031955e-01 3.106282e-01 4.656243e-01 1.091698e-01 -1.841046e-01
<VARIANCE> 39
 3.883633e+00 9.777941e+00 8.199737e+01 7.257433e+00 5.637820e+01 6.588750e+01 4.376839e+01 1.034975e+02 8.363643e+01 3.522689e+01 2.090443e+02 5.579207e+01 9.781938e+00 1.220221e-01 9.148282e-01 9.973657e-01 7.608981e-01 1.483388e+00 2.216114e+00 1.390775e+00 4.301142e+00 1.944239e+00 2.141591e+00 1.623276e+00 1.173818e+00 1.187410e-01 1.844274e-02 6.971150e-02 1.354975e-01 1.546606e-01 1.974598e-01 2.276530e-01 1.674741e-01 4.559534e-01 3.544326e-01 5.157368e-01 2.169825e-01 4.602565e-01 1.668480e-02
<GCONST> 9.413218e+01
<STATE> 8
<MEAN> 39
 7.267611e-02 -1.529129e+01 -4.218678e+00 -8.905782e+00 -1.501869e+00 -7.499203e+00 -4.828160e+00 -2.075320e+00 -3.373260e+00 -1.262284e+00 -2.482717e+00 -1.688614e+01 7.677467e+01 3.698292e-01 4.236289e-01 -6.041459e-01 -4.020822e-01 2.585333e-01 1.554514e+00 -7.026732e-01 -1.335643e+00 6.944029e-01 7.148349e-01 -1.618092e-01 -2.808109e-01 -5.520475e-01 -8.042546e-02 3.168007e-01 2.083271e-01 3.288719e-02 -2.064154e-01 -4.510089e-01 2.412497e-02 8.088960e-02 -5.067508e-02 -1.903732e-01 3.305298e-01 3.181011e-01 -1.074708e-01
<VARIANCE> 39
 2.735960e+00 1.005745e+01 4.711696e+01 7.589236e+00 6.310409e+01 1.336361e+02 3.383606e+01 8.246953e+01 6.911535e+01 1.870036e+01 8.499110e+01 1.938853e+01 8.367820e+00 1.207017e-01 4.713493e-01 3.739529e-01 6.012402e-01 8.288949e-01 1.435110e+00 1.127520e+00 1.167826e+00 1.033095e+00 1.183018e+00 1.221462e+00 1.613329e+00 9.393490e-02 2.077992e-02 4.425479e-02 7.444569e-02 9.045017e-02 1.706401e-01 2.042088e-01 2.026659e-01 3.219526e-01 2.809234e-01 1.464960e-01 1.726957e-01 1.650019e-01 8.639519e-03
<GCONST> 7.956633e+01
<STATE> 9
<MEAN> 39
 1.361519e+00 -1.112438e+01 -6.418289e+00 -1.077867e+01 -5.898047e-02 -5.087565e+00 -7.989900e+00 -7.772300e+00 9.389817e-01 -1.029534e+00 -2.748423e+00 -1.575280e+01 7.376524e+01 5.474734e-02 2.124543e+00 7.688804e-01 2.711397e-01 -4.564672e-01 -1.587480e-01 -4.210857e-01 -1.023554e+00 -5.306735e-01 -3.381996e-01 9.327998e-01 8.472153e-01 -1.222137e+00 -1.289114e-01 2.927174e-01 5.467809e-01 5.284746e-01 9.002158e-02 -3.223040e-01 6.936357e-02 9.980027e-02 -5.612330e-01 -5.287873e-01 -2.566141e-01 2.469107e-01 -7.521288e-02
<VARIANCE> 39
 2.188633e+00 8.256299e+00 5.515227e+01 8.452746e+00 1.953414e+01 9.145052e+01 4.243511e+01 6.766640e+01 4.039974e+01 1.886726e+01 1.189852e+02 1.437613e+01 5.012155e+00 1.033334e-01 3.356029e-01 1.055143e+00 1.077129e+00 2.599981e+00 9.682803e-01 9.871590e-01 3.516817e+00 1.330949e+00 2.029626e+00 1.418461e+00 1.640246e+00 6.961141e-02 2.320434e-02 9.907552e-02 6.542962e-02 8.898944e-02 8.620545e-02 1.372315e-01 1.783822e-01 3.457131e-01 1.951184e-01 5.978175e-01 3.971667e-01 2.825132e-01 1.247996e-02
<GCONST> 8.280280e+01
<STATE> 10
<MEAN> 39
 8.084334e-01 -4.075307e+00 -2.002425e-01 -6.894468e+00 3.009224e-02 -5.166769e+00 -8.097405e+00 -8.941816e+00 -3.599777e+00 -3.736167e+00 -1.048478e+00 -1.315513e+01 7.020021e+01 -1.515893e-01 1.773219e+00 1.173821e+00 8.389235e-01 3.774505e-01 -2.359668e-01 -4.864123e-01 -6.361251e-01 -1.993766e+00 -1.875472e+00 -6.144058e-01 2.387167e-01 -8.545588e-01 -2.620377e-02 -2.329370e-01 -2.127741e-01 -1.187376e-01 1.979622e-01 1.427071e-01 -5.102434e-02 -7.882831e-04 -1.269411e-01 -2.160490e-01 -2.006341e-01 -9.066383e-02 1.376777e-01
<VARIANCE> 39
 2.339091e+00 5.040822e+00 3.712585e+01 1.351397e+01 1.190132e+01 6.195982e+01 4.508667e+01 3.328313e+01 3.283424e+01 3.249680e+01 1.055541e+02 2.409002e+01 2.341827e+00 9.223409e-02 4.403778e-01 1.037665e+00 8.050067e-01 1.595062e+00 1.046076e+00 1.443602e+00 2.874295e+00 1.218881e+00 1.963965e+00 1.377509e+00 2.283715e+00 1.033068e-01 1.274435e-02 4.477788e-02 7.348461e-02 1.590526e-01 1.358172e-01 1.325082e-01 1.645770e-01 1.553544e-01 1.536185e-01 2.416340e-01 2.778943e-01 3.341622e-01 6.928526e-03
<GCONST> 7.800001e+01
<STATE> 11
<MEAN> 39
 3.569061e-01 4.265234e-01 -4.008751e-02 -4.988158e+00 1.893856e+00 -6.207225e+00 -1.029731e+01 -1.357032e+01 -1.073077e+01 -1.272474e+01 -5.956115e+00 -1.351471e+01 6.771849e+01 -2.342105e-01 1.014238e+00 4.214059e-01 5.743617e-01 5.506649e-01 1.158112e-02 -3.215113e-01 -1.078921e+00 -8.514355e-01 -8.033145e-01 1.900035e-01 3.588350e-01 -6.192999e-01 -3.966478e-02 -1.046738e-01 -5.953338e-02 4.145150e-02 8.476683e-03 2.552403e-02 1.332642e-01 1.020792e-02 4.819695e-01 3.960116e-01 1.267045e-01 -4.736443e-02 7.249526e-03
<VARIANCE> 39
 2.988753e+00 4.472342e+00 2.398375e+01 8.420235e+00 2.115893e+01 3.090664e+01 3.238798e+01 5.086913e+01 2.039812e+01 7.012454e+01 1.501546e+02 5.134753e+01 1.492683e+00 1.705791e-01 5.065732e-01 8.642856e-01 7.747281e-01 9.843423e-01 9.452748e-01 8.236190e-01 2.214209e+00 1.499641e+00 1.660624e+00 1.402087e+00 1.855802e+00 4.567903e-02 3.020030e-02 1.107562e-01 1.108473e-01 8.937389e-02 1.207518e-01 2.296809e-01 2.010199e-01 2.462889e-01 2.576303e-01 1.953170e-01 2.429960e-01 3.048406e-01 1.219443e-02
<GCONST> 7.964191e+01
<STATE> 12
<MEAN> 39
 -6.919395e-01 3.768404e+00 1.248921e+00 -2.731213e+00 2.044901e+00 -7.478731e+00 -1.369341e+01 -1.967002e+01 -1.003049e+01 -1.364731e+01 -6.739126e+00 -1.366117e+01 6.528739e+01 -5.554913e-01 6.235458e-01 3.808635e-01 4.359683e-01 5.607597e-01 8.186986e-01 6.377531e-01 -3.189368e-01 2.592284e-01 -4.731267e-01 -7.964454e-02 9.736072e-02 -6.597891e-01 -1.577296e-01 -2.003725e-01 -9.051849e-02 -1.279313e-01 4.036767e-02 1.155099e-01 3.118516e-01 3.618381e-01 1.040335e-01 6.621698e-02 1.278048e-02 6.316563e-02 -3.970752e-02
<VARIANCE> 39
 2.004553e+00 7.102724e+00 2.181392e+01 1.086138e+01 1.322496e+01 1.826522e+01 2.042227e+01 3.018771e+01 2.035073e+01 5.321647e+01 6.460779e+01 4.629128e+01 1.028520e+00 1.145520e-01 2.197845e-01 2.850631e-01 1.028744e+00 5.752606e-01 1.091337e+00 1.651515e+00 9.094713e-01 1.294549e+00 1.177670e+00 1.242803e+00 1.073444e+00 4.613962e-02 1.230471e-02 2.231817e-02 6.953244e-02 1.800654e-01 1.356914e-01 2.066662e-01 2.233112e-01 1.370629e-01 1.653235e-01 3.045356e-01 1.168298e-01 1.410064e-01 3.545150e-03
<GCONST> 6.701949e+01
<STATE> 13
<MEAN> 39
 -3.346356e+00 6.939291e+00 3.268339e+00 -1.191857e+00 1.020812e+01 9.667375e-01 -5.951909e+00 -1.384677e+01 -6.497555e+00 -9.636636e+00 -9.988585e-01 -7.157490e+00 6.258163e+01 -8.086982e-01 3.601814e-01 -2.851117e-01 -3.759602e-02 5.657227e-01 6.118987e-01 3.495299e-01 1.075867e-02 7.682208e-01 9.706553e-02 -4.840371e-01 4.463251e-01 -7.982486e-01 -6.768382e-02 -1.386944e-01 -1.044235e-02 -1.281614e-01 -2.538210e-01 -8.408570e-02 -1.074597e-01 -1.044416e-01 -7.979418e-03 1.694720e-01 -2.556097e-03 -3.279021e-02 1.889786e-02
<VARIANCE> 39
 3.854450e+00 1.287321e+01 2.039385e+01 2.247505e+01 3.451216e+01 3.461215e+01 2.148809e+01 7.722730e+01 2.187974e+01 3.098991e+01 3.943511e+01 3.825536e+01 2.308617e+00 1.738557e-01 4.498281e-01 3.434401e-01 6.477829e-01 1.286524e+00 1.436660e+00 1.213806e+00 9.749804e-01 1.128968e+00 1.204481e+00 1.389399e+00 7.757402e-01 3.577280e-02 9.414815e-03 2.254143e-02 1.001317e-01 1.449147e-01 1.374648e-01 2.601531e-01 2.283944e-01 1.738730e-01 1.562822e-01 2.808511e-01 1.935233e-01 1.942763e-01 4.216342e-03
<GCONST> 7.354350e+01
<STATE> 14
<MEAN> 39
 -6.968427e+00 3.772193e+00 1.818267e+00 -3.154548e+00 2.440888e+00 -4.253648e+00 -7.892992e+00 -1.859958e+01 -9.930355e+00 -1.573651e+01 -9.010329e+00 -1.329366e+01 6.066061e+01 -8.896817e-01 -8.050198e-02 4.618775e-01 3.198395e-01 -1.302839e-01 5.122728e-01 4.750606e-01 -2.666207e-01 1.498246e-01 2.540864e-01 1.275335e-01 9.434400e-02 -5.584693e-01 5.066584e-02 -1.093941e-02 4.153558e-02 1.452367e-01 6.173732e-02 3.634835e-03 4.426924e-02 1.656055e-02 -6.777570e-03 -7.465062e-02 -2.214157e-02 -4.363618e-02 7.022648e-02
<VARIANCE> 39
 2.552803e+00 1.142032e+01 1.158319e+01 1.078598e+01 3.502279e+01 2.625109e+01 2.023510e+01 3.112960e+01 3.282992e+01 6.142523e+01 4.380611e+01 6.077344e+01 1.239848e+00 1.738843e-01 2.731316e-01 4.361235e-01 8.118469e-01 7.677212e-01 1.136164e+00 1.428040e+00 1.533378e+00 1.296346e+00 1.610663e+00 1.259354e+00 1.091378e+00 6.072116e-02 3.050212e-02 6.213002e-02 1.005611e-01 1.686881e-01 1.341952e-01 1.370147e-01 2.920950e-01 3.128293e-01 2.632950e-01 3.839634e-01 2.388734e-01 2.732515e-01 7.840009e-03
<GCONST> 7.706893e+01
<STATE> 15
<MEAN> 39
 -1.091950e+01 2.327739e+00 3.767962e+00 2.744729e-01 4.841675e+00 -1.485818e+00 -4.354006e+00 -1.696249e+01 -8.598944e+00 -1.373735e+01 -6.668716e+00 -1.070696e+01 5.875217e+01 -5.962335e-01 -2.518464e-01 1.326184e-01 1.584914e-01 3.561770e-01 4.469606e-01 7.932637e-01 5.749086e-01 -1.633595e-01 -1.277923e-01 -1.037643e-01 -3.122365e-01 -2.449191e-01 7.534827e-02 3.262290e-02 -4.317285e-02 -1.013158e-01 8.117153e-02 1.698688e-01 4.343646e-02 7.477064e-02 2.956111e-02 2.676330e-02 -1.189720e-01 -1.932501e-01 3.453904e-02
<VARIANCE> 39
 5.639422e+00 2.081565e+01 1.613271e+01 2.265008e+01 3.011528e+01 2.565520e+01 2.148735e+01 3.124384e+01 3.764351e+01 3.914366e+01 1.741617e+01 2.580948e+01 7.630012e-01 1.709592e-01 4.578480e-01 4.781676e-01 8.502708e-01 1.082824e+00 1.203699e+00 1.043487e+00 6.614394e-01 1.862509e+00 2.383470e+00 1.553276e+00 1.697830e+00 4.453372e-02 3.535121e-02 1.106201e-01 1.169412e-01 1.570808e-01 2.010789e-01 2.938389e-01 2.531303e-01 8.279113e-02 4.866562e-01 3.566281e-01 2.466206e-01 1.670214e-01 1.141570e-02
<GCONST> 7.878239e+01
<STATE> 16
<MEAN> 39
 -1.232344e+01 6.704592e+00 4.936505e+00 -1.765318e+00 1.169631e+01 9.311381e+00 -6.952832e-01 -1.737700e+01 -4.599242e+00 -7.573833e+00 -4.603924e+00 -1.135894e+01 5.678717e+01 -6.560427e-01 -6.064616e-01 -1.804387e-01 -4.068497e-01 -1.149943e-01 8.402262e-01 9.610350e-01 3.242615e-01 -3.733501e-03 5.031070e-01 2.465863e-01 -4.887707e-01 -2.457795e-01 3.975279e-02 -1.599327e-01 -1.345589e-01 4.458127e-02 -2.500708e-02 -1.482713e-01 -1.961301e-02 6.426647e-02 3.482964e-02 2.546626e-02 7.206436e-02 2.981373e-01 5.018888e-02
<VARIANCE> 39
 5.582665e+00 1.463530e+01 8.676170e+00 1.794432e+01 4.216385e+01 4.040612e+01 3.056797e+01 6.324232e+01 4.282294e+01 8.000226e+01 3.727502e+01 2.659644e+01 1.233293e+00 1.869090e-01 4.900103e-01 6.873922e-01 1.028124e+00 3.263341e+00 2.601290e+00 1.784014e+00 2.042005e+00 2.791153e+00 1.539427e+00 1.889937e+00 2.106137e+00 5.483859e-02 2.412365e-02 6.587430e-02 8.617070e-02 1.266096e-01 4.509727e-01 2.618029e-01 2.393588e-01 2.876140e-01 4.565910e-01 3.250254e-01 3.022761e-01 2.881103e-01 4.614790e-03
<GCONST> 8.651122e+01
<STATE> 17
<MEAN> 39
 -1.435826e+01 -2.434418e-01 2.750906e+00 -3.756837e-01 8.082370e+00 5.392646e+00 3.906988e+00 -1.115696e+01 -5.987557e+00 -1.293129e+01 -9.112915e+00 -1.461400e+01 5.737631e+01 -3.009597e-01 -4.939281e-01 -5.826377e-01 -9.212986e-02 2.208541e-01 5.407818e-01 8.704976e-01 1.083446e+00 1.346057e+00 9.018520e-01 7.577645e-02 2.169148e-01 -1.353675e-01 -2.021347e-02 -6.217773e-02 -1.061545e-01 -9.572121e-02 -2.277267e-01 -3.575402e-01 -2.849917e-01 1.669871e-01 2.817567e-02 1.510814e-03 2.702671e-01 7.209010e-02 -1.786954e-02
<VARIANCE> 39
 1.270946e+00 6.353593e+00 8.517206e+00 2.472483e+01 1.724966e+01 1.983746e+01 3.356303e+01 3.506160e+01 3.907594e+01 6.442357e+01 7.739250e+01 2.306378e+01 6.463905e-01 1.265336e-01 7.201809e-01 1.133852e+00 9.070182e-01 1.569666e+00 1.216771e+00 1.925484e+00 1.505803e+00 1.172397e+00 2.805444e+00 2.694380e+00 1.135601e+00 4.139511e-02 1.546442e-02 8.563183e-02 1.465126e-01 1.474077e-01 3.867160e-01 1.690121e-01 3.023494e-01 4.589655e-01 3.660696e-01 7.354920e-01 3.761234e-01 1.837998e-01 6.091138e-03
<GCONST> 8.112229e+01
<STATE> 18
<MEAN> 39
 -1.505274e+01 -1.467640e+00 -4.285806e-01 -1.903594e+00 8.734719e+00 6.429001e+00 4.691381e+00 -6.517452e+00 -9.452944e-01 -6.967417e+00 -2.148241e+00 -1.016955e+01 5.690617e+01 -3.137459e-01 -8.200731e-01 -3.473474e-01 -4.362616e-02 -5.974903e-01 -9.911174e-01 -4.230943e-01 7.784053e-01 3.228368e-01 -4.071434e-01 3.783451e-01 7.889513e-01 -6.197814e-02 -5.644513e-02 1.912574e-02 3.227571e-01 1.428415e-01 4.660083e-03 -1.623968e-01 -8.869135e-02 -3.269659e-01 -3.533440e-01 -3.806126e-01 -2.384236e-01 -9.251206e-02 -2.113852e-02
<VARIANCE> 39
 1.258675e+00 5.435509e+00 8.314564e+00 3.017003e+01 1.906669e+01 2.045230e+01 1.799001e+01 3.089376e+01 1.933943e+01 2.013837e+01 4.770904e+01 4.638565e+01 6.353232e-01 1.832435e-01 4.296280e-01 7.556319e-01 9.856572e-01 1.618264e+00 1.224286e+00 8.181292e-01 2.036455e+00 1.466783e+00 1.896443e+00 2.075598e+00 1.580439e+00 5.294859e-02 3.590692e-02 3.544875e-02 1.242591e-01 1.394594e-01 2.766811e-01 2.783945e-01 1.814919e-01 1.849095e-01 2.894030e-01 1.778551e-01 5.007566e-01 4.780172e-01 9.258230e-03
<GCONST> 7.649648e+01
<STATE> 19
<MEAN> 39
 -1.811377e+01 -3.953290e+00 1.684471e+00 5.977386e-01 9.478114e+00 5.142619e+00 4.070720e+00 -7.335566e+00 -3.709950e+00 -1.167441e+01 -6.412710e+00 -1.163136e+01 5.551986e+01 -5.025771e-01 -6.276758e-01 6.186596e-02 2.898880e-01 8.401828e-02 4.901382e-02 4.490601e-01 3.025950e-01 7.216594e-02 1.048634e-01 -2.204158e-01 -3.110457e-01 -1.630052e-01 7.863197e-02 1.003594e-01 -2.377312e-02 -4.452401e-02 1.662048e-02 1.049062e-01 1.649229e-02 -1.211002e-01 3.507503e-02 1.125107e-01 4.608195e-02 1.321419e-02 3.206016e-02
<VARIANCE> 39
 4.033584e+00 1.258677e+01 1.105247e+01 2.859860e+01 3.363140e+01 3.249972e+01 2.545267e+01 2.381376e+01 3.183610e+01 2.641415e+01 2.500858e+01 3.694161e+01 7.936032e-01 2.331012e-01 3.352008e-01 8.173777e-01 6.239242e-01 7.661092e-01 1.741958e+00 1.547469e+00 2.276341e+00 1.765687e+00 2.816540e+00 2.805976e+00 3.280444e+00 5.660664e-02 4.282153e-02 5.789485e-02 1.357658e-01 1.025696e-01 2.276020e-01 4.104580e-01 3.907239e-01 3.192842e-01 3.468756e-01 4.811095e-01 4.559053e-01 6.332080e-01 1.084236e-02
<GCONST> 8.509032e+01
<TRANSP> 20
 0.000000e+00 1.000000e+00 0.000000e+00 0.000000e+00 0.000000e+00 0.000000e+00 0.000000e+00 0.000000e+00 0.000000e+00 0.000000e+00 0.000000e+00 0.000000e+00 0.000000e+00 0.000000e+00 0.000000e+00 0.000000e+00 0.000000e+00 0.000000e+00 0.000000e+00 0.000000e+00
 0.000000e+00 7.330683e-01 2.669317e-01 0.000000e+00 0.000000e+00 0.000000e+00 0.000000e+00 0.000000e+00 0.000000e+00 0.000000e+00 0.000000e+00 0.000000e+00 0.000000e+00 0.000000e+00 0.000000e+00 0.000000e+00 0.000000e+00 0.000000e+00 0.000000e+00 0.000000e+00
 0.000000e+00 0.000000e+00 8.065709e-01 1.934291e-01 0.000000e+00 0.000000e+00 0.000000e+00 0.000000e+00 0.000000e+00 0.000000e+00 0.000000e+00 0.000000e+00 0.000000e+00 0.000000e+00 0.000000e+00 0.000000e+00 0.000000e+00 0.000000e+00 0.000000e+00 0.000000e+00
 0.000000e+00 0.000000e+00 0.000000e+00 6.672390e-01 3.327610e-01 0.000000e+00 0.000000e+00 0.000000e+00 0.000000e+00 0.000000e+00 0.000000e+00 0.000000e+00 0.000000e+00 0.000000e+00 0.000000e+00 0.000000e+00 0.000000e+00 0.000000e+00 0.000000e+00 0.000000e+00
 0.000000e+00 0.000000e+00 0.000000e+00 0.000000e+00 6.358624e-01 3.641376e-01 0.000000e+00 0.000000e+00 0.000000e+00 0.000000e+00 0.000000e+00 0.000000e+00 0.000000e+00 0.000000e+00 0.000000e+00 0.000000e+00 0.000000e+00 0.000000e+00 0.000000e+00 0.000000e+00
 0.000000e+00 0.000000e+00 0.000000e+00 0.000000e+00 0.000000e+00 6.249428e-01 3.750572e-01 0.000000e+00 0.000000e+00 0.000000e+00 0.000000e+00 0.000000e+00 0.000000e+00 0.000000e+00 0.000000e+00 0.000000e+00 0.000000e+00 0.000000e+00 0.000000e+00 0.000000e+00
 0.000000e+00 0.000000e+00 0.000000e+00 0.000000e+00 0.000000e+00 0.000000e+00 7.481913e-01 2.518087e-01 0.000000e+00 0.000000e+00 0.000000e+00 0.000000e+00 0.000000e+00 0.000000e+00 0.000000e+00 0.000000e+00 0.000000e+00 0.000000e+00 0.000000e+00 0.000000e+00
 0.000000e+00 0.000000e+00 0.000000e+00 0.000000e+00 0.000000e+00 0.000000e+00 0.000000e+00 8.184507e-01 1.815493e-01 0.000000e+00 0.000000e+00 0.000000e+00 0.000000e+00 0.000000e+00 0.000000e+00 0.000000e+00 0.000000e+00 0.000000e+00 0.000000e+00 0.000000e+00
 0.000000e+00 0.000000e+00 0.000000e+00 0.000000e+00 0.000000e+00 0.000000e+00 0.000000e+00 0.000000e+00 6.033715e-01 3.966285e-01 0.000000e+00 0.000000e+00 0.000000e+00 0.000000e+00 0.000000e+00 0.000000e+00 0.000000e+00 0.000000e+00 0.000000e+00 0.000000e+00
 0.000000e+00 0.000000e+00 0.000000e+00 0.000000e+00 0.000000e+00 0.000000e+00 0.000000e+00 0.000000e+00 0.000000e+00 7.028672e-01 2.971328e-01 0.000000e+00 0.000000e+00 0.000000e+00 0.000000e+00 0.000000e+00 0.000000e+00 0.000000e+00 0.000000e+00 0.000000e+00
 0.000000e+00 0.000000e+00 0.000000e+00 0.000000e+00 0.000000e+00 0.000000e+00 0.000000e+00 0.000000e+00 0.000000e+00 0.000000e+00 7.432346e-01 2.567654e-01 0.000000e+00 0.000000e+00 0.000000e+00 0.000000e+00 0.000000e+00 0.000000e+00 0.000000e+00 0.000000e+00
 0.000000e+00 0.000000e+00 0.000000e+00 0.000000e+00 0.000000e+00 0.000000e+00 0.000000e+00 0.000000e+00 0.000000e+00 0.000000e+00 0.000000e+00 7.061654e-01 2.938346e-01 0.000000e+00 0.000000e+00 0.000000e+00 0.000000e+00 0.000000e+00 0.000000e+00 0.000000e+00
 0.000000e+00 0.000000e+00 0.000000e+00 0.000000e+00 0.000000e+00 0.000000e+00 0.000000e+00 0.000000e+00 0.000000e+00 0.000000e+00 0.000000e+00 0.000000e+00 7.207851e-01 2.792149e-01 0.000000e+00 0.000000e+00 0.000000e+00 0.000000e+00 0.000000e+00 0.000000e+00
 0.000000e+00 0.000000e+00 0.000000e+00 0.000000e+00 0.000000e+00 0.000000e+00 0.000000e+00 0.000000e+00 0.000000e+00 0.000000e+00 0.000000e+00 0.000000e+00 0.000000e+00 7.277510e-01 2.722491e-01 0.000000e+00 0.000000e+00 0.000000e+00 0.000000e+00 0.000000e+00
 0.000000e+00 0.000000e+00 0.000000e+00 0.000000e+00 0.000000e+00 0.000000e+00 0.000000e+00 0.000000e+00 0.000000e+00 0.000000e+00 0.000000e+00 0.000000e+00 0.000000e+00 0.000000e+00 8.142113e-01 1.857887e-01 0.000000e+00 0.000000e+00 0.000000e+00 0.000000e+00
 0.000000e+00 0.000000e+00 0.000000e+00 0.000000e+00 0.000000e+00 0.000000e+00 0.000000e+00 0.000000e+00 0.000000e+00 0.000000e+00 0.000000e+00 0.000000e+00 0.000000e+00 0.000000e+00 0.000000e+00 7.424124e-01 2.575876e-01 0.000000e+00 0.000000e+00 0.000000e+00
 0.000000e+00 0.000000e+00 0.000000e+00 0.000000e+00 0.000000e+00 0.000000e+00 0.000000e+00 0.000000e+00 0.000000e+00 0.000000e+00 0.000000e+00 0.000000e+00 0.000000e+00 0.000000e+00 0.000000e+00 0.000000e+00 6.823812e-01 3.176188e-01 0.000000e+00 0.000000e+00
 0.000000e+00 0.000000e+00 0.000000e+00 0.000000e+00 0.000000e+00 0.000000e+00 0.000000e+00 0.000000e+00 0.000000e+00 0.000000e+00 0.000000e+00 0.000000e+00 0.000000e+00 0.000000e+00 0.000000e+00 0.000000e+00 0.000000e+00 6.270692e-01 3.729308e-01 0.000000e+00
 0.000000e+00 0.000000e+00 0.000000e+00 0.000000e+00 0.000000e+00 0.000000e+00 0.000000e+00 0.000000e+00 0.000000e+00 0.000000e+00 0.000000e+00 0.000000e+00 0.000000e+00 0.000000e+00 0.000000e+00 0.000000e+00 0.000000e+00 0.000000e+00 7.811744e-01 2.188257e-01
 0.000000e+00 0.000000e+00 0.000000e+00 0.000000e+00 0.000000e+00 0.000000e+00 0.000000e+00 0.000000e+00 0.000000e+00 0.000000e+00 0.000000e+00 0.000000e+00 0.000000e+00 0.000000e+00 0.000000e+00 0.000000e+00 0.000000e+00 0.000000e+00 0.000000e+00 0.000000e+00
<ENDHMM>
