~o
<STREAMINFO> 1 39
<VECSIZE> 39<NULLD><MFCC_D_A_0><DIAGC>
~h "setengah"
<BEGINHMM>
<NUMSTATES> 20
<STATE> 2
<MEAN> 39
 -1.964517e+01 -6.900345e+00 -4.270648e+00 -3.738615e+00 2.704862e+00 -3.686735e+00 3.947873e+00 -5.045740e+00 2.791332e+00 -7.412963e+00 1.244398e+00 -6.461404e+00 5.673210e+01 -9.311069e-01 1.588062e+00 -9.310206e-01 9.305685e-01 -1.515967e-01 -7.817357e-01 8.294222e-01 -1.030734e+00 1.038447e+00 -6.537248e-01 1.160734e+00 -1.333224e-01 5.745875e-01 -3.418375e-01 5.912125e-01 -3.825129e-01 3.139555e-01 -2.099697e-01 -3.129704e-02 1.501158e-01 -1.863161e-01 1.746974e-01 -5.928873e-02 1.723499e-01 1.336072e-02 2.145589e-01
<VARIANCE> 39
 6.824045e+00 8.201481e+00 5.772694e+00 9.130772e+00 1.686827e+01 1.443751e+01 3.590276e+01 2.190888e+01 2.613963e+01 2.072214e+01 1.782620e+01 1.874904e+01 1.507411e+00 6.735680e-01 2.011904e+00 8.961816e-01 2.062191e+00 1.884561e+00 2.641554e+00 1.964287e+00 4.455913e+00 2.729437e+00 1.803906e+00 2.331115e+00 2.571251e+00 2.383821e-01 7.893424e-02 1.436855e-01 1.355647e-01 2.766793e-01 3.375163e-01 3.443451e-01 2.465039e-01 5.397379e-01 3.910885e-01 3.646972e-01 4.730797e-01 3.480818e-01 1.303429e-02
<GCONST> 9.096674e+01
<STATE> 3
<MEAN> 39
 -2.741411e+01 6.268923e+00 -1.186591e+01 3.249357e+00 9.472334e-01 -7.140041e+00 8.001031e+00 -8.196560e+00 6.789665e+00 -8.990228e+00 5.596046e+00 -5.164426e+00 6.211779e+01 -6.295156e-01 1.406945e+00 -7.778446e-01 2.982483e-01 -9.791552e-02 -9.759423e-01 2.601267e-01 -3.218629e-01 6.878459e-02 1.591820e-01 -3.769749e-02 3.268959e-01 8.411280e-01 9.551477e-01 -5.891488e-01 4.447260e-01 -5.945806e-01 -1.148211e-01 -2.973936e-01 -6.693149e-01 1.152939e-01 -2.996339e-01 2.670603e-01 -4.046184e-01 -1.504201e-01 -1.442698e-02
<VARIANCE> 39
 9.335187e+00 2.410120e+01 1.497624e+01 1.543700e+01 3.458780e+01 2.870817e+01 3.654805e+01 4.357402e+01 3.776020e+01 2.580651e+01 2.220937e+01 2.260050e+01 6.518946e+00 2.803518e+00 2.605856e+00 2.027863e+00 2.416593e+00 1.919679e+00 1.634217e+00 1.641519e+00 2.043883e+00 2.778658e+00 2.626082e+00 1.859613e+00 1.250825e+00 2.621617e-01 4.622087e-01 1.615487e-01 1.835169e-01 3.007342e-01 6.107689e-01 4.666171e-01 5.649506e-01 5.222039e-01 4.811289e-01 4.952902e-01 4.471480e-01 4.177791e-01 6.124907e-02
<GCONST> 1.053376e+02
<STATE> 4
<MEAN> 39
 -1.677910e+01 5.480450e+00 -9.753148e+00 -2.381064e+00 -1.386223e+00 -1.770248e+01 -9.982066e-01 -1.041010e+01 6.146394e+00 -7.446052e+00 1.686778e+00 -7.302714e+00 6.606734e+01 5.359083e+00 -5.243281e-01 -4.359325e-02 -2.158730e+00 -1.040384e+00 -2.764575e+00 -4.869852e+00 -9.963180e-02 7.882367e-02 1.238657e+00 -1.700286e+00 -1.813301e+00 2.253960e+00 1.245962e-01 -2.256605e-01 -2.113116e-01 3.332292e-03 4.802007e-01 5.213722e-01 -1.017546e-01 2.271176e-01 7.243776e-02 2.289750e-01 6.861933e-02 -1.067504e-01 1.981477e-01
<VARIANCE> 39
 7.413987e+01 1.809791e+01 1.793623e+01 2.801399e+01 4.577430e+01 8.833229e+01 1.114968e+02 6.732610e+01 4.506418e+01 4.624728e+01 4.108076e+01 3.812004e+01 2.363643e+01 1.541664e+00 1.925049e+00 1.930088e+00 2.526030e+00 5.340508e+00 6.294561e+00 6.107601e+00 5.830011e+00 1.853378e+00 5.920081e+00 5.592560e+00 3.901899e+00 1.155234e+00 1.628732e+00 1.058409e-01 2.047552e-01 4.843076e-01 6.149824e-01 1.263638e+00 2.288088e+00 4.534752e-01 3.602837e-01 6.768013e-01 5.540119e-01 8.612862e-01 4.191413e-01
<GCONST> 1.285652e+02
<STATE> 5
<MEAN> 39
 -3.637020e+00 1.473008e+00 -1.165203e+01 -7.301020e+00 5.853809e-01 -1.925358e+01 -1.213941e+01 -8.904052e+00 5.116629e+00 -5.613383e-01 -2.990022e+00 -1.124423e+01 7.345646e+01 9.068144e-01 -5.519481e-01 6.150765e-01 -1.634868e-01 9.538013e-01 1.749011e+00 -4.308581e-01 -1.987097e-01 -5.506185e-01 5.249122e-01 1.261439e-01 -1.047990e-01 -3.723412e-01 -1.225154e+00 2.254520e-01 4.268126e-01 5.953634e-01 -2.755496e-02 6.159867e-01 1.053289e+00 -6.294701e-02 -2.162196e-01 -7.568997e-01 3.000766e-01 2.993290e-01 -9.588575e-01
<VARIANCE> 39
 3.776093e+00 2.445588e+01 2.259808e+01 4.425014e+01 1.027639e+02 1.105907e+02 4.998423e+01 1.095372e+02 8.529697e+01 8.566287e+01 9.529451e+01 3.483733e+01 1.643777e+01 1.820859e+00 9.292817e-01 1.053812e+00 1.441395e+00 1.803146e+00 1.628484e+00 2.338664e+00 2.376433e+00 2.452751e+00 3.413620e+00 2.792878e+00 1.517238e+00 1.786418e+00 2.486245e-01 1.915731e-01 1.542884e-01 3.670899e-01 7.161772e-01 8.173121e-01 5.291666e-01 8.655238e-01 4.514779e-01 8.135229e-01 7.734733e-01 5.013686e-01 1.277343e-01
<GCONST> 1.175075e+02
<STATE> 6
<MEAN> 39
 -6.251018e+00 1.048999e+00 -6.814893e+00 -5.854887e+00 6.459176e-01 -1.115210e+01 -8.211543e+00 -9.856050e+00 2.100854e+00 -5.061563e+00 -8.654987e-01 -1.045076e+01 6.592426e+01 -7.745434e-01 -6.189016e-01 9.414397e-01 2.769228e-02 -1.803841e-01 6.941599e-01 5.455227e-01 8.177840e-02 -7.874636e-01 -7.920300e-01 -1.199177e-01 1.851832e-01 -1.263296e+00 -6.947026e-02 -1.350355e-01 -1.397390e-01 -1.056851e-01 -8.730479e-02 -3.475758e-01 2.138517e-02 6.480756e-02 1.189759e-01 2.174371e-01 5.744043e-03 2.702962e-02 2.283588e-01
<VARIANCE> 39
 2.440109e+00 1.130510e+01 1.539104e+01 1.230601e+01 5.373936e+01 7.103829e+01 3.799047e+01 4.521490e+01 4.112514e+01 4.371656e+01 4.387880e+01 1.591460e+01 7.258099e+00 1.657522e-01 4.013413e-01 2.986778e-01 7.308072e-01 1.164392e+00 1.412384e+00 1.286643e+00 1.800292e+00 1.130445e+00 2.416951e+00 1.157876e+00 1.481523e+00 1.964533e-01 7.970216e-02 4.825124e-02 9.940275e-02 1.040310e-01 2.163020e-01 1.792700e-01 2.516598e-01 2.263752e-01 2.039624e-01 3.114890e-01 2.444917e-01 2.770323e-01 6.489822e-02
<GCONST> 8.455138e+01
<STATE> 7
<MEAN> 39
 -9.818307e+00 -3.043849e+00 -4.667499e+00 -6.829895e+00 1.550763e-01 -1.273113e+01 -6.020381e+00 -9.678219e+00 1.470342e+00 -6.265370e+00 -1.485594e+00 -1.039480e+01 6.386470e+01 6.972001e-01 -1.764624e+00 -1.110686e+00 -7.167512e-01 2.784622e-01 -1.016863e-01 5.167295e-01 4.538819e-01 8.503226e-01 6.033220e-01 -8.816518e-01 -1.039772e+00 1.495823e+00 9.036675e-01 -1.500997e-01 -4.263812e-01 -2.089668e-01 1.495097e-01 2.792911e-01 -2.912175e-01 -1.685422e-02 2.420139e-01 2.679115e-01 -4.703079e-01 -4.827476e-01 6.904336e-01
<VARIANCE> 39
 7.427783e+00 9.920602e+00 1.694117e+01 9.951436e+00 2.270923e+01 5.300190e+01 2.702676e+01 4.923984e+01 3.170813e+01 2.724242e+01 4.039996e+01 1.314662e+01 7.564314e+00 3.044466e+00 1.686442e+00 3.168712e+00 2.264593e+00 2.986185e+00 2.746178e+00 3.824428e+00 2.778072e+00 1.907798e+00 4.884664e+00 3.149029e+00 3.508136e+00 1.666675e+00 1.252240e-01 2.069001e-01 4.611278e-01 4.323859e-01 6.184912e-01 3.525130e-01 5.022696e-01 4.757370e-01 5.375377e-01 7.602057e-01 2.806594e-01 5.375486e-01 2.780604e-01
<GCONST> 1.113835e+02
<STATE> 8
<MEAN> 39
 -2.581192e-01 -9.309350e+00 -7.868892e+00 -1.081255e+01 2.691852e+00 -9.393333e+00 -7.308192e+00 -5.627007e+00 3.385228e+00 7.192277e-02 -6.289944e+00 -1.672157e+01 7.289795e+01 1.608506e+00 1.376051e-01 3.035421e-01 5.871401e-02 3.862882e-01 5.094082e-01 -7.828221e-02 4.920180e-02 -4.171163e-01 5.725826e-01 -5.185327e-01 3.422432e-01 7.821950e-01 -4.897978e-01 7.186078e-01 6.032894e-01 2.913657e-01 -2.248507e-01 -1.588991e-01 1.196944e-01 -1.797776e-01 -4.772062e-01 -5.181464e-01 6.891549e-01 8.691054e-01 -7.527997e-01
<VARIANCE> 39
 1.047260e+01 2.780595e+01 6.567528e+01 3.282217e+01 1.204630e+02 7.486533e+01 9.523894e+01 1.706568e+02 3.480856e+01 1.137493e+02 9.093253e+01 3.828355e+01 1.282417e+01 1.684517e+00 2.868231e+00 2.102354e+00 2.462789e+00 4.101384e+00 2.581209e+00 3.464603e+00 4.073752e+00 3.015509e+00 3.931215e+00 3.047154e+00 6.182250e+00 2.825037e+00 1.525468e-01 2.664241e-01 4.245473e-01 4.411205e-01 7.159147e-01 4.955150e-01 7.682930e-01 5.234298e-01 3.473514e-01 6.201788e-01 5.815027e-01 6.286017e-01 1.682838e-01
<GCONST> 1.263448e+02
<STATE> 9
<MEAN> 39
 9.323018e-01 -2.455431e+00 -1.380469e+00 -6.977230e+00 1.470973e+00 -1.077651e+01 -5.495172e+00 -7.128747e+00 -1.763523e+00 -4.334448e+00 -3.416838e+00 -9.590858e+00 6.959579e+01 2.002235e-01 1.132717e+00 7.807858e-01 2.541421e-01 -5.703323e-01 4.124486e-01 1.359128e-01 -7.383376e-01 -9.753707e-01 -9.951687e-01 6.897140e-01 8.435557e-01 -7.399114e-01 -6.499890e-02 -1.576728e-01 -1.681779e-01 -1.740103e-01 -2.499923e-02 8.556019e-02 1.671726e-02 3.780612e-02 1.096863e-01 8.281660e-02 -1.189791e-01 -1.312328e-01 8.249445e-02
<VARIANCE> 39
 7.734193e+00 3.614268e+01 6.328811e+01 1.857781e+01 6.032004e+01 3.406740e+01 5.622733e+01 1.140106e+02 6.106327e+01 8.908560e+01 5.230619e+01 2.297937e+01 4.908809e+00 6.520737e-02 3.491145e-01 8.314089e-01 1.635449e+00 1.630091e+00 1.919387e+00 1.298506e+00 1.258790e+00 1.381814e+00 1.124333e+00 1.541794e+00 2.094005e+00 1.089637e-01 3.363989e-02 4.408331e-02 9.974696e-02 8.117231e-02 1.581692e-01 1.764613e-01 2.120717e-01 1.906564e-01 1.808232e-01 1.534924e-01 2.010372e-01 3.544951e-01 1.430126e-02
<GCONST> 8.702061e+01
<STATE> 10
<MEAN> 39
 2.758066e+00 -1.552602e+00 -4.303367e+00 -1.491637e+01 -2.681225e+00 -1.993993e+00 -4.995639e+00 -1.409467e+01 -2.334866e+00 -7.357897e+00 7.749967e-01 -1.266227e+00 6.780754e+01 -3.183287e-02 2.390543e-01 1.834803e-01 -4.107729e-01 -2.201879e-01 3.712194e-01 3.730073e-01 -2.569178e-01 -2.879771e-01 3.199081e-02 5.190218e-01 6.992664e-01 -1.483081e-01 -5.525391e-02 -2.173941e-01 -2.115326e-01 2.267580e-01 1.326507e-01 -1.232129e-01 3.639696e-02 4.766154e-02 3.214763e-01 1.104489e-01 -2.442047e-01 -3.226124e-01 1.187909e-01
<VARIANCE> 39
 4.594922e+00 2.427349e+01 1.671946e+01 2.880913e+01 1.795480e+01 2.986123e+01 6.573338e+01 6.541426e+01 2.145121e+01 4.773567e+01 2.647353e+01 2.894236e+01 1.371086e+00 4.878291e-02 2.648375e-01 5.407330e-01 1.089289e+00 1.027041e+00 1.211707e+00 4.650503e-01 9.895970e-01 9.607317e-01 1.142619e+00 1.123171e+00 1.714585e+00 4.165330e-02 1.506217e-02 8.343442e-02 6.328698e-02 1.753661e-01 1.500488e-01 1.754481e-01 9.746514e-02 2.087248e-01 2.003456e-01 1.766105e-01 2.532212e-01 2.557359e-01 1.778067e-02
<GCONST> 7.442192e+01
<STATE> 11
<MEAN> 39
 1.149263e+00 -1.207757e+00 -3.701597e+00 -9.006247e+00 2.707835e-01 -6.186413e+00 -3.817770e+00 -1.183772e+01 -8.832581e-01 -7.901735e+00 -3.388352e+00 -6.164787e+00 6.821255e+01 -2.449161e-02 -1.875451e+00 -1.293645e+00 1.768170e-01 9.377086e-01 -1.226828e-01 -4.461986e-01 1.350360e+00 2.050652e+00 -5.483404e-01 -1.586750e+00 -7.370208e-01 8.497450e-01 2.451615e-02 -5.223402e-01 -1.627332e-01 2.456369e-02 7.133247e-02 -4.509120e-02 -3.897119e-01 5.864048e-01 2.577758e-01 -1.660754e-01 -3.321797e-01 -1.350554e-01 2.188733e-01
<VARIANCE> 39
 7.466524e+00 4.467046e+01 3.696275e+01 3.473629e+01 5.067632e+01 2.915480e+01 6.588528e+01 8.821428e+01 5.067007e+01 5.174511e+01 6.686816e+01 6.866686e+01 4.759086e+00 2.265739e-01 1.018385e+00 9.294225e-01 2.186528e+00 3.078355e+00 2.769825e+00 2.167458e+00 3.547749e+00 1.661684e+00 9.396019e-01 2.241763e+00 2.069056e+00 2.744173e-01 2.672376e-02 1.500465e-01 2.188752e-01 2.630163e-01 6.018149e-01 2.444615e-01 3.410122e-01 2.958394e-01 4.688182e-01 1.911402e-01 3.700525e-01 3.831802e-01 4.131864e-02
<GCONST> 1.024504e+02
<STATE> 12
<MEAN> 39
 1.140181e+00 -1.166505e+01 -5.953124e+00 -8.457453e+00 5.171299e+00 -6.609604e+00 -1.156917e+01 -2.092151e+00 7.013588e+00 -1.249174e+01 -6.880342e+00 -1.044754e+01 7.343232e+01 -7.969789e-02 -1.412033e+00 -2.704682e-01 2.273336e-01 4.990026e-02 -8.594096e-02 -3.873282e-01 9.244897e-01 -6.332339e-02 -1.037970e+00 -5.706016e-01 -2.328187e-01 5.814594e-01 -9.783954e-02 4.779125e-01 3.165988e-01 1.804994e-01 -1.189075e-01 2.391055e-02 2.123383e-01 -4.635936e-01 -4.539425e-01 -6.455462e-02 1.792452e-01 2.019398e-01 -2.111365e-01
<VARIANCE> 39
 3.714333e+00 2.458537e+01 9.839856e+01 1.482147e+01 4.020228e+01 4.424540e+01 3.553093e+01 1.182028e+02 4.399155e+01 4.734257e+01 9.985127e+01 4.249261e+01 1.401902e+01 2.070074e-01 2.178761e+00 1.270533e+00 1.242502e+00 1.428936e+00 3.244455e+00 1.773302e+00 2.923270e+00 3.408179e+00 2.074344e+00 1.229455e+00 1.494289e+00 3.017934e-01 5.378309e-02 1.460124e-01 2.814720e-01 1.604394e-01 2.729025e-01 3.903293e-01 2.039114e-01 5.081607e-01 4.107475e-01 2.727409e-01 2.229872e-01 2.846757e-01 2.593917e-02
<GCONST> 1.010948e+02
<STATE> 13
<MEAN> 39
 7.659803e-01 -1.553786e+01 -7.817010e+00 -3.839742e+00 -3.646548e+00 -6.595382e+00 -3.456604e+00 -5.019231e+00 2.872772e+00 -8.903790e+00 -1.129117e+01 -4.572558e+00 7.386050e+01 -3.071469e-01 3.287002e-01 8.523368e-01 1.209148e+00 5.613607e-01 1.095293e-01 -1.498095e-01 -5.904688e-02 -8.896464e-02 -7.621329e-01 -7.127711e-01 3.514856e-01 -2.307832e-01 -8.032566e-02 2.939308e-01 1.727329e-01 3.850210e-02 3.219038e-01 -1.414232e-01 1.389624e-01 -1.285220e-01 -7.369599e-02 -9.786229e-02 1.569347e-01 1.032079e-01 -2.091000e-01
<VARIANCE> 39
 2.546151e+00 1.136024e+01 2.310313e+01 1.662725e+01 6.545862e+01 1.236517e+02 5.543252e+01 3.086414e+01 6.847713e+01 5.785426e+01 3.172225e+01 5.588545e+01 4.730702e+00 1.147092e-01 9.286026e-01 7.534114e-01 9.187986e-01 2.169811e+00 1.307579e+00 1.764809e+00 1.435996e+00 1.760623e+00 1.183054e+00 1.102692e+00 1.456344e+00 3.447032e-01 4.058841e-02 6.716886e-02 7.639650e-02 1.883925e-01 1.950309e-01 2.381852e-01 2.685941e-01 2.126247e-01 3.099871e-01 2.003385e-01 1.505385e-01 2.757035e-01 2.237657e-02
<GCONST> 8.842462e+01
<STATE> 14
<MEAN> 39
 -2.707442e+00 -9.873801e+00 -3.013350e+00 1.171002e+00 8.164599e+00 -8.335820e+00 -7.426270e+00 -6.390647e+00 9.932210e-01 -2.212097e+01 -1.281607e+01 -7.119862e+00 6.999416e+01 -1.113970e+00 4.827027e-01 3.540182e-01 1.149049e+00 9.712915e-01 -6.432652e-01 7.569680e-01 -2.143408e-01 1.457846e-02 -8.820499e-01 8.209835e-01 5.893526e-01 -8.513029e-01 -9.567803e-02 -3.266851e-01 -3.263606e-01 -2.791462e-01 -1.803541e-01 4.985065e-02 4.082045e-02 2.369832e-01 2.271056e-01 2.672272e-01 3.037067e-01 -4.016625e-02 2.694230e-02
<VARIANCE> 39
 5.456668e+00 7.676429e+00 2.826535e+01 1.831520e+01 3.466881e+01 4.960945e+01 3.228963e+01 5.797203e+01 1.027121e+02 1.069691e+02 6.768559e+01 4.231614e+01 8.958860e+00 2.015573e-01 6.744714e-01 1.660456e+00 1.211502e+00 1.310607e+00 1.376876e+00 2.065761e+00 2.702986e+00 3.121765e+00 1.421172e+00 2.473931e+00 1.731072e+00 1.860151e-01 4.070312e-02 6.466772e-02 1.136505e-01 1.165556e-01 2.865975e-01 2.052531e-01 2.360200e-01 3.570632e-01 4.214054e-01 2.746062e-01 2.936448e-01 2.466565e-01 1.714204e-02
<GCONST> 9.396077e+01
<STATE> 15
<MEAN> 39
 -9.127300e+00 -1.280677e+01 -1.982951e+00 4.245348e+00 1.207211e+01 -9.747109e+00 -2.224040e+00 -4.315891e+00 3.910605e+00 -2.485550e+01 -7.378943e+00 -4.390095e+00 6.811033e+01 -8.469413e-01 -3.938527e-01 5.774440e-02 3.236629e-01 -1.380504e-01 2.722852e-01 1.088006e+00 4.473307e-01 5.884933e-02 3.846676e-01 3.777609e-01 3.625427e-01 -5.508587e-01 9.512177e-02 1.311466e-01 8.037089e-02 -1.158065e-01 -1.533865e-01 1.383030e-01 5.779661e-02 4.096884e-02 -1.044195e-01 5.782484e-02 -1.896041e-01 -1.246599e-01 -3.341340e-02
<VARIANCE> 39
 1.200818e+01 1.772057e+01 2.551859e+01 1.138869e+01 2.623096e+01 3.148613e+01 6.896840e+01 4.243224e+01 1.190942e+02 5.435907e+01 6.276155e+01 6.627328e+01 1.351417e+01 2.531634e-01 5.184795e-01 5.824445e-01 1.061039e+00 7.224746e-01 1.439303e+00 2.124737e+00 2.407533e+00 1.470377e+00 2.221199e+00 2.585690e+00 2.965226e+00 1.747217e-01 4.315142e-02 5.156600e-02 1.268190e-01 1.438284e-01 1.196966e-01 1.947292e-01 4.081745e-01 3.774219e-01 2.750924e-01 2.822699e-01 6.264128e-01 4.857618e-01 1.310522e-02
<GCONST> 9.393391e+01
<STATE> 16
<MEAN> 39
 -1.231336e+01 -1.298861e+01 -5.991530e-02 7.672546e+00 9.764712e+00 -7.433285e+00 5.989776e+00 1.586980e+00 5.207537e+00 -2.093982e+01 -6.107636e+00 -3.574166e+00 6.442329e+01 -3.321348e-01 7.774604e-01 1.066972e-03 -9.801706e-02 -1.847236e-02 9.008735e-01 6.942157e-02 2.142519e-01 -5.634461e-01 3.731772e-01 -5.751627e-01 -6.741017e-01 -1.002195e+00 1.789411e-02 7.509920e-02 1.349891e-02 -1.189249e-01 3.905782e-02 5.432346e-02 -1.398071e-01 -5.020051e-02 5.940967e-03 1.371103e-01 -8.714975e-02 -1.917551e-01 1.483808e-02
<VARIANCE> 39
 1.607822e+01 2.430267e+01 1.704512e+01 3.168468e+01 5.219493e+01 4.917174e+01 5.012110e+01 4.219718e+01 7.679022e+01 2.056646e+01 1.844600e+01 2.282768e+01 7.906072e+00 1.221099e-01 2.748260e-01 6.835714e-01 7.251018e-01 8.232179e-01 1.173842e+00 1.361672e+00 9.550059e-01 1.346723e+00 9.422244e-01 1.544186e+00 1.226100e+00 3.718848e-02 2.595442e-02 5.670558e-02 1.100202e-01 8.023097e-02 1.327276e-01 1.991241e-01 2.910972e-01 2.550592e-01 3.136130e-01 1.344833e-01 3.113357e-01 2.209536e-01 7.924575e-03
<GCONST> 8.047084e+01
<STATE> 17
<MEAN> 39
 -1.162272e+01 -7.095026e+00 -3.119246e+00 4.287895e-01 6.460727e+00 -3.325338e+00 6.201933e-02 -2.767338e+00 1.066163e+00 -1.428663e+01 -8.845695e+00 -7.616764e+00 6.038189e+01 -8.516640e-01 3.944648e-01 2.708298e-01 -2.284248e-01 8.019401e-03 7.507489e-01 6.136225e-01 1.561404e-01 -1.917781e-01 6.694888e-01 4.787469e-01 -6.461859e-01 -6.793693e-01 -4.955424e-03 -4.144510e-02 8.042081e-02 1.636789e-01 5.337065e-02 2.647774e-02 1.063548e-01 -7.194707e-02 -1.160879e-03 5.525975e-02 1.297252e-01 9.466324e-02 5.736261e-02
<VARIANCE> 39
 6.608142e+00 4.544436e+00 8.969146e+00 1.425053e+01 1.858410e+01 2.069863e+01 2.622208e+01 2.683144e+01 5.289410e+01 4.924754e+01 1.537204e+01 1.571305e+01 2.585380e+00 8.538092e-02 2.893199e-01 4.360248e-01 1.063258e+00 1.095366e+00 1.049317e+00 1.123929e+00 1.147115e+00 8.046145e-01 9.951765e-01 1.425836e+00 1.305678e+00 4.863963e-02 1.621388e-02 3.865798e-02 6.545381e-02 1.349578e-01 1.454455e-01 1.478850e-01 1.238016e-01 1.028698e-01 1.467102e-01 1.845379e-01 2.677304e-01 2.200967e-01 4.560099e-03
<GCONST> 6.790250e+01
<STATE> 18
<MEAN> 39
 -1.645247e+01 -5.295912e+00 5.886597e-01 3.184607e+00 8.655342e+00 2.064236e+00 6.432446e+00 -1.814879e+00 -8.797642e-01 -1.243170e+01 -5.524531e+00 -9.694981e+00 5.709734e+01 -6.728350e-01 -4.075687e-02 3.316640e-01 1.611959e-02 1.843526e-01 7.976882e-01 9.158216e-01 -2.879800e-01 -7.702929e-01 -1.306276e-01 7.194088e-02 -2.755168e-01 -4.382137e-01 3.289623e-02 -1.510109e-01 -1.466608e-01 -1.066360e-01 -1.572406e-02 -2.514183e-02 -1.868521e-01 -1.491262e-01 -4.798282e-02 -3.579069e-02 -8.236080e-03 1.199681e-01 4.833098e-02
<VARIANCE> 39
 3.645975e+00 3.359153e+00 5.692907e+00 1.838218e+01 3.039286e+01 1.983282e+01 3.288975e+01 3.365238e+01 5.060607e+01 3.909957e+01 1.927573e+01 1.745524e+01 1.571565e+00 1.222010e-01 2.922944e-01 4.361284e-01 5.587890e-01 8.461508e-01 7.575769e-01 9.381543e-01 7.028511e-01 1.181138e+00 2.110184e+00 1.485555e+00 1.384963e+00 6.435595e-02 1.678258e-02 3.456551e-02 6.415546e-02 7.993914e-02 1.428483e-01 1.496852e-01 2.128965e-01 2.056244e-01 2.640261e-01 2.883964e-01 3.783113e-01 3.402119e-01 9.409063e-03
<GCONST> 7.040049e+01
<STATE> 19
<MEAN> 39
 -1.802163e+01 -7.387175e+00 -3.895097e-01 1.840915e+00 9.615171e+00 4.024927e+00 6.710149e+00 -4.666433e+00 -3.378186e+00 -1.180838e+01 -3.353607e+00 -8.899658e+00 5.638674e+01 -1.833184e-01 -4.069876e-03 -3.303668e-01 -9.268069e-01 -5.805172e-01 2.061661e-01 -2.171119e-01 -5.300062e-01 9.058343e-02 1.207840e+00 9.329607e-01 4.413920e-01 -1.618450e-01 3.953696e-02 5.231504e-02 -2.469962e-02 -9.292153e-02 -1.898440e-01 -1.005122e-01 -9.242220e-02 -6.158763e-03 3.102462e-02 1.021474e-02 3.289844e-02 6.823223e-02 2.868501e-02
<VARIANCE> 39
 3.164399e+00 5.172266e+00 9.239872e+00 2.438726e+01 3.064501e+01 2.914098e+01 3.596822e+01 5.067411e+01 5.930465e+01 6.377319e+01 6.099447e+01 4.279810e+01 1.165503e+00 1.139502e-01 5.780258e-01 6.298508e-01 9.513636e-01 1.379993e+00 2.331913e+00 2.759137e+00 2.722461e+00 2.063149e+00 2.327322e+00 2.504617e+00 3.412823e+00 3.751293e-02 2.063037e-02 5.360372e-02 7.629012e-02 1.777202e-01 2.692871e-01 3.036585e-01 6.055113e-01 4.484012e-01 2.759102e-01 4.383056e-01 3.381521e-01 5.923521e-01 1.004959e-02
<GCONST> 8.759958e+01
<TRANSP> 20
 0.000000e+00 1.000000e+00 0.000000e+00 0.000000e+00 0.000000e+00 0.000000e+00 0.000000e+00 0.000000e+00 0.000000e+00 0.000000e+00 0.000000e+00 0.000000e+00 0.000000e+00 0.000000e+00 0.000000e+00 0.000000e+00 0.000000e+00 0.000000e+00 0.000000e+00 0.000000e+00
 0.000000e+00 7.647076e-01 2.352924e-01 0.000000e+00 0.000000e+00 0.000000e+00 0.000000e+00 0.000000e+00 0.000000e+00 0.000000e+00 0.000000e+00 0.000000e+00 0.000000e+00 0.000000e+00 0.000000e+00 0.000000e+00 0.000000e+00 0.000000e+00 0.000000e+00 0.000000e+00
 0.000000e+00 0.000000e+00 8.093566e-01 1.906435e-01 0.000000e+00 0.000000e+00 0.000000e+00 0.000000e+00 0.000000e+00 0.000000e+00 0.000000e+00 0.000000e+00 0.000000e+00 0.000000e+00 0.000000e+00 0.000000e+00 0.000000e+00 0.000000e+00 0.000000e+00 0.000000e+00
 0.000000e+00 0.000000e+00 0.000000e+00 7.145761e-01 2.854239e-01 0.000000e+00 0.000000e+00 0.000000e+00 0.000000e+00 0.000000e+00 0.000000e+00 0.000000e+00 0.000000e+00 0.000000e+00 0.000000e+00 0.000000e+00 0.000000e+00 0.000000e+00 0.000000e+00 0.000000e+00
 0.000000e+00 0.000000e+00 0.000000e+00 0.000000e+00 6.917511e-01 3.082490e-01 0.000000e+00 0.000000e+00 0.000000e+00 0.000000e+00 0.000000e+00 0.000000e+00 0.000000e+00 0.000000e+00 0.000000e+00 0.000000e+00 0.000000e+00 0.000000e+00 0.000000e+00 0.000000e+00
 0.000000e+00 0.000000e+00 0.000000e+00 0.000000e+00 0.000000e+00 8.155245e-01 1.844755e-01 0.000000e+00 0.000000e+00 0.000000e+00 0.000000e+00 0.000000e+00 0.000000e+00 0.000000e+00 0.000000e+00 0.000000e+00 0.000000e+00 0.000000e+00 0.000000e+00 0.000000e+00
 0.000000e+00 0.000000e+00 0.000000e+00 0.000000e+00 0.000000e+00 0.000000e+00 7.211108e-01 2.788892e-01 0.000000e+00 0.000000e+00 0.000000e+00 0.000000e+00 0.000000e+00 0.000000e+00 0.000000e+00 0.000000e+00 0.000000e+00 0.000000e+00 0.000000e+00 0.000000e+00
 0.000000e+00 0.000000e+00 0.000000e+00 0.000000e+00 0.000000e+00 0.000000e+00 0.000000e+00 7.499572e-01 2.500428e-01 0.000000e+00 0.000000e+00 0.000000e+00 0.000000e+00 0.000000e+00 0.000000e+00 0.000000e+00 0.000000e+00 0.000000e+00 0.000000e+00 0.000000e+00
 0.000000e+00 0.000000e+00 0.000000e+00 0.000000e+00 0.000000e+00 0.000000e+00 0.000000e+00 0.000000e+00 7.992139e-01 2.007861e-01 0.000000e+00 0.000000e+00 0.000000e+00 0.000000e+00 0.000000e+00 0.000000e+00 0.000000e+00 0.000000e+00 0.000000e+00 0.000000e+00
 0.000000e+00 0.000000e+00 0.000000e+00 0.000000e+00 0.000000e+00 0.000000e+00 0.000000e+00 0.000000e+00 0.000000e+00 7.706478e-01 2.293522e-01 0.000000e+00 0.000000e+00 0.000000e+00 0.000000e+00 0.000000e+00 0.000000e+00 0.000000e+00 0.000000e+00 0.000000e+00
 0.000000e+00 0.000000e+00 0.000000e+00 0.000000e+00 0.000000e+00 0.000000e+00 0.000000e+00 0.000000e+00 0.000000e+00 0.000000e+00 7.360011e-01 2.639988e-01 0.000000e+00 0.000000e+00 0.000000e+00 0.000000e+00 0.000000e+00 0.000000e+00 0.000000e+00 0.000000e+00
 0.000000e+00 0.000000e+00 0.000000e+00 0.000000e+00 0.000000e+00 0.000000e+00 0.000000e+00 0.000000e+00 0.000000e+00 0.000000e+00 0.000000e+00 7.869084e-01 2.130916e-01 0.000000e+00 0.000000e+00 0.000000e+00 0.000000e+00 0.000000e+00 0.000000e+00 0.000000e+00
 0.000000e+00 0.000000e+00 0.000000e+00 0.000000e+00 0.000000e+00 0.000000e+00 0.000000e+00 0.000000e+00 0.000000e+00 0.000000e+00 0.000000e+00 0.000000e+00 7.699444e-01 2.300556e-01 0.000000e+00 0.000000e+00 0.000000e+00 0.000000e+00 0.000000e+00 0.000000e+00
 0.000000e+00 0.000000e+00 0.000000e+00 0.000000e+00 0.000000e+00 0.000000e+00 0.000000e+00 0.000000e+00 0.000000e+00 0.000000e+00 0.000000e+00 0.000000e+00 0.000000e+00 7.677271e-01 2.322730e-01 0.000000e+00 0.000000e+00 0.000000e+00 0.000000e+00 0.000000e+00
 0.000000e+00 0.000000e+00 0.000000e+00 0.000000e+00 0.000000e+00 0.000000e+00 0.000000e+00 0.000000e+00 0.000000e+00 0.000000e+00 0.000000e+00 0.000000e+00 0.000000e+00 0.000000e+00 7.900614e-01 2.099387e-01 0.000000e+00 0.000000e+00 0.000000e+00 0.000000e+00
 0.000000e+00 0.000000e+00 0.000000e+00 0.000000e+00 0.000000e+00 0.000000e+00 0.000000e+00 0.000000e+00 0.000000e+00 0.000000e+00 0.000000e+00 0.000000e+00 0.000000e+00 0.000000e+00 0.000000e+00 7.393991e-01 2.606009e-01 0.000000e+00 0.000000e+00 0.000000e+00
 0.000000e+00 0.000000e+00 0.000000e+00 0.000000e+00 0.000000e+00 0.000000e+00 0.000000e+00 0.000000e+00 0.000000e+00 0.000000e+00 0.000000e+00 0.000000e+00 0.000000e+00 0.000000e+00 0.000000e+00 0.000000e+00 8.118858e-01 1.881142e-01 0.000000e+00 0.000000e+00
 0.000000e+00 0.000000e+00 0.000000e+00 0.000000e+00 0.000000e+00 0.000000e+00 0.000000e+00 0.000000e+00 0.000000e+00 0.000000e+00 0.000000e+00 0.000000e+00 0.000000e+00 0.000000e+00 0.000000e+00 0.000000e+00 0.000000e+00 7.608029e-01 2.391971e-01 0.000000e+00
 0.000000e+00 0.000000e+00 0.000000e+00 0.000000e+00 0.000000e+00 0.000000e+00 0.000000e+00 0.000000e+00 0.000000e+00 0.000000e+00 0.000000e+00 0.000000e+00 0.000000e+00 0.000000e+00 0.000000e+00 0.000000e+00 0.000000e+00 0.000000e+00 7.400494e-01 2.599506e-01
 0.000000e+00 0.000000e+00 0.000000e+00 0.000000e+00 0.000000e+00 0.000000e+00 0.000000e+00 0.000000e+00 0.000000e+00 0.000000e+00 0.000000e+00 0.000000e+00 0.000000e+00 0.000000e+00 0.000000e+00 0.000000e+00 0.000000e+00 0.000000e+00 0.000000e+00 0.000000e+00
<ENDHMM>
