~o
<STREAMINFO> 1 39
<VECSIZE> 39<NULLD><MFCC_D_A_0><DIAGC>
~h "nyalakan"
<BEGINHMM>
<NUMSTATES> 20
<STATE> 2
<MEAN> 39
 -1.458154e+01 -5.600319e+00 5.327069e-01 -2.815072e+00 -6.210136e-01 -2.649139e+00 -1.659430e+00 -4.658228e+00 -1.238077e+00 -7.500702e+00 1.128435e+00 -7.223687e+00 5.704929e+01 1.708307e+00 2.134973e+00 1.545441e+00 2.493839e-01 -6.071780e-01 -1.441681e+00 -9.369760e-01 -9.470832e-01 -1.205715e+00 -8.136793e-01 -3.131758e-01 -1.412770e-01 1.062204e+00 5.689633e-01 2.724888e-01 2.639551e-01 -3.482787e-01 -7.794865e-01 -8.958377e-01 -4.044091e-01 8.326901e-02 -3.642078e-01 -2.033554e-02 2.038603e-01 1.211355e-02 4.505977e-01
<VARIANCE> 39
 9.232506e+00 1.337714e+01 1.577146e+01 6.924389e+00 1.312915e+01 2.193481e+01 2.173746e+01 2.162898e+01 2.131747e+01 2.755008e+01 2.469831e+01 1.503576e+01 2.301627e+00 2.002103e+00 2.135699e+00 2.048271e+00 1.046802e+00 2.163476e+00 4.163096e+00 4.146257e+00 3.104750e+00 2.972961e+00 3.863048e+00 3.245240e+00 2.115410e+00 6.892575e-01 1.822276e-01 3.855791e-01 2.266566e-01 1.803155e-01 3.627246e-01 3.461297e-01 4.748818e-01 6.655462e-01 5.783980e-01 8.152551e-01 6.587321e-01 2.920737e-01 6.313498e-02
<GCONST> 1.028510e+02
<STATE> 3
<MEAN> 39
 -3.613447e+00 2.533759e+00 7.659615e+00 -7.312679e+00 -1.025309e+01 -1.452702e+01 -5.959164e+00 -4.383668e+00 -8.730296e+00 -1.053152e+01 3.655673e+00 -7.154828e+00 6.514338e+01 1.615662e+00 -1.098582e+00 5.037057e-01 -9.377189e-01 -2.374704e+00 -2.164614e+00 1.115197e+00 2.970073e+00 -1.281956e+00 -1.072888e+00 5.996138e-01 4.016612e-01 2.296163e+00 -4.922774e-01 -1.302024e+00 -6.800420e-01 3.391274e-01 5.142336e-01 6.222396e-01 5.315344e-01 6.305369e-01 4.861053e-01 -3.632120e-01 -5.148945e-01 3.322820e-02 -3.208623e-02
<VARIANCE> 39
 7.131712e+00 2.198628e+01 5.988732e+01 4.438934e+01 3.830544e+01 3.777575e+01 4.186374e+01 1.386791e+02 4.355226e+01 6.770318e+01 1.162306e+02 2.872786e+01 1.172636e+01 1.902450e+00 7.899370e+00 3.776449e+00 4.474105e+00 5.412074e+00 5.889151e+00 6.765814e+00 1.005855e+01 6.206872e+00 7.029330e+00 7.464757e+00 4.431240e+00 5.185193e-01 1.413220e-01 4.311235e-01 2.541511e-01 1.052267e+00 1.091928e+00 8.988838e-01 1.420020e+00 1.822935e+00 9.893563e-01 9.274217e-01 1.218329e+00 8.555177e-01 8.738271e-02
<GCONST> 1.332962e+02
<STATE> 4
<MEAN> 39
 -1.415424e+00 -1.061788e+01 5.092979e+00 -4.325269e+00 -1.214597e+01 -1.773042e+01 -3.896987e-03 9.987164e+00 -8.835324e+00 -1.716996e+01 5.015605e-01 -6.015006e+00 7.287247e+01 5.286487e-01 -2.617835e+00 -1.956184e+00 7.463556e-01 2.000988e+00 1.185396e+00 -1.210435e+00 -6.854893e-02 1.647129e+00 -8.795915e-01 -2.643445e+00 -6.556122e-01 1.178213e+00 -1.677630e-02 6.681975e-01 -3.567339e-01 -3.510924e-01 8.624275e-01 8.661891e-01 -9.242378e-01 -1.547873e+00 5.088950e-01 8.854851e-01 -1.419928e-02 -5.018643e-01 -4.605034e-01
<VARIANCE> 39
 5.372507e+00 1.140599e+01 1.059593e+02 1.556369e+01 4.586117e+01 6.057828e+01 7.202775e+01 2.139583e+02 7.269949e+01 9.789220e+01 1.275480e+02 3.602060e+01 6.156805e+00 2.801441e-01 1.119121e+00 1.130727e+00 2.162894e+00 2.812507e+00 2.882748e+00 4.174382e+00 7.098598e+00 2.812973e+00 3.344546e+00 1.690105e+00 3.655421e+00 3.104986e-01 6.523260e-02 1.057115e-01 3.124731e-01 2.697734e-01 7.855663e-01 6.922696e-01 8.672195e-01 9.563350e-01 1.023430e+00 4.978414e-01 7.951086e-01 3.655958e-01 1.900083e-02
<GCONST> 1.138829e+02
<STATE> 5
<MEAN> 39
 5.471393e-01 -1.547391e+01 -9.702118e-01 -5.569870e+00 -3.038683e+00 -1.066287e+01 -6.228771e+00 5.573254e+00 -2.218415e+00 -1.039126e+01 -2.432369e+00 -1.200126e+01 7.481046e+01 4.258641e-01 -1.074920e-01 -1.762779e+00 -1.021234e+00 2.001389e+00 2.433340e+00 -1.529112e+00 -2.962698e+00 1.432042e+00 1.706592e+00 -3.923499e-01 -1.005446e+00 -7.409102e-03 -2.832535e-02 5.982095e-01 3.021730e-01 -1.950889e-01 -4.327386e-01 -1.894909e-01 3.408004e-01 -3.768242e-03 -4.224823e-01 2.120752e-01 6.160170e-01 2.691997e-01 -2.092388e-01
<VARIANCE> 39
 3.917520e+00 9.384171e+00 6.098635e+01 2.045432e+01 6.417100e+01 5.194481e+01 2.190810e+01 1.846496e+02 3.073161e+01 9.007024e+01 6.340667e+01 8.108467e+01 5.652151e+00 2.220188e-01 7.402897e-01 8.393715e-01 7.230403e-01 1.516991e+00 1.291278e+00 1.547371e+00 2.541458e+00 2.623788e+00 1.122245e+00 2.235016e+00 1.786297e+00 8.291318e-02 2.780274e-02 5.583744e-02 7.149035e-02 1.756024e-01 2.173045e-01 2.330942e-01 1.303123e-01 4.882964e-01 2.457090e-01 2.676775e-01 3.848664e-01 3.774202e-01 1.327392e-02
<GCONST> 9.118563e+01
<STATE> 6
<MEAN> 39
 1.698902e+00 -1.224002e+01 -1.179389e+01 -9.916706e+00 -1.172134e+00 -5.750523e-01 -8.636577e+00 -1.461766e+01 1.602983e+00 -1.051947e+01 -1.090376e+01 -1.143762e+01 7.233702e+01 6.425025e-02 2.030191e-01 -6.222596e-01 -6.948718e-02 4.631729e-01 1.497420e-01 1.738212e-01 -5.364124e-01 2.163514e-01 8.968240e-01 -1.578370e-01 -3.659784e-01 -1.831084e-01 -1.174075e-01 5.954004e-02 1.851094e-01 1.078644e-01 -1.133648e-01 -2.541612e-01 1.004117e-01 2.313642e-01 -9.665655e-02 -8.048111e-02 2.745391e-02 -2.213390e-02 -7.195248e-02
<VARIANCE> 39
 2.650335e+00 6.293456e+00 2.578883e+01 1.765252e+01 5.318843e+01 7.711911e+01 3.950267e+01 8.428230e+01 2.317167e+01 9.686798e+01 8.240643e+01 6.907210e+01 4.866499e+00 2.058115e-01 6.194508e-01 9.171433e-01 1.235632e+00 1.314933e+00 2.181859e+00 1.054633e+00 2.412420e+00 1.483852e+00 2.500135e+00 1.528293e+00 2.032878e+00 1.501309e-01 3.330857e-02 1.402886e-01 1.344189e-01 1.928109e-01 1.913074e-01 2.845626e-01 1.879184e-01 2.784847e-01 3.634433e-01 4.348223e-01 2.192479e-01 2.554857e-01 3.575611e-02
<GCONST> 9.265116e+01
<STATE> 7
<MEAN> 39
 1.999801e+00 -1.073426e+01 -1.505389e+00 -1.011650e+01 9.214421e+00 -3.711696e+00 -1.199036e+01 3.452087e+00 -1.392058e+00 1.966893e+00 2.179689e+00 -1.680974e+01 7.487621e+01 -3.364784e-01 5.775606e-01 2.889902e-01 1.414848e-01 -4.056006e-02 1.248791e-01 6.612656e-02 -3.865370e-01 -1.026135e-01 -3.332294e-01 -1.021069e-01 -1.669135e-01 -4.661815e-01 -1.295675e-01 -6.194808e-03 5.280797e-02 1.012331e-01 -6.778099e-04 7.501217e-02 9.097585e-02 2.940606e-03 -2.842711e-02 -2.588121e-01 -4.667226e-02 7.844676e-02 -1.087587e-01
<VARIANCE> 39
 4.110609e+00 1.304284e+01 4.745738e+01 4.024794e+01 2.903146e+01 5.161030e+01 1.625674e+01 9.646886e+01 5.369365e+01 5.331662e+01 6.958736e+01 4.006159e+01 6.667140e+00 4.138046e-01 1.231291e+00 8.432954e-01 1.218276e+00 9.363312e-01 2.057333e+00 8.543550e-01 1.368191e+00 1.331733e+00 1.696378e+00 1.727856e+00 1.291512e+00 7.617433e-01 5.722072e-02 1.407622e-01 1.155714e-01 1.496251e-01 1.739727e-01 3.492796e-01 1.504662e-01 2.142273e-01 2.572304e-01 2.682136e-01 3.420035e-01 2.988660e-01 6.371823e-02
<GCONST> 9.436117e+01
<STATE> 8
<MEAN> 39
 -5.280756e+00 -6.120451e+00 -6.519497e+00 -6.772708e+00 2.737811e+00 -1.658691e+00 -4.380430e+00 -1.043891e+01 -6.911099e-01 -8.095623e+00 -6.842276e+00 -1.489297e+01 6.502599e+01 -1.059177e+00 5.764869e-01 2.727636e-01 1.781812e-01 2.559429e-01 1.641225e-01 6.851003e-01 5.506485e-01 -3.021882e-01 -8.868872e-01 -2.616697e-01 1.096462e-01 -9.818405e-01 7.568660e-02 -2.149469e-01 -1.457809e-01 3.532333e-02 5.776609e-02 -2.621224e-01 -9.818996e-02 2.213969e-01 2.375728e-01 8.122177e-02 -1.510682e-01 1.210178e-01 1.934355e-01
<VARIANCE> 39
 8.882136e+00 7.741528e+00 2.590105e+01 2.540475e+01 2.960993e+01 2.991329e+01 2.326093e+01 6.315698e+01 2.132052e+01 4.760974e+01 4.758588e+01 2.487235e+01 6.364786e+00 2.285626e-01 3.448812e-01 8.075313e-01 7.243845e-01 1.179290e+00 1.503376e+00 1.470957e+00 1.866590e+00 1.503066e+00 1.452212e+00 1.538189e+00 1.156225e+00 1.872517e-01 4.103838e-02 7.005425e-02 9.705510e-02 2.374476e-01 2.503386e-01 5.098485e-01 4.391150e-01 2.850792e-01 3.188004e-01 3.339890e-01 3.342442e-01 2.081087e-01 2.603585e-02
<GCONST> 8.820038e+01
<STATE> 9
<MEAN> 39
 -8.840037e+00 -7.558307e+00 -8.711117e+00 -3.355399e+00 5.937606e+00 -8.511210e+00 -5.331355e+00 -3.424787e+00 3.616467e+00 -1.185878e+01 -9.063934e+00 -1.158978e+01 6.391961e+01 3.289513e-01 -1.045089e+00 -5.090823e-01 6.145766e-01 -1.342523e-01 -2.239996e+00 -8.636485e-01 1.292164e+00 1.491466e+00 9.744536e-01 -1.138750e-01 9.009136e-01 8.403617e-01 6.094842e-01 -2.622850e-01 -9.335971e-03 -3.987005e-01 -5.087630e-01 2.066076e-01 -1.206236e-01 -3.207740e-01 -1.622798e-01 5.580540e-01 1.948646e-01 -9.906085e-02 5.112749e-01
<VARIANCE> 39
 6.849648e+00 1.431625e+01 2.732792e+01 4.000037e+01 3.034018e+01 7.271503e+01 3.697872e+01 7.839725e+01 3.789410e+01 2.592820e+01 5.119793e+01 3.541824e+01 6.664793e+00 2.062248e+00 1.148526e+00 1.564478e+00 4.002012e+00 5.727902e+00 5.907226e+00 6.038113e+00 4.418533e+00 4.533420e+00 4.909897e+00 4.560642e+00 4.211682e+00 1.122403e+00 1.746127e-01 2.406943e-01 3.767406e-01 7.431575e-01 1.205291e+00 1.489372e+00 1.234837e+00 9.561898e-01 1.356114e+00 7.454298e-01 7.884264e-01 1.225202e+00 1.253767e-01
<GCONST> 1.251048e+02
<STATE> 10
<MEAN> 39
 -1.701109e+00 -1.294396e+01 -8.320444e+00 -6.976839e+00 -1.175640e-01 -1.514086e+01 -8.622923e+00 5.720499e-01 3.805272e+00 -4.280248e+00 -8.102875e+00 -1.138585e+01 7.204820e+01 2.073024e+00 -1.840849e+00 -9.599213e-02 -1.441162e+00 -1.950806e+00 4.769202e-01 4.068143e-01 -4.058335e-01 -2.165617e+00 6.045977e-01 -2.475711e-01 -3.646289e-02 2.604471e+00 -4.313494e-01 1.010728e-01 5.481061e-02 2.219729e-01 3.440800e-01 5.827150e-01 6.156636e-01 -2.134814e-01 -6.924453e-01 -8.638186e-01 -2.941457e-01 2.419954e-01 -2.966074e-01
<VARIANCE> 39
 7.494778e+00 1.739699e+01 8.454375e+01 1.964056e+01 8.000965e+01 1.021912e+02 4.100516e+01 1.454414e+02 6.120444e+01 4.117435e+01 9.161061e+01 5.032126e+01 1.691831e+01 1.180265e+00 1.857433e+00 2.309757e+00 2.948911e+00 9.762156e+00 9.468486e+00 3.379258e+00 4.294231e+00 5.651813e+00 7.874584e+00 3.902102e+00 8.693889e+00 7.268754e-01 1.964771e-01 2.620148e-01 3.350377e-01 3.900269e-01 9.356565e-01 8.039001e-01 6.079198e-01 4.516104e-01 1.081693e+00 6.759434e-01 5.639969e-01 8.254986e-01 2.112560e-01
<GCONST> 1.284558e+02
<STATE> 11
<MEAN> 39
 3.227711e-02 -1.754303e+01 -1.101390e+01 -5.626114e+00 -8.010034e+00 -5.866092e+00 -3.116307e+00 -6.843863e+00 3.788949e-01 -6.457230e+00 -1.281128e+01 -5.805445e+00 7.563245e+01 -7.844728e-02 -6.357118e-01 7.193023e-01 8.357751e-02 -6.124976e-01 1.265015e-01 3.042868e-01 3.379793e-01 -9.136589e-01 -1.139057e+00 -3.586661e-02 4.757842e-01 2.995872e-01 -2.641012e-01 5.204235e-01 3.844185e-01 1.281955e-01 2.145851e-01 -3.181580e-01 -3.502130e-01 3.856256e-01 2.956918e-01 -1.575794e-01 1.799896e-01 -2.955682e-01 -4.592925e-01
<VARIANCE> 39
 4.199210e+00 2.059947e+01 3.444450e+01 2.809781e+01 1.433947e+02 2.577536e+02 3.718126e+01 8.717787e+01 9.912276e+01 9.272061e+01 3.842311e+01 3.021759e+01 9.827392e+00 1.861025e-01 7.970642e-01 8.114952e-01 7.051445e-01 1.487503e+00 2.796536e+00 1.473409e+00 1.946844e+00 2.002266e+00 2.570601e+00 1.641499e+00 1.407786e+00 2.477436e-01 1.141796e-01 1.351064e-01 1.443442e-01 2.331008e-01 4.776340e-01 4.471337e-01 2.032150e-01 2.604422e-01 5.273158e-01 6.396129e-01 2.312016e-01 3.925401e-01 6.072963e-02
<GCONST> 1.028415e+02
<STATE> 12
<MEAN> 39
 -1.448949e-01 -1.673384e+01 -2.290029e+00 -8.215893e+00 -2.777297e+00 -1.231227e+01 -7.421949e+00 4.124158e+00 -3.437682e+00 -7.294500e+00 -7.396502e+00 -1.208271e+01 7.621014e+01 1.312378e-01 1.930479e+00 1.015249e+00 6.286480e-01 2.999658e-01 -5.444850e-01 -4.458000e-01 -1.789852e-01 2.636768e-01 -4.798122e-01 3.616581e-01 -2.327852e-01 -9.196228e-01 1.290757e-02 5.718545e-01 -2.186186e-02 2.824794e-01 6.684321e-02 7.754281e-02 -6.043924e-02 -6.944864e-01 9.835707e-02 6.146902e-02 1.606739e-01 3.514601e-02 -2.783419e-01
<VARIANCE> 39
 5.910317e+00 1.389107e+01 3.834073e+01 2.094165e+01 7.596107e+01 1.337402e+02 3.558353e+01 7.964005e+01 6.581709e+01 4.770823e+01 4.545250e+01 7.630302e+01 7.015754e+00 1.499995e-01 9.042352e-01 1.715917e+00 1.294465e+00 2.136564e+00 1.764440e+00 9.767062e-01 3.956387e+00 1.870461e+00 1.628616e+00 7.839170e-01 1.456650e+00 2.273151e-01 2.603094e-02 1.497981e-01 1.304889e-01 1.791996e-01 1.897505e-01 2.764150e-01 2.354382e-01 5.449467e-01 4.372422e-01 3.173437e-01 1.146024e-01 2.961425e-01 2.534011e-02
<GCONST> 9.600715e+01
<STATE> 13
<MEAN> 39
 -5.286230e-01 -5.532459e+00 1.181359e+00 -2.379238e+00 -1.939476e+00 -1.154836e+01 -7.280718e+00 -4.652801e+00 -2.146983e+00 -9.476627e+00 -5.712455e+00 -8.283202e+00 6.995914e+01 -1.096712e-01 2.159459e+00 7.497411e-01 6.302598e-01 3.659494e-01 -9.819841e-02 -4.186112e-01 -1.655940e+00 -6.265891e-01 -7.069870e-01 2.569862e-01 2.433445e-01 -1.064588e+00 -5.067081e-02 -2.474294e-01 -1.708456e-01 -2.021204e-01 1.497880e-02 1.414448e-01 8.269447e-02 1.920080e-01 -3.915887e-02 -8.730245e-02 -1.943908e-01 -7.959545e-03 1.060501e-01
<VARIANCE> 39
 5.509501e+00 1.360442e+01 2.307226e+01 1.103283e+01 2.435116e+01 7.660419e+01 2.927580e+01 4.199328e+01 5.271885e+01 4.491742e+01 4.165074e+01 3.611280e+01 4.260449e+00 1.007257e-01 7.638034e-01 6.385428e-01 7.085184e-01 1.996900e+00 1.593384e+00 1.449623e+00 2.989762e+00 2.032569e+00 1.732537e+00 1.022165e+00 1.562546e+00 1.153714e-01 1.681140e-02 7.981670e-02 6.239572e-02 1.334845e-01 1.143931e-01 1.683451e-01 1.995894e-01 3.645315e-01 3.317441e-01 1.785207e-01 1.394319e-01 1.614520e-01 1.615110e-02
<GCONST> 8.282957e+01
<STATE> 14
<MEAN> 39
 -6.322233e-01 2.101586e+00 3.344919e-01 -4.693318e+00 -3.841368e+00 -1.496791e+01 -9.654871e+00 -1.134630e+01 -8.056649e+00 -1.872130e+01 -1.063631e+01 -9.634448e+00 6.624926e+01 -5.151889e-01 9.295880e-01 5.302367e-01 -9.607647e-02 -4.766083e-02 4.737603e-01 1.531909e-02 -5.889761e-01 8.914964e-02 3.275812e-01 3.296615e-01 1.298308e-01 -6.871268e-01 -9.909101e-02 -2.337273e-01 -9.515698e-02 -4.123248e-02 3.170578e-03 1.924928e-02 1.206111e-01 6.525634e-02 4.211526e-02 3.105558e-01 1.238451e-01 5.356354e-02 2.333988e-02
<VARIANCE> 39
 2.365238e+00 5.672767e+00 1.131771e+01 8.369957e+00 1.558564e+01 1.905095e+01 2.245007e+01 1.325774e+01 1.585380e+01 3.426096e+01 3.557454e+01 1.587292e+01 2.417501e+00 1.133815e-01 3.137645e-01 6.222337e-01 8.523009e-01 1.088434e+00 1.381299e+00 7.740442e-01 8.173932e-01 1.038427e+00 2.645366e+00 2.078076e+00 1.487431e+00 5.009549e-02 1.748686e-02 3.597005e-02 6.083026e-02 1.140342e-01 1.438951e-01 2.013827e-01 1.034468e-01 1.441743e-01 2.486414e-01 4.734404e-01 2.988023e-01 2.387011e-01 8.040879e-03
<GCONST> 6.916321e+01
<STATE> 15
<MEAN> 39
 -3.608249e+00 3.916580e+00 3.059376e+00 -1.998084e+00 -3.071262e-01 -8.700908e+00 -5.538028e+00 -1.010569e+01 -3.660539e+00 -1.216141e+01 -6.257465e+00 -7.154826e+00 6.360474e+01 -6.111943e-01 4.327062e-01 1.243025e-01 2.838337e-01 6.789927e-01 1.242119e+00 1.078072e+00 2.194249e-01 -7.300378e-02 -5.139838e-01 -4.267651e-01 -3.490356e-01 -6.272807e-01 -7.773592e-02 -1.407151e-01 1.343061e-02 7.583853e-02 1.564665e-01 1.124110e-01 1.729314e-01 2.425927e-01 1.132343e-01 -7.202557e-02 -1.237503e-01 -2.081894e-01 9.273501e-03
<VARIANCE> 39
 1.402521e+00 6.453720e+00 9.125878e+00 2.928030e+01 5.612751e+01 4.438408e+01 2.307933e+01 2.718774e+01 4.054490e+01 4.314320e+01 2.935244e+01 2.171884e+01 1.499405e+00 2.107974e-01 3.274077e-01 5.386721e-01 8.859786e-01 1.299575e+00 1.470031e+00 1.267414e+00 1.081569e+00 9.839795e-01 1.701172e+00 1.615773e+00 1.043687e+00 7.792043e-02 4.707688e-02 5.861034e-02 1.164292e-01 1.909939e-01 2.266937e-01 3.998754e-01 2.265488e-01 1.527747e-01 1.961414e-01 3.817516e-01 4.575018e-01 1.964065e-01 1.435674e-02
<GCONST> 7.938706e+01
<STATE> 16
<MEAN> 39
 -8.657635e+00 3.031053e+00 3.578434e+00 -2.521216e+00 -1.171147e+00 -8.486667e+00 -5.358333e+00 -1.391043e+01 -8.906847e+00 -1.745550e+01 -1.051905e+01 -1.266457e+01 6.029636e+01 -7.399306e-01 -3.834947e-01 2.764688e-02 2.311822e-01 6.665093e-01 5.606197e-01 4.040248e-02 -5.103986e-02 3.279315e-01 6.252095e-01 4.342358e-01 -5.483634e-02 -4.123921e-01 3.228921e-02 -6.939904e-02 -7.915207e-02 -4.346431e-02 -2.904955e-02 -5.133502e-02 -1.027879e-01 -2.753789e-02 5.525289e-02 9.535007e-02 1.068847e-01 1.062780e-01 3.410297e-02
<VARIANCE> 39
 4.776599e+00 4.775705e+00 4.511757e+00 1.545553e+01 2.209979e+01 1.702732e+01 1.677924e+01 2.196518e+01 3.126751e+01 2.139644e+01 1.901251e+01 1.946040e+01 1.722561e+00 1.638977e-01 2.763961e-01 5.146958e-01 7.880028e-01 5.134633e-01 8.076361e-01 1.214428e+00 7.151788e-01 1.237759e+00 1.632950e+00 1.383261e+00 1.318070e+00 6.744878e-02 1.957360e-02 6.309658e-02 7.586794e-02 1.351375e-01 8.965503e-02 1.703768e-01 2.990481e-01 1.581430e-01 2.012026e-01 2.516316e-01 2.070366e-01 2.579984e-01 4.453631e-03
<GCONST> 6.760535e+01
<STATE> 17
<MEAN> 39
 -1.120128e+01 2.039623e+00 2.930696e+00 2.600423e-01 8.144844e+00 1.308093e+00 1.042466e+00 -6.687831e+00 -1.232027e+00 -8.815283e+00 -1.609492e+00 -7.901694e+00 5.867748e+01 -6.174397e-01 -3.689262e-01 -1.223655e-01 5.063838e-02 8.238078e-02 3.686935e-01 3.808467e-01 -3.254683e-01 -5.660237e-01 2.120666e-01 1.727485e-01 -5.275345e-01 -3.141580e-01 4.427110e-02 -2.347670e-02 6.592115e-02 4.967893e-02 -6.437481e-02 -4.985289e-02 1.927131e-03 -9.843982e-02 -1.590828e-01 -1.287950e-01 -6.573445e-02 -5.337025e-02 4.415530e-02
<VARIANCE> 39
 4.987000e+00 1.055252e+01 7.459050e+00 1.399829e+01 3.687875e+01 2.640652e+01 3.625327e+01 5.123105e+01 2.919906e+01 1.630314e+01 2.307884e+01 1.862624e+01 1.550620e+00 2.798712e-01 4.784006e-01 9.331122e-01 1.432011e+00 2.359762e+00 1.440142e+00 1.660483e+00 1.383239e+00 2.264898e+00 1.382361e+00 1.544337e+00 1.621885e+00 7.837248e-02 4.951768e-02 5.093252e-02 1.493216e-01 2.770537e-01 4.014127e-01 2.031845e-01 2.313858e-01 3.454631e-01 4.718395e-01 2.606810e-01 2.385222e-01 2.847180e-01 1.133949e-02
<GCONST> 8.374630e+01
<STATE> 18
<MEAN> 39
 -1.471695e+01 -1.095948e+00 3.609428e+00 8.221458e-01 6.743375e+00 1.863490e+00 1.845600e+00 -1.153844e+01 -9.427691e+00 -1.465669e+01 -8.974471e+00 -1.611864e+01 5.728002e+01 -5.014027e-01 -5.855588e-01 -2.398694e-01 7.471398e-02 2.018252e-01 3.554084e-01 4.072040e-01 2.755059e-01 4.871009e-02 -1.107010e-01 1.248750e-01 2.091412e-01 -1.939227e-01 4.055781e-02 -1.455073e-02 -1.105588e-01 -6.930141e-02 -2.098932e-02 -5.871899e-02 -9.978657e-02 6.469116e-02 1.197736e-01 1.033328e-01 1.643435e-01 2.557858e-01 2.561537e-02
<VARIANCE> 39
 6.461745e+00 1.585615e+01 1.893246e+01 7.773931e+00 1.275954e+01 1.956155e+01 3.423473e+01 5.220001e+01 2.263356e+01 2.106767e+01 2.305195e+01 1.477274e+01 2.193946e+00 8.999977e-02 3.087558e-01 1.145212e+00 8.401870e-01 7.446856e-01 1.118836e+00 1.984409e+00 2.990335e+00 1.924013e+00 1.808916e+00 2.116710e+00 2.004868e+00 2.837913e-02 2.367797e-02 5.627451e-02 2.029887e-01 1.824767e-01 1.758152e-01 2.547213e-01 4.533372e-01 6.040272e-01 2.803147e-01 2.711755e-01 3.483527e-01 3.090432e-01 6.737959e-03
<GCONST> 8.007360e+01
<STATE> 19
<MEAN> 39
 -1.567775e+01 -4.061559e+00 -2.804979e-01 -1.200946e+00 4.838139e+00 1.097471e-01 3.168569e-01 -1.051234e+01 -4.281604e+00 -8.348536e+00 -1.469552e+00 -8.326475e+00 5.723841e+01 -1.726721e-01 -1.272097e-01 -1.057944e-01 -2.685305e-01 -3.028241e-01 -5.104936e-02 3.750589e-01 6.787223e-01 5.237209e-01 3.422002e-01 4.808515e-01 4.216542e-01 -8.417894e-02 2.095248e-02 3.514395e-02 2.646239e-02 -8.095213e-02 -8.135489e-02 6.128618e-03 1.236183e-01 1.104918e-01 7.375123e-02 -4.943247e-02 -1.290318e-01 -1.409546e-01 -5.307266e-03
<VARIANCE> 39
 2.479261e+00 6.195010e+00 1.323554e+01 1.873604e+01 2.390040e+01 3.003890e+01 2.502443e+01 4.365405e+01 3.668637e+01 2.253625e+01 2.147014e+01 1.650183e+01 9.822484e-01 1.377853e-01 4.002365e-01 8.473769e-01 5.659663e-01 9.788174e-01 1.669036e+00 2.290638e+00 2.079339e+00 2.011698e+00 1.203816e+00 1.611313e+00 1.807372e+00 4.177730e-02 2.465147e-02 1.058752e-01 1.713604e-01 1.620166e-01 1.766464e-01 2.656684e-01 3.222175e-01 4.132249e-01 5.460547e-01 2.262046e-01 2.528262e-01 2.647956e-01 6.999538e-03
<GCONST> 7.889673e+01
<TRANSP> 20
 0.000000e+00 1.000000e+00 0.000000e+00 0.000000e+00 0.000000e+00 0.000000e+00 0.000000e+00 0.000000e+00 0.000000e+00 0.000000e+00 0.000000e+00 0.000000e+00 0.000000e+00 0.000000e+00 0.000000e+00 0.000000e+00 0.000000e+00 0.000000e+00 0.000000e+00 0.000000e+00
 0.000000e+00 7.206064e-01 2.793935e-01 0.000000e+00 0.000000e+00 0.000000e+00 0.000000e+00 0.000000e+00 0.000000e+00 0.000000e+00 0.000000e+00 0.000000e+00 0.000000e+00 0.000000e+00 0.000000e+00 0.000000e+00 0.000000e+00 0.000000e+00 0.000000e+00 0.000000e+00
 0.000000e+00 0.000000e+00 7.732906e-01 2.267094e-01 0.000000e+00 0.000000e+00 0.000000e+00 0.000000e+00 0.000000e+00 0.000000e+00 0.000000e+00 0.000000e+00 0.000000e+00 0.000000e+00 0.000000e+00 0.000000e+00 0.000000e+00 0.000000e+00 0.000000e+00 0.000000e+00
 0.000000e+00 0.000000e+00 0.000000e+00 6.760380e-01 3.239620e-01 0.000000e+00 0.000000e+00 0.000000e+00 0.000000e+00 0.000000e+00 0.000000e+00 0.000000e+00 0.000000e+00 0.000000e+00 0.000000e+00 0.000000e+00 0.000000e+00 0.000000e+00 0.000000e+00 0.000000e+00
 0.000000e+00 0.000000e+00 0.000000e+00 0.000000e+00 6.973422e-01 3.026578e-01 0.000000e+00 0.000000e+00 0.000000e+00 0.000000e+00 0.000000e+00 0.000000e+00 0.000000e+00 0.000000e+00 0.000000e+00 0.000000e+00 0.000000e+00 0.000000e+00 0.000000e+00 0.000000e+00
 0.000000e+00 0.000000e+00 0.000000e+00 0.000000e+00 0.000000e+00 8.795775e-01 1.204225e-01 0.000000e+00 0.000000e+00 0.000000e+00 0.000000e+00 0.000000e+00 0.000000e+00 0.000000e+00 0.000000e+00 0.000000e+00 0.000000e+00 0.000000e+00 0.000000e+00 0.000000e+00
 0.000000e+00 0.000000e+00 0.000000e+00 0.000000e+00 0.000000e+00 0.000000e+00 8.292534e-01 1.707466e-01 0.000000e+00 0.000000e+00 0.000000e+00 0.000000e+00 0.000000e+00 0.000000e+00 0.000000e+00 0.000000e+00 0.000000e+00 0.000000e+00 0.000000e+00 0.000000e+00
 0.000000e+00 0.000000e+00 0.000000e+00 0.000000e+00 0.000000e+00 0.000000e+00 0.000000e+00 8.489770e-01 1.510230e-01 0.000000e+00 0.000000e+00 0.000000e+00 0.000000e+00 0.000000e+00 0.000000e+00 0.000000e+00 0.000000e+00 0.000000e+00 0.000000e+00 0.000000e+00
 0.000000e+00 0.000000e+00 0.000000e+00 0.000000e+00 0.000000e+00 0.000000e+00 0.000000e+00 0.000000e+00 7.933022e-01 2.066978e-01 0.000000e+00 0.000000e+00 0.000000e+00 0.000000e+00 0.000000e+00 0.000000e+00 0.000000e+00 0.000000e+00 0.000000e+00 0.000000e+00
 0.000000e+00 0.000000e+00 0.000000e+00 0.000000e+00 0.000000e+00 0.000000e+00 0.000000e+00 0.000000e+00 0.000000e+00 6.568136e-01 3.431865e-01 0.000000e+00 0.000000e+00 0.000000e+00 0.000000e+00 0.000000e+00 0.000000e+00 0.000000e+00 0.000000e+00 0.000000e+00
 0.000000e+00 0.000000e+00 0.000000e+00 0.000000e+00 0.000000e+00 0.000000e+00 0.000000e+00 0.000000e+00 0.000000e+00 0.000000e+00 7.463680e-01 2.536320e-01 0.000000e+00 0.000000e+00 0.000000e+00 0.000000e+00 0.000000e+00 0.000000e+00 0.000000e+00 0.000000e+00
 0.000000e+00 0.000000e+00 0.000000e+00 0.000000e+00 0.000000e+00 0.000000e+00 0.000000e+00 0.000000e+00 0.000000e+00 0.000000e+00 0.000000e+00 7.117155e-01 2.882845e-01 0.000000e+00 0.000000e+00 0.000000e+00 0.000000e+00 0.000000e+00 0.000000e+00 0.000000e+00
 0.000000e+00 0.000000e+00 0.000000e+00 0.000000e+00 0.000000e+00 0.000000e+00 0.000000e+00 0.000000e+00 0.000000e+00 0.000000e+00 0.000000e+00 0.000000e+00 7.743450e-01 2.256550e-01 0.000000e+00 0.000000e+00 0.000000e+00 0.000000e+00 0.000000e+00 0.000000e+00
 0.000000e+00 0.000000e+00 0.000000e+00 0.000000e+00 0.000000e+00 0.000000e+00 0.000000e+00 0.000000e+00 0.000000e+00 0.000000e+00 0.000000e+00 0.000000e+00 0.000000e+00 7.817796e-01 2.182204e-01 0.000000e+00 0.000000e+00 0.000000e+00 0.000000e+00 0.000000e+00
 0.000000e+00 0.000000e+00 0.000000e+00 0.000000e+00 0.000000e+00 0.000000e+00 0.000000e+00 0.000000e+00 0.000000e+00 0.000000e+00 0.000000e+00 0.000000e+00 0.000000e+00 0.000000e+00 7.525112e-01 2.474888e-01 0.000000e+00 0.000000e+00 0.000000e+00 0.000000e+00
 0.000000e+00 0.000000e+00 0.000000e+00 0.000000e+00 0.000000e+00 0.000000e+00 0.000000e+00 0.000000e+00 0.000000e+00 0.000000e+00 0.000000e+00 0.000000e+00 0.000000e+00 0.000000e+00 0.000000e+00 8.270209e-01 1.729791e-01 0.000000e+00 0.000000e+00 0.000000e+00
 0.000000e+00 0.000000e+00 0.000000e+00 0.000000e+00 0.000000e+00 0.000000e+00 0.000000e+00 0.000000e+00 0.000000e+00 0.000000e+00 0.000000e+00 0.000000e+00 0.000000e+00 0.000000e+00 0.000000e+00 0.000000e+00 8.274853e-01 1.725148e-01 0.000000e+00 0.000000e+00
 0.000000e+00 0.000000e+00 0.000000e+00 0.000000e+00 0.000000e+00 0.000000e+00 0.000000e+00 0.000000e+00 0.000000e+00 0.000000e+00 0.000000e+00 0.000000e+00 0.000000e+00 0.000000e+00 0.000000e+00 0.000000e+00 0.000000e+00 8.345563e-01 1.654437e-01 0.000000e+00
 0.000000e+00 0.000000e+00 0.000000e+00 0.000000e+00 0.000000e+00 0.000000e+00 0.000000e+00 0.000000e+00 0.000000e+00 0.000000e+00 0.000000e+00 0.000000e+00 0.000000e+00 0.000000e+00 0.000000e+00 0.000000e+00 0.000000e+00 0.000000e+00 8.152835e-01 1.847165e-01
 0.000000e+00 0.000000e+00 0.000000e+00 0.000000e+00 0.000000e+00 0.000000e+00 0.000000e+00 0.000000e+00 0.000000e+00 0.000000e+00 0.000000e+00 0.000000e+00 0.000000e+00 0.000000e+00 0.000000e+00 0.000000e+00 0.000000e+00 0.000000e+00 0.000000e+00 0.000000e+00
<ENDHMM>
