~o
<STREAMINFO> 1 39
<VECSIZE> 39<NULLD><MFCC_D_A_0><DIAGC>
~h "pasang"
<BEGINHMM>
<NUMSTATES> 20
<STATE> 2
<MEAN> 39
 -1.540937e+01 -5.796763e+00 -2.566358e+00 -5.060342e+00 -3.188397e-01 -5.358118e+00 -1.677762e-01 -6.815818e+00 -4.160081e-01 -7.315657e+00 -5.532393e-01 -7.059768e+00 5.824584e+01 2.117554e+00 3.859164e-01 -1.075907e+00 -1.288264e+00 -3.481932e-02 4.066698e-01 -3.361607e-01 -9.132450e-01 -1.353398e-01 5.781109e-01 4.616655e-01 -8.831858e-01 1.530339e+00 8.366711e-01 -4.495182e-02 -5.586138e-01 -3.704469e-01 2.305728e-01 3.213018e-01 -2.583783e-01 -5.106881e-01 -8.766658e-03 1.314316e-01 2.712708e-02 -2.885145e-01 5.747828e-01
<VARIANCE> 39
 6.380027e+00 6.211725e+00 8.612167e+00 1.875713e+01 1.565728e+01 1.308097e+01 1.939938e+01 2.363128e+01 1.773275e+01 1.581485e+01 1.493453e+01 8.514512e+00 3.887280e+00 3.897651e+00 1.001312e+00 3.527469e+00 3.677007e+00 2.950328e+00 2.459204e+00 3.384082e+00 4.129070e+00 1.263877e+00 2.357002e+00 2.236880e+00 1.699838e+00 1.899449e+00 2.891506e-01 2.125887e-01 4.372721e-01 4.039165e-01 3.628599e-01 4.406220e-01 5.177386e-01 4.914697e-01 3.139018e-01 4.171552e-01 4.702049e-01 2.136539e-01 1.379293e-01
<GCONST> 1.013062e+02
<STATE> 3
<MEAN> 39
 3.253489e-01 -6.250220e+00 -1.358285e+01 -1.369437e+01 2.132136e+00 1.902564e-01 -4.243062e+00 -1.553503e+01 -1.568835e+00 -3.881342e+00 -1.029443e+00 -1.362260e+01 6.918117e+01 2.574506e+00 -7.668080e-01 -1.558309e+00 2.581635e-02 1.252594e+00 1.653952e-01 -1.065991e+00 -8.377937e-01 7.904155e-01 -2.809917e-01 -1.578928e+00 -8.354627e-01 2.023617e+00 -1.042131e+00 -9.703479e-02 8.095902e-01 9.695506e-01 4.706500e-02 -6.814861e-01 2.284553e-01 8.418844e-01 4.118391e-01 -5.722000e-01 -4.403233e-01 5.510984e-01 -6.178706e-01
<VARIANCE> 39
 1.212000e+01 2.066125e+01 4.097635e+01 2.587568e+01 6.755906e+01 4.250465e+01 7.045615e+01 6.153783e+01 2.087354e+01 6.040863e+01 5.133881e+01 1.985550e+01 1.237472e+01 3.835471e+00 1.192437e+00 5.082218e+00 3.900141e+00 2.002902e+00 4.640413e+00 2.955922e+00 6.742027e+00 3.093311e+00 4.843690e+00 4.100262e+00 2.824109e+00 1.779460e+00 2.104230e-01 2.146132e-01 4.914377e-01 4.599384e-01 4.401300e-01 3.098989e-01 6.951368e-01 5.675583e-01 4.875680e-01 3.514110e-01 6.842821e-01 3.910276e-01 1.050658e-01
<GCONST> 1.197046e+02
<STATE> 4
<MEAN> 39
 2.035426e+00 -7.553926e+00 -9.280590e+00 -6.871955e+00 8.734670e+00 -5.166228e+00 -5.206363e+00 -6.018346e+00 3.789443e+00 -6.196288e+00 -3.756084e+00 -1.164932e+01 7.292941e+01 -4.187320e-01 3.883653e-01 8.058702e-01 6.881725e-01 5.675542e-01 -8.560432e-01 9.069234e-02 1.159603e+00 -5.024821e-02 -8.402302e-01 -3.658791e-01 4.077088e-01 -1.088726e-01 -3.734279e-01 3.185924e-01 1.148319e-01 1.627232e-02 -1.212753e-01 8.049709e-02 2.415476e-01 -7.480505e-02 -2.414387e-01 -8.916228e-02 2.382471e-01 9.865069e-02 -2.367166e-01
<VARIANCE> 39
 4.250829e+00 3.292011e+01 5.945694e+01 2.403811e+01 8.120970e+01 4.734858e+01 3.605718e+01 1.111866e+02 2.216421e+01 1.143641e+02 4.987524e+01 1.944229e+01 1.605182e+01 2.720452e-01 6.988744e-01 1.069915e+00 1.447987e+00 1.691852e+00 9.602624e-01 1.866349e+00 1.392053e+00 2.386546e+00 2.480017e+00 1.749100e+00 7.378514e-01 2.083084e-01 1.108563e-01 1.108009e-01 3.269550e-01 2.953864e-01 2.627360e-01 2.107613e-01 2.474746e-01 3.474926e-01 4.017843e-01 4.268726e-01 2.350278e-01 1.889761e-01 4.042789e-02
<GCONST> 9.843746e+01
<STATE> 5
<MEAN> 39
 -5.861047e+00 -2.141309e+00 -9.154468e+00 -2.793402e+00 8.792669e+00 -8.462770e+00 -2.780958e+00 -8.859176e+00 1.139673e+00 -1.451805e+01 -9.303220e+00 -8.562794e+00 6.965441e+01 -3.421405e+00 2.881699e+00 -8.720794e-01 2.002922e+00 3.078227e-02 -2.009602e-01 1.607084e+00 -5.156254e-01 5.357604e-02 -4.643870e-01 2.975320e-01 7.603946e-01 -1.251861e-01 -5.039192e-01 5.632126e-01 -6.679624e-01 9.934102e-02 -2.165445e-01 2.104384e-01 1.646045e-01 -3.358934e-01 -1.084496e-02 3.990502e-01 3.292845e-01 -1.943468e-01 1.772629e-01
<VARIANCE> 39
 3.263727e+01 3.291649e+01 3.551419e+01 3.581623e+01 3.763762e+01 4.211195e+01 2.638901e+01 7.602214e+01 3.517521e+01 1.315102e+02 1.051813e+02 3.026991e+01 9.017538e+00 1.570547e+00 2.934300e+00 4.125181e+00 1.818269e+00 1.528210e+00 3.255693e+00 1.455460e+00 2.812161e+00 2.465816e+00 6.916884e+00 2.472486e+00 2.640522e+00 2.769408e-01 3.325337e-01 3.301212e-01 3.425962e-01 3.491239e-01 2.457326e-01 3.992301e-01 1.944238e-01 4.833793e-01 5.388170e-01 8.031552e-01 3.885942e-01 3.613818e-01 2.736772e-02
<GCONST> 1.140489e+02
<STATE> 6
<MEAN> 39
 -2.161940e+01 1.333594e+01 -1.486156e+01 5.666255e+00 5.992836e+00 -7.203059e+00 4.969391e+00 -1.001336e+01 2.114845e+00 -1.254730e+01 -2.152357e+00 -8.942612e+00 6.971640e+01 -1.656224e+00 1.336227e+00 -1.214419e-01 5.564920e-01 1.356147e-03 -1.982035e-01 7.865211e-01 1.137605e-01 -2.656847e-01 1.559247e-01 5.694681e-01 3.323798e-02 -3.131333e-01 5.675209e-01 -6.320518e-01 4.232464e-01 -4.296935e-01 5.511072e-02 -1.178485e-01 -2.582584e-01 1.711334e-01 -6.797955e-02 1.453162e-01 -7.970329e-02 -2.941095e-02 -1.174852e-01
<VARIANCE> 39
 1.010712e+01 2.166017e+01 2.183028e+01 3.007869e+01 5.753128e+01 1.516183e+01 3.330798e+01 4.337746e+01 3.313741e+01 4.250013e+01 7.261224e+01 2.347863e+01 9.252927e+00 1.310004e+00 1.945329e+00 1.692644e+00 1.707233e+00 1.224971e+00 1.480248e+00 1.180760e+00 1.506638e+00 2.084873e+00 1.881100e+00 2.127611e+00 1.063529e+00 1.607243e-01 1.099645e-01 1.093520e-01 1.826461e-01 2.006839e-01 2.247414e-01 2.234714e-01 2.588596e-01 2.289100e-01 4.284862e-01 3.353596e-01 2.810177e-01 1.739063e-01 2.189892e-02
<GCONST> 9.571498e+01
<STATE> 7
<MEAN> 39
 -2.495134e+01 1.309262e+01 -1.204181e+01 4.162747e+00 7.701755e+00 -1.027108e+01 6.232270e+00 -8.227829e+00 -1.059344e+00 -1.080110e+01 -1.907448e+00 -8.077332e+00 6.721054e+01 1.907173e+00 -1.351078e+00 5.846632e-01 -1.636144e+00 -1.265918e+00 -1.154895e+00 -1.407954e+00 2.754728e-01 4.718707e-01 1.143642e+00 1.687049e-01 -2.446704e-01 -1.516189e-01 1.430517e+00 -5.201932e-01 -4.807970e-01 -6.120391e-01 -5.642103e-01 -1.588533e-01 -9.821384e-01 -1.550661e-01 6.024020e-01 1.628508e-01 -3.853205e-01 -1.629627e-01 5.901552e-01
<VARIANCE> 39
 6.600398e+00 1.735841e+01 2.416432e+01 1.775002e+01 5.973269e+01 1.929025e+01 2.395137e+01 4.652432e+01 2.277378e+01 2.246556e+01 8.558976e+01 1.963926e+01 8.245086e+00 3.435319e+00 1.092880e+00 1.048420e+00 9.936548e-01 1.340893e+00 2.557053e+00 3.036818e+00 1.830459e+00 2.221582e+00 2.281171e+00 1.903012e+00 1.506394e+00 5.372047e-01 9.587461e-02 1.260663e-01 3.239184e-01 1.349141e-01 1.721496e-01 6.835927e-01 3.577220e-01 4.934680e-01 3.269841e-01 4.868343e-01 7.265025e-01 3.048412e-01 1.133810e-01
<GCONST> 1.017433e+02
<STATE> 8
<MEAN> 39
 -1.131736e+01 7.868868e+00 -1.400097e+01 -4.564683e+00 -1.372591e-02 -1.507597e+01 -4.392385e+00 -9.028490e+00 5.092638e+00 -5.572111e+00 -3.905724e+00 -9.899482e+00 7.046554e+01 4.813164e+00 -3.034650e+00 -1.792577e+00 -2.424138e+00 -1.339520e+00 -4.977055e-01 -3.260830e+00 -1.265108e-01 1.354068e+00 4.912783e-01 -1.831696e+00 -6.444458e-01 2.235677e+00 -4.625009e-01 -5.684101e-01 -2.225431e-01 6.075499e-01 7.077911e-01 8.007281e-01 6.186347e-01 3.485499e-02 -5.494172e-01 -6.110593e-01 -1.149693e-01 1.390002e-01 1.812129e-01
<VARIANCE> 39
 3.128156e+01 1.758510e+01 2.299109e+01 2.458100e+01 4.139445e+01 4.499425e+01 5.814660e+01 3.495169e+01 1.708335e+01 1.669905e+01 1.181703e+02 2.346296e+01 1.449752e+01 1.029614e+00 2.132911e+00 2.590436e+00 1.702215e+00 3.119044e+00 8.459937e+00 4.512042e+00 3.396441e+00 3.136940e+00 4.410264e+00 4.234090e+00 2.794955e+00 4.798675e-01 6.001376e-01 1.803257e-01 3.737363e-01 2.914052e-01 4.250386e-01 7.152138e-01 7.505875e-01 7.450523e-01 4.068654e-01 3.690095e-01 5.872337e-01 4.017459e-01 2.396059e-01
<GCONST> 1.173807e+02
<STATE> 9
<MEAN> 39
 -3.573433e+00 -4.053192e+00 -1.767587e+01 -5.837508e+00 1.513079e+00 -1.029802e+01 -6.504417e+00 -8.598154e+00 4.253593e+00 -8.519438e+00 -7.666975e+00 -1.012560e+01 7.550209e+01 1.098837e+00 -3.137321e+00 -1.629158e-01 4.018424e-01 7.020261e-01 1.691555e+00 7.514799e-02 -2.589482e-01 -1.088092e+00 -5.819237e-01 1.154753e-01 1.264383e-01 6.135447e-01 -7.709444e-01 5.492828e-01 5.950887e-01 2.712172e-01 1.098220e-01 5.688169e-02 4.038085e-01 -1.304603e-01 -2.820972e-01 7.601175e-02 4.422067e-01 5.685860e-02 -5.400463e-01
<VARIANCE> 39
 5.532982e+00 1.631630e+01 3.631272e+01 2.145056e+01 3.210992e+01 6.825316e+01 8.377367e+01 8.653488e+01 3.467596e+01 6.756893e+01 1.525121e+02 2.753382e+01 1.451278e+01 5.733876e-01 1.656860e+00 1.491682e+00 6.708392e-01 3.927570e+00 2.147732e+00 1.381935e+00 4.995045e+00 2.360799e+00 2.579828e+00 1.516067e+00 1.885783e+00 5.362474e-01 1.870099e-01 2.088586e-01 1.950614e-01 3.267144e-01 5.545761e-01 5.940579e-01 5.285866e-01 5.527341e-01 5.105583e-01 3.839000e-01 3.969926e-01 3.857428e-01 4.369628e-02
<GCONST> 1.094706e+02
<STATE> 10
<MEAN> 39
 -9.622024e-01 -1.112363e+01 -1.414737e+01 -5.684079e+00 2.580215e+00 -9.992451e+00 -7.635510e+00 -5.484539e+00 1.112374e+00 -5.279043e+00 -2.258261e+00 -1.226545e+01 7.606013e+01 3.857225e-01 -4.312956e-01 1.061627e+00 -6.296774e-01 2.350546e-02 2.738668e-01 -9.288818e-01 -4.368746e-02 4.406111e-01 6.167831e-02 -4.129962e-01 -1.335225e-01 -4.010161e-01 -1.775362e-02 5.121512e-01 2.007606e-01 -1.728804e-01 -4.798921e-02 -7.222882e-02 -9.843133e-02 6.262454e-02 1.107704e-01 -9.184895e-02 -9.992179e-02 -1.921741e-02 -1.552467e-01
<VARIANCE> 39
 3.167156e+00 1.386918e+01 8.158020e+01 3.121839e+01 6.965154e+01 8.713023e+01 7.876601e+01 1.451293e+02 5.747414e+01 6.400681e+01 1.224580e+02 3.494864e+01 1.365059e+01 8.691730e-02 1.096678e+00 4.751160e-01 5.987227e-01 1.360813e+00 2.032471e+00 1.668334e+00 1.970954e+00 4.265270e+00 1.608552e+00 1.772812e+00 1.386937e+00 1.105026e-01 1.766060e-02 5.882669e-02 7.458885e-02 8.383147e-02 2.902394e-01 2.303258e-01 3.598613e-01 3.219982e-01 6.882122e-01 2.676050e-01 3.179054e-01 2.464030e-01 7.834364e-03
<GCONST> 9.387313e+01
<STATE> 11
<MEAN> 39
 4.121459e-03 -7.241934e+00 -9.024866e+00 -9.926459e+00 -2.471347e-01 -2.615387e+00 -1.008762e+01 -1.289519e+01 4.066230e+00 -1.094286e+01 -7.069168e+00 -8.434056e+00 7.035674e+01 1.431226e-01 1.004622e+00 1.720863e+00 -7.605416e-01 4.023479e-01 2.752708e-01 -2.200563e-01 -2.398967e-01 -1.335493e+00 -4.393828e-01 1.008974e+00 5.907509e-02 -8.907306e-01 -6.709654e-02 8.221631e-02 2.791037e-02 1.162705e-01 4.086048e-02 -2.775033e-01 1.054802e-01 -7.084994e-02 -2.962273e-01 1.405710e-02 -1.561898e-02 -5.543318e-02 -5.786024e-03
<VARIANCE> 39
 5.144795e+00 6.742521e+00 3.294553e+01 2.349282e+01 4.386750e+01 7.808217e+01 5.549828e+01 1.007493e+02 5.795141e+01 6.275805e+01 6.493543e+01 2.263167e+01 9.112678e+00 1.894684e-01 3.214401e-01 5.529458e-01 1.355042e+00 1.958451e+00 1.745588e+00 1.987199e+00 2.305678e+00 2.025710e+00 1.992760e+00 3.303789e+00 1.734707e+00 6.388380e-02 2.570935e-02 5.927071e-02 1.123771e-01 1.417399e-01 2.013123e-01 2.791877e-01 3.335123e-01 3.422856e-01 4.746601e-01 3.543900e-01 5.830538e-01 2.041384e-01 1.378615e-02
<GCONST> 9.252908e+01
<STATE> 12
<MEAN> 39
 3.262444e+00 -4.338842e+00 3.574413e+00 -1.656863e+01 6.473926e+00 -1.235566e+01 -1.247321e+01 -2.870250e+00 -1.005925e+01 -5.488046e+00 -3.988830e+00 -8.394869e+00 6.944164e+01 1.867680e-01 6.600780e-01 8.952293e-01 1.400984e-01 -1.396779e-01 -8.262707e-02 4.229957e-01 -7.784904e-01 -1.273087e+00 -6.720653e-01 -5.901558e-01 2.152162e-01 -8.959529e-01 -8.522440e-02 -6.361942e-02 -8.685279e-02 1.825441e-01 -3.726986e-02 7.984884e-02 9.474739e-02 -1.963007e-02 1.636904e-01 -7.179815e-02 -3.955310e-02 -6.508202e-02 -1.784384e-05
<VARIANCE> 39
 7.451001e+00 8.052015e+00 4.375164e+01 1.622960e+01 1.731526e+01 3.992303e+01 3.446613e+01 6.451736e+01 4.055742e+01 6.788618e+01 3.557606e+01 3.004892e+01 1.852582e+01 2.256298e-01 2.093666e-01 9.453767e-01 1.126727e+00 2.076393e+00 1.809920e+00 7.785921e-01 1.378506e+00 3.355929e+00 6.809149e-01 1.261522e+00 1.554693e+00 9.072030e-02 3.026645e-02 3.794423e-02 9.352656e-02 6.319349e-02 1.419930e-01 2.024181e-01 1.585749e-01 2.159939e-01 4.350817e-01 1.072939e-01 1.761521e-01 1.693364e-01 8.146907e-03
<GCONST> 8.169114e+01
<STATE> 13
<MEAN> 39
 -3.762707e-01 -8.913650e-01 4.113387e-01 -1.023505e+01 1.983735e+00 -6.935363e+00 -1.160278e+01 -1.852991e+01 -1.170814e+01 -1.878943e+01 -9.372882e+00 -1.235440e+01 6.428077e+01 -5.226610e-01 4.085742e-01 1.187225e+00 5.335677e-01 -8.471556e-02 6.828210e-02 8.504673e-01 1.802774e-01 -4.277572e-01 -2.352093e-01 -4.386782e-02 -3.030764e-01 -7.575396e-01 -1.656705e-01 -2.253661e-01 -1.456226e-01 8.239668e-02 -5.495242e-02 8.133666e-02 1.673007e-01 3.415374e-01 4.217352e-01 4.328359e-01 1.012357e-01 1.985016e-01 -3.223083e-03
<VARIANCE> 39
 8.210731e+00 5.380668e+00 2.996306e+01 2.267347e+01 2.104734e+01 2.543246e+01 2.365337e+01 7.158292e+01 5.276407e+01 8.415510e+01 4.382279e+01 2.375656e+01 1.745706e+00 3.429247e-01 2.299328e-01 9.482866e-01 3.460635e-01 1.078637e+00 9.179668e-01 1.126601e+00 1.750653e+00 2.704356e+00 1.637615e+00 1.236476e+00 1.046166e+00 4.686275e-02 4.516241e-02 4.492829e-02 7.607915e-02 6.760468e-02 1.591795e-01 1.284325e-01 2.060078e-01 2.124928e-01 2.429544e-01 2.169575e-01 3.105930e-01 2.190335e-01 1.193093e-02
<GCONST> 7.875892e+01
<STATE> 14
<MEAN> 39
 -3.108914e+00 -3.533440e-01 8.473894e+00 -4.550654e+00 7.239078e+00 -2.240318e+00 2.548130e-01 -3.149881e+00 -5.026423e+00 -7.688632e+00 -6.849913e+00 -5.956857e+00 6.067744e+01 -9.409896e-01 1.586458e-02 6.187927e-01 7.802317e-01 -3.834899e-01 -1.169071e-01 5.279717e-01 3.555747e-01 -3.677968e-02 -1.430241e-01 -3.941664e-01 3.958368e-01 -6.769940e-01 -1.837933e-02 -2.039607e-03 -9.055773e-04 8.335844e-03 -2.412813e-02 -1.016953e-01 -1.223886e-01 -1.359552e-01 -2.041867e-01 -1.562015e-01 2.847900e-02 -4.434007e-02 5.076456e-02
<VARIANCE> 39
 1.189376e+01 6.957051e+00 4.268159e+01 2.973198e+01 4.458154e+01 6.173200e+01 5.066800e+01 7.149918e+01 3.190064e+01 5.516079e+01 1.933442e+01 2.916058e+01 6.447608e+00 2.407662e-01 4.898910e-01 4.411014e-01 7.009758e-01 8.845679e-01 1.017178e+00 1.805473e+00 1.650702e+00 2.258690e+00 2.180903e+00 1.477811e+00 1.077986e+00 8.005916e-02 2.749572e-02 4.467548e-02 8.371782e-02 1.590418e-01 1.448634e-01 1.008236e-01 2.256768e-01 2.173565e-01 3.488202e-01 2.134787e-01 2.514094e-01 2.041613e-01 7.111509e-03
<GCONST> 8.346055e+01
<STATE> 15
<MEAN> 39
 -6.477073e+00 -5.481714e-01 7.173202e+00 -4.537834e+00 1.419912e+00 -9.679694e+00 -7.754934e+00 -1.760404e+01 -1.347887e+01 -1.787170e+01 -8.425838e+00 -1.275395e+01 5.964390e+01 -7.231494e-01 1.289503e-01 6.780204e-01 9.889309e-01 2.263885e-01 -3.239565e-01 1.270758e-01 -6.775837e-02 -5.475094e-01 -3.923392e-01 -2.261914e-01 -1.893174e-01 -3.502074e-01 -2.566811e-03 2.046406e-02 -1.066797e-01 -1.859261e-02 -3.543594e-02 8.204842e-02 -6.026400e-03 7.811309e-02 7.343020e-02 -7.240755e-02 -7.215451e-02 6.254833e-02 4.970599e-02
<VARIANCE> 39
 5.620965e+00 7.993919e+00 1.738328e+01 2.027260e+01 1.794840e+01 2.188294e+01 2.269426e+01 5.522195e+01 5.797900e+01 2.760955e+01 2.747199e+01 3.455980e+01 2.756651e+00 2.322942e-01 5.166554e-01 3.971899e-01 5.994462e-01 9.306139e-01 1.557577e+00 8.087981e-01 1.298714e+00 1.308796e+00 1.354557e+00 1.568281e+00 2.487989e+00 7.084837e-02 5.455432e-02 9.449376e-02 8.792578e-02 1.335733e-01 2.168435e-01 2.256598e-01 1.827276e-01 2.902259e-01 4.013589e-01 3.225087e-01 2.679043e-01 4.900373e-01 1.578513e-02
<GCONST> 8.196404e+01
<STATE> 16
<MEAN> 39
 -1.178135e+01 4.236007e-01 9.528069e+00 -1.553598e+00 -1.660685e-01 -8.646667e+00 -3.558537e+00 -1.259589e+01 -1.364834e+01 -2.022177e+01 -1.034427e+01 -1.119128e+01 5.745807e+01 -7.674496e-01 7.965305e-02 -1.583399e-01 7.470945e-02 -6.555843e-01 2.607844e-01 8.572071e-01 1.362894e+00 5.346832e-01 -5.737754e-02 -2.814483e-01 3.710299e-01 -2.643615e-01 8.968616e-02 -6.554283e-02 -1.458747e-01 -6.369185e-02 4.652270e-02 -1.401430e-02 -2.817804e-03 4.721847e-02 2.160899e-01 2.214340e-01 1.696544e-01 6.747054e-02 3.196032e-02
<VARIANCE> 39
 7.172743e+00 9.933390e+00 2.535225e+01 1.383188e+01 2.190810e+01 2.808323e+01 6.130534e+01 5.105165e+01 3.650586e+01 4.699410e+01 2.785556e+01 4.352625e+01 2.348377e+00 1.860866e-01 2.293445e-01 3.443094e-01 8.484253e-01 5.358743e-01 1.699863e+00 2.376075e+00 1.133061e+00 1.760875e+00 1.783619e+00 1.880220e+00 1.091673e+00 4.085832e-02 2.187062e-02 6.883100e-02 6.391664e-02 1.589873e-01 9.838764e-02 2.720912e-01 3.080130e-01 2.008723e-01 1.830277e-01 2.518185e-01 4.232576e-01 2.751489e-01 7.872702e-03
<GCONST> 7.929119e+01
<STATE> 17
<MEAN> 39
 -1.292697e+01 -3.499470e-01 8.406368e+00 7.770524e-01 8.144892e-01 -5.379901e+00 -6.708848e-01 -4.618018e+00 -9.805377e+00 -1.418932e+01 -8.388001e+00 -6.155720e+00 5.706950e+01 -4.932306e-01 -5.738100e-01 -7.273988e-01 7.345202e-02 2.754212e-01 -1.560594e-01 -6.898307e-01 -2.628772e-01 9.989980e-01 1.223722e+00 1.213264e+00 5.443183e-01 -7.265005e-02 8.371314e-03 -8.793113e-02 -5.173918e-02 -5.756056e-02 1.139800e-01 1.008964e-01 -1.298604e-01 -1.114506e-01 3.679976e-02 1.839473e-01 2.074629e-01 1.214853e-01 2.026354e-02
<VARIANCE> 39
 4.133361e+00 1.344659e+01 1.802365e+01 1.651315e+01 5.060845e+01 4.732257e+01 3.484764e+01 4.609132e+01 2.347149e+01 5.559541e+01 2.018874e+01 5.330178e+01 8.433325e-01 1.846595e-01 5.907035e-01 6.620465e-01 1.355209e+00 2.735845e+00 2.136449e+00 2.644519e+00 1.080471e+00 2.225851e+00 1.816122e+00 1.578194e+00 1.326615e+00 7.095200e-02 3.661303e-02 1.153089e-01 1.416141e-01 2.033322e-01 4.559709e-01 4.583528e-01 7.683907e-01 1.794859e-01 4.035672e-01 4.462242e-01 3.659728e-01 3.572669e-01 1.546049e-02
<GCONST> 9.003963e+01
<STATE> 18
<MEAN> 39
 -1.525198e+01 -3.674541e+00 3.375543e+00 -1.111411e+00 2.123044e+00 -3.674555e+00 2.301716e-01 -4.509517e+00 -2.230856e+00 -9.012792e+00 -3.759467e+00 -5.326764e+00 5.701880e+01 -2.908096e-01 -3.418522e-01 -5.810563e-01 -2.152939e-01 -1.104567e-01 3.897136e-01 6.678198e-01 3.291035e-01 3.135448e-01 5.855446e-02 2.348219e-01 3.061393e-01 -6.705984e-02 2.413988e-02 2.179872e-02 3.613491e-02 -8.410188e-04 -2.605719e-02 -4.696403e-02 1.515302e-01 -3.758161e-02 -2.339777e-01 -3.116901e-01 -2.626140e-01 -2.297539e-01 -2.149629e-03
<VARIANCE> 39
 1.866559e+00 3.267864e+00 1.242300e+01 1.088944e+01 2.859953e+01 2.806541e+01 3.325833e+01 4.249108e+01 2.929523e+01 3.086596e+01 2.777449e+01 3.271362e+01 6.760925e-01 1.074916e-01 3.462738e-01 7.828234e-01 1.287274e+00 1.558289e+00 1.994322e+00 1.718939e+00 1.770020e+00 2.583652e+00 2.018947e+00 2.304789e+00 2.082566e+00 2.988999e-02 1.636890e-02 6.535832e-02 1.393503e-01 2.164366e-01 2.977316e-01 3.109401e-01 4.235134e-01 2.852178e-01 5.906457e-01 4.152744e-01 3.392109e-01 2.617823e-01 6.881625e-03
<GCONST> 8.059496e+01
<STATE> 19
<MEAN> 39
 -1.727843e+01 -3.613608e+00 1.004774e+01 3.490654e+00 3.482614e+00 -6.771840e+00 7.387130e-01 -7.943374e+00 -9.639025e+00 -1.715087e+01 -7.502663e+00 -4.226643e-01 5.482202e+01 -5.526184e-01 -2.260794e-01 -7.922647e-02 4.131072e-01 5.934706e-02 1.575494e-02 3.027098e-02 -1.286797e-01 -3.838413e-01 -5.605521e-01 -2.819836e-01 -2.889339e-01 -1.762273e-01 -1.247227e-02 8.674774e-03 1.397067e-02 2.138060e-02 -9.194644e-03 -1.214266e-01 -1.771874e-01 9.409994e-03 2.009091e-01 6.560130e-02 1.713102e-02 -1.668121e-01 -1.716298e-03
<VARIANCE> 39
 6.111176e+00 6.203968e+00 4.564822e+01 2.923890e+01 1.014073e+02 3.242751e+01 2.376623e+01 3.962769e+01 4.755889e+01 5.782086e+01 1.180865e+02 7.766422e+01 2.178183e+00 1.718548e-01 2.887460e-01 6.608424e-01 5.625885e-01 1.054698e+00 1.340715e+00 2.287638e+00 1.349292e+00 2.072922e+00 2.095880e+00 1.977866e+00 2.554281e+00 5.055789e-02 1.463339e-02 5.636380e-02 1.279790e-01 1.294876e-01 1.942761e-01 2.530930e-01 3.716542e-01 2.325990e-01 3.793927e-01 4.060310e-01 5.294831e-01 3.362297e-01 7.342148e-03
<GCONST> 8.768984e+01
<TRANSP> 20
 0.000000e+00 1.000000e+00 0.000000e+00 0.000000e+00 0.000000e+00 0.000000e+00 0.000000e+00 0.000000e+00 0.000000e+00 0.000000e+00 0.000000e+00 0.000000e+00 0.000000e+00 0.000000e+00 0.000000e+00 0.000000e+00 0.000000e+00 0.000000e+00 0.000000e+00 0.000000e+00
 0.000000e+00 7.692703e-01 2.307297e-01 0.000000e+00 0.000000e+00 0.000000e+00 0.000000e+00 0.000000e+00 0.000000e+00 0.000000e+00 0.000000e+00 0.000000e+00 0.000000e+00 0.000000e+00 0.000000e+00 0.000000e+00 0.000000e+00 0.000000e+00 0.000000e+00 0.000000e+00
 0.000000e+00 0.000000e+00 7.331112e-01 2.668888e-01 0.000000e+00 0.000000e+00 0.000000e+00 0.000000e+00 0.000000e+00 0.000000e+00 0.000000e+00 0.000000e+00 0.000000e+00 0.000000e+00 0.000000e+00 0.000000e+00 0.000000e+00 0.000000e+00 0.000000e+00 0.000000e+00
 0.000000e+00 0.000000e+00 0.000000e+00 8.096299e-01 1.903701e-01 0.000000e+00 0.000000e+00 0.000000e+00 0.000000e+00 0.000000e+00 0.000000e+00 0.000000e+00 0.000000e+00 0.000000e+00 0.000000e+00 0.000000e+00 0.000000e+00 0.000000e+00 0.000000e+00 0.000000e+00
 0.000000e+00 0.000000e+00 0.000000e+00 0.000000e+00 7.598863e-01 2.401137e-01 0.000000e+00 0.000000e+00 0.000000e+00 0.000000e+00 0.000000e+00 0.000000e+00 0.000000e+00 0.000000e+00 0.000000e+00 0.000000e+00 0.000000e+00 0.000000e+00 0.000000e+00 0.000000e+00
 0.000000e+00 0.000000e+00 0.000000e+00 0.000000e+00 0.000000e+00 8.437533e-01 1.562466e-01 0.000000e+00 0.000000e+00 0.000000e+00 0.000000e+00 0.000000e+00 0.000000e+00 0.000000e+00 0.000000e+00 0.000000e+00 0.000000e+00 0.000000e+00 0.000000e+00 0.000000e+00
 0.000000e+00 0.000000e+00 0.000000e+00 0.000000e+00 0.000000e+00 0.000000e+00 6.688596e-01 3.311405e-01 0.000000e+00 0.000000e+00 0.000000e+00 0.000000e+00 0.000000e+00 0.000000e+00 0.000000e+00 0.000000e+00 0.000000e+00 0.000000e+00 0.000000e+00 0.000000e+00
 0.000000e+00 0.000000e+00 0.000000e+00 0.000000e+00 0.000000e+00 0.000000e+00 0.000000e+00 6.361149e-01 3.638851e-01 0.000000e+00 0.000000e+00 0.000000e+00 0.000000e+00 0.000000e+00 0.000000e+00 0.000000e+00 0.000000e+00 0.000000e+00 0.000000e+00 0.000000e+00
 0.000000e+00 0.000000e+00 0.000000e+00 0.000000e+00 0.000000e+00 0.000000e+00 0.000000e+00 0.000000e+00 6.840188e-01 3.159812e-01 0.000000e+00 0.000000e+00 0.000000e+00 0.000000e+00 0.000000e+00 0.000000e+00 0.000000e+00 0.000000e+00 0.000000e+00 0.000000e+00
 0.000000e+00 0.000000e+00 0.000000e+00 0.000000e+00 0.000000e+00 0.000000e+00 0.000000e+00 0.000000e+00 0.000000e+00 8.009865e-01 1.990136e-01 0.000000e+00 0.000000e+00 0.000000e+00 0.000000e+00 0.000000e+00 0.000000e+00 0.000000e+00 0.000000e+00 0.000000e+00
 0.000000e+00 0.000000e+00 0.000000e+00 0.000000e+00 0.000000e+00 0.000000e+00 0.000000e+00 0.000000e+00 0.000000e+00 0.000000e+00 7.916170e-01 2.083830e-01 0.000000e+00 0.000000e+00 0.000000e+00 0.000000e+00 0.000000e+00 0.000000e+00 0.000000e+00 0.000000e+00
 0.000000e+00 0.000000e+00 0.000000e+00 0.000000e+00 0.000000e+00 0.000000e+00 0.000000e+00 0.000000e+00 0.000000e+00 0.000000e+00 0.000000e+00 7.705340e-01 2.294660e-01 0.000000e+00 0.000000e+00 0.000000e+00 0.000000e+00 0.000000e+00 0.000000e+00 0.000000e+00
 0.000000e+00 0.000000e+00 0.000000e+00 0.000000e+00 0.000000e+00 0.000000e+00 0.000000e+00 0.000000e+00 0.000000e+00 0.000000e+00 0.000000e+00 0.000000e+00 6.996494e-01 3.003506e-01 0.000000e+00 0.000000e+00 0.000000e+00 0.000000e+00 0.000000e+00 0.000000e+00
 0.000000e+00 0.000000e+00 0.000000e+00 0.000000e+00 0.000000e+00 0.000000e+00 0.000000e+00 0.000000e+00 0.000000e+00 0.000000e+00 0.000000e+00 0.000000e+00 0.000000e+00 7.771465e-01 2.228535e-01 0.000000e+00 0.000000e+00 0.000000e+00 0.000000e+00 0.000000e+00
 0.000000e+00 0.000000e+00 0.000000e+00 0.000000e+00 0.000000e+00 0.000000e+00 0.000000e+00 0.000000e+00 0.000000e+00 0.000000e+00 0.000000e+00 0.000000e+00 0.000000e+00 0.000000e+00 8.235428e-01 1.764572e-01 0.000000e+00 0.000000e+00 0.000000e+00 0.000000e+00
 0.000000e+00 0.000000e+00 0.000000e+00 0.000000e+00 0.000000e+00 0.000000e+00 0.000000e+00 0.000000e+00 0.000000e+00 0.000000e+00 0.000000e+00 0.000000e+00 0.000000e+00 0.000000e+00 0.000000e+00 7.646600e-01 2.353400e-01 0.000000e+00 0.000000e+00 0.000000e+00
 0.000000e+00 0.000000e+00 0.000000e+00 0.000000e+00 0.000000e+00 0.000000e+00 0.000000e+00 0.000000e+00 0.000000e+00 0.000000e+00 0.000000e+00 0.000000e+00 0.000000e+00 0.000000e+00 0.000000e+00 0.000000e+00 7.491412e-01 2.508588e-01 0.000000e+00 0.000000e+00
 0.000000e+00 0.000000e+00 0.000000e+00 0.000000e+00 0.000000e+00 0.000000e+00 0.000000e+00 0.000000e+00 0.000000e+00 0.000000e+00 0.000000e+00 0.000000e+00 0.000000e+00 0.000000e+00 0.000000e+00 0.000000e+00 0.000000e+00 7.782176e-01 2.217825e-01 0.000000e+00
 0.000000e+00 0.000000e+00 0.000000e+00 0.000000e+00 0.000000e+00 0.000000e+00 0.000000e+00 0.000000e+00 0.000000e+00 0.000000e+00 0.000000e+00 0.000000e+00 0.000000e+00 0.000000e+00 0.000000e+00 0.000000e+00 0.000000e+00 0.000000e+00 7.149839e-01 2.850160e-01
 0.000000e+00 0.000000e+00 0.000000e+00 0.000000e+00 0.000000e+00 0.000000e+00 0.000000e+00 0.000000e+00 0.000000e+00 0.000000e+00 0.000000e+00 0.000000e+00 0.000000e+00 0.000000e+00 0.000000e+00 0.000000e+00 0.000000e+00 0.000000e+00 0.000000e+00 0.000000e+00
<ENDHMM>
