~o
<STREAMINFO> 1 39
<VECSIZE> 39<NULLD><MFCC_D_A_0><DIAGC>
~h "puluh"
<BEGINHMM>
<NUMSTATES> 5
<STATE> 2
<MEAN> 39
 -6.477924e+00 -2.071988e+00 -3.026766e+00 -1.198287e+01 -4.778866e+00 -5.175289e+00 -3.475641e+00 -9.855261e+00 -6.784190e+00 -6.946914e+00 3.262511e+00 -1.953087e+00 6.228611e+01 1.932345e+00 1.096737e+00 -3.493848e-01 -1.274408e+00 -6.596786e-01 2.421404e-01 -8.393590e-01 -1.576424e+00 -1.537264e+00 8.615185e-02 1.183874e+00 5.388833e-01 1.259145e+00 -7.520099e-03 -1.133177e-01 1.511036e-02 1.140036e-01 1.948902e-01 9.213136e-02 -9.389402e-02 -8.973443e-02 2.109698e-02 2.011259e-01 7.472731e-02 -2.077006e-01 2.312506e-02
<VARIANCE> 39
 1.010252e+02 7.124950e+01 2.394572e+01 7.502188e+01 6.433096e+01 4.414404e+01 4.526080e+01 8.992618e+01 8.684122e+01 4.296060e+01 4.453078e+01 2.600184e+01 3.298107e+01 4.078683e+00 5.573662e+00 1.797621e+00 5.954781e+00 5.032225e+00 5.162793e+00 3.749525e+00 4.890091e+00 4.405137e+00 6.440030e+00 4.711452e+00 2.488108e+00 1.011740e+00 8.210761e-01 1.021635e+00 2.830651e-01 1.198306e+00 7.790490e-01 9.209449e-01 5.824446e-01 8.819475e-01 8.949383e-01 1.065552e+00 7.291642e-01 5.940777e-01 1.867394e-01
<GCONST> 1.357518e+02
<STATE> 3
<MEAN> 39
 1.463709e+00 1.370518e+00 -2.441255e+00 -1.227223e+01 1.433086e+00 -3.644284e+00 -1.398825e+01 -1.891202e+01 -1.006406e+01 -7.683641e-01 1.225037e+01 -3.911877e+00 6.898586e+01 -4.120033e-01 -2.863717e-02 1.482022e-01 5.876434e-01 3.794651e-01 -2.066655e-01 1.114633e-02 1.022568e-01 5.219480e-01 -1.256975e-01 -2.808952e-01 -7.637098e-02 -2.635021e-01 -4.752546e-02 2.758135e-02 1.975420e-02 -3.994156e-03 -4.327789e-02 -4.618053e-03 1.099217e-01 7.281679e-02 1.047988e-02 -1.140107e-01 -8.028276e-02 5.578636e-02 -4.858911e-02
<VARIANCE> 39
 1.268243e+01 2.271152e+01 5.674643e+01 5.843659e+01 9.747646e+01 4.923970e+01 1.224004e+02 7.989819e+01 9.246325e+01 5.285310e+01 6.824625e+01 3.457220e+01 1.024517e+01 2.852851e-01 9.073912e-01 1.261338e+00 2.595870e+00 1.931754e+00 2.309569e+00 3.390429e+00 2.377210e+00 2.127272e+00 3.281696e+00 2.056877e+00 1.919021e+00 2.414337e-01 3.452646e-02 1.223396e-01 1.951788e-01 3.765424e-01 2.935257e-01 4.469717e-01 5.051314e-01 4.105446e-01 3.503585e-01 6.146825e-01 4.417264e-01 3.068560e-01 2.854091e-02
<GCONST> 1.082384e+02
<STATE> 4
<MEAN> 39
 -1.323368e+01 -3.454491e+00 -8.747313e-01 -1.033003e+00 6.749011e+00 3.160094e-01 1.791676e-01 -9.995745e+00 -3.974725e+00 -8.942455e+00 2.139525e-01 -6.071774e+00 5.889629e+01 -6.176652e-01 -4.267695e-01 -2.896957e-03 2.593299e-01 1.491762e-01 3.119305e-01 6.724071e-01 6.888232e-01 2.961984e-01 -1.023284e-01 -4.115037e-01 -3.069062e-01 -3.467027e-01 2.919214e-02 1.267734e-02 -9.399898e-03 -4.148082e-02 -2.480532e-02 2.445363e-03 1.397533e-03 4.216424e-02 4.511182e-02 3.225350e-02 3.898466e-02 2.050757e-02 1.952098e-02
<VARIANCE> 39
 2.223958e+01 1.708096e+01 1.605675e+01 2.382173e+01 4.105143e+01 2.662861e+01 5.395120e+01 5.716234e+01 5.488132e+01 3.088642e+01 4.002066e+01 4.557034e+01 7.551512e+00 1.974819e-01 2.384961e-01 4.606518e-01 8.304583e-01 1.055640e+00 1.050386e+00 1.245079e+00 1.610296e+00 1.512727e+00 1.310139e+00 1.298043e+00 1.277240e+00 6.357429e-02 2.267224e-02 4.423410e-02 6.833688e-02 1.321890e-01 1.715711e-01 2.052755e-01 2.295680e-01 2.667922e-01 2.468163e-01 2.317488e-01 2.111275e-01 2.210672e-01 6.871461e-03
<GCONST> 8.212018e+01
<TRANSP> 5
 0.000000e+00 1.000000e+00 0.000000e+00 0.000000e+00 0.000000e+00
 0.000000e+00 9.121850e-01 8.781502e-02 0.000000e+00 0.000000e+00
 0.000000e+00 0.000000e+00 9.569805e-01 4.301949e-02 0.000000e+00
 0.000000e+00 0.000000e+00 0.000000e+00 9.573578e-01 4.264221e-02
 0.000000e+00 0.000000e+00 0.000000e+00 0.000000e+00 0.000000e+00
<ENDHMM>
