~o
<STREAMINFO> 1 39
<VECSIZE> 39<NULLD><MFCC_D_A_0><DIAGC>
~h "sembilan"
<BEGINHMM>
<NUMSTATES> 5
<STATE> 2
<MEAN> 39
 -1.887436e+01 3.735539e+00 -6.684427e+00 -1.202322e+00 -3.452166e-01 -1.084414e+01 2.885061e+00 -1.160805e+01 3.504096e+00 -8.459514e+00 7.729900e-01 -5.800220e+00 6.219565e+01 6.886201e-01 7.886029e-01 -5.666549e-02 5.966914e-02 -8.999594e-02 -5.466338e-01 -4.757646e-01 -6.794937e-01 -2.481545e-02 1.600638e-02 1.508168e-01 -6.087558e-02 7.111894e-01 7.141084e-02 -1.948049e-02 5.394745e-02 9.725947e-03 2.583102e-02 6.080842e-02 -3.113248e-02 -5.004749e-03 -8.338928e-02 4.341742e-03 5.293398e-02 5.379906e-03 -9.774042e-03
<VARIANCE> 39
 7.619663e+01 6.224655e+01 4.594608e+01 2.736470e+01 4.257598e+01 4.436353e+01 6.897617e+01 4.534314e+01 3.476102e+01 6.243251e+01 3.833477e+01 4.344980e+01 2.731396e+01 6.843860e+00 2.870105e+00 3.029348e+00 2.171141e+00 2.349658e+00 2.482746e+00 6.962914e+00 3.374913e+00 4.104960e+00 3.115673e+00 3.459501e+00 3.122251e+00 8.072877e-01 7.906047e-01 4.877009e-01 3.999330e-01 3.243450e-01 4.224282e-01 4.778694e-01 1.078313e+00 6.675804e-01 7.845193e-01 5.401446e-01 5.596189e-01 6.029897e-01 1.900098e-01
<GCONST> 1.272442e+02
<STATE> 3
<MEAN> 39
 -1.241568e+00 -2.849508e+00 6.028315e+00 -5.445397e+00 -8.240495e+00 -1.286636e+01 -7.153526e+00 -7.760057e+00 -6.491179e+00 -4.630363e+00 -8.804714e-01 -5.855567e+00 7.078645e+01 6.474525e-02 -1.952398e-01 1.963990e-01 1.401448e-02 -5.856316e-02 1.146883e-01 3.160754e-02 2.429900e-01 -8.120176e-02 -1.938877e-01 -2.716736e-01 3.751412e-02 -7.897023e-02 -4.235949e-02 3.558628e-02 -1.570944e-02 1.482615e-02 1.610270e-02 -9.975569e-03 1.346062e-02 -4.773185e-03 3.142516e-02 -1.955130e-02 -2.219666e-02 -1.461493e-02 -1.653097e-02
<VARIANCE> 39
 7.246955e+00 7.968214e+01 1.539875e+02 3.754633e+01 1.265017e+02 8.330225e+01 4.642116e+01 1.251484e+02 1.373282e+02 8.901377e+01 1.317378e+02 5.142170e+01 1.551289e+01 3.919627e-01 2.350421e+00 4.183767e+00 2.076334e+00 4.362389e+00 2.817228e+00 2.703889e+00 3.745992e+00 4.384214e+00 3.893369e+00 3.220943e+00 2.763432e+00 6.883236e-01 5.200456e-02 2.334736e-01 3.215131e-01 2.942098e-01 5.272979e-01 4.341681e-01 4.365262e-01 5.875344e-01 5.125406e-01 5.950863e-01 5.551732e-01 4.144085e-01 7.473283e-02
<GCONST> 1.223009e+02
<STATE> 4
<MEAN> 39
 -1.145126e+01 -2.290810e-01 2.957947e+00 -2.171687e-01 3.601858e+00 -2.381524e+00 5.408396e-01 -8.053876e+00 -4.365197e+00 -1.314277e+01 -4.455191e+00 -7.523439e+00 5.921275e+01 -5.906349e-01 -2.608940e-01 -1.922948e-01 6.908112e-02 3.714480e-01 4.423274e-01 4.309151e-01 9.064044e-02 2.455467e-02 1.250061e-01 1.548649e-01 -1.350880e-01 -3.740184e-01 6.195520e-03 -6.065411e-02 -3.239167e-02 -2.894940e-02 -2.806440e-02 1.692520e-02 1.406461e-02 3.222618e-02 3.151088e-03 4.054505e-02 -1.206679e-03 -2.492970e-03 2.421727e-02
<VARIANCE> 39
 3.288203e+01 2.319433e+01 1.701240e+01 2.371623e+01 4.280925e+01 4.981400e+01 4.557076e+01 4.112585e+01 6.074707e+01 4.506511e+01 3.422047e+01 2.717752e+01 1.022223e+01 1.952271e-01 6.411113e-01 5.854493e-01 7.246434e-01 1.264714e+00 1.537367e+00 1.493216e+00 1.994684e+00 2.260108e+00 2.002012e+00 1.586127e+00 1.630929e+00 1.170437e-01 2.708936e-02 7.475668e-02 1.101225e-01 1.338580e-01 1.845830e-01 2.420740e-01 2.413525e-01 3.361671e-01 4.071549e-01 3.582245e-01 2.863003e-01 3.014808e-01 8.070959e-03
<GCONST> 9.049175e+01
<TRANSP> 5
 0.000000e+00 1.000000e+00 0.000000e+00 0.000000e+00 0.000000e+00
 0.000000e+00 9.490418e-01 5.095815e-02 0.000000e+00 0.000000e+00
 0.000000e+00 0.000000e+00 9.765542e-01 2.344577e-02 0.000000e+00
 0.000000e+00 0.000000e+00 0.000000e+00 9.667305e-01 3.326944e-02
 0.000000e+00 0.000000e+00 0.000000e+00 0.000000e+00 0.000000e+00
<ENDHMM>
