~o
<STREAMINFO> 1 39
<VECSIZE> 39<NULLD><MFCC_D_A_0><DIAGC>
~h "tiga"
<BEGINHMM>
<NUMSTATES> 20
<STATE> 2
<MEAN> 39
 -1.810810e+01 -6.840118e+00 -2.133581e+00 -3.975682e+00 3.144618e-01 -6.217775e+00 2.378999e+00 -7.336082e+00 -2.329792e+00 -6.284451e+00 3.007579e+00 -4.739567e+00 5.791627e+01 6.457257e-01 9.081621e-01 1.862888e+00 4.534459e-01 -1.350706e+00 -1.817585e+00 1.567793e-01 -2.033143e+00 -2.236773e+00 7.603014e-02 3.118592e-01 -6.128775e-01 1.338755e+00 6.163632e-01 6.224414e-01 1.282339e+00 -7.300403e-02 -8.647934e-01 -4.659842e-01 -5.636681e-01 -6.448841e-01 -5.883331e-01 1.352105e-01 -3.355698e-01 -2.509010e-01 4.997895e-01
<VARIANCE> 39
 3.314817e+00 4.417618e+00 4.872672e+00 9.979797e+00 3.313638e+01 4.650493e+01 1.418065e+01 3.315463e+01 2.655154e+01 1.438136e+01 2.141752e+01 2.068766e+01 4.719919e+00 1.731889e+00 1.950286e+00 5.790714e+00 2.470955e+00 5.595276e+00 4.319953e+00 4.050418e+00 6.293827e+00 4.941547e+00 2.680191e+00 2.569892e+00 3.588344e+00 1.080459e+00 2.576881e-01 2.797056e-01 7.325058e-01 6.315662e-01 1.159615e+00 1.171418e+00 9.030281e-01 4.206886e-01 6.824632e-01 6.383796e-01 7.763394e-01 4.585651e-01 7.194079e-02
<GCONST> 1.119553e+02
<STATE> 3
<MEAN> 39
 -1.026599e+01 1.849693e+00 1.542281e+01 -3.618830e+00 -1.130194e+01 -1.349766e+01 -3.437632e+00 -2.054048e+01 -1.337364e+01 -3.186795e+00 6.901081e-01 -8.477178e+00 6.624342e+01 2.574643e+00 2.565973e+00 5.883164e+00 -1.494410e+00 -3.686176e+00 -6.638296e-01 -3.598959e+00 -2.192567e+00 -8.313767e-01 1.118955e+00 -8.043350e-01 -4.515623e-01 2.168354e+00 -3.447188e-01 -4.102132e-01 -6.110641e-01 -4.820422e-01 6.428123e-01 8.128161e-01 -6.979807e-02 1.281026e+00 1.137790e+00 -2.557930e-01 1.151321e-01 2.382765e-01 -4.272026e-01
<VARIANCE> 39
 2.033754e+01 2.586532e+01 1.067700e+02 5.962701e+01 1.021492e+02 4.380873e+01 9.835550e+01 9.807820e+01 4.541737e+01 5.956768e+01 3.662399e+01 5.705456e+01 1.562337e+01 1.334157e+00 2.186885e+00 6.238671e+00 7.751615e+00 8.989074e+00 8.221604e+00 5.892251e+00 7.181986e+00 4.387378e+00 5.227262e+00 7.275110e+00 3.583594e+00 9.329787e-01 3.828354e-01 3.607659e-01 1.460356e+00 7.340823e-01 1.190246e+00 8.702487e-01 1.627913e+00 1.040076e+00 4.911819e-01 8.124290e-01 5.561936e-01 6.631060e-01 1.424668e-01
<GCONST> 1.366868e+02
<STATE> 4
<MEAN> 39
 -7.017844e+00 4.506938e+00 2.785500e+01 -9.978075e+00 -1.664397e+01 -9.356744e+00 -1.122448e+01 -1.824285e+01 -9.885046e+00 -2.556470e+00 1.628704e+00 -1.001080e+01 7.003204e+01 3.080161e-01 1.986234e-01 7.167310e-01 -9.118779e-01 4.919111e-01 1.079695e+00 -6.437722e-01 1.542474e+00 1.216048e+00 -5.386655e-01 -1.060364e-01 -7.889894e-01 4.190370e-02 -3.721661e-01 -3.880930e-01 -1.403228e+00 7.146029e-01 8.534897e-01 -8.421357e-02 8.393287e-01 1.789005e-01 -1.764068e-02 -2.442378e-01 -3.835461e-02 -8.442508e-02 -5.397246e-01
<VARIANCE> 39
 5.411788e+00 2.835579e+01 1.042181e+02 1.047982e+02 1.575868e+02 5.099066e+01 6.661113e+01 1.239902e+02 4.404321e+01 5.826701e+01 8.494053e+01 4.170691e+01 1.124679e+01 3.246902e-01 6.135831e-01 2.167274e+00 1.398516e+00 1.157288e+00 2.327468e+00 2.284864e+00 2.362446e+00 1.585529e+00 1.700230e+00 1.657845e+00 1.736146e+00 4.004001e-01 1.179762e-01 2.568517e-01 3.139982e-01 3.923269e-01 5.662767e-01 6.445946e-01 9.784993e-01 7.367116e-01 2.531509e-01 4.481144e-01 7.099950e-01 3.190567e-01 5.502186e-02
<GCONST> 1.122817e+02
<STATE> 5
<MEAN> 39
 -7.572057e+00 4.927540e+00 2.526517e+01 -8.537521e+00 -9.389626e+00 -5.605890e+00 -1.015012e+01 -1.412714e+01 -8.618383e+00 -3.808898e+00 -1.307938e+00 -1.302295e+01 6.729256e+01 5.955337e-02 2.774742e-01 -1.602022e+00 1.231698e+00 1.496489e+00 -2.673554e-02 4.151242e-01 2.877146e-01 3.193633e-01 -8.662349e-01 -6.354637e-01 -1.523932e-01 -8.341118e-01 -3.199768e-02 -4.274815e-02 -9.460870e-02 1.645435e-01 4.398078e-02 -1.039178e-02 1.940882e-01 -2.410852e-02 -6.870411e-02 4.977350e-02 4.429838e-02 1.245463e-01 -6.366434e-03
<VARIANCE> 39
 3.219947e+00 1.504024e+01 5.821243e+01 7.815939e+01 1.142092e+02 3.449020e+01 5.613309e+01 8.211203e+01 2.013293e+01 3.398660e+01 5.131157e+01 3.727536e+01 7.666762e+00 9.543279e-02 3.808408e-01 6.152805e-01 1.290423e+00 1.249768e+00 8.152562e-01 2.462759e+00 1.886043e+00 1.188839e+00 9.941070e-01 2.157311e+00 1.862022e+00 8.932773e-02 2.702311e-02 8.493014e-02 1.350685e-01 1.651696e-01 1.633641e-01 2.322633e-01 2.825418e-01 2.168838e-01 2.595767e-01 1.957057e-01 2.562272e-01 2.290735e-01 2.645512e-02
<GCONST> 8.857604e+01
<STATE> 6
<MEAN> 39
 -6.691596e+00 6.136964e+00 1.047458e+01 -2.111385e+00 -2.782762e+00 -1.070265e+01 -8.901190e+00 -1.202169e+01 -5.462161e+00 -9.302101e+00 -1.235480e+00 -9.574844e+00 6.230598e+01 -4.024845e-01 -5.050109e-01 -9.553238e-01 7.897338e-01 6.856133e-01 5.127638e-01 8.681055e-01 2.910236e-01 3.066605e-01 -1.773138e-01 7.881711e-03 4.252589e-01 -4.873278e-01 -1.581295e-01 -1.500472e-01 1.081588e-01 -5.795360e-02 -1.625694e-01 -1.480965e-01 4.606183e-02 -2.302139e-01 -8.113357e-02 -2.914334e-02 1.085800e-01 1.580358e-01 1.355765e-01
<VARIANCE> 39
 5.025314e+00 4.742490e+00 1.930747e+01 1.259600e+01 3.733051e+01 3.078029e+01 1.540343e+01 2.927065e+01 2.382607e+01 2.200580e+01 3.691664e+01 2.731454e+01 2.244687e+00 2.098157e-01 6.229405e-01 9.449958e-01 9.163963e-01 7.727767e-01 9.316843e-01 1.465313e+00 1.304723e+00 7.565887e-01 1.475711e+00 2.095031e+00 1.224563e+00 8.182684e-02 5.163003e-02 1.814603e-01 1.545500e-01 1.793121e-01 1.223130e-01 2.900601e-01 3.628303e-01 4.148379e-01 1.484435e-01 3.096387e-01 4.570003e-01 3.073052e-01 3.398630e-02
<GCONST> 8.226332e+01
<STATE> 7
<MEAN> 39
 -8.724860e+00 3.334173e+00 1.069639e+01 1.591351e+00 -2.348372e+00 -7.578494e+00 -3.803551e+00 -1.411350e+01 -5.566651e+00 -1.057503e+01 -3.751284e+00 -9.968269e+00 6.179268e+01 -1.229835e+00 -1.792760e+00 -7.735227e-01 1.262313e+00 -5.054258e-01 -1.593215e+00 2.261920e+00 -3.338554e-01 -6.172951e-01 -3.350747e-01 1.272956e+00 1.073885e+00 8.104711e-01 -2.247922e-03 -4.565435e-01 4.296952e-01 -8.772615e-02 -1.386366e+00 -9.880693e-01 3.251786e-01 -1.644387e-01 -4.536601e-01 3.236315e-01 8.057282e-01 2.950763e-01 6.290581e-01
<VARIANCE> 39
 4.299732e+00 1.323956e+01 2.267743e+01 1.447486e+01 4.048718e+01 1.908091e+01 1.414296e+01 2.510103e+01 1.312811e+01 2.048004e+01 5.563063e+01 4.855408e+01 2.211645e+00 8.616782e-01 3.175844e+00 1.746262e+00 3.222043e+00 3.734391e+00 8.289147e+00 3.609000e+00 7.118964e+00 3.756072e+00 2.310127e+00 6.039796e+00 3.098503e+00 7.503192e-01 1.973798e-01 2.394766e-01 3.575203e-01 4.775741e-01 9.159514e-01 5.853852e-01 8.000048e-01 7.230266e-01 3.669145e-01 7.499108e-01 9.805351e-01 5.693524e-01 6.394928e-02
<GCONST> 1.119263e+02
<STATE> 8
<MEAN> 39
 -1.258129e+01 -3.104543e+00 7.986946e+00 4.265044e+00 -6.344732e+00 -1.716722e+01 5.989574e+00 -1.577522e+01 -7.088506e+00 -1.097727e+01 2.702448e+00 -4.121804e+00 6.639319e+01 7.979617e-01 -7.436419e-01 1.287851e+00 -2.526598e-01 -4.297821e+00 -3.707269e+00 5.931873e-01 -5.292524e-01 -1.460562e+00 1.027979e+00 2.814326e+00 1.152353e+00 1.801051e+00 9.360768e-01 2.720220e-01 5.107200e-01 -4.526669e-01 -9.105076e-01 -3.257326e-01 -1.164582e+00 9.000179e-01 6.604780e-02 2.098731e-01 2.937796e-01 -1.770386e-01 1.512085e-01
<VARIANCE> 39
 9.767885e+00 5.410117e+01 4.777930e+01 4.537411e+01 7.808855e+01 1.059429e+02 5.216170e+01 1.276308e+02 5.899934e+01 7.091093e+01 1.152076e+02 3.653897e+01 9.229509e+00 2.932549e+00 5.071162e+00 3.373785e+00 3.295889e+00 1.033809e+01 5.280477e+00 9.855134e+00 8.295887e+00 3.743318e+00 6.263724e+00 7.576962e+00 5.320233e+00 8.155504e-01 1.653294e-01 1.099113e+00 6.701543e-01 6.075488e-01 1.172553e+00 1.229094e+00 8.893669e-01 1.370548e+00 1.483009e+00 1.028152e+00 1.330812e+00 4.706578e-01 1.795800e-01
<GCONST> 1.387151e+02
<STATE> 9
<MEAN> 39
 -5.060198e+00 -4.612350e+00 1.659803e+01 1.682319e+00 -2.526566e+01 -2.694483e+01 -5.495300e-01 -1.100997e+01 -1.161896e+01 -6.361196e+00 1.319400e+01 -3.113657e+00 7.263983e+01 1.852947e+00 -1.987142e+00 -2.434059e-01 -3.226746e-01 -2.575218e+00 -1.539777e+00 -5.652902e-01 4.007596e+00 1.132974e+00 -5.723243e-01 7.153388e-01 5.586851e-01 1.700361e+00 -2.921859e-01 -3.057751e-01 -1.247096e+00 4.705127e-02 1.976130e+00 1.484362e+00 3.596812e-01 5.399110e-01 1.078337e+00 -5.838855e-01 -1.696831e+00 -3.888886e-01 -3.305211e-01
<VARIANCE> 39
 1.027027e+01 2.154850e+01 6.967791e+01 7.503424e+01 1.383078e+02 9.842351e+01 3.414706e+01 2.298114e+02 3.352882e+01 7.770168e+01 8.857314e+01 6.021045e+01 7.512917e+00 7.051497e-01 1.634571e+00 6.912019e+00 2.317163e+00 1.384022e+01 6.334496e+00 2.924625e+00 3.725481e+00 8.146396e+00 5.181121e+00 8.948623e+00 3.768355e+00 6.989767e-01 1.834905e-01 3.189771e-01 4.716291e-01 4.840012e-01 6.824667e-01 5.965646e-01 2.211571e-01 1.099952e+00 6.541039e-01 8.811855e-01 8.686097e-01 8.438069e-01 6.726633e-02
<GCONST> 1.290807e+02
<STATE> 10
<MEAN> 39
 -1.922643e+00 -1.130395e+01 9.834108e+00 1.423037e+00 -2.155282e+01 -2.339142e+01 2.189084e-01 3.279733e+00 -2.939289e+00 -1.090291e+01 7.350571e+00 -3.400742e+00 7.550972e+01 5.571146e-01 -1.993828e+00 -2.888164e+00 -9.204501e-01 2.438697e+00 2.170427e+00 -2.876480e-01 2.263796e+00 2.308240e+00 -3.464216e-01 -3.110771e+00 -9.329997e-01 6.081123e-01 -3.020148e-01 3.120998e-01 1.306638e-03 -2.829287e-01 6.167315e-01 4.099895e-01 -2.070448e-01 -9.465241e-01 -4.835952e-01 4.002712e-01 -3.190835e-01 -3.986269e-01 -2.804311e-01
<VARIANCE> 39
 4.771162e+00 1.888038e+01 4.360511e+01 3.514190e+01 2.319875e+02 8.508431e+01 7.828587e+01 2.171756e+02 6.028004e+01 6.220761e+01 9.518830e+01 4.486084e+01 5.314806e+00 1.320126e-01 5.882021e-01 1.369016e+00 1.024299e+00 1.821204e+00 4.278875e+00 1.341970e+00 3.065429e+00 3.984329e+00 3.131342e+00 1.939544e+00 1.701261e+00 2.076720e-01 5.909313e-02 7.301676e-02 3.427462e-01 2.461030e-01 9.966013e-01 4.459557e-01 3.217225e-01 4.714471e-01 4.185539e-01 3.336767e-01 3.503334e-01 2.806886e-01 3.176905e-02
<GCONST> 1.064466e+02
<STATE> 11
<MEAN> 39
 -9.957327e-01 -1.368163e+01 4.580236e+00 -3.422214e+00 -7.697404e+00 -2.043274e+01 -4.203464e+00 1.115536e+01 -3.580332e+00 -9.203902e+00 1.701630e+00 -1.026979e+01 7.595839e+01 -2.605331e-02 -5.743282e-01 -1.179615e+00 -1.272440e+00 1.396381e+00 1.409346e+00 -5.320878e-01 -3.010791e-01 3.002494e-01 6.792474e-01 -2.201655e+00 -1.287390e+00 -2.329219e-02 -4.605036e-02 2.220438e-01 9.348382e-02 1.481274e-01 -2.446330e-01 -1.716493e-01 -1.341344e-02 -3.514076e-01 -3.652131e-02 -1.931304e-01 1.767351e-01 1.797870e-01 -1.346421e-01
<VARIANCE> 39
 2.332443e+00 2.439022e+01 4.491700e+01 1.943029e+01 1.601441e+02 9.613586e+01 7.208447e+01 1.274161e+02 4.859245e+01 6.313261e+01 5.231428e+01 5.994483e+01 9.489354e+00 1.403672e-01 4.958616e-01 1.355038e+00 8.647912e-01 2.384827e+00 1.980485e+00 1.263765e+00 2.962422e+00 1.627361e+00 2.528163e+00 1.571540e+00 1.092397e+00 1.235749e-01 3.035764e-02 1.384621e-01 2.336023e-01 1.631277e-01 3.000838e-01 1.776017e-01 1.838030e-01 3.530535e-01 3.204217e-01 4.243762e-01 2.512572e-01 2.446635e-01 1.599661e-02
<GCONST> 9.649088e+01
<STATE> 12
<MEAN> 39
 -1.079349e+00 -1.587142e+01 -5.094109e+00 -6.450387e+00 -1.064621e+01 -1.535888e+01 -1.399848e-01 -2.623735e+00 1.988638e+00 -9.137221e+00 -1.336019e+01 -8.435429e+00 7.494148e+01 2.101341e-02 1.419060e-01 -1.231434e+00 -3.298640e-01 1.169221e+00 9.775287e-01 -2.903513e-01 5.931445e-01 7.569510e-01 -4.284223e-01 -1.576448e+00 -4.074883e-01 -3.656898e-01 -1.009389e-01 2.752395e-01 3.490095e-01 1.412333e-01 -2.577381e-01 -1.013026e-01 -4.313308e-02 -7.956798e-02 -2.001264e-01 -9.353969e-02 3.596639e-01 1.951900e-01 -1.534914e-01
<VARIANCE> 39
 3.530408e+00 7.938265e+00 2.485979e+01 3.898983e+01 1.459148e+02 8.402996e+01 2.385764e+01 5.311582e+01 5.472942e+01 1.275229e+01 4.954167e+01 3.379277e+01 5.282776e+00 1.760067e-01 5.420938e-01 5.469859e-01 3.354851e-01 1.610970e+00 1.446246e+00 2.038026e+00 2.000498e+00 1.119002e+00 8.767074e-01 9.834118e-01 8.407642e-01 1.239169e-01 1.199445e-02 7.897177e-02 8.397274e-02 9.107058e-02 1.807198e-01 1.787377e-01 3.287485e-01 2.187830e-01 1.435152e-01 1.034411e-01 1.258886e-01 1.180659e-01 2.105678e-02
<GCONST> 7.981031e+01
<STATE> 13
<MEAN> 39
 -1.993306e+00 -1.343476e+01 -4.404672e+00 -6.473050e+00 -6.084898e+00 -1.134503e+01 -4.022358e+00 2.565629e+00 1.212154e+00 -1.248447e+01 -1.427972e+01 -1.066728e+01 7.289931e+01 -5.978286e-01 1.052341e+00 -8.522265e-02 3.650431e-01 3.362013e-01 4.549664e-01 -4.803610e-01 -1.194383e+00 -3.974695e-01 -1.088291e+00 7.557577e-02 5.718968e-01 -1.217492e+00 -1.404203e-01 1.882066e-01 2.230065e-01 6.409682e-02 -2.000154e-02 -2.157036e-01 1.371162e-01 -3.383418e-01 -1.605726e-01 1.469914e-01 3.999800e-01 6.507403e-02 -1.673526e-01
<VARIANCE> 39
 4.182471e+00 6.161679e+00 5.264502e+01 2.038369e+01 1.211081e+02 9.771242e+01 2.459468e+01 5.466641e+01 6.554760e+01 2.552217e+01 8.708406e+01 3.709674e+01 9.309032e+00 1.689999e-01 4.487697e-01 8.223454e-01 1.821128e+00 9.947251e-01 6.975233e-01 2.017512e+00 2.592938e+00 1.564055e+00 1.624890e+00 1.270199e+00 8.899180e-01 1.757486e-01 2.273715e-02 9.016761e-02 8.592414e-02 2.103682e-01 1.714142e-01 2.450822e-01 3.078409e-01 5.449501e-01 3.566293e-01 2.686863e-01 1.855321e-01 2.074220e-01 3.187506e-02
<GCONST> 9.044464e+01
<STATE> 14
<MEAN> 39
 -5.567727e+00 -1.015143e+01 -3.807638e+00 -7.121282e+00 -1.212830e+01 -7.220749e+00 -3.943735e+00 -4.588178e+00 4.368658e+00 -9.726539e+00 -1.075218e+01 -6.183884e+00 6.800891e+01 -6.376718e-01 1.118026e+00 1.946031e-01 -2.144456e-01 9.830954e-01 -5.734597e-01 6.084526e-02 -6.559484e-01 -5.209711e-01 -8.258005e-03 6.371084e-01 -2.991439e-01 -1.278077e+00 1.643959e-02 -5.798029e-02 2.015460e-02 6.980977e-02 4.793080e-02 8.962212e-02 2.202122e-01 1.670370e-01 -2.464418e-02 -2.801728e-02 -5.234442e-02 -1.249687e-01 7.934705e-02
<VARIANCE> 39
 4.560552e+00 4.276016e+00 1.405937e+01 8.594871e+00 6.519482e+01 5.817432e+01 1.517938e+01 3.692599e+01 2.907629e+01 2.274058e+01 3.062472e+01 2.511628e+01 7.139294e+00 1.316520e-01 2.369825e-01 8.933258e-01 1.517084e+00 1.387598e+00 2.389052e+00 1.239293e+00 1.841035e+00 1.954603e+00 1.529695e+00 9.660639e-01 1.368881e+00 1.035223e-01 1.480730e-02 2.682277e-02 9.296160e-02 1.166324e-01 1.662687e-01 1.270364e-01 1.812018e-01 1.725349e-01 1.588608e-01 2.687609e-01 2.509948e-01 1.492329e-01 1.027622e-02
<GCONST> 7.638924e+01
<STATE> 15
<MEAN> 39
 -5.888409e+00 -5.785714e+00 -3.076055e+00 -4.324588e+00 -4.124241e-01 -1.167221e+01 -4.714232e+00 -1.799352e+00 -1.420848e+00 -1.758926e+01 -1.205044e+01 -1.232557e+01 6.493264e+01 -7.306336e-01 7.762627e-01 5.826115e-02 9.422424e-02 4.342068e-01 6.346145e-01 6.076978e-01 -1.226237e-01 1.354101e-01 3.373999e-02 4.531572e-01 -3.554174e-02 -1.039648e+00 -6.725314e-03 -1.085762e-01 -1.058455e-01 -1.447766e-01 7.169256e-02 6.321207e-02 8.954926e-02 2.987232e-01 2.183526e-01 2.058320e-01 4.260172e-02 1.478982e-02 7.169350e-02
<VARIANCE> 39
 4.318374e+00 8.176793e+00 1.971692e+01 7.029573e+00 1.781878e+01 1.552223e+01 2.413494e+01 6.609856e+01 3.126807e+01 4.918677e+01 6.426173e+01 1.805776e+01 5.282000e+00 6.693024e-02 1.871709e-01 2.878670e-01 6.311044e-01 1.069151e+00 4.232008e-01 6.640846e-01 2.439291e+00 1.136334e+00 9.566182e-01 1.252153e+00 1.061005e+00 4.978520e-02 8.042325e-03 3.108217e-02 7.123329e-02 8.469836e-02 1.457341e-01 1.262696e-01 1.593270e-01 3.356614e-01 1.829272e-01 1.281648e-01 1.332314e-01 1.292049e-01 4.748335e-03
<GCONST> 6.670737e+01
<STATE> 16
<MEAN> 39
 -1.092464e+01 -5.172772e+00 -5.583079e+00 -8.190772e+00 -2.462137e+00 -9.070277e+00 -3.371306e+00 -4.443928e+00 2.098675e+00 -1.187150e+01 -8.307874e+00 -1.005255e+01 6.042758e+01 -8.013355e-01 3.984064e-01 -6.434453e-02 5.158783e-04 8.141522e-01 5.872153e-01 8.290052e-02 -9.090578e-02 3.001247e-01 2.061839e-01 4.680152e-01 2.518623e-02 -7.027345e-01 2.180866e-02 -4.536333e-02 6.489120e-02 1.401938e-01 5.130430e-02 8.050980e-02 2.779179e-02 6.473830e-02 2.834522e-03 9.282441e-02 7.490356e-02 8.971006e-02 5.565519e-02
<VARIANCE> 39
 4.953543e+00 4.885715e+00 8.368136e+00 8.828714e+00 1.842519e+01 1.503909e+01 1.078336e+01 1.633666e+01 1.673185e+01 3.189374e+01 2.337205e+01 3.103198e+01 2.732196e+00 1.281343e-01 1.989812e-01 5.876580e-01 8.067628e-01 1.074070e+00 9.385574e-01 1.193277e+00 1.579791e+00 1.202799e+00 9.417847e-01 6.851227e-01 1.597301e+00 2.392460e-02 2.720648e-02 3.489145e-02 7.931334e-02 1.089743e-01 1.802557e-01 1.215284e-01 2.633021e-01 3.360028e-01 2.294863e-01 2.019436e-01 1.839600e-01 2.685788e-01 5.303473e-03
<GCONST> 6.726611e+01
<STATE> 17
<MEAN> 39
 -1.087412e+01 -1.020158e+00 -8.733987e-01 -1.595473e+00 4.244246e+00 -4.374193e+00 1.073359e+00 -1.194918e+00 2.089589e+00 -1.199357e+01 -6.036400e+00 -7.731997e+00 5.959726e+01 -7.112818e-01 4.373845e-01 -5.107152e-02 2.883629e-01 8.109083e-01 1.092418e+00 7.736213e-01 1.545906e-02 3.513173e-01 3.637223e-01 5.071722e-01 7.590986e-01 -6.999432e-01 -2.556310e-02 -2.165977e-01 -1.316371e-01 -2.056113e-01 -4.962948e-02 8.438887e-02 -9.536725e-02 -1.180531e-02 6.645121e-03 -1.123076e-02 -4.804918e-02 -9.700709e-02 3.867389e-02
<VARIANCE> 39
 5.369591e+00 5.034442e+00 9.395501e+00 9.560758e+00 9.697662e+00 1.364408e+01 1.536359e+01 3.192222e+01 7.208163e+00 1.918221e+01 1.185198e+01 1.337447e+01 3.814255e+00 9.846738e-02 3.816756e-01 6.602173e-01 7.696005e-01 7.197586e-01 5.561377e-01 1.097010e+00 1.781368e+00 6.812208e-01 8.136610e-01 2.143893e+00 1.444987e+00 5.882956e-02 1.021476e-02 3.475336e-02 5.580781e-02 5.080576e-02 8.816645e-02 9.398523e-02 1.458524e-01 1.939224e-01 1.249855e-01 8.505245e-02 1.080095e-01 2.399839e-01 4.525059e-03
<GCONST> 5.962761e+01
<STATE> 18
<MEAN> 39
 -1.573699e+01 -4.427746e+00 -4.347006e+00 -5.465981e+00 3.307587e+00 -1.882592e+00 6.084394e-01 -3.324646e+00 2.126282e+00 -8.615090e+00 -2.056141e+00 -8.709188e+00 5.682278e+01 -5.524380e-01 -1.881741e-01 -1.279203e-01 -3.372645e-01 4.425447e-01 1.267281e+00 5.881900e-01 -1.672531e-02 8.598382e-02 4.903797e-01 1.727416e-01 -3.043965e-01 -3.581550e-01 7.884567e-02 -3.979224e-03 -1.145184e-01 -1.418571e-01 -7.334073e-02 -5.416214e-02 -1.559747e-02 -8.534623e-02 5.168564e-02 -1.082149e-01 -2.496529e-01 -3.850605e-02 5.169882e-02
<VARIANCE> 39
 3.724630e+00 1.079695e+01 7.682906e+00 2.187484e+01 2.577601e+01 1.241785e+01 1.477499e+01 3.486664e+01 1.485581e+01 2.219615e+01 1.518148e+01 3.627407e+01 6.854602e-01 1.287457e-01 1.860298e-01 4.933150e-01 8.627158e-01 1.121288e+00 1.257746e+00 1.143261e+00 1.086416e+00 1.940669e+00 1.199392e+00 1.371792e+00 1.240445e+00 3.479688e-02 1.831841e-02 3.880294e-02 7.328820e-02 1.165244e-01 1.588395e-01 2.719453e-01 3.085988e-01 2.100849e-01 3.384093e-01 1.279755e-01 2.837172e-01 3.830270e-01 3.646398e-03
<GCONST> 6.937045e+01
<STATE> 19
<MEAN> 39
 -1.648081e+01 -1.925517e+00 -7.117517e+00 -8.474428e+00 8.860075e+00 6.085648e+00 2.038791e+00 -4.008703e+00 8.589574e+00 -8.744965e+00 -8.420969e+00 -7.353664e+00 5.499205e+01 -5.006536e-01 -2.676327e-01 -6.180513e-01 -5.044734e-01 8.002939e-01 1.322596e+00 1.594562e-01 -1.461188e-01 8.547470e-01 4.050859e-01 -3.881151e-01 -2.374007e-01 -3.426825e-01 5.369969e-02 7.426019e-03 9.996203e-02 1.065762e-01 -1.654665e-03 -1.904317e-01 -1.080149e-01 8.807323e-02 1.370293e-02 2.079255e-01 1.910096e-01 -1.638304e-02 6.616320e-02
<VARIANCE> 39
 3.199445e+00 1.265511e+01 1.101318e+01 3.945078e+01 3.494779e+01 3.308593e+01 1.653846e+01 6.383079e+01 4.892794e+01 3.995570e+01 2.682514e+01 6.891171e+01 1.781692e+00 1.899015e-01 4.106683e-01 3.233636e-01 1.086787e+00 1.327257e+00 1.795931e+00 2.196881e+00 1.499761e+00 2.677335e+00 3.021461e+00 2.270248e+00 4.487514e+00 1.277317e-01 1.320545e-02 7.533566e-02 8.295669e-02 1.765349e-01 2.148969e-01 2.187244e-01 5.070741e-01 2.646598e-01 3.260001e-01 4.121363e-01 1.686927e-01 5.685745e-01 1.099768e-02
<GCONST> 8.689891e+01
<TRANSP> 20
 0.000000e+00 1.000000e+00 0.000000e+00 0.000000e+00 0.000000e+00 0.000000e+00 0.000000e+00 0.000000e+00 0.000000e+00 0.000000e+00 0.000000e+00 0.000000e+00 0.000000e+00 0.000000e+00 0.000000e+00 0.000000e+00 0.000000e+00 0.000000e+00 0.000000e+00 0.000000e+00
 0.000000e+00 7.391230e-01 2.608770e-01 0.000000e+00 0.000000e+00 0.000000e+00 0.000000e+00 0.000000e+00 0.000000e+00 0.000000e+00 0.000000e+00 0.000000e+00 0.000000e+00 0.000000e+00 0.000000e+00 0.000000e+00 0.000000e+00 0.000000e+00 0.000000e+00 0.000000e+00
 0.000000e+00 0.000000e+00 6.756788e-01 3.243212e-01 0.000000e+00 0.000000e+00 0.000000e+00 0.000000e+00 0.000000e+00 0.000000e+00 0.000000e+00 0.000000e+00 0.000000e+00 0.000000e+00 0.000000e+00 0.000000e+00 0.000000e+00 0.000000e+00 0.000000e+00 0.000000e+00
 0.000000e+00 0.000000e+00 0.000000e+00 6.629243e-01 3.370757e-01 0.000000e+00 0.000000e+00 0.000000e+00 0.000000e+00 0.000000e+00 0.000000e+00 0.000000e+00 0.000000e+00 0.000000e+00 0.000000e+00 0.000000e+00 0.000000e+00 0.000000e+00 0.000000e+00 0.000000e+00
 0.000000e+00 0.000000e+00 0.000000e+00 0.000000e+00 8.158550e-01 1.841449e-01 0.000000e+00 0.000000e+00 0.000000e+00 0.000000e+00 0.000000e+00 0.000000e+00 0.000000e+00 0.000000e+00 0.000000e+00 0.000000e+00 0.000000e+00 0.000000e+00 0.000000e+00 0.000000e+00
 0.000000e+00 0.000000e+00 0.000000e+00 0.000000e+00 0.000000e+00 7.864304e-01 2.135696e-01 0.000000e+00 0.000000e+00 0.000000e+00 0.000000e+00 0.000000e+00 0.000000e+00 0.000000e+00 0.000000e+00 0.000000e+00 0.000000e+00 0.000000e+00 0.000000e+00 0.000000e+00
 0.000000e+00 0.000000e+00 0.000000e+00 0.000000e+00 0.000000e+00 0.000000e+00 5.865347e-01 4.134652e-01 0.000000e+00 0.000000e+00 0.000000e+00 0.000000e+00 0.000000e+00 0.000000e+00 0.000000e+00 0.000000e+00 0.000000e+00 0.000000e+00 0.000000e+00 0.000000e+00
 0.000000e+00 0.000000e+00 0.000000e+00 0.000000e+00 0.000000e+00 0.000000e+00 0.000000e+00 6.554954e-01 3.445046e-01 0.000000e+00 0.000000e+00 0.000000e+00 0.000000e+00 0.000000e+00 0.000000e+00 0.000000e+00 0.000000e+00 0.000000e+00 0.000000e+00 0.000000e+00
 0.000000e+00 0.000000e+00 0.000000e+00 0.000000e+00 0.000000e+00 0.000000e+00 0.000000e+00 0.000000e+00 6.772297e-01 3.227703e-01 0.000000e+00 0.000000e+00 0.000000e+00 0.000000e+00 0.000000e+00 0.000000e+00 0.000000e+00 0.000000e+00 0.000000e+00 0.000000e+00
 0.000000e+00 0.000000e+00 0.000000e+00 0.000000e+00 0.000000e+00 0.000000e+00 0.000000e+00 0.000000e+00 0.000000e+00 6.147615e-01 3.852385e-01 0.000000e+00 0.000000e+00 0.000000e+00 0.000000e+00 0.000000e+00 0.000000e+00 0.000000e+00 0.000000e+00 0.000000e+00
 0.000000e+00 0.000000e+00 0.000000e+00 0.000000e+00 0.000000e+00 0.000000e+00 0.000000e+00 0.000000e+00 0.000000e+00 0.000000e+00 7.220695e-01 2.779305e-01 0.000000e+00 0.000000e+00 0.000000e+00 0.000000e+00 0.000000e+00 0.000000e+00 0.000000e+00 0.000000e+00
 0.000000e+00 0.000000e+00 0.000000e+00 0.000000e+00 0.000000e+00 0.000000e+00 0.000000e+00 0.000000e+00 0.000000e+00 0.000000e+00 0.000000e+00 7.549103e-01 2.450898e-01 0.000000e+00 0.000000e+00 0.000000e+00 0.000000e+00 0.000000e+00 0.000000e+00 0.000000e+00
 0.000000e+00 0.000000e+00 0.000000e+00 0.000000e+00 0.000000e+00 0.000000e+00 0.000000e+00 0.000000e+00 0.000000e+00 0.000000e+00 0.000000e+00 0.000000e+00 6.924850e-01 3.075150e-01 0.000000e+00 0.000000e+00 0.000000e+00 0.000000e+00 0.000000e+00 0.000000e+00
 0.000000e+00 0.000000e+00 0.000000e+00 0.000000e+00 0.000000e+00 0.000000e+00 0.000000e+00 0.000000e+00 0.000000e+00 0.000000e+00 0.000000e+00 0.000000e+00 0.000000e+00 6.684279e-01 3.315720e-01 0.000000e+00 0.000000e+00 0.000000e+00 0.000000e+00 0.000000e+00
 0.000000e+00 0.000000e+00 0.000000e+00 0.000000e+00 0.000000e+00 0.000000e+00 0.000000e+00 0.000000e+00 0.000000e+00 0.000000e+00 0.000000e+00 0.000000e+00 0.000000e+00 0.000000e+00 7.148447e-01 2.851553e-01 0.000000e+00 0.000000e+00 0.000000e+00 0.000000e+00
 0.000000e+00 0.000000e+00 0.000000e+00 0.000000e+00 0.000000e+00 0.000000e+00 0.000000e+00 0.000000e+00 0.000000e+00 0.000000e+00 0.000000e+00 0.000000e+00 0.000000e+00 0.000000e+00 0.000000e+00 7.769591e-01 2.230410e-01 0.000000e+00 0.000000e+00 0.000000e+00
 0.000000e+00 0.000000e+00 0.000000e+00 0.000000e+00 0.000000e+00 0.000000e+00 0.000000e+00 0.000000e+00 0.000000e+00 0.000000e+00 0.000000e+00 0.000000e+00 0.000000e+00 0.000000e+00 0.000000e+00 0.000000e+00 6.896243e-01 3.103757e-01 0.000000e+00 0.000000e+00
 0.000000e+00 0.000000e+00 0.000000e+00 0.000000e+00 0.000000e+00 0.000000e+00 0.000000e+00 0.000000e+00 0.000000e+00 0.000000e+00 0.000000e+00 0.000000e+00 0.000000e+00 0.000000e+00 0.000000e+00 0.000000e+00 0.000000e+00 7.269370e-01 2.730630e-01 0.000000e+00
 0.000000e+00 0.000000e+00 0.000000e+00 0.000000e+00 0.000000e+00 0.000000e+00 0.000000e+00 0.000000e+00 0.000000e+00 0.000000e+00 0.000000e+00 0.000000e+00 0.000000e+00 0.000000e+00 0.000000e+00 0.000000e+00 0.000000e+00 0.000000e+00 6.573162e-01 3.426838e-01
 0.000000e+00 0.000000e+00 0.000000e+00 0.000000e+00 0.000000e+00 0.000000e+00 0.000000e+00 0.000000e+00 0.000000e+00 0.000000e+00 0.000000e+00 0.000000e+00 0.000000e+00 0.000000e+00 0.000000e+00 0.000000e+00 0.000000e+00 0.000000e+00 0.000000e+00 0.000000e+00
<ENDHMM>
