~o
<STREAMINFO> 1 39
<VECSIZE> 39<NULLD><MFCC_D_A_0><DIAGC>
~h "tujuh"
<BEGINHMM>
<NUMSTATES> 5
<STATE> 2
<MEAN> 39
 -9.880782e+00 -2.233938e-01 3.918191e+00 -4.009177e+00 -4.577609e+00 -1.469034e+01 -7.140697e+00 -9.780789e+00 -3.824376e+00 -8.289416e+00 -2.399444e+00 -6.712430e+00 6.490351e+01 5.855516e-01 3.990653e-01 4.303158e-01 1.776636e-01 -4.196635e-01 -7.275598e-01 -6.451504e-01 -1.581545e-02 -2.089514e-01 -4.279419e-02 1.099332e-01 -8.204921e-02 6.297160e-01 6.854704e-02 -6.530316e-03 -3.376102e-02 -3.113230e-03 5.451895e-02 4.323479e-02 -3.278442e-02 4.501357e-02 2.366111e-03 2.325195e-02 5.301487e-03 -2.996153e-02 1.144623e-02
<VARIANCE> 39
 6.173210e+01 3.231231e+01 3.590733e+01 3.776092e+01 8.427708e+01 1.299753e+02 6.768783e+01 5.652409e+01 6.345700e+01 5.403749e+01 8.769191e+01 5.455348e+01 3.707931e+01 4.972522e+00 2.002440e+00 1.923851e+00 2.656046e+00 5.620108e+00 1.175190e+01 5.256989e+00 4.579011e+00 4.454035e+00 3.320722e+00 4.652766e+00 2.754460e+00 1.475544e+00 7.382478e-01 3.636135e-01 3.581151e-01 5.426565e-01 1.011606e+00 1.941876e+00 9.237977e-01 8.867388e-01 7.194766e-01 5.865934e-01 5.992366e-01 4.865178e-01 1.942725e-01
<GCONST> 1.349880e+02
<STATE> 3
<MEAN> 39
 -3.169020e+00 2.388924e+00 8.701006e+00 -4.777284e-01 -3.288066e+00 -1.580091e+01 -1.236264e+01 -8.697924e+00 -8.354138e+00 -5.671149e+00 9.180907e+00 -5.820745e+00 6.951125e+01 2.123852e-02 -4.512839e-02 -3.108736e-01 1.601274e-03 5.217488e-01 5.309216e-01 1.332920e-01 -5.258053e-01 5.922154e-02 2.451024e-01 2.503120e-02 3.449383e-02 -2.887283e-01 -9.438644e-02 2.924000e-03 4.659536e-02 3.113621e-02 1.078098e-02 1.539311e-02 1.087266e-01 2.875482e-03 1.496126e-02 -4.995513e-02 -3.569125e-02 3.500798e-02 -4.261813e-02
<VARIANCE> 39
 2.368029e+01 3.220000e+01 9.523410e+01 4.703122e+01 8.938993e+01 5.685443e+01 5.966993e+01 1.020111e+02 7.373856e+01 6.088749e+01 9.361391e+01 5.573391e+01 1.915813e+01 1.222906e+00 1.359290e+00 2.768855e+00 1.795650e+00 4.226696e+00 3.126843e+00 2.484221e+00 4.183519e+00 3.849458e+00 3.321633e+00 3.308502e+00 2.495304e+00 7.796707e-01 1.603711e-01 2.004817e-01 3.595616e-01 2.953359e-01 5.909347e-01 5.309604e-01 3.981374e-01 7.298504e-01 6.784645e-01 5.028459e-01 5.689571e-01 4.335783e-01 6.638749e-02
<GCONST> 1.220733e+02
<STATE> 4
<MEAN> 39
 -1.183137e+01 -2.175876e+00 -5.573221e-01 -1.385259e+00 4.311751e+00 -3.628549e+00 -2.271834e+00 -1.161793e+01 -2.066482e+00 -7.085070e+00 -9.395967e-01 -6.928089e+00 5.901544e+01 -5.230610e-01 -3.099197e-01 -8.073963e-02 -8.471204e-02 2.529514e-02 3.296328e-01 5.738662e-01 5.289442e-01 1.934954e-01 -2.134814e-01 -2.172471e-01 -7.254677e-02 -2.982638e-01 1.712686e-02 -1.072792e-03 -5.491050e-03 -1.817041e-02 -3.441145e-02 -1.720003e-02 -2.909130e-02 -5.922657e-03 -1.296549e-02 8.343806e-03 2.326331e-02 2.367830e-03 2.322397e-02
<VARIANCE> 39
 2.700496e+01 2.000872e+01 1.535952e+01 2.070486e+01 2.534496e+01 5.035262e+01 6.786044e+01 7.022453e+01 3.949569e+01 2.976980e+01 4.826429e+01 3.491339e+01 7.093390e+00 1.910024e-01 4.059866e-01 6.549482e-01 9.955992e-01 1.148983e+00 1.492037e+00 1.537495e+00 2.111101e+00 1.722706e+00 1.890742e+00 1.606009e+00 1.395401e+00 6.511738e-02 2.752559e-02 5.874350e-02 1.106806e-01 1.907358e-01 1.960788e-01 2.773041e-01 2.699920e-01 3.474454e-01 3.222611e-01 3.322436e-01 2.355262e-01 2.162861e-01 5.444843e-03
<GCONST> 8.781077e+01
<TRANSP> 5
 0.000000e+00 1.000000e+00 0.000000e+00 0.000000e+00 0.000000e+00
 0.000000e+00 9.573279e-01 4.267213e-02 0.000000e+00 0.000000e+00
 0.000000e+00 0.000000e+00 9.575335e-01 4.246644e-02 0.000000e+00
 0.000000e+00 0.000000e+00 0.000000e+00 9.650359e-01 3.496416e-02
 0.000000e+00 0.000000e+00 0.000000e+00 0.000000e+00 0.000000e+00
<ENDHMM>
