~o
<STREAMINFO> 1 39
<VECSIZE> 39<NULLD><MFCC_D_A_0><DIAGC>
~h "dua"
<BEGINHMM>
<NUMSTATES> 5
<STATE> 2
<MEAN> 39
 -8.568050e+00 1.131633e+00 4.608690e+00 6.082207e-01 2.327637e-01 -9.033782e+00 -7.846678e+00 -1.283153e+01 -5.025201e+00 -8.976591e+00 -1.036067e+00 -7.710848e+00 6.139027e+01 1.473826e+00 1.004598e+00 4.382286e-01 4.572068e-02 -2.793878e-01 -6.076896e-01 -1.423629e+00 -1.304486e+00 -7.939596e-01 4.135270e-01 6.330751e-01 9.118822e-02 8.693524e-01 -1.377457e-03 -1.560063e-02 -1.706264e-01 -2.063029e-01 -1.618242e-02 1.322173e-01 1.271266e-01 -3.593351e-03 -4.036513e-02 2.540724e-02 1.283345e-01 1.300736e-01 -1.877692e-02
<VARIANCE> 39
 4.581307e+01 3.809177e+01 4.912511e+01 2.840767e+01 3.067829e+01 5.672361e+01 9.033612e+01 8.330146e+01 3.800314e+01 4.992573e+01 6.306235e+01 4.163737e+01 2.024692e+01 9.823378e-01 2.754028e+00 5.067784e+00 4.140890e+00 3.339716e+00 5.051533e+00 4.376451e+00 3.823070e+00 4.785526e+00 7.450363e+00 6.853159e+00 4.415109e+00 5.533614e-01 2.109052e-01 5.104001e-01 6.582736e-01 5.186076e-01 6.347744e-01 1.067535e+00 1.054177e+00 8.324204e-01 9.725987e-01 1.512790e+00 1.010167e+00 6.706287e-01 1.141851e-01
<GCONST> 1.312771e+02
<STATE> 3
<MEAN> 39
 1.859645e+00 -1.120353e+00 -5.251934e+00 -1.241664e+01 -3.774508e+00 -3.685962e+00 -9.087411e+00 -1.519604e+01 -4.414477e+00 -2.352785e+00 1.641289e+00 -6.965549e+00 7.001727e+01 -1.089252e-01 -4.986947e-01 -3.572487e-01 -2.950538e-01 5.350384e-02 3.217010e-01 3.460098e-01 4.885171e-01 4.560649e-01 -1.486502e-01 -7.264311e-01 -3.519776e-01 7.216664e-02 -4.908023e-02 1.628446e-02 6.939448e-02 9.948630e-02 7.122839e-03 -8.128129e-02 -1.640324e-02 2.672958e-02 3.106992e-02 -2.484744e-02 -2.119618e-02 -1.939697e-02 -4.156522e-02
<VARIANCE> 39
 5.579620e+00 9.542038e+01 8.039302e+01 2.810051e+01 4.537310e+01 8.488102e+01 3.234399e+01 1.060830e+02 1.071452e+02 5.922133e+01 1.233520e+02 9.347746e+01 1.748459e+01 2.755449e-01 1.648196e+00 1.349264e+00 1.041866e+00 1.328046e+00 2.412703e+00 2.199592e+00 3.493809e+00 3.622950e+00 3.931453e+00 3.238670e+00 3.679801e+00 4.515583e-01 3.652144e-02 1.524096e-01 1.784782e-01 1.237611e-01 1.974267e-01 2.902069e-01 3.034267e-01 4.920130e-01 4.781824e-01 5.230848e-01 5.550100e-01 5.263007e-01 3.386581e-02
<GCONST> 1.103710e+02
<STATE> 4
<MEAN> 39
 -9.982327e+00 -4.943024e+00 -4.767958e+00 -7.681594e+00 -8.890426e-01 -4.950940e+00 -1.755842e+00 -5.701691e+00 1.043870e+00 -9.447318e+00 -6.445671e+00 -9.191319e+00 6.139654e+01 -6.824684e-01 2.211112e-01 2.476092e-01 3.016957e-01 5.281613e-02 3.734006e-02 6.278368e-01 1.902626e-01 -3.152039e-01 -2.006119e-01 5.798007e-01 4.426018e-01 -6.287532e-01 1.876994e-02 -6.028887e-02 -2.451016e-02 -3.969064e-02 -9.209102e-03 8.811422e-02 2.481459e-02 2.988306e-02 2.596348e-02 5.031637e-02 1.409928e-02 6.371107e-03 4.711678e-02
<VARIANCE> 39
 2.271847e+01 1.268726e+01 2.413969e+01 1.736607e+01 1.372974e+01 3.438859e+01 3.242393e+01 3.718609e+01 2.290257e+01 2.167973e+01 4.541414e+01 3.143814e+01 1.522126e+01 1.527274e-01 4.991004e-01 6.147060e-01 7.307056e-01 1.138053e+00 1.808700e+00 1.324434e+00 1.743799e+00 1.316920e+00 1.446165e+00 1.614072e+00 1.148491e+00 1.340647e-01 1.886855e-02 5.701023e-02 9.695426e-02 1.122527e-01 1.636536e-01 2.083135e-01 2.188682e-01 2.614066e-01 2.023679e-01 2.457990e-01 2.372555e-01 1.974044e-01 6.484852e-03
<GCONST> 8.156690e+01
<TRANSP> 5
 0.000000e+00 1.000000e+00 0.000000e+00 0.000000e+00 0.000000e+00
 0.000000e+00 9.201086e-01 7.989139e-02 0.000000e+00 0.000000e+00
 0.000000e+00 0.000000e+00 9.666662e-01 3.333381e-02 0.000000e+00
 0.000000e+00 0.000000e+00 0.000000e+00 9.515735e-01 4.842655e-02
 0.000000e+00 0.000000e+00 0.000000e+00 0.000000e+00 0.000000e+00
<ENDHMM>
