~o
<STREAMINFO> 1 39
<VECSIZE> 39<NULLD><MFCC_D_A_0><DIAGC>
~h "empat"
<BEGINHMM>
<NUMSTATES> 5
<STATE> 2
<MEAN> 39
 -5.324634e+00 2.089792e-01 6.469387e-02 -5.064788e+00 1.483099e+00 -1.945503e+00 -4.533404e+00 -1.600014e+01 -6.550788e+00 -7.141055e+00 1.583012e+00 -5.458999e+00 6.374796e+01 6.651178e-01 1.754432e-02 -3.528568e-01 -3.407745e-01 -3.518911e-02 2.365033e-01 -1.498213e-01 -3.728683e-01 -2.990528e-02 9.817795e-02 -7.651243e-02 -1.955094e-01 4.766403e-01 7.848267e-02 -1.130897e-01 -1.127295e-01 -1.091017e-01 -2.559253e-02 9.190638e-02 -5.852839e-03 4.750628e-04 1.090653e-01 9.015094e-02 -4.104698e-02 -8.071347e-02 9.026300e-02
<VARIANCE> 39
 4.280470e+01 2.958763e+01 3.134614e+01 4.468710e+01 4.363442e+01 4.150273e+01 4.632411e+01 7.274574e+01 5.190708e+01 5.238961e+01 3.085862e+01 4.055367e+01 2.296948e+01 3.805347e+00 2.034246e+00 3.480990e+00 3.827598e+00 2.299416e+00 3.666345e+00 3.280463e+00 4.599215e+00 3.339239e+00 3.924461e+00 2.227228e+00 3.070077e+00 2.290019e+00 4.518058e-01 2.228193e-01 3.987143e-01 4.985653e-01 3.946769e-01 5.278181e-01 4.875593e-01 6.262983e-01 4.202794e-01 4.933021e-01 4.156090e-01 5.012233e-01 2.717073e-01
<GCONST> 1.235588e+02
<STATE> 3
<MEAN> 39
 1.450558e+00 -1.482574e+01 -1.260211e+01 -1.158578e+01 -1.585119e+00 9.278656e-03 -5.620390e+00 -1.140773e+01 4.699152e+00 -5.434143e+00 -8.939273e+00 -1.157037e+01 7.460719e+01 -1.284253e-01 -4.073850e-01 3.847101e-01 5.815235e-01 -2.758819e-01 -8.433980e-01 -1.826642e-01 7.536670e-01 3.393897e-01 -6.809703e-01 -7.556248e-01 2.590997e-01 1.023983e-01 -3.168673e-01 3.458045e-01 3.247036e-01 2.589061e-01 5.858571e-02 -1.818627e-01 1.286029e-01 5.205636e-02 -2.834664e-01 -2.027743e-01 1.325469e-01 1.522922e-01 -3.787260e-01
<VARIANCE> 39
 5.031562e+00 2.328488e+01 9.859319e+01 4.481678e+01 7.345306e+01 9.084723e+01 6.011666e+01 1.127354e+02 4.302160e+01 1.021420e+02 5.256112e+01 6.363469e+01 1.150835e+01 1.009486e+00 3.718455e+00 2.361309e+00 2.827270e+00 2.006058e+00 3.292336e+00 1.889580e+00 3.261724e+00 3.608933e+00 4.034910e+00 2.277873e+00 2.974573e+00 2.187864e+00 2.213976e-01 2.442902e-01 5.603637e-01 7.760412e-01 3.301731e-01 7.372448e-01 4.609632e-01 6.385266e-01 5.335855e-01 8.234304e-01 4.152289e-01 5.162999e-01 7.803841e-02
<GCONST> 1.224112e+02
<STATE> 4
<MEAN> 39
 -1.062513e+01 -5.759400e+00 -4.449534e+00 -5.630578e+00 -1.773251e-01 -4.894780e+00 -4.000911e-01 -5.637923e+00 -8.323070e-01 -1.143100e+01 -6.257768e+00 -9.303074e+00 6.105239e+01 -8.042151e-01 3.079479e-01 3.944442e-01 2.641177e-01 2.104880e-01 1.724387e-01 5.142147e-01 2.791156e-01 -2.416068e-01 -8.574394e-03 4.042749e-01 1.532284e-01 -7.182161e-01 2.557536e-02 -7.420061e-02 -1.635280e-02 2.084655e-02 2.295624e-03 1.718718e-02 1.129137e-02 3.407167e-02 5.282113e-02 2.580882e-02 -6.764123e-03 5.949722e-02 6.729318e-02
<VARIANCE> 39
 2.447414e+01 8.673764e+00 2.054678e+01 2.143753e+01 1.857873e+01 2.793955e+01 4.979311e+01 3.570651e+01 2.192066e+01 2.068814e+01 3.680953e+01 3.758387e+01 1.739949e+01 1.684921e-01 4.846268e-01 6.423654e-01 8.441193e-01 9.244868e-01 1.247393e+00 1.613881e+00 1.406114e+00 1.556354e+00 1.358123e+00 1.364892e+00 1.023365e+00 1.816815e-01 2.060665e-02 5.472643e-02 7.170600e-02 1.352406e-01 1.557657e-01 2.023520e-01 2.324768e-01 2.156541e-01 2.839070e-01 2.433372e-01 2.200163e-01 1.571219e-01 1.098030e-02
<GCONST> 8.186336e+01
<TRANSP> 5
 0.000000e+00 1.000000e+00 0.000000e+00 0.000000e+00 0.000000e+00
 0.000000e+00 9.632779e-01 3.672217e-02 0.000000e+00 0.000000e+00
 0.000000e+00 0.000000e+00 9.169394e-01 8.306064e-02 0.000000e+00
 0.000000e+00 0.000000e+00 0.000000e+00 9.503620e-01 4.963797e-02
 0.000000e+00 0.000000e+00 0.000000e+00 0.000000e+00 0.000000e+00
<ENDHMM>
