~o
<STREAMINFO> 1 39
<VECSIZE> 39<NULLD><MFCC_D_A_0><DIAGC>
~h "enam"
<BEGINHMM>
<NUMSTATES> 5
<STATE> 2
<MEAN> 39
 -5.158612e+00 -2.967988e+00 4.805164e-01 -3.205900e+00 -9.474794e-01 -9.691827e+00 -5.699272e+00 -6.037737e+00 -4.081155e-01 -9.625387e+00 -3.470175e+00 -5.495261e+00 6.516974e+01 7.825845e-01 -2.074968e-01 -1.966874e-01 -8.216602e-02 1.758579e-01 -1.666114e-01 -4.350533e-01 1.354208e-01 6.567359e-02 -1.429826e-01 -2.420709e-01 -6.137208e-02 7.015263e-01 2.737558e-03 -8.302366e-03 -1.610470e-02 -6.940832e-03 2.870012e-02 6.451499e-03 1.023135e-02 -8.466956e-03 -2.185409e-02 -2.462408e-02 2.818218e-03 2.422086e-02 8.169422e-03
<VARIANCE> 39
 7.454369e+01 6.186289e+01 5.696228e+01 2.580032e+01 5.261084e+01 6.315161e+01 6.309942e+01 7.419814e+01 4.123822e+01 9.284727e+01 1.015899e+02 4.914085e+01 4.539742e+01 1.660681e+00 4.174075e+00 3.150196e+00 2.367470e+00 3.698468e+00 3.323632e+00 3.321422e+00 4.437277e+00 3.396610e+00 4.294706e+00 3.814359e+00 3.351820e+00 1.355189e+00 2.394873e-01 5.719540e-01 4.155164e-01 3.890914e-01 5.014478e-01 4.914820e-01 5.701529e-01 6.906770e-01 6.385126e-01 7.071882e-01 5.618194e-01 4.884105e-01 2.281268e-01
<GCONST> 1.295161e+02
<STATE> 3
<MEAN> 39
 1.546904e+00 -3.807010e+00 -3.995239e+00 -5.737254e+00 1.983909e+00 -5.632946e+00 -8.489820e+00 -1.180808e+01 -1.986429e+00 -1.203730e+01 -3.619850e+00 -7.154463e+00 7.033340e+01 -2.288864e-01 6.062261e-01 3.874590e-01 1.573483e-01 -5.120584e-02 2.171222e-01 2.159409e-01 -5.515873e-01 -4.085003e-01 -5.532578e-02 1.209207e-01 2.397862e-02 -4.105866e-01 -4.319318e-02 7.193937e-03 2.323041e-02 2.606676e-02 -1.730961e-02 -1.661064e-03 1.507349e-02 3.934025e-02 3.508395e-02 3.466020e-02 2.078166e-03 -1.436223e-02 -3.606920e-02
<VARIANCE> 39
 5.048418e+00 5.532497e+01 5.605991e+01 2.423646e+01 4.731912e+01 4.005478e+01 5.042876e+01 1.019318e+02 8.994729e+01 5.820874e+01 7.946233e+01 5.122108e+01 1.899079e+01 2.261607e-01 1.288540e+00 1.428071e+00 1.103583e+00 1.361352e+00 1.117200e+00 1.836430e+00 2.760793e+00 2.325015e+00 1.513863e+00 1.517978e+00 1.465525e+00 2.693112e-01 2.259869e-02 1.436865e-01 2.075520e-01 1.562657e-01 1.956140e-01 1.954556e-01 3.556663e-01 3.898713e-01 3.526623e-01 2.987976e-01 3.002497e-01 2.145164e-01 2.416605e-02
<GCONST> 9.933122e+01
<STATE> 4
<MEAN> 39
 -1.229245e+01 -5.806111e-01 2.024091e+00 -1.235110e+00 3.453607e+00 -1.136479e+00 1.309149e+00 -9.443876e+00 -4.188300e+00 -9.574670e+00 -1.491255e+00 -7.367431e+00 5.878236e+01 -4.500530e-01 -3.598853e-01 -1.905816e-01 -7.177143e-02 -5.901615e-02 6.113071e-03 1.872704e-01 3.555836e-01 2.653824e-01 1.601022e-01 1.210348e-01 5.862134e-02 -2.302122e-01 3.096023e-02 -9.991678e-03 -1.842174e-02 -2.149427e-02 -3.972956e-03 -3.166808e-03 -2.679990e-02 -3.416824e-02 -1.101249e-02 1.488768e-02 1.729790e-02 3.860031e-03 2.271057e-02
<VARIANCE> 39
 1.589104e+01 1.896617e+01 1.878355e+01 2.551743e+01 2.682469e+01 2.977399e+01 3.145399e+01 4.452705e+01 4.268714e+01 3.347710e+01 3.071005e+01 2.614302e+01 3.881203e+00 2.207618e-01 4.320314e-01 6.899253e-01 1.136619e+00 1.239108e+00 1.411985e+00 1.643494e+00 2.322065e+00 1.697963e+00 1.939898e+00 1.869226e+00 1.737859e+00 1.023673e-01 2.681512e-02 9.643576e-02 1.349659e-01 1.960351e-01 2.016224e-01 2.433434e-01 2.985355e-01 4.601459e-01 3.299922e-01 3.740563e-01 3.472845e-01 3.339448e-01 1.197897e-02
<GCONST> 8.893069e+01
<TRANSP> 5
 0.000000e+00 1.000000e+00 0.000000e+00 0.000000e+00 0.000000e+00
 0.000000e+00 9.604254e-01 3.957460e-02 0.000000e+00 0.000000e+00
 0.000000e+00 0.000000e+00 9.624335e-01 3.756656e-02 0.000000e+00
 0.000000e+00 0.000000e+00 0.000000e+00 9.660386e-01 3.396135e-02
 0.000000e+00 0.000000e+00 0.000000e+00 0.000000e+00 0.000000e+00
<ENDHMM>
