~o
<STREAMINFO> 1 39
<VECSIZE> 39<NULLD><MFCC_D_A_0><DIAGC>
~h "jam"
<BEGINHMM>
<NUMSTATES> 5
<STATE> 2
<MEAN> 39
 -1.116416e+01 1.631872e+00 6.794838e+00 -1.351395e+00 4.971333e-01 -1.406224e+01 -2.063396e-01 -6.575594e+00 -4.805957e+00 -1.013778e+01 4.253804e-01 -7.037429e+00 6.596870e+01 8.100875e-01 -2.569527e-01 2.153276e-01 -1.774372e-01 -5.508677e-01 -1.309707e+00 -3.097222e-01 3.576384e-01 -3.366618e-01 -3.279438e-02 2.090013e-01 3.527660e-02 1.201947e+00 1.045044e-02 -1.635091e-01 -1.661287e-01 -5.568538e-02 9.917264e-02 1.703283e-01 -1.427490e-02 -1.657868e-02 5.106791e-02 3.179835e-02 -1.301362e-01 -1.298674e-01 -1.456978e-02
<VARIANCE> 39
 3.345437e+01 6.185137e+01 5.975922e+01 4.140961e+01 1.179537e+02 2.030087e+02 4.275606e+01 1.116009e+02 5.988702e+01 5.650817e+01 1.565861e+02 5.864524e+01 6.700487e+01 4.017026e+00 7.366724e+00 5.395494e+00 3.829394e+00 1.025300e+01 1.027823e+01 3.320561e+00 8.646971e+00 6.148348e+00 4.723907e+00 7.901660e+00 4.800315e+00 1.098494e+00 7.541198e-01 7.804585e-01 8.129662e-01 6.863128e-01 2.056996e+00 1.566436e+00 5.931196e-01 1.585320e+00 1.088209e+00 7.479021e-01 1.175016e+00 7.367344e-01 1.799981e-01
<GCONST> 1.465958e+02
<STATE> 3
<MEAN> 39
 9.370124e-02 -7.993216e+00 -2.138386e+00 -7.244958e+00 -9.868498e-02 -8.712319e+00 -7.377563e+00 -7.065533e+00 -5.038149e+00 -6.088893e+00 -3.301004e+00 -1.422917e+01 7.270369e+01 1.221514e-01 7.656917e-01 -1.684994e-02 1.515963e-01 4.961452e-01 9.246742e-01 -4.487198e-01 -1.016545e+00 -2.689716e-01 -2.016098e-01 -3.059663e-01 -2.359325e-01 -6.351622e-01 -7.690311e-02 1.398689e-01 1.313205e-01 4.833202e-02 -8.702803e-02 -1.346078e-01 5.303208e-02 2.426161e-02 -2.135110e-02 -3.438780e-02 1.284285e-01 1.249272e-01 -3.978199e-02
<VARIANCE> 39
 3.494218e+00 5.620790e+01 4.983035e+01 1.326752e+01 3.574910e+01 1.069900e+02 4.670453e+01 1.100730e+02 6.187242e+01 6.245153e+01 1.283154e+02 3.931773e+01 2.402445e+01 2.681116e-01 1.443618e+00 1.609539e+00 9.934012e-01 1.630461e+00 2.663274e+00 1.249021e+00 2.391577e+00 2.308900e+00 2.586183e+00 2.087680e+00 2.643722e+00 1.773744e-01 2.139279e-02 1.481882e-01 1.484494e-01 1.569729e-01 1.908626e-01 2.406221e-01 2.026690e-01 2.918481e-01 3.154524e-01 3.849381e-01 3.124499e-01 3.072288e-01 1.853381e-02
<GCONST> 1.001972e+02
<STATE> 4
<MEAN> 39
 -1.105972e+01 2.168009e+00 2.735485e+00 -9.295620e-01 7.490422e+00 2.200184e+00 -1.887569e+00 -1.378521e+01 -6.240857e+00 -1.159688e+01 -5.763806e+00 -1.133206e+01 5.868865e+01 -6.009472e-01 -3.020022e-01 -4.539699e-02 6.567905e-02 1.232112e-01 3.596500e-01 5.710052e-01 3.677068e-01 2.764221e-01 1.181890e-01 -3.145057e-02 3.916770e-03 -3.378852e-01 1.310068e-02 -3.754851e-02 -1.601209e-02 -2.752908e-02 -3.054449e-02 -2.874969e-02 -1.925333e-02 1.285599e-03 -9.732608e-03 1.688869e-02 3.914370e-03 -1.435006e-03 2.311083e-02
<VARIANCE> 39
 2.926614e+01 2.687931e+01 1.492609e+01 2.303325e+01 4.026133e+01 5.203902e+01 5.312152e+01 6.159785e+01 3.996066e+01 5.371817e+01 4.527381e+01 4.016518e+01 8.036197e+00 2.142599e-01 5.850275e-01 7.278748e-01 9.171251e-01 1.506910e+00 1.750876e+00 1.547855e+00 1.637777e+00 1.898025e+00 2.185039e+00 1.962051e+00 1.875970e+00 1.088589e-01 3.298169e-02 7.458101e-02 1.269248e-01 1.540494e-01 2.643141e-01 2.910291e-01 2.894233e-01 2.678192e-01 3.558277e-01 4.158951e-01 3.260741e-01 3.239688e-01 8.913476e-03
<GCONST> 9.317129e+01
<TRANSP> 5
 0.000000e+00 1.000000e+00 0.000000e+00 0.000000e+00 0.000000e+00
 0.000000e+00 9.451458e-01 5.485414e-02 0.000000e+00 0.000000e+00
 0.000000e+00 0.000000e+00 9.505867e-01 4.941336e-02 0.000000e+00
 0.000000e+00 0.000000e+00 0.000000e+00 9.648488e-01 3.515121e-02
 0.000000e+00 0.000000e+00 0.000000e+00 0.000000e+00 0.000000e+00
<ENDHMM>
