~o
<STREAMINFO> 1 39
<VECSIZE> 39<NULLD><MFCC_D_A_0><DIAGC>
~h "kurang"
<BEGINHMM>
<NUMSTATES> 5
<STATE> 2
<MEAN> 39
 -2.908725e+00 -3.072469e+00 -7.978945e+00 -1.005514e+01 -3.330801e+00 -5.053065e+00 -5.629292e+00 -1.168402e+01 -4.150213e+00 -4.043904e+00 6.125004e+00 -3.691759e+00 6.617886e+01 8.042667e-01 -3.916691e-01 -3.725039e-01 8.569569e-02 -1.406278e-01 -1.487639e-01 -2.279588e-01 7.426793e-02 1.432153e-01 2.220355e-01 -1.367275e-02 -3.204085e-01 7.089778e-01 -1.511103e-02 -3.758527e-02 1.107326e-03 -2.384950e-03 -1.455252e-02 3.451270e-02 4.217814e-02 2.795959e-02 1.766520e-02 -1.728688e-02 -6.705105e-02 -1.623812e-02 1.323185e-02
<VARIANCE> 39
 7.181628e+01 6.696350e+01 4.315366e+01 6.352789e+01 6.466367e+01 7.418311e+01 8.382441e+01 1.003492e+02 6.716055e+01 6.949374e+01 7.072668e+01 6.935123e+01 3.482273e+01 2.386267e+00 4.678293e+00 3.298302e+00 4.366198e+00 3.416842e+00 4.657856e+00 4.458273e+00 6.551753e+00 5.220205e+00 5.571201e+00 4.147983e+00 4.829882e+00 7.332068e-01 3.395159e-01 5.779671e-01 7.100210e-01 5.885409e-01 5.478209e-01 7.897484e-01 7.045590e-01 7.917173e-01 8.480949e-01 1.066591e+00 6.328467e-01 7.207442e-01 1.370189e-01
<GCONST> 1.365649e+02
<STATE> 3
<MEAN> 39
 1.328187e+00 -8.429899e+00 -8.020394e+00 -6.171688e+00 3.203654e-01 -4.471510e+00 -4.624692e+00 -5.934110e+00 8.617273e-01 -5.736922e+00 -4.151382e+00 -1.203039e+01 7.117914e+01 -2.910851e-01 1.006073e+00 6.359380e-01 -7.445143e-02 4.107991e-01 2.943045e-01 7.210495e-02 -2.370339e-01 -3.661976e-01 -5.502608e-01 -2.515370e-01 6.814932e-02 -5.281296e-01 -4.682800e-02 6.978495e-02 4.836994e-02 6.659263e-02 3.061768e-02 -7.107081e-02 -1.471327e-02 -2.502359e-02 -1.887178e-03 6.003036e-03 6.549696e-02 3.760945e-03 -6.578326e-02
<VARIANCE> 39
 5.232574e+00 6.847242e+01 6.665141e+01 2.011440e+01 7.157386e+01 5.260603e+01 2.375063e+01 7.866321e+01 5.369901e+01 7.557958e+01 6.638607e+01 4.823192e+01 1.710076e+01 2.138458e-01 6.822150e-01 1.105058e+00 1.150565e+00 1.548334e+00 1.427752e+00 1.184997e+00 2.171237e+00 3.240496e+00 1.646231e+00 1.579104e+00 1.812150e+00 1.857495e-01 3.678541e-02 8.666347e-02 1.425210e-01 1.551721e-01 1.749012e-01 1.871498e-01 1.921941e-01 2.891324e-01 4.768652e-01 2.839633e-01 2.221709e-01 3.067279e-01 2.008980e-02
<GCONST> 9.637837e+01
<STATE> 4
<MEAN> 39
 -1.238984e+01 -3.075932e-02 3.395553e+00 8.881625e-01 5.945827e+00 -7.859298e-02 3.452909e+00 -4.259693e+00 -1.713604e+00 -1.156941e+01 -5.408974e+00 -1.060674e+01 5.868989e+01 -6.959752e-01 -4.079203e-01 2.540516e-02 1.977496e-01 4.814146e-02 1.916890e-01 4.602769e-01 3.145625e-01 1.791500e-01 9.401692e-02 3.810459e-02 7.151771e-02 -3.720598e-01 2.576704e-02 -3.908316e-02 -5.013663e-02 -3.727739e-02 -2.946945e-03 8.704101e-03 -2.839172e-02 1.211958e-02 -2.220546e-04 8.326787e-03 1.353793e-02 1.834885e-02 2.581906e-02
<VARIANCE> 39
 2.660395e+01 1.943592e+01 1.629314e+01 1.772933e+01 2.466658e+01 2.916312e+01 5.232821e+01 7.574226e+01 6.219278e+01 6.175568e+01 4.363875e+01 3.063957e+01 7.516988e+00 2.828817e-01 5.495235e-01 8.348042e-01 8.925542e-01 1.141141e+00 1.372976e+00 1.708349e+00 1.399761e+00 1.350971e+00 1.362291e+00 1.276438e+00 1.085941e+00 1.029591e-01 3.504293e-02 8.252367e-02 1.087326e-01 1.473995e-01 1.971412e-01 2.094342e-01 2.880770e-01 2.603520e-01 2.594331e-01 2.445659e-01 2.157273e-01 1.964633e-01 1.030310e-02
<GCONST> 8.750108e+01
<TRANSP> 5
 0.000000e+00 1.000000e+00 0.000000e+00 0.000000e+00 0.000000e+00
 0.000000e+00 9.606335e-01 3.936654e-02 0.000000e+00 0.000000e+00
 0.000000e+00 0.000000e+00 9.487290e-01 5.127099e-02 0.000000e+00
 0.000000e+00 0.000000e+00 0.000000e+00 9.584950e-01 4.150502e-02
 0.000000e+00 0.000000e+00 0.000000e+00 0.000000e+00 0.000000e+00
<ENDHMM>
