~o
<STREAMINFO> 1 39
<VECSIZE> 39<NULLD><MFCC_D_A_0><DIAGC>
~h "lebih"
<BEGINHMM>
<NUMSTATES> 5
<STATE> 2
<MEAN> 39
 -4.964357e+00 -2.032404e+00 3.408000e+00 -3.825773e+00 -2.209290e+00 -9.978158e+00 -1.283573e+01 -1.001142e+01 1.538364e+00 -1.894406e+00 1.649300e+00 -9.688488e+00 6.615382e+01 1.374398e+00 4.397511e-01 5.628918e-01 -7.680377e-02 -4.845648e-01 -6.547439e-01 -1.168752e+00 -4.332727e-01 -7.282028e-02 3.543884e-01 -7.446007e-03 -4.389738e-01 1.049433e+00 -1.374060e-01 -4.171684e-02 7.555808e-04 -4.341269e-02 1.162226e-01 1.771313e-01 1.893894e-01 8.535071e-02 1.084580e-02 -6.582353e-02 -3.201915e-02 -4.247587e-02 -9.685008e-02
<VARIANCE> 39
 5.129372e+01 2.510293e+01 7.468491e+01 2.495542e+01 9.054398e+01 1.011199e+02 1.215584e+02 1.407182e+02 6.033859e+01 1.125897e+02 8.793972e+01 3.309795e+01 4.494530e+01 2.882574e+00 3.609726e+00 3.959813e+00 2.405405e+00 5.219833e+00 7.484830e+00 8.183891e+00 9.480219e+00 6.958121e+00 8.704271e+00 5.663894e+00 3.512365e+00 2.346787e+00 4.041390e-01 6.367813e-01 6.133236e-01 4.675629e-01 8.204668e-01 1.277132e+00 1.065004e+00 1.590766e+00 1.280171e+00 1.575134e+00 9.825551e-01 7.594773e-01 3.924620e-01
<GCONST> 1.438437e+02
<STATE> 3
<MEAN> 39
 -5.658664e+00 2.635482e+00 1.181423e+01 -5.943022e-01 -8.897123e+00 -1.144512e+01 -7.954992e+00 -1.349289e+01 -5.726943e+00 -7.454435e+00 1.967083e+00 -8.115554e+00 6.598905e+01 -4.913207e-01 2.341210e-01 4.415817e-01 2.684555e-01 6.002844e-02 2.215104e-01 3.962503e-01 -3.150885e-01 -2.083197e-01 -3.158055e-01 1.125391e-01 4.356162e-01 -2.924335e-01 -1.627078e-02 -5.954485e-02 -8.061916e-02 -1.958556e-02 1.928362e-02 -7.355914e-03 -8.301659e-03 4.778877e-04 4.059760e-02 6.415499e-02 -1.610550e-02 4.481289e-02 7.173237e-03
<VARIANCE> 39
 1.809368e+01 1.676009e+01 1.075900e+02 5.307185e+01 1.700510e+02 5.630494e+01 4.520306e+01 9.785303e+01 6.609184e+01 6.808127e+01 1.096688e+02 4.313986e+01 1.065464e+01 5.110526e-01 9.936452e-01 2.151717e+00 2.117571e+00 7.608094e+00 4.473171e+00 2.571449e+00 2.815752e+00 3.156020e+00 2.977218e+00 3.792304e+00 2.582566e+00 6.578431e-01 8.240586e-02 1.591537e-01 2.403489e-01 3.035065e-01 1.043409e+00 7.517658e-01 4.008891e-01 3.997398e-01 4.692535e-01 4.593936e-01 5.448941e-01 4.749494e-01 9.203282e-02
<GCONST> 1.189944e+02
<STATE> 4
<MEAN> 39
 -1.576597e+01 -1.455542e+00 5.823704e+00 -1.686941e-01 4.296802e+00 -1.030903e+00 -4.433698e-01 -1.217212e+01 -2.905418e+00 -1.201339e+01 -2.964529e+00 -4.179921e+00 5.897775e+01 -3.876737e-01 -5.207734e-01 -7.317703e-01 -5.731540e-02 5.577350e-01 4.348342e-01 4.529942e-01 6.095098e-01 2.123227e-01 -1.518589e-01 -3.437476e-01 -2.272938e-01 -3.697646e-01 2.392154e-02 -6.881537e-03 -4.089250e-03 -1.306027e-02 -7.541537e-02 -3.213826e-02 -4.249437e-03 5.052456e-02 2.950542e-02 1.810865e-02 2.182669e-02 -3.672580e-02 1.491472e-02
<VARIANCE> 39
 1.902481e+01 1.845926e+01 4.198832e+01 2.511894e+01 6.025096e+01 4.938889e+01 6.081868e+01 6.662085e+01 4.428572e+01 4.956170e+01 3.646093e+01 3.162143e+01 9.963511e+00 2.122785e-01 3.910396e-01 5.830464e-01 9.969136e-01 1.346965e+00 1.062606e+00 1.272237e+00 1.602917e+00 1.530136e+00 1.925141e+00 1.864912e+00 1.458226e+00 8.682569e-02 2.921589e-02 6.801713e-02 8.365083e-02 1.680835e-01 1.648391e-01 1.672738e-01 1.924513e-01 2.358426e-01 3.033840e-01 2.752215e-01 3.200400e-01 2.638234e-01 9.899504e-03
<GCONST> 8.878547e+01
<TRANSP> 5
 0.000000e+00 1.000000e+00 0.000000e+00 0.000000e+00 0.000000e+00
 0.000000e+00 9.210060e-01 7.899398e-02 0.000000e+00 0.000000e+00
 0.000000e+00 0.000000e+00 9.531825e-01 4.681753e-02 0.000000e+00
 0.000000e+00 0.000000e+00 0.000000e+00 9.548483e-01 4.515171e-02
 0.000000e+00 0.000000e+00 0.000000e+00 0.000000e+00 0.000000e+00
<ENDHMM>
