~o
<STREAMINFO> 1 39
<VECSIZE> 39<NULLD><MFCC_D_A_0><DIAGC>
~h "pasang"
<BEGINHMM>
<NUMSTATES> 5
<STATE> 2
<MEAN> 39
 -1.009564e+01 8.855276e-01 -1.148527e+01 -3.147291e+00 4.462707e+00 -7.005731e+00 -8.517763e-01 -9.075784e+00 1.714974e+00 -8.620720e+00 -3.321379e+00 -9.748605e+00 6.913020e+01 4.266359e-01 -4.353012e-02 -4.211033e-01 -3.161428e-02 4.138690e-02 -1.301813e-01 -2.094029e-01 -5.480994e-02 1.045918e-01 -7.287360e-03 -1.620532e-01 -9.711785e-02 5.667297e-01 -1.664294e-03 -5.111004e-02 3.062916e-02 1.708901e-02 3.674754e-02 3.271082e-02 -1.256470e-02 -5.056242e-03 -1.844667e-02 -2.796662e-02 6.519266e-03 1.092959e-02 -1.666986e-02
<VARIANCE> 39
 1.054865e+02 9.987145e+01 5.075739e+01 6.131991e+01 6.588980e+01 4.976771e+01 6.039909e+01 6.743319e+01 3.156601e+01 7.621606e+01 8.365037e+01 2.489284e+01 3.373085e+01 7.437809e+00 4.975127e+00 3.267567e+00 3.622361e+00 2.630400e+00 3.334116e+00 3.917068e+00 3.523264e+00 2.646169e+00 3.684719e+00 3.110173e+00 2.078717e+00 1.612578e+00 8.102473e-01 3.990604e-01 5.884637e-01 5.354142e-01 4.071803e-01 5.308227e-01 5.878434e-01 5.847018e-01 5.252268e-01 5.388366e-01 5.181701e-01 3.376564e-01 2.423198e-01
<GCONST> 1.305287e+02
<STATE> 3
<MEAN> 39
 2.037061e-01 -5.528977e+00 -4.069178e+00 -1.031334e+01 3.296848e+00 -7.932679e+00 -1.005947e+01 -9.097483e+00 -3.576009e+00 -9.954056e+00 -5.674293e+00 -1.004859e+01 6.944429e+01 4.421144e-03 3.924586e-01 1.191658e+00 -4.096355e-02 1.305302e-01 1.535296e-01 7.898425e-02 -2.235711e-01 -6.257152e-01 -3.151693e-01 -7.420258e-02 -8.058422e-02 -7.397745e-01 -7.031382e-02 8.849785e-02 1.064292e-02 3.937680e-02 -4.802073e-02 -4.544652e-02 7.023618e-02 4.696174e-03 2.080199e-02 3.828615e-02 -2.850364e-02 -2.356473e-02 -3.141342e-02
<VARIANCE> 39
 8.886617e+00 2.028923e+01 1.032502e+02 3.802837e+01 4.527146e+01 7.302738e+01 4.894322e+01 1.292284e+02 8.519886e+01 8.389584e+01 6.859642e+01 3.018847e+01 3.186244e+01 3.868558e-01 7.033561e-01 7.732600e-01 1.283345e+00 1.635189e+00 1.780316e+00 1.873527e+00 2.028659e+00 3.535906e+00 1.608831e+00 2.301870e+00 1.547486e+00 1.157091e-01 3.563536e-02 1.122961e-01 1.047217e-01 1.155640e-01 2.025724e-01 2.231222e-01 2.636515e-01 3.164614e-01 5.371066e-01 2.941918e-01 3.439961e-01 2.216713e-01 1.688795e-02
<GCONST> 9.990571e+01
<STATE> 4
<MEAN> 39
 -1.160566e+01 -1.264017e+00 7.974583e+00 -8.886850e-01 2.266366e+00 -6.308276e+00 -2.027698e+00 -8.987900e+00 -9.565516e+00 -1.492427e+01 -7.955569e+00 -7.318737e+00 5.756327e+01 -6.286968e-01 -1.587190e-01 -9.160147e-02 3.051098e-01 -1.172216e-01 3.343656e-03 2.174173e-01 2.613004e-01 1.267168e-01 2.030886e-03 1.009315e-01 2.338630e-01 -2.327385e-01 1.609611e-02 -1.983926e-02 -5.022608e-02 -2.588223e-02 4.418894e-03 -1.121976e-02 -4.094958e-02 5.596546e-04 3.515587e-02 -4.195412e-03 2.394571e-02 -7.281471e-03 2.295206e-02
<VARIANCE> 39
 2.278855e+01 1.062529e+01 2.903770e+01 2.211536e+01 4.526628e+01 4.167113e+01 4.909616e+01 8.273389e+01 5.973209e+01 6.520036e+01 4.199839e+01 6.435708e+01 4.218899e+00 2.216082e-01 4.576683e-01 7.900713e-01 1.079631e+00 1.393847e+00 1.716887e+00 2.120722e+00 1.665659e+00 2.315177e+00 2.165745e+00 2.090116e+00 1.844822e+00 7.672147e-02 2.810732e-02 7.609354e-02 1.128246e-01 1.695967e-01 2.366506e-01 2.886268e-01 3.939918e-01 2.368598e-01 4.094987e-01 3.723804e-01 3.838590e-01 3.539961e-01 1.014092e-02
<GCONST> 9.354665e+01
<TRANSP> 5
 0.000000e+00 1.000000e+00 0.000000e+00 0.000000e+00 0.000000e+00
 0.000000e+00 9.698179e-01 3.018216e-02 0.000000e+00 0.000000e+00
 0.000000e+00 0.000000e+00 9.490539e-01 5.094609e-02 0.000000e+00
 0.000000e+00 0.000000e+00 0.000000e+00 9.583141e-01 4.168592e-02
 0.000000e+00 0.000000e+00 0.000000e+00 0.000000e+00 0.000000e+00
<ENDHMM>
