~o
<STREAMINFO> 1 39
<VECSIZE> 39<NULLD><MFCC_D_A_0><DIAGC>
~h "satu"
<BEGINHMM>
<NUMSTATES> 5
<STATE> 2
<MEAN> 39
 -1.399706e+01 -5.973869e-02 -1.007517e+01 -4.769673e+00 1.347673e+00 -9.184156e+00 1.496123e+00 -1.122438e+01 4.221852e+00 -7.734830e+00 -2.628118e+00 -6.219198e+00 6.344721e+01 2.366551e-01 1.924063e-01 -1.062489e-01 -1.126362e-01 9.129453e-02 -5.292996e-02 -9.180203e-02 -1.239186e-02 -2.279724e-02 2.593095e-03 -9.797056e-02 -2.628538e-01 2.343428e-01 9.826446e-02 -3.808112e-02 3.974563e-02 -4.295823e-02 -1.215403e-02 -2.211636e-02 -5.472656e-02 2.560584e-02 -2.140189e-02 4.577351e-02 -1.526929e-02 -4.304164e-02 4.361558e-02
<VARIANCE> 39
 1.102559e+02 3.954369e+01 4.858533e+01 3.421347e+01 1.760608e+01 3.694672e+01 7.247215e+01 2.711980e+01 3.807679e+01 4.031157e+01 9.890452e+01 2.763071e+01 2.595992e+01 5.049846e+00 2.337036e+00 2.716498e+00 2.201173e+00 1.510403e+00 1.979397e+00 4.277345e+00 2.198210e+00 2.503999e+00 2.244109e+00 4.165102e+00 1.860656e+00 1.314240e+00 5.405429e-01 3.057297e-01 3.329599e-01 3.222429e-01 3.015804e-01 3.686573e-01 6.306990e-01 3.972794e-01 3.941532e-01 3.747012e-01 5.596551e-01 3.539029e-01 1.493202e-01
<GCONST> 1.186337e+02
<STATE> 3
<MEAN> 39
 -2.984136e+00 -3.289454e+00 -2.391046e+00 -1.119332e+01 3.985695e+00 -1.095245e+01 -8.946875e+00 -8.255148e+00 -5.465097e+00 -4.215454e-02 1.120655e+00 -8.221696e+00 7.012981e+01 6.945766e-01 2.299605e-01 -7.526059e-02 -5.513064e-01 -1.196018e-01 -4.629421e-02 -5.067350e-01 -6.152080e-01 -7.040814e-01 2.343911e-01 4.802064e-01 5.985260e-01 2.805405e-01 -9.265311e-02 5.120132e-02 -3.416422e-02 3.314762e-02 -5.348835e-02 9.004212e-02 8.811404e-02 1.882586e-02 -2.776395e-02 -1.118026e-01 -3.768961e-02 3.119314e-02 -9.608139e-02
<VARIANCE> 39
 2.409326e+01 4.475952e+01 5.294744e+01 4.559014e+01 6.027811e+01 6.544099e+01 1.446068e+02 1.821729e+02 8.063313e+01 5.921808e+01 6.258785e+01 6.270166e+01 4.524357e+01 2.653353e+00 2.648127e+00 2.437801e+00 1.777812e+00 3.175518e+00 6.346009e+00 5.134758e+00 5.910326e+00 3.543122e+00 5.223650e+00 2.825478e+00 3.223129e+00 2.609025e+00 4.319445e-01 2.536839e-01 3.868114e-01 3.349021e-01 4.661570e-01 1.091993e+00 8.449877e-01 9.323577e-01 5.905212e-01 7.998122e-01 4.863459e-01 5.246286e-01 2.777028e-01
<GCONST> 1.328193e+02
<STATE> 4
<MEAN> 39
 -7.397408e+00 2.211530e+00 1.636080e-01 -8.121465e+00 -3.979366e+00 -8.184374e+00 -4.352396e+00 -1.371750e+01 -8.411909e+00 -9.287683e+00 2.500892e+00 -1.174785e+00 6.133029e+01 -5.885918e-01 -2.578990e-01 2.515071e-01 4.983611e-01 3.651714e-02 1.557656e-01 3.671933e-01 3.880737e-01 2.891686e-01 -2.764524e-01 -2.617708e-01 -1.631626e-01 -3.745107e-01 -1.011898e-02 -2.749420e-02 -9.744661e-03 1.419489e-02 3.544087e-02 -1.413320e-02 -3.239569e-02 -1.010607e-02 2.969995e-02 4.063082e-02 4.914762e-03 -2.227495e-02 1.287766e-02
<VARIANCE> 39
 4.512072e+01 1.897023e+01 3.068506e+01 5.377452e+01 3.231833e+01 1.754572e+01 3.480867e+01 4.328477e+01 4.184577e+01 3.305132e+01 2.600429e+01 4.209991e+01 1.488579e+01 2.349095e-01 4.055822e-01 7.662516e-01 1.034550e+00 1.300906e+00 1.146858e+00 1.547816e+00 1.585067e+00 1.643316e+00 1.705603e+00 1.602756e+00 1.759140e+00 9.040183e-02 3.314414e-02 5.221314e-02 1.076602e-01 1.592783e-01 1.706311e-01 2.174806e-01 2.722766e-01 2.518286e-01 3.188317e-01 3.094672e-01 3.008933e-01 3.519064e-01 8.947987e-03
<GCONST> 8.912814e+01
<TRANSP> 5
 0.000000e+00 1.000000e+00 0.000000e+00 0.000000e+00 0.000000e+00
 0.000000e+00 9.615665e-01 3.843352e-02 0.000000e+00 0.000000e+00
 0.000000e+00 0.000000e+00 9.498528e-01 5.014718e-02 0.000000e+00
 0.000000e+00 0.000000e+00 0.000000e+00 9.684607e-01 3.153932e-02
 0.000000e+00 0.000000e+00 0.000000e+00 0.000000e+00 0.000000e+00
<ENDHMM>
