~o
<STREAMINFO> 1 39
<VECSIZE> 39<NULLD><MFCC_D_A_0><DIAGC>
~h "setengah"
<BEGINHMM>
<NUMSTATES> 5
<STATE> 2
<MEAN> 39
 -1.293452e+01 -3.064672e-01 -8.293493e+00 -4.238580e+00 7.560496e-01 -1.093522e+01 -2.494238e+00 -8.597844e+00 4.093254e+00 -5.600414e+00 -4.797217e-02 -9.289759e+00 6.520612e+01 6.667752e-01 -4.432417e-03 -1.611278e-01 -1.857086e-01 8.004854e-03 -2.377058e-01 -3.569790e-01 -1.546954e-01 3.446887e-02 1.561037e-01 -2.408178e-01 -3.148072e-01 5.606126e-01 3.622041e-02 2.455245e-02 4.933165e-02 -7.728791e-03 -4.962727e-03 1.459966e-02 -1.617170e-02 1.768491e-02 -5.806582e-02 -5.631478e-04 1.367223e-02 5.299308e-02 -1.651612e-02
<VARIANCE> 39
 9.925213e+01 4.728765e+01 2.826514e+01 3.706052e+01 5.216607e+01 8.455566e+01 1.000798e+02 6.484399e+01 4.486357e+01 5.754457e+01 6.066538e+01 3.648064e+01 3.656948e+01 5.578094e+00 2.972203e+00 2.172764e+00 2.710274e+00 2.897024e+00 4.192465e+00 5.749976e+00 3.422992e+00 2.664321e+00 3.937474e+00 3.316163e+00 3.107625e+00 2.214538e+00 8.685167e-01 3.564116e-01 3.885040e-01 4.561667e-01 5.592983e-01 6.462014e-01 9.164428e-01 5.063213e-01 4.584107e-01 6.916922e-01 5.947133e-01 6.355404e-01 4.060907e-01
<GCONST> 1.312375e+02
<STATE> 3
<MEAN> 39
 1.034224e+00 -7.013776e+00 -4.303369e+00 -7.857561e+00 1.236189e+00 -6.890254e+00 -6.367023e+00 -7.173942e+00 1.028355e+00 -9.055048e+00 -5.649497e+00 -6.919941e+00 7.082786e+01 -1.344463e-01 -7.841778e-02 1.802028e-01 4.338047e-01 1.984918e-01 3.205404e-02 4.786604e-02 9.387506e-02 3.202074e-03 -7.161487e-01 -2.103863e-01 3.635803e-01 -9.700607e-02 -7.045084e-02 -2.914516e-02 -3.244412e-02 3.535871e-02 2.940307e-02 -2.541351e-02 2.961845e-02 1.757313e-03 5.577054e-02 -1.403520e-02 1.296943e-02 -4.191773e-02 -2.044022e-02
<VARIANCE> 39
 6.243701e+00 5.759608e+01 5.308253e+01 4.086735e+01 6.416068e+01 6.019897e+01 6.203899e+01 1.073373e+02 6.724540e+01 8.764778e+01 7.704385e+01 5.534562e+01 1.253874e+01 2.506074e-01 2.249246e+00 1.500533e+00 1.715758e+00 2.153553e+00 2.148321e+00 1.751688e+00 2.641625e+00 2.913504e+00 1.473904e+00 2.105911e+00 2.257068e+00 6.035421e-01 3.949384e-02 2.198421e-01 1.928457e-01 2.037584e-01 3.121197e-01 2.568623e-01 2.587537e-01 3.963127e-01 3.955153e-01 2.262842e-01 3.128215e-01 3.414409e-01 5.938701e-02
<GCONST> 1.075650e+02
<STATE> 4
<MEAN> 39
 -1.258593e+01 -9.075480e+00 -1.323632e+00 3.277732e+00 9.201917e+00 -3.544849e+00 2.292297e+00 -2.883330e+00 1.179927e+00 -1.747957e+01 -6.908147e+00 -6.856099e+00 6.195797e+01 -6.533944e-01 1.254027e-01 7.285994e-02 -1.116842e-01 -4.082898e-02 5.201450e-01 5.482100e-01 5.234588e-02 -2.290291e-01 4.261033e-01 3.797438e-01 -1.478980e-01 -5.870534e-01 3.287134e-02 -1.375844e-02 -2.080552e-02 -6.718754e-02 -6.962354e-02 3.339953e-02 -3.568916e-02 -2.937790e-02 -2.314375e-02 6.787379e-02 -1.416333e-02 -4.120356e-03 2.545546e-02
<VARIANCE> 39
 2.296971e+01 1.952655e+01 1.577946e+01 2.420761e+01 3.457965e+01 5.824181e+01 6.098618e+01 4.505933e+01 8.113754e+01 8.118945e+01 4.251373e+01 3.915398e+01 2.689088e+01 2.411641e-01 5.328128e-01 6.364011e-01 1.079584e+00 1.054465e+00 1.459599e+00 1.867697e+00 1.733808e+00 1.489736e+00 1.886937e+00 2.269314e+00 2.206110e+00 1.467440e-01 2.598758e-02 6.451549e-02 1.058583e-01 1.413154e-01 1.827904e-01 2.040478e-01 3.259486e-01 2.945885e-01 2.580379e-01 2.732042e-01 3.870062e-01 3.708733e-01 1.032514e-02
<GCONST> 9.326929e+01
<TRANSP> 5
 0.000000e+00 1.000000e+00 0.000000e+00 0.000000e+00 0.000000e+00
 0.000000e+00 9.649165e-01 3.508347e-02 0.000000e+00 0.000000e+00
 0.000000e+00 0.000000e+00 9.607335e-01 3.926653e-02 0.000000e+00
 0.000000e+00 0.000000e+00 0.000000e+00 9.577977e-01 4.220234e-02
 0.000000e+00 0.000000e+00 0.000000e+00 0.000000e+00 0.000000e+00
<ENDHMM>
