~o
<STREAMINFO> 1 39
<VECSIZE> 39<NULLD><MFCC_D_A_0><DIAGC>
~h "sil"
<BEGINHMM>
<NUMSTATES> 5
<STATE> 2
<MEAN> 39
 -1.735235e+01 -7.535997e+00 -6.566334e-01 -3.556013e+00 4.262755e+00 7.972711e-01 4.527727e+00 -3.062994e+00 -3.481485e-01 -8.318578e+00 -1.705593e+00 -7.322154e+00 5.572475e+01 -1.939010e-01 -1.986593e-01 -3.954679e-02 -5.012954e-02 -4.065662e-02 -8.300184e-02 2.741656e-03 1.736908e-01 1.609775e-01 1.066016e-01 5.045027e-02 -1.680396e-03 -3.052726e-02 1.980145e-02 2.812992e-02 -1.463076e-02 1.518312e-02 -1.397728e-02 -2.648940e-02 -3.995601e-02 -3.402228e-02 -1.395677e-02 1.451044e-02 8.461995e-03 9.630817e-03 -4.617490e-02
<VARIANCE> 39
 3.248489e+01 3.575503e+01 3.577559e+01 4.739798e+01 5.757800e+01 8.432523e+01 8.260825e+01 6.461243e+01 6.671307e+01 5.635103e+01 4.757469e+01 3.677659e+01 1.078732e+01 4.607275e-01 5.952078e-01 8.799706e-01 1.408608e+00 1.846950e+00 2.202717e+00 2.287410e+00 2.504549e+00 2.479496e+00 2.531886e+00 2.172258e+00 1.851536e+00 7.760177e-01 4.632824e-02 8.788135e-02 1.460673e-01 2.331470e-01 3.139830e-01 3.697027e-01 4.010987e-01 4.320914e-01 4.485719e-01 4.459320e-01 3.885241e-01 3.415821e-01 1.892409e-01
<GCONST> 1.082800e+02
<STATE> 3
<MEAN> 39
 -1.860642e+01 -7.672722e+00 -2.036009e+00 -2.840426e+00 3.610519e+00 -1.293115e-02 4.483367e+00 -3.088739e+00 2.156898e-01 -7.722950e+00 -1.195120e+00 -7.055632e+00 5.586310e+01 7.352747e-03 -2.390098e-02 -5.138040e-02 -4.420815e-02 -1.249222e-01 -1.611456e-01 -1.441170e-01 -5.166991e-02 6.544608e-02 1.132234e-01 1.243114e-01 9.456266e-02 1.514278e-02 1.199690e-02 1.461517e-02 2.446603e-03 -9.742394e-03 -1.516249e-02 -2.312548e-02 -2.843179e-02 -2.904019e-02 -9.401044e-03 -4.659567e-03 -7.958098e-04 -5.194094e-04 6.501390e-03
<VARIANCE> 39
 4.034291e+00 8.242255e+00 1.286725e+01 1.799291e+01 2.378518e+01 3.006256e+01 3.144615e+01 3.236709e+01 3.393307e+01 3.429060e+01 3.412346e+01 2.967757e+01 9.262995e-01 2.169008e-01 4.415582e-01 7.356254e-01 1.111354e+00 1.627548e+00 1.882299e+00 2.082988e+00 2.281089e+00 2.352835e+00 2.377718e+00 2.087492e+00 1.825062e+00 5.376940e-02 3.655978e-02 7.721735e-02 1.379884e-01 2.086532e-01 2.950888e-01 3.342859e-01 3.740037e-01 4.220869e-01 4.365637e-01 4.549468e-01 3.892178e-01 3.446780e-01 9.241698e-03
<GCONST> 8.640484e+01
<STATE> 4
<MEAN> 39
 -1.750689e+01 -6.902753e+00 -2.698706e+00 -4.497159e+00 4.573769e-01 -4.295354e+00 6.036407e-01 -5.635185e+00 1.757177e-01 -6.788485e+00 2.708810e-01 -5.893785e+00 5.660049e+01 -3.715556e-03 -8.516379e-03 -1.189236e-02 -1.251537e-02 -2.218715e-02 -4.069016e-02 -3.265253e-02 -1.648278e-02 4.836021e-03 7.120962e-03 -4.532462e-03 4.337252e-03 9.784525e-04 8.264217e-04 1.495670e-03 3.361175e-03 7.074909e-03 8.628814e-03 1.039250e-02 8.738855e-03 3.472496e-03 2.389453e-03 -3.943866e-04 -2.729716e-03 -2.477068e-03 9.554360e-04
<VARIANCE> 39
 1.422112e+00 2.787826e+00 4.884699e+00 6.969548e+00 8.951504e+00 1.107256e+01 1.311211e+01 1.423935e+01 1.470516e+01 1.384623e+01 1.282243e+01 1.174707e+01 3.741906e-01 1.295630e-01 2.747245e-01 4.739317e-01 6.634414e-01 8.830350e-01 1.122450e+00 1.317395e+00 1.418989e+00 1.479627e+00 1.413557e+00 1.311136e+00 1.193842e+00 3.278582e-02 2.592665e-02 5.600491e-02 9.602425e-02 1.336709e-01 1.776930e-01 2.251347e-01 2.663727e-01 2.880208e-01 3.005065e-01 2.854582e-01 2.652196e-01 2.382432e-01 6.725764e-03
<GCONST> 6.275241e+01
<TRANSP> 5
 0.000000e+00 1.000000e+00 0.000000e+00 0.000000e+00 0.000000e+00
 0.000000e+00 8.464562e-01 1.535439e-01 0.000000e+00 0.000000e+00
 0.000000e+00 0.000000e+00 9.258979e-01 7.410210e-02 0.000000e+00
 0.000000e+00 0.000000e+00 0.000000e+00 9.638138e-01 3.618621e-02
 0.000000e+00 0.000000e+00 0.000000e+00 0.000000e+00 0.000000e+00
<ENDHMM>
