~o
<STREAMINFO> 1 39
<VECSIZE> 39<NULLD><MFCC_D_A_0><DIAGC>
~h "empat"
<BEGINHMM>
<NUMSTATES> 20
<STATE> 2
<MEAN> 39
 -1.715612e+01 -6.274429e+00 -2.789462e+00 -5.162374e+00 1.390979e+00 -2.486721e+00 -1.872592e-02 -7.100740e+00 -2.987041e-01 -6.274103e+00 7.953355e-01 -6.043634e+00 5.682412e+01 2.048888e+00 6.524993e-01 2.705605e-01 -5.917158e-01 -3.832030e-02 6.442816e-01 -1.113728e+00 -1.622273e+00 -4.867589e-01 2.191251e-01 -2.022989e-02 -2.158912e-01 1.433274e+00 9.087852e-01 2.231266e-01 8.461854e-02 -3.499277e-01 -2.339195e-01 1.768033e-01 -2.973869e-01 -6.100062e-01 -1.632261e-01 2.872833e-01 -9.151566e-02 -2.615418e-01 6.296651e-01
<VARIANCE> 39
 3.647119e+00 6.016438e+00 5.794788e+00 1.084435e+01 1.047713e+01 1.240265e+01 1.629428e+01 1.492328e+01 1.893918e+01 1.368886e+01 9.279137e+00 9.542735e+00 1.622655e+00 2.818639e+00 1.818218e+00 1.253235e+00 4.465549e+00 3.515529e+00 3.473888e+00 5.183426e+00 7.094142e+00 6.306736e+00 3.817157e+00 1.092388e+00 2.956295e+00 1.627574e+00 1.646372e-01 3.593911e-01 2.196388e-01 4.731576e-01 6.483247e-01 7.196425e-01 6.782188e-01 8.410253e-01 6.146817e-01 4.844299e-01 2.171202e-01 3.627064e-01 1.374135e-01
<GCONST> 1.019436e+02
<STATE> 3
<MEAN> 39
 -3.025523e+00 -5.346038e+00 -1.949708e+00 -1.192736e+01 -4.671708e-01 3.548034e+00 -5.271085e+00 -1.512424e+01 -1.618618e-01 5.732391e-01 1.342749e+00 -9.525415e+00 6.820978e+01 3.135142e+00 8.550133e-01 3.157271e-01 -5.940125e-01 -1.685668e-01 8.068675e-01 -1.059497e+00 -2.100968e+00 -1.079860e+00 6.764329e-01 6.679062e-01 3.256321e-01 2.103387e+00 -6.120137e-01 1.541022e-01 -6.314646e-02 4.758882e-01 5.140905e-02 -3.982574e-01 3.929238e-01 3.851858e-01 -2.359394e-01 -4.602499e-01 2.369240e-01 6.411533e-01 -6.196667e-01
<VARIANCE> 39
 2.419744e+01 3.426303e+01 3.178652e+01 9.399536e+01 1.224334e+02 1.238929e+02 7.642778e+01 1.403170e+02 7.568190e+01 6.832491e+01 1.921646e+01 3.402850e+01 3.467884e+01 2.158581e+00 2.290884e+00 1.395555e+00 3.507848e+00 4.943194e+00 6.774152e+00 3.619436e+00 8.833915e+00 5.001025e+00 5.835464e+00 3.693457e+00 6.472901e+00 2.333650e+00 2.693251e-01 4.860331e-01 3.104752e-01 6.438736e-01 7.962807e-01 1.154491e+00 5.666512e-01 1.212439e+00 6.971830e-01 5.765401e-01 4.908517e-01 4.667052e-01 2.875674e-01
<GCONST> 1.337108e+02
<STATE> 4
<MEAN> 39
 -1.669494e-01 1.391330e+00 -2.346202e+00 -5.639738e+00 3.259471e+00 -2.171604e+00 -1.151783e+01 -2.510752e+01 -1.205458e+01 -9.867222e+00 5.281191e-01 -5.069494e+00 6.660607e+01 7.421095e-01 7.013930e-01 -7.578648e-02 9.082353e-02 7.451767e-02 4.045843e-02 -5.887713e-02 -6.318658e-01 -5.566123e-01 -7.928355e-02 6.071298e-01 6.600905e-01 2.268450e-01 -5.705156e-01 -1.721208e-01 1.835115e-01 1.622000e-01 -3.113310e-02 -8.482977e-02 3.069355e-01 5.578724e-01 3.906249e-01 7.821219e-02 3.898685e-02 -9.944682e-02 -3.505977e-01
<VARIANCE> 39
 7.730915e+00 1.272543e+01 1.429161e+01 2.385626e+01 3.768193e+01 3.112719e+01 4.839712e+01 5.394683e+01 5.138914e+01 7.525899e+01 3.952368e+01 7.885079e+01 8.978666e+00 8.099126e-01 1.114879e+00 8.982947e-01 9.842594e-01 1.500254e+00 2.000772e+00 1.543372e+00 2.119810e+00 2.054740e+00 1.202921e+00 2.336695e+00 2.328852e+00 4.862019e-01 8.625319e-02 1.365722e-01 1.595694e-01 1.684736e-01 2.097933e-01 2.671620e-01 3.313377e-01 3.521464e-01 4.505241e-01 4.181672e-01 5.151636e-01 5.733548e-01 2.410260e-02
<GCONST> 9.976764e+01
<STATE> 5
<MEAN> 39
 1.463418e+00 1.280427e+00 1.169971e-01 -8.742742e+00 -2.446718e+00 1.448460e+00 -1.553283e+00 -1.636238e+01 -6.455729e+00 -2.796975e+00 7.434557e+00 -2.870510e+00 6.834524e+01 -4.942009e-01 1.051549e+00 7.994612e-01 1.323899e+00 6.251248e-01 -9.919734e-01 -1.650121e-01 2.879845e-01 -7.370775e-01 -1.457251e+00 -4.685567e-01 7.666712e-02 -7.683100e-01 -1.446043e-01 -1.432131e-01 1.457626e-02 -5.454940e-03 1.520502e-01 1.230117e-01 -1.322969e-01 -1.770079e-02 1.352811e-01 -2.597599e-02 -3.997745e-01 -2.762309e-01 -1.925137e-02
<VARIANCE> 39
 3.766599e+00 2.025705e+01 1.431611e+01 2.771177e+01 7.387356e+01 4.303954e+01 5.212417e+01 5.822358e+01 2.970193e+01 4.278872e+01 1.546158e+01 2.154468e+01 6.870075e+00 1.144141e-01 4.218152e-01 4.898207e-01 5.220620e-01 1.357762e+00 1.157940e+00 1.719484e+00 1.452097e+00 1.289528e+00 1.818071e+00 1.269458e+00 1.973426e+00 9.099151e-02 3.698636e-02 5.414496e-02 7.180025e-02 1.527311e-01 1.802159e-01 1.611388e-01 2.162550e-01 1.570892e-01 1.761064e-01 3.288331e-01 1.618440e-01 2.895632e-01 1.768153e-02
<GCONST> 8.171464e+01
<STATE> 6
<MEAN> 39
 -2.249729e+00 6.616269e+00 5.241921e+00 -6.347776e-01 3.752939e+00 -3.730278e+00 -6.731575e+00 -1.840991e+01 -9.497849e+00 -8.670117e+00 3.229990e+00 -1.714492e+00 6.397559e+01 -9.194559e-01 -6.147626e-02 4.840229e-01 4.804434e-01 -5.898882e-02 -4.327869e-01 -1.652593e-01 4.893105e-02 -1.172591e-01 -4.546104e-01 -5.766389e-01 -4.166203e-01 -6.091768e-01 -1.835490e-01 -2.353428e-01 -2.026722e-01 -1.486425e-01 -1.250429e-01 2.128685e-02 2.325249e-01 1.749066e-01 4.516927e-02 5.334360e-02 1.254793e-01 1.712045e-02 -5.316313e-02
<VARIANCE> 39
 4.738835e+00 8.810868e+00 2.161272e+01 1.376466e+01 1.302229e+01 1.432016e+01 1.861948e+01 4.531712e+01 4.302205e+01 2.986269e+01 2.609057e+01 4.753107e+01 2.233901e+00 3.715176e-01 4.514817e-01 5.668663e-01 5.318238e-01 9.234133e-01 1.237206e+00 1.602606e+00 1.616292e+00 1.371518e+00 1.349591e+00 1.062471e+00 1.427486e+00 1.124680e-01 1.591377e-02 4.400450e-02 9.117164e-02 5.426424e-02 1.661139e-01 1.845059e-01 2.400494e-01 1.483382e-01 1.876485e-01 2.317992e-01 2.307658e-01 3.228218e-01 6.228014e-03
<GCONST> 7.489921e+01
<STATE> 7
<MEAN> 39
 -8.368743e+00 2.214599e+00 3.216217e+00 -8.911185e-01 3.120977e+00 -4.313808e+00 -5.151958e+00 -1.637208e+01 -9.391312e+00 -1.106881e+01 -1.027559e+00 -6.622222e+00 6.081377e+01 -1.094611e+00 -6.897981e-01 -2.974575e-01 -6.132774e-02 -1.164608e-01 -8.859323e-02 1.004857e+00 1.285442e+00 5.206822e-01 -2.790913e-01 -6.136851e-01 -1.381038e-01 -5.493471e-01 2.412856e-01 -3.805428e-03 -1.543362e-01 -1.044668e-01 -7.359465e-03 -3.041559e-03 -8.570920e-02 -2.158248e-02 1.271555e-01 1.251782e-01 8.587559e-02 5.588543e-02 1.931434e-01
<VARIANCE> 39
 5.991670e+00 4.541623e+00 9.532961e+00 1.188142e+01 1.065240e+01 1.062008e+01 1.625276e+01 3.281834e+01 2.248747e+01 1.417745e+01 2.263894e+01 3.262950e+01 1.601478e+00 1.861005e-01 4.101900e-01 7.591166e-01 4.463201e-01 4.680337e-01 7.893600e-01 8.909484e-01 1.513812e+00 1.034180e+00 9.596463e-01 1.798000e+00 1.735945e+00 5.069137e-02 5.527077e-02 7.474349e-02 1.945129e-01 1.317483e-01 1.668702e-01 2.472030e-01 1.683489e-01 3.605446e-01 2.375624e-01 2.455081e-01 3.316610e-01 2.764409e-01 2.888287e-02
<GCONST> 7.343699e+01
<STATE> 8
<MEAN> 39
 -1.079748e+01 8.710947e-01 2.897425e+00 -6.499158e-01 3.067127e+00 -4.626994e+00 -2.350385e+00 -1.261866e+01 -7.273912e+00 -1.271640e+01 -3.053335e+00 -6.153886e+00 5.974495e+01 3.458929e-01 -1.065976e+00 -1.700101e+00 -9.288760e-01 -4.012728e-01 -5.660982e-02 4.348942e-01 1.950372e-01 1.094419e+00 1.051522e+00 6.379208e-01 -8.564104e-02 7.422015e-01 1.184726e+00 -4.728633e-01 -1.293453e+00 -1.266418e+00 -2.524149e-01 7.682421e-01 -2.346652e-01 -7.192324e-01 2.345546e-01 8.497764e-01 2.241394e-01 -5.913322e-01 9.094787e-01
<VARIANCE> 39
 4.876454e+00 6.097286e+00 8.381927e+00 1.201859e+01 1.573048e+01 9.316331e+00 2.560792e+01 2.530765e+01 1.148922e+01 2.358695e+01 2.756642e+01 2.457824e+01 1.138719e+00 1.124299e+00 7.579068e-01 2.222058e+00 2.167663e+00 1.731723e+00 2.626559e+00 1.780650e+00 3.266025e+00 1.280658e+00 2.379014e+00 2.004158e+00 1.072158e+00 6.067438e-01 9.648941e-02 1.707720e-01 3.343652e-01 2.987464e-01 3.702662e-01 3.036069e-01 9.795871e-01 4.938866e-01 2.063642e-01 5.446885e-01 4.975213e-01 4.374822e-01 5.907143e-02
<GCONST> 9.359998e+01
<STATE> 9
<MEAN> 39
 -6.436285e+00 -2.446344e+00 -5.955935e+00 -7.085332e+00 1.577013e-01 -4.624367e+00 -2.386428e+00 -1.361209e+01 -4.969847e+00 -7.076275e+00 7.056840e-01 -8.017034e+00 6.396159e+01 3.668102e+00 -2.209778e+00 -4.769814e+00 -4.562242e+00 -7.139974e-01 2.995046e+00 -4.321839e-01 -1.377049e+00 1.953182e+00 2.804054e+00 -1.167611e-01 -2.419454e+00 3.065562e+00 4.495491e-01 -4.705774e-01 1.571822e-02 -2.592998e-01 2.174876e-01 6.911253e-01 -3.566818e-01 -5.883612e-02 4.755954e-01 1.550131e-01 -6.113712e-01 -5.146622e-01 4.899127e-01
<VARIANCE> 39
 1.935780e+01 8.491899e+00 3.352301e+01 3.883355e+01 3.122712e+01 3.467251e+01 2.483347e+01 3.000997e+01 2.872793e+01 2.941752e+01 2.062142e+01 1.821642e+01 8.128118e+00 8.850581e-01 2.287654e+00 3.917490e+00 2.241884e+00 4.011967e+00 3.408310e+00 9.170771e+00 3.048815e+00 3.016484e+00 6.448980e+00 3.618757e+00 2.991096e+00 1.017909e+00 4.319225e-01 2.151011e-01 1.053782e+00 8.855582e-01 8.226382e-01 5.916966e-01 6.029636e-01 5.493273e-01 6.033593e-01 6.894863e-01 5.061345e-01 5.054127e-01 1.961257e-01
<GCONST> 1.183677e+02
<STATE> 10
<MEAN> 39
 3.196377e+00 -9.580596e+00 -1.625530e+01 -1.866584e+01 -1.266980e+00 6.987518e+00 -3.603203e+00 -1.890608e+01 1.638799e+00 1.061312e+00 -2.967156e+00 -1.506102e+01 7.225083e+01 1.700080e+00 -2.733232e+00 -1.212103e+00 -1.101383e+00 1.632570e-01 1.869504e+00 -8.671485e-01 7.262141e-02 2.581165e+00 1.519305e+00 -2.026935e+00 -1.808112e+00 2.334429e+00 -1.098986e+00 1.693817e-01 1.531490e+00 1.771559e+00 2.140420e-01 -1.173026e+00 -5.571332e-02 7.985665e-01 -3.177863e-01 -1.166569e+00 -4.480067e-01 7.558582e-01 -5.919507e-01
<VARIANCE> 39
 1.860176e+00 2.046972e+01 5.739381e+01 1.597630e+01 4.778198e+01 4.177151e+01 7.334910e+01 5.676154e+01 4.078989e+01 7.504768e+01 3.662489e+01 3.711317e+01 7.520945e+00 1.867906e+00 1.998490e+00 7.218898e+00 6.926404e+00 4.626441e+00 4.799938e+00 3.577861e+00 5.689033e+00 3.127452e+00 6.994181e+00 2.443521e+00 2.942094e+00 1.273093e+00 7.857687e-02 2.724608e-01 3.166638e-01 2.423642e-01 2.701688e-01 3.125957e-01 1.098686e+00 4.636640e-01 8.638524e-01 7.276064e-01 5.734397e-01 3.543513e-01 6.558677e-02
<GCONST> 1.176325e+02
<STATE> 11
<MEAN> 39
 1.897971e+00 -1.755103e+01 -7.051673e+00 -1.530973e+01 7.583020e-01 6.681497e+00 -8.416360e+00 -8.493323e+00 6.505827e+00 -1.520037e+00 -7.541805e+00 -1.723099e+01 7.739531e+01 -3.419087e-01 -1.398015e+00 7.429113e-01 1.103364e+00 -2.550254e-01 -1.678111e+00 -2.489550e-01 1.115221e+00 -1.066468e-01 -9.293129e-01 -1.567858e+00 5.965044e-01 6.860152e-01 -2.663178e-01 6.783479e-01 -4.719830e-02 3.222730e-01 -1.702681e-01 -7.007720e-01 2.983254e-01 -1.899419e-01 -5.423435e-01 -3.951426e-01 4.908805e-01 6.578019e-01 -5.375383e-01
<VARIANCE> 39
 3.509603e+00 3.060197e+01 1.487147e+02 6.728898e+00 5.673127e+01 5.522281e+01 8.020986e+01 1.957711e+02 6.265418e+01 8.486396e+01 3.888884e+01 3.926098e+01 1.809742e+01 1.234555e-01 1.368175e+00 1.564652e+00 2.855188e+00 5.819925e-01 2.583820e+00 2.016898e+00 2.493210e+00 4.877314e+00 2.580759e+00 1.655435e+00 9.183471e-01 3.548837e-01 1.214189e-01 2.716573e-01 4.233337e-01 2.734313e-01 3.096949e-01 4.281240e-01 4.038481e-01 7.176148e-01 5.757787e-01 8.303320e-01 2.863537e-01 5.083402e-01 9.718562e-02
<GCONST> 1.096127e+02
<STATE> 12
<MEAN> 39
 1.300576e+00 -1.577396e+01 -1.643786e+01 -8.168306e+00 -1.782833e+00 -2.841394e+00 -3.634968e+00 -1.226946e+01 4.633533e+00 -8.765560e+00 -1.151787e+01 -8.232794e+00 7.458229e+01 -3.175869e-01 -6.678615e-02 4.317315e-01 7.501029e-01 -6.887630e-01 -1.699671e+00 1.056788e-01 1.473017e+00 1.111827e-01 -1.486001e+00 -1.708686e-01 1.312708e+00 -1.832529e-01 -4.826937e-02 4.342951e-01 1.292582e-01 -2.415014e-01 -2.623079e-02 5.629330e-02 -9.003287e-02 -1.175755e-01 -1.030462e-01 2.055005e-01 2.219802e-01 -1.458980e-01 -2.987208e-01
<VARIANCE> 39
 4.041199e+00 1.539666e+01 4.713588e+01 4.071199e+01 9.320058e+01 6.807012e+01 3.562836e+01 7.102135e+01 2.800426e+01 1.022075e+02 3.790176e+01 5.938291e+01 6.120716e+00 1.501649e-01 1.208693e+00 6.588629e-01 1.064160e+00 1.388814e+00 8.891380e-01 1.007593e+00 1.370403e+00 1.253682e+00 1.986006e+00 1.193692e+00 1.270171e+00 3.333252e-01 4.561219e-02 9.264360e-02 1.059669e-01 2.293981e-01 3.463996e-01 2.653863e-01 2.162013e-01 3.302702e-01 3.813852e-01 4.266631e-01 1.787793e-01 2.395030e-01 1.926896e-02
<GCONST> 9.302538e+01
<STATE> 13
<MEAN> 39
 -9.593762e-01 -1.362363e+01 -5.758893e+00 -9.148031e+00 -3.300777e+00 -6.708278e+00 -7.692885e+00 -5.122861e+00 4.022841e+00 -8.686987e+00 -8.926021e+00 -9.988896e+00 7.294556e+01 -8.052502e-01 1.828751e+00 7.498647e-01 9.105462e-01 3.664988e-01 3.848370e-02 3.540321e-01 -3.605871e-01 -4.093088e-01 -3.095278e-01 1.056513e-01 -3.717165e-01 -1.734439e+00 -1.711831e-01 -3.821125e-02 -1.058681e-02 -8.046362e-02 2.471512e-01 6.417087e-01 4.132169e-01 -8.301700e-02 -2.888982e-01 -6.189811e-04 6.160762e-02 -2.251869e-01 -9.849930e-02
<VARIANCE> 39
 7.852259e+00 9.811337e+00 7.743750e+01 2.417629e+01 5.492112e+01 4.876230e+01 5.184106e+01 6.338132e+01 4.745583e+01 3.700958e+01 6.148755e+01 4.236374e+01 8.746502e+00 3.005348e-01 7.582249e-01 1.362816e+00 1.184321e+00 2.327753e+00 1.653115e+00 1.854277e+00 2.643741e+00 1.936392e+00 2.490222e+00 1.054731e+00 1.335466e+00 1.678011e-01 7.663562e-02 2.063847e-01 1.640355e-01 1.857966e-01 2.145879e-01 2.606292e-01 2.100625e-01 6.169192e-01 3.442440e-01 3.095304e-01 4.169006e-01 2.704529e-01 6.630666e-02
<GCONST> 9.941949e+01
<STATE> 14
<MEAN> 39
 -3.511756e+00 -8.408459e+00 -7.342821e+00 -6.187102e+00 -1.170134e+00 -6.546320e+00 -4.494596e+00 -6.204357e+00 1.148625e+00 -1.295394e+01 -7.463371e+00 -8.309497e+00 6.717442e+01 -1.076934e+00 1.068633e+00 5.082887e-01 -6.409770e-02 2.248881e-01 3.889046e-01 4.912528e-01 -4.181372e-01 -1.108402e+00 -2.478852e-01 7.888334e-01 -1.636852e-01 -1.354497e+00 1.362792e-02 -2.384410e-01 -2.017440e-01 -9.186022e-02 -4.996539e-02 -1.049333e-01 -7.555293e-02 6.865728e-02 2.165861e-01 1.142967e-01 -1.384016e-01 -3.022446e-02 1.705763e-01
<VARIANCE> 39
 1.981006e+00 5.036755e+00 3.958595e+01 1.350246e+01 2.210267e+01 4.960222e+01 2.575028e+01 4.037669e+01 1.964168e+01 2.529806e+01 4.854810e+01 4.497498e+01 2.573622e+00 2.821043e-01 2.487207e-01 1.252223e+00 4.514994e-01 1.176661e+00 1.290751e+00 1.840309e+00 1.106478e+00 8.634518e-01 1.376551e+00 2.373078e+00 7.725648e-01 1.141563e-01 1.936982e-02 1.769011e-02 4.214660e-02 6.447089e-02 1.730744e-01 2.054985e-01 1.367657e-01 1.827255e-01 1.870789e-01 2.516616e-01 2.332965e-01 1.923516e-01 9.526547e-03
<GCONST> 7.383230e+01
<STATE> 15
<MEAN> 39
 -5.872602e+00 -6.603512e+00 -5.636447e+00 -7.318646e+00 -2.092482e+00 -2.793278e+00 -9.757644e-01 -8.096919e+00 1.034835e+00 -1.016866e+01 -9.942870e+00 -1.150351e+01 6.470683e+01 -9.086146e-01 7.582508e-01 1.049497e-01 -1.440037e-02 4.234216e-01 -7.831153e-02 1.416092e-01 3.437781e-01 -1.154351e-01 -9.620135e-02 -1.119276e-01 -4.663038e-01 -9.806006e-01 -1.622019e-02 -1.033162e-01 4.708605e-02 7.164693e-02 2.323461e-02 -1.426755e-02 -1.374764e-02 2.569052e-02 7.857843e-02 7.704432e-02 3.779687e-02 4.346604e-02 6.618018e-02
<VARIANCE> 39
 1.739989e+00 1.111322e+01 1.624976e+01 1.031435e+01 2.399220e+01 4.623600e+01 2.193714e+01 4.095057e+01 1.060731e+01 2.317104e+01 2.484813e+01 1.509191e+01 2.759481e+00 5.971820e-02 1.628262e-01 7.783949e-01 6.973198e-01 5.975062e-01 8.474891e-01 8.503916e-01 1.670409e+00 1.113440e+00 1.204782e+00 6.099454e-01 1.044943e+00 2.958449e-02 1.949977e-02 1.930121e-02 6.131857e-02 7.437558e-02 1.031027e-01 2.027240e-01 2.110128e-01 2.592916e-01 1.823044e-01 1.764498e-01 1.169941e-01 9.476468e-02 1.089323e-02
<GCONST> 6.426123e+01
<STATE> 16
<MEAN> 39
 -9.705972e+00 -5.052226e+00 -6.106308e+00 -7.360373e+00 -6.740450e-01 -5.403723e+00 -2.278751e+00 -6.796099e+00 -7.970153e-01 -1.166996e+01 -7.272934e+00 -1.092955e+01 6.132008e+01 -8.463646e-01 4.040210e-01 4.013246e-01 1.966615e-01 3.038763e-01 3.097678e-01 4.381131e-01 4.158177e-02 -3.195265e-01 1.218018e-01 4.435792e-01 1.730915e-01 -7.160811e-01 6.371700e-02 -7.990364e-02 6.307999e-03 6.140871e-02 -3.760007e-03 -6.818948e-02 9.064010e-03 -5.003844e-03 5.955999e-02 9.780841e-03 5.627360e-02 1.789837e-01 5.540050e-02
<VARIANCE> 39
 1.569014e+00 5.865201e+00 9.926411e+00 8.028497e+00 1.205907e+01 2.721795e+01 1.810479e+01 1.319151e+01 1.477985e+01 1.519351e+01 2.559306e+01 3.868280e+01 1.073206e+00 8.710542e-02 1.675542e-01 4.943666e-01 5.540917e-01 7.523227e-01 1.424773e+00 1.748322e+00 1.760615e+00 1.058046e+00 6.937586e-01 9.856349e-01 7.760056e-01 2.649234e-02 1.230139e-02 3.074577e-02 5.437068e-02 9.246758e-02 1.005594e-01 1.615998e-01 1.903252e-01 1.872663e-01 2.191094e-01 8.391711e-02 1.086920e-01 1.458096e-01 3.236646e-03
<GCONST> 5.888966e+01
<STATE> 17
<MEAN> 39
 -1.293519e+01 -4.508825e+00 -3.843864e+00 -5.148893e+00 1.728463e+00 -5.352477e+00 3.255205e-01 -4.405848e+00 -2.513306e-01 -1.043529e+01 -5.078722e+00 -9.918519e+00 5.876284e+01 -6.933805e-01 -3.197492e-02 4.727327e-01 4.340586e-01 7.430065e-02 -2.205640e-01 1.150779e-01 3.629644e-01 2.180473e-01 3.671449e-01 4.173666e-01 2.757781e-01 -4.997221e-01 -2.737096e-02 -6.648906e-02 -4.321970e-02 -7.681774e-02 -1.301052e-01 8.986387e-02 -3.105845e-02 -9.127680e-04 -1.031658e-01 -1.061377e-01 -1.117133e-01 -2.890631e-02 2.115946e-02
<VARIANCE> 39
 2.404537e+00 4.103945e+00 9.844528e+00 1.045600e+01 8.686495e+00 1.014955e+01 1.813132e+01 2.357255e+01 1.465947e+01 1.382201e+01 2.675046e+01 4.113152e+01 7.750826e-01 6.239240e-02 1.050200e-01 4.401945e-01 7.570086e-01 5.895399e-01 6.110371e-01 7.807882e-01 6.841136e-01 1.157692e+00 8.914148e-01 9.008026e-01 9.571944e-01 2.292806e-02 1.360545e-02 3.559853e-02 5.411761e-02 1.507613e-01 1.167950e-01 1.391267e-01 1.425624e-01 1.273379e-01 2.387983e-01 1.961315e-01 1.960091e-01 1.495645e-01 3.295475e-03
<GCONST> 5.665445e+01
<STATE> 18
<MEAN> 39
 -1.486768e+01 -4.883906e+00 -3.884105e+00 -4.910223e+00 -4.797772e-01 -4.201904e+00 2.621904e+00 -6.186840e+00 -3.781894e+00 -1.171978e+01 -3.354390e+00 -4.961726e+00 5.739976e+01 -8.042583e-01 -5.113508e-01 2.906802e-01 4.365534e-01 -2.560925e-01 4.630768e-01 1.537394e+00 7.815065e-01 -7.876887e-01 -7.434635e-01 2.349737e-01 3.457688e-01 -3.477729e-01 -1.848283e-03 2.699722e-02 1.404112e-01 1.369937e-01 1.005216e-01 2.813198e-02 1.665669e-01 1.565353e-01 5.016243e-02 -1.043761e-01 -1.351187e-02 -3.536122e-02 2.876381e-02
<VARIANCE> 39
 2.430125e+00 8.187863e+00 1.015266e+01 3.527984e+01 2.252818e+01 1.725335e+01 9.249519e+01 5.062273e+01 4.749089e+01 2.507328e+01 4.394242e+01 2.638983e+01 5.392334e-01 1.338199e-01 6.156982e-01 5.511541e-01 1.940705e+00 1.705502e+00 1.753745e+00 2.716547e+00 1.407994e+00 3.122239e+00 1.344049e+00 1.241801e+00 8.691810e-01 9.115913e-02 1.515540e-02 1.380268e-01 1.021990e-01 2.647808e-01 2.761065e-01 2.045190e-01 4.890821e-01 2.832314e-01 6.806484e-01 3.314490e-01 3.288347e-01 1.507130e-01 2.003816e-02
<GCONST> 8.457352e+01
<STATE> 19
<MEAN> 39
 -1.761262e+01 -4.788942e+00 -4.363013e-01 -1.485724e+00 1.112616e+00 -4.978796e+00 3.866843e+00 -2.841723e+00 -2.861162e+00 -1.252474e+01 -4.024878e+00 -7.689231e+00 5.594380e+01 -6.075565e-01 6.647162e-03 6.433529e-01 4.663962e-01 2.500955e-01 1.178851e-01 4.524179e-01 4.647112e-01 1.692287e-01 1.494221e-01 7.286654e-01 7.972250e-01 -3.598029e-01 1.068779e-01 -2.915824e-02 -2.252293e-02 5.330178e-02 1.443140e-01 1.600695e-01 3.134879e-02 2.384445e-02 1.201438e-01 2.338770e-01 1.216851e-01 1.806499e-01 5.884236e-02
<VARIANCE> 39
 2.866089e+00 2.821992e+00 1.246799e+01 3.396232e+01 1.651907e+01 1.474753e+01 9.785785e+01 4.080737e+01 1.686780e+01 2.090493e+01 3.436290e+01 2.969426e+01 9.923797e-01 2.531524e-01 1.891422e-01 3.656441e-01 6.822108e-01 6.444464e-01 1.221536e+00 7.809093e-01 9.641694e-01 1.033560e+00 2.329327e+00 1.979786e+00 8.505871e-01 8.708151e-02 3.335293e-02 4.377203e-02 6.777336e-02 1.586601e-01 1.638091e-01 2.795416e-01 2.701960e-01 2.421529e-01 2.208045e-01 4.044769e-01 3.590270e-01 1.706042e-01 8.598099e-03
<GCONST> 7.356093e+01
<TRANSP> 20
 0.000000e+00 1.000000e+00 0.000000e+00 0.000000e+00 0.000000e+00 0.000000e+00 0.000000e+00 0.000000e+00 0.000000e+00 0.000000e+00 0.000000e+00 0.000000e+00 0.000000e+00 0.000000e+00 0.000000e+00 0.000000e+00 0.000000e+00 0.000000e+00 0.000000e+00 0.000000e+00
 0.000000e+00 7.068266e-01 2.931735e-01 0.000000e+00 0.000000e+00 0.000000e+00 0.000000e+00 0.000000e+00 0.000000e+00 0.000000e+00 0.000000e+00 0.000000e+00 0.000000e+00 0.000000e+00 0.000000e+00 0.000000e+00 0.000000e+00 0.000000e+00 0.000000e+00 0.000000e+00
 0.000000e+00 0.000000e+00 6.765150e-01 3.234851e-01 0.000000e+00 0.000000e+00 0.000000e+00 0.000000e+00 0.000000e+00 0.000000e+00 0.000000e+00 0.000000e+00 0.000000e+00 0.000000e+00 0.000000e+00 0.000000e+00 0.000000e+00 0.000000e+00 0.000000e+00 0.000000e+00
 0.000000e+00 0.000000e+00 0.000000e+00 7.073716e-01 2.926284e-01 0.000000e+00 0.000000e+00 0.000000e+00 0.000000e+00 0.000000e+00 0.000000e+00 0.000000e+00 0.000000e+00 0.000000e+00 0.000000e+00 0.000000e+00 0.000000e+00 0.000000e+00 0.000000e+00 0.000000e+00
 0.000000e+00 0.000000e+00 0.000000e+00 0.000000e+00 7.492359e-01 2.507641e-01 0.000000e+00 0.000000e+00 0.000000e+00 0.000000e+00 0.000000e+00 0.000000e+00 0.000000e+00 0.000000e+00 0.000000e+00 0.000000e+00 0.000000e+00 0.000000e+00 0.000000e+00 0.000000e+00
 0.000000e+00 0.000000e+00 0.000000e+00 0.000000e+00 0.000000e+00 7.687134e-01 2.312867e-01 0.000000e+00 0.000000e+00 0.000000e+00 0.000000e+00 0.000000e+00 0.000000e+00 0.000000e+00 0.000000e+00 0.000000e+00 0.000000e+00 0.000000e+00 0.000000e+00 0.000000e+00
 0.000000e+00 0.000000e+00 0.000000e+00 0.000000e+00 0.000000e+00 0.000000e+00 7.744938e-01 2.255062e-01 0.000000e+00 0.000000e+00 0.000000e+00 0.000000e+00 0.000000e+00 0.000000e+00 0.000000e+00 0.000000e+00 0.000000e+00 0.000000e+00 0.000000e+00 0.000000e+00
 0.000000e+00 0.000000e+00 0.000000e+00 0.000000e+00 0.000000e+00 0.000000e+00 0.000000e+00 5.204542e-01 4.795458e-01 0.000000e+00 0.000000e+00 0.000000e+00 0.000000e+00 0.000000e+00 0.000000e+00 0.000000e+00 0.000000e+00 0.000000e+00 0.000000e+00 0.000000e+00
 0.000000e+00 0.000000e+00 0.000000e+00 0.000000e+00 0.000000e+00 0.000000e+00 0.000000e+00 0.000000e+00 5.384139e-01 4.615860e-01 0.000000e+00 0.000000e+00 0.000000e+00 0.000000e+00 0.000000e+00 0.000000e+00 0.000000e+00 0.000000e+00 0.000000e+00 0.000000e+00
 0.000000e+00 0.000000e+00 0.000000e+00 0.000000e+00 0.000000e+00 0.000000e+00 0.000000e+00 0.000000e+00 0.000000e+00 5.861500e-01 4.138500e-01 0.000000e+00 0.000000e+00 0.000000e+00 0.000000e+00 0.000000e+00 0.000000e+00 0.000000e+00 0.000000e+00 0.000000e+00
 0.000000e+00 0.000000e+00 0.000000e+00 0.000000e+00 0.000000e+00 0.000000e+00 0.000000e+00 0.000000e+00 0.000000e+00 0.000000e+00 5.887628e-01 4.112373e-01 0.000000e+00 0.000000e+00 0.000000e+00 0.000000e+00 0.000000e+00 0.000000e+00 0.000000e+00 0.000000e+00
 0.000000e+00 0.000000e+00 0.000000e+00 0.000000e+00 0.000000e+00 0.000000e+00 0.000000e+00 0.000000e+00 0.000000e+00 0.000000e+00 0.000000e+00 8.027797e-01 1.972204e-01 0.000000e+00 0.000000e+00 0.000000e+00 0.000000e+00 0.000000e+00 0.000000e+00 0.000000e+00
 0.000000e+00 0.000000e+00 0.000000e+00 0.000000e+00 0.000000e+00 0.000000e+00 0.000000e+00 0.000000e+00 0.000000e+00 0.000000e+00 0.000000e+00 0.000000e+00 6.573787e-01 3.426213e-01 0.000000e+00 0.000000e+00 0.000000e+00 0.000000e+00 0.000000e+00 0.000000e+00
 0.000000e+00 0.000000e+00 0.000000e+00 0.000000e+00 0.000000e+00 0.000000e+00 0.000000e+00 0.000000e+00 0.000000e+00 0.000000e+00 0.000000e+00 0.000000e+00 0.000000e+00 6.355236e-01 3.644764e-01 0.000000e+00 0.000000e+00 0.000000e+00 0.000000e+00 0.000000e+00
 0.000000e+00 0.000000e+00 0.000000e+00 0.000000e+00 0.000000e+00 0.000000e+00 0.000000e+00 0.000000e+00 0.000000e+00 0.000000e+00 0.000000e+00 0.000000e+00 0.000000e+00 0.000000e+00 6.843623e-01 3.156377e-01 0.000000e+00 0.000000e+00 0.000000e+00 0.000000e+00
 0.000000e+00 0.000000e+00 0.000000e+00 0.000000e+00 0.000000e+00 0.000000e+00 0.000000e+00 0.000000e+00 0.000000e+00 0.000000e+00 0.000000e+00 0.000000e+00 0.000000e+00 0.000000e+00 0.000000e+00 7.659811e-01 2.340189e-01 0.000000e+00 0.000000e+00 0.000000e+00
 0.000000e+00 0.000000e+00 0.000000e+00 0.000000e+00 0.000000e+00 0.000000e+00 0.000000e+00 0.000000e+00 0.000000e+00 0.000000e+00 0.000000e+00 0.000000e+00 0.000000e+00 0.000000e+00 0.000000e+00 0.000000e+00 7.376860e-01 2.623140e-01 0.000000e+00 0.000000e+00
 0.000000e+00 0.000000e+00 0.000000e+00 0.000000e+00 0.000000e+00 0.000000e+00 0.000000e+00 0.000000e+00 0.000000e+00 0.000000e+00 0.000000e+00 0.000000e+00 0.000000e+00 0.000000e+00 0.000000e+00 0.000000e+00 0.000000e+00 6.071225e-01 3.928775e-01 0.000000e+00
 0.000000e+00 0.000000e+00 0.000000e+00 0.000000e+00 0.000000e+00 0.000000e+00 0.000000e+00 0.000000e+00 0.000000e+00 0.000000e+00 0.000000e+00 0.000000e+00 0.000000e+00 0.000000e+00 0.000000e+00 0.000000e+00 0.000000e+00 0.000000e+00 6.794544e-01 3.205456e-01
 0.000000e+00 0.000000e+00 0.000000e+00 0.000000e+00 0.000000e+00 0.000000e+00 0.000000e+00 0.000000e+00 0.000000e+00 0.000000e+00 0.000000e+00 0.000000e+00 0.000000e+00 0.000000e+00 0.000000e+00 0.000000e+00 0.000000e+00 0.000000e+00 0.000000e+00 0.000000e+00
<ENDHMM>
