~o
<STREAMINFO> 1 39
<VECSIZE> 39<NULLD><MFCC_D_A_0><DIAGC>
~h "lebih"
<BEGINHMM>
<NUMSTATES> 20
<STATE> 2
<MEAN> 39
 -1.655952e+01 -5.573768e+00 -2.147603e+00 -4.085542e+00 -5.282313e-03 -4.702532e+00 2.597471e-01 -6.377232e+00 -1.086027e+00 -7.751973e+00 -1.899867e-01 -5.878236e+00 5.700001e+01 2.408548e+00 1.996197e+00 1.413225e+00 6.675097e-01 -7.867515e-01 -1.861126e+00 -2.253304e+00 -2.129010e+00 -1.039909e+00 -1.791293e-01 -3.950997e-01 -2.159156e-01 1.206280e+00 7.674120e-01 1.965758e-01 8.283266e-02 -1.804896e-01 -3.775576e-01 -4.597719e-01 -8.155301e-01 -6.139883e-01 2.078325e-01 7.227535e-01 -1.521161e-01 -2.951157e-01 5.627640e-01
<VARIANCE> 39
 6.598894e+00 1.142474e+01 1.075810e+01 1.042175e+01 8.005078e+00 7.025086e+00 1.282796e+01 1.520676e+01 1.225942e+01 1.803770e+01 2.097851e+01 1.628266e+01 1.125773e+00 2.372165e+00 2.021408e+00 1.819896e+00 1.974019e+00 3.043371e+00 4.232778e+00 6.572948e+00 4.647743e+00 3.260237e+00 5.685768e+00 3.399005e+00 3.310669e+00 8.064242e-01 1.243592e-01 2.781306e-01 3.120607e-01 4.518327e-01 6.292375e-01 6.183794e-01 5.250363e-01 8.900946e-01 4.837966e-01 6.961689e-01 6.165247e-01 4.361004e-01 8.867781e-02
<GCONST> 1.034677e+02
<STATE> 3
<MEAN> 39
 -3.984964e+00 3.525108e+00 4.977107e+00 -2.102400e+00 -2.822631e+00 -1.450325e+01 -1.567525e+01 -1.701463e+01 -2.064106e+00 -3.057341e+00 -5.302271e-01 -8.763616e+00 6.413049e+01 2.797883e+00 3.660224e-01 3.217416e-01 -5.785096e-01 -1.058679e+00 -1.863570e+00 -3.549865e+00 -6.989104e-01 2.195059e+00 3.016424e+00 3.547722e-03 -1.328503e+00 2.371974e+00 -5.686646e-01 -1.038542e+00 -6.218300e-01 -3.445417e-01 2.715108e-01 8.204957e-01 6.900512e-01 1.079048e+00 8.348739e-01 3.222159e-01 9.844872e-02 -1.543135e-01 -1.314260e-02
<VARIANCE> 39
 8.718029e+00 8.785507e+00 2.187327e+01 2.391241e+01 8.056465e+01 4.124576e+01 4.972057e+01 3.733522e+01 2.889778e+01 6.967931e+01 3.785180e+01 3.663625e+01 7.447276e+00 1.795855e+00 3.591168e+00 2.967358e+00 2.541914e+00 7.671690e+00 1.038138e+01 4.699319e+00 1.316805e+01 3.740260e+00 5.791942e+00 6.761720e+00 3.935030e+00 1.020200e+00 1.063856e-01 1.479102e-01 3.572159e-01 3.162393e-01 7.877074e-01 9.677796e-01 7.050060e-01 1.022848e+00 9.496595e-01 1.482733e+00 6.789178e-01 8.009449e-01 8.476751e-02
<GCONST> 1.238590e+02
<STATE> 4
<MEAN> 39
 6.579355e-01 -4.508800e+00 1.029669e+00 -7.016281e+00 -6.259521e+00 -1.208117e+01 -1.864388e+01 -1.198221e+01 8.570016e+00 7.154664e+00 -1.404777e+00 -1.327272e+01 7.239316e+01 7.958896e-01 -1.220236e+00 -5.839670e-01 -4.280782e-01 1.860525e-01 1.224569e+00 -3.953343e-01 3.772621e-02 2.482567e-01 2.245315e-01 5.087458e-02 1.139323e-01 1.066968e+00 -5.307031e-01 6.009145e-01 2.413041e-01 4.803938e-01 6.815811e-01 4.912949e-01 8.760887e-01 -2.696630e-01 -1.124105e+00 -1.232341e+00 4.123660e-02 4.385481e-01 -8.501814e-01
<VARIANCE> 39
 3.244990e+00 2.025452e+01 7.607277e+01 1.778067e+01 1.576071e+02 2.157089e+02 1.270079e+02 1.895079e+02 4.187812e+01 1.020393e+02 1.142241e+02 3.377363e+01 1.643524e+01 4.500197e-01 2.316530e+00 2.407963e+00 1.440316e+00 3.354825e+00 4.736889e+00 3.348051e+00 9.503058e+00 6.567660e+00 7.254076e+00 4.974240e+00 3.735862e+00 1.489444e+00 1.852750e-01 3.792635e-01 4.837874e-01 2.500191e-01 8.386950e-01 1.871642e+00 6.794802e-01 1.475576e+00 5.481974e-01 8.847750e-01 1.121629e+00 8.155647e-01 1.359537e-01
<GCONST> 1.305857e+02
<STATE> 5
<MEAN> 39
 1.020424e+00 -1.867774e+00 1.093709e+00 -5.976805e+00 -2.555352e+00 -6.904161e+00 -1.505829e+01 -1.452578e+01 3.056617e+00 1.718627e+00 -4.779507e-01 -1.158373e+01 7.019427e+01 -5.062637e-01 1.376683e+00 5.768301e-01 6.431054e-01 1.223944e+00 6.378356e-01 1.787627e+00 1.800418e-01 -7.733983e-01 -2.340101e+00 -9.692938e-01 -6.138663e-01 -1.199401e+00 -3.015733e-01 1.264656e-01 1.956980e-01 5.630882e-02 -3.089108e-01 -4.227971e-01 2.335582e-01 3.709098e-01 2.478590e-01 -3.719273e-02 -1.851183e-01 -1.757093e-01 -1.907529e-01
<VARIANCE> 39
 3.575381e+00 1.127673e+01 4.041869e+01 1.596760e+01 8.951554e+01 1.345358e+02 1.106398e+02 1.664655e+02 3.095739e+01 8.947975e+01 1.089153e+02 3.655360e+01 1.177471e+01 2.060970e-01 4.319462e-01 1.342106e+00 5.356317e-01 2.710806e+00 3.947056e+00 2.316969e+00 2.779714e+00 1.632156e+00 2.803088e+00 3.173715e+00 2.695506e+00 2.663329e-01 6.221989e-02 1.523617e-01 1.538617e-01 1.173273e-01 2.254898e-01 2.038324e-01 4.419334e-01 4.730221e-01 3.825031e-01 7.002878e-01 7.529231e-01 6.557402e-01 8.470298e-02
<GCONST> 1.057612e+02
<STATE> 6
<MEAN> 39
 -2.561047e+00 2.027669e+00 3.204421e+00 -2.854877e+00 -1.135896e+00 -9.908136e+00 -1.015876e+01 -1.133061e+01 1.217898e+00 -5.043461e+00 -3.808014e+00 -1.222270e+01 6.543063e+01 -7.624329e-01 6.078020e-01 4.402431e-01 5.050671e-01 2.714214e-01 2.228732e-01 1.117092e+00 6.975184e-01 -8.024760e-01 -7.502924e-01 -1.944297e-02 1.164896e-01 -8.315032e-01 3.320796e-02 -1.220007e-01 -1.794411e-02 -3.198846e-02 7.743278e-03 4.223491e-02 -1.568202e-01 4.639155e-03 -5.433509e-02 1.212517e-01 1.300542e-01 9.913190e-02 1.035273e-01
<VARIANCE> 39
 5.343757e+00 4.979725e+00 1.455267e+01 1.514647e+01 3.939465e+01 4.350962e+01 3.699847e+01 8.287199e+01 2.749911e+01 3.494821e+01 7.775120e+01 3.380094e+01 6.400759e+00 9.976299e-02 3.068809e-01 4.357553e-01 7.034813e-01 7.594137e-01 1.736613e+00 1.595028e+00 1.643874e+00 1.137733e+00 1.469282e+00 2.197004e+00 1.242396e+00 7.554517e-02 1.963873e-02 6.387978e-02 6.167293e-02 1.282958e-01 9.574591e-02 1.812784e-01 2.151213e-01 3.049586e-01 1.686769e-01 2.855672e-01 3.937613e-01 2.949542e-01 6.963797e-03
<GCONST> 7.948296e+01
<STATE> 7
<MEAN> 39
 -4.236763e+00 4.162566e+00 4.792724e+00 -1.996267e+00 3.638032e-01 -7.166858e+00 -7.037347e+00 -9.766081e+00 -7.420472e-01 -7.397156e+00 -3.965210e+00 -1.180017e+01 6.329515e+01 -4.841411e-01 -9.104242e-02 9.068961e-01 1.052691e+00 -7.587989e-02 -7.328353e-01 2.609223e-01 6.102531e-01 -5.429865e-01 -1.530363e+00 1.998039e-01 5.156879e-01 -1.389184e-01 1.776361e-01 -3.976994e-01 5.260890e-01 2.860045e-01 -9.971091e-01 -1.177572e+00 -4.261915e-01 -1.846224e-02 -5.356491e-01 -7.386331e-02 6.975702e-01 4.030050e-01 4.620570e-01
<VARIANCE> 39
 5.497315e+00 4.323956e+00 5.709237e+00 1.576721e+01 2.312861e+01 2.314347e+01 3.725763e+01 4.161866e+01 2.024588e+01 2.179678e+01 3.802009e+01 1.395520e+01 3.036502e+00 1.157105e-01 5.486470e-01 8.730139e-01 1.347356e+00 1.106993e+00 4.673138e+00 2.279258e+00 2.231824e+00 2.252876e+00 1.933907e+00 2.992002e+00 2.134308e+00 2.299798e-01 3.984975e-02 1.065437e-01 3.552715e-01 2.817879e-01 7.907958e-01 2.940634e-01 5.328463e-01 6.722466e-01 5.796002e-01 6.579176e-01 8.394481e-01 3.004488e-01 4.744076e-02
<GCONST> 9.334232e+01
<STATE> 8
<MEAN> 39
 -5.473534e+00 1.578439e+00 9.023994e+00 3.423737e+00 -2.951696e+00 -1.482185e+01 -6.736028e+00 -7.196076e+00 -6.285841e+00 -1.265069e+01 1.770059e-01 -8.608097e+00 6.446869e+01 2.184723e-01 -9.828902e-01 2.954812e+00 1.168388e+00 -4.756209e+00 -3.904853e+00 -2.516688e-01 -7.184522e-02 -3.488097e+00 -4.651249e-01 3.280669e+00 1.668739e+00 1.354218e+00 1.667179e-01 7.041406e-02 4.634435e-01 -4.567181e-01 -1.144726e+00 3.045210e-01 -9.957436e-02 -6.036385e-01 -8.321536e-02 8.812379e-01 3.863072e-01 -1.176912e-01 2.999336e-01
<VARIANCE> 39
 7.105201e+00 9.551823e+00 2.645077e+01 3.035392e+01 6.485526e+01 6.513219e+01 2.709013e+01 7.529082e+01 6.326949e+01 2.603493e+01 4.475912e+01 2.850401e+01 7.410920e+00 3.800638e-01 1.384490e+00 3.654249e+00 5.043444e+00 7.397325e+00 2.129184e+00 5.389738e+00 7.724075e+00 5.327168e+00 6.462619e+00 5.090609e+00 2.544534e+00 3.865065e-01 7.943431e-02 2.548749e-01 3.283653e-01 6.781136e-01 8.223042e-01 1.432260e+00 5.898836e-01 5.827149e-01 8.431780e-01 2.626711e-01 8.863298e-01 6.509877e-01 9.566825e-02
<GCONST> 1.183100e+02
<STATE> 9
<MEAN> 39
 -4.555909e+00 -9.409961e-01 2.083015e+01 2.484589e+00 -2.089925e+01 -1.943517e+01 -7.751099e+00 -8.703352e+00 -1.482242e+01 -8.966876e+00 1.138917e+01 -7.664457e+00 6.982623e+01 -1.438127e-01 1.398319e-01 2.327162e+00 -6.391091e-01 -3.630711e+00 5.826728e-01 -7.215328e-01 -1.502096e+00 -5.682456e-01 1.102403e+00 1.256946e+00 6.797490e-01 8.304933e-01 -2.078492e-01 4.391195e-01 -7.799996e-01 -2.461247e-01 1.529590e+00 1.233955e+00 -1.330753e-01 -1.134206e-01 9.927328e-01 -1.444049e-01 -9.357995e-01 -1.574772e-01 -4.899523e-01
<VARIANCE> 39
 3.863165e+00 1.488395e+01 9.097382e+01 6.872607e+01 1.638076e+02 2.986776e+01 8.021609e+01 2.759907e+02 4.433629e+01 7.786930e+01 1.165867e+02 2.577410e+01 1.426780e+01 7.522240e-01 1.009524e+00 2.981246e+00 4.327503e+00 8.207485e+00 5.076193e+00 2.727520e+00 4.764074e+00 5.177441e+00 3.910321e+00 3.917991e+00 4.601017e+00 6.335087e-01 4.507290e-02 1.227954e-01 3.301194e-01 6.789010e-01 8.060697e-01 6.244328e-01 5.261543e-01 1.174115e+00 5.733780e-01 9.180004e-01 5.565088e-01 8.541638e-01 4.158583e-02
<GCONST> 1.233767e+02
<STATE> 10
<MEAN> 39
 -7.526298e+00 3.879184e+00 1.685868e+01 -2.695971e+00 -1.110324e+01 -1.320778e+01 -9.766726e+00 -1.219194e+01 -5.759134e+00 -1.298232e+01 7.633486e+00 -2.557119e+00 6.826100e+01 -7.957000e-01 6.274138e-01 2.968015e-01 -5.787869e-01 8.136496e-01 1.304976e+00 2.161663e-01 -4.246660e-01 5.310885e-01 -3.388166e-01 3.111119e-01 4.563862e-03 -3.324366e-01 1.819397e-02 8.907554e-03 -2.243590e-01 2.361362e-01 6.657141e-01 6.019036e-02 2.334038e-01 1.761980e-01 -5.341121e-02 -1.010341e-02 -2.104684e-01 -3.311718e-01 -2.052936e-01
<VARIANCE> 39
 2.521809e+01 2.100788e+01 8.411867e+01 1.131562e+02 3.816053e+02 3.727848e+01 7.036562e+01 8.548338e+01 8.779758e+01 9.195310e+01 8.603771e+01 2.131531e+01 9.493438e+00 7.962650e-01 3.011586e-01 6.087064e-01 1.827078e+00 1.838310e+00 1.139383e+00 3.232039e+00 1.384299e+00 1.199978e+00 2.270283e+00 2.297270e+00 2.452909e+00 1.899231e-01 1.688348e-01 3.975202e-02 2.081034e-01 3.941812e-01 7.681442e-01 4.779271e-01 5.277109e-01 2.808976e-01 5.804386e-01 6.057650e-01 2.814769e-01 4.945059e-01 5.141031e-02
<GCONST> 1.097220e+02
<STATE> 11
<MEAN> 39
 -7.407655e+00 3.973942e+00 2.360389e+01 3.343595e+00 -1.782329e+01 -1.060694e+01 -7.439106e+00 -1.337707e+01 -1.305659e+01 -6.953578e+00 1.258060e+01 -7.626652e+00 6.805128e+01 -1.218932e-01 6.854226e-01 -4.888483e-01 4.722052e-02 2.091510e+00 6.047044e-01 5.339846e-01 -1.174431e-01 6.903034e-01 2.453731e-01 -5.127138e-01 3.594302e-01 -7.627832e-01 -5.650934e-02 -1.482607e-01 -2.951336e-01 6.232223e-02 2.587989e-01 -1.175774e-01 3.146495e-01 1.161168e-01 1.259062e-01 -9.813666e-02 -2.288964e-01 2.523140e-01 -9.382140e-02
<VARIANCE> 39
 1.409896e+01 1.144211e+01 5.113639e+01 6.609380e+01 1.570461e+02 3.451145e+01 3.316468e+01 8.191647e+01 3.366387e+01 5.067643e+01 7.837916e+01 3.208354e+01 5.643053e+00 2.306831e-01 3.860807e-01 8.969023e-01 1.340019e+00 2.729861e+00 1.468038e+00 1.936086e+00 1.390148e+00 1.837260e+00 1.085734e+00 1.199287e+00 1.978220e+00 2.697655e-01 5.696347e-02 6.819240e-02 8.931636e-02 1.298127e-01 2.469155e-01 2.742019e-01 2.912119e-01 2.334962e-01 1.777305e-01 2.008021e-01 1.503494e-01 3.770779e-01 1.563940e-02
<GCONST> 9.303149e+01
<STATE> 12
<MEAN> 39
 -7.418247e+00 5.491826e+00 1.638112e+01 8.353842e-01 -7.003732e+00 -1.046625e+01 -6.791296e+00 -1.363883e+01 -6.688122e+00 -8.245609e+00 4.044697e+00 -4.619678e+00 6.399460e+01 -7.908231e-01 -2.150198e-01 -9.277958e-01 8.384541e-02 1.360510e+00 1.226703e+00 6.272337e-01 -8.684898e-01 4.510131e-01 8.312921e-02 -1.243986e+00 2.733320e-01 -5.417277e-01 -1.097352e-01 -2.580123e-01 -1.051654e-01 -2.224090e-01 -1.925390e-01 -7.948678e-02 -7.107624e-02 -8.025524e-02 -7.920802e-02 -1.205007e-02 9.986410e-02 4.924041e-02 1.051134e-01
<VARIANCE> 39
 8.275238e+00 7.880140e+00 4.211326e+01 2.507375e+01 7.577533e+01 1.965973e+01 3.313710e+01 9.174941e+01 1.983163e+01 8.752468e+01 6.548102e+01 2.229060e+01 3.094456e+00 3.356805e-01 2.808475e-01 8.754669e-01 1.441650e+00 1.329124e+00 1.183826e+00 1.273173e+00 2.935742e+00 2.192431e+00 2.139345e+00 2.594596e+00 1.410004e+00 9.433629e-02 3.630516e-02 3.710054e-02 7.261323e-02 6.263078e-02 1.725442e-01 2.216882e-01 1.641035e-01 3.966617e-01 2.482786e-01 2.900586e-01 2.887613e-01 3.025322e-01 2.014567e-02
<GCONST> 8.717055e+01
<STATE> 13
<MEAN> 39
 -1.274317e+01 2.539200e-01 1.246236e+01 -9.367237e-01 -6.237557e+00 -5.216566e+00 -6.180468e+00 -2.203063e+01 -4.952113e+00 -6.835233e+00 1.285024e-01 -2.707211e+00 6.389820e+01 -7.507383e-01 -6.496917e-01 -8.824820e-01 -4.534899e-01 1.368255e+00 5.690863e-01 2.584605e-01 -5.907236e-01 3.980670e-01 -2.552137e-01 -6.927554e-01 5.049990e-01 -2.938473e-01 9.591954e-02 5.771199e-02 1.395977e-01 3.263855e-02 -1.847583e-01 -2.355943e-01 -2.409507e-01 2.205247e-01 -2.074414e-01 -2.919354e-01 8.301821e-02 -1.816421e-01 -3.762077e-04
<VARIANCE> 39
 1.097669e+01 3.489288e+01 5.482848e+01 2.278813e+01 6.927589e+01 1.318926e+01 2.628487e+01 4.582567e+01 1.757291e+01 6.346605e+01 2.793703e+01 5.148555e+01 4.880478e+00 5.122125e-01 1.583746e+00 1.168429e+00 1.641925e+00 1.285031e+00 1.095926e+00 8.167751e-01 1.604862e+00 1.401718e+00 1.295116e+00 3.162275e+00 1.910422e+00 5.049875e-01 7.098562e-02 3.099782e-01 2.346326e-01 2.061454e-01 2.074557e-01 2.591449e-01 1.696765e-01 1.630425e-01 4.165869e-01 3.548220e-01 4.559399e-01 1.638230e-01 8.917439e-02
<GCONST> 9.702789e+01
<STATE> 14
<MEAN> 39
 -1.250607e+01 2.520190e-01 7.621046e+00 -4.253621e-01 -4.011218e+00 -7.901886e+00 -7.115665e+00 -1.875143e+01 -7.001357e+00 -8.928012e+00 -9.435086e-02 -2.364460e+00 6.049912e+01 -4.251806e-01 -4.290102e-01 -7.759095e-01 4.182936e-02 1.121057e+00 9.730291e-02 -1.185536e-01 3.896650e-01 -3.017684e-01 -9.522477e-01 -4.753163e-01 -1.144447e-01 -4.865071e-01 4.435977e-02 6.947361e-02 7.104245e-02 1.688108e-01 1.534236e-01 1.445160e-01 1.760495e-01 1.808234e-01 9.397767e-02 -1.005672e-02 -4.866080e-02 -5.009103e-02 2.259956e-02
<VARIANCE> 39
 5.427550e+00 8.658909e+00 2.959523e+01 2.177235e+01 4.076184e+01 1.426371e+01 1.436518e+01 2.692366e+01 1.268232e+01 4.044966e+01 1.734558e+01 2.118400e+01 3.402570e+00 1.791845e-01 3.797143e-01 4.911735e-01 8.828097e-01 1.239229e+00 7.717616e-01 1.281337e+00 2.133458e+00 9.155082e-01 1.350889e+00 1.624520e+00 1.141164e+00 6.416627e-02 2.477945e-02 6.144691e-02 9.627093e-02 2.066804e-01 1.100532e-01 1.061574e-01 1.905034e-01 2.886750e-01 1.829534e-01 1.741038e-01 2.281330e-01 2.666005e-01 7.578339e-03
<GCONST> 7.432787e+01
<STATE> 15
<MEAN> 39
 -2.011569e+01 1.527577e-01 1.208512e+01 -4.743431e+00 6.688958e+00 4.070348e-01 -2.022082e+00 -1.885719e+01 1.757568e+00 -1.978819e+01 -7.757627e+00 1.504157e+00 6.232344e+01 -1.882184e-01 -5.470881e-01 -9.781235e-01 9.626067e-02 7.149238e-01 9.623809e-01 7.293016e-01 7.467820e-01 7.651583e-01 2.673961e-01 -5.873969e-01 -3.904105e-01 -5.175065e-01 5.778699e-02 -1.724581e-02 -8.183627e-02 -2.797712e-02 -8.779188e-02 7.803290e-02 1.357151e-01 1.395760e-01 1.685745e-02 2.686698e-01 1.420109e-01 -7.596505e-02 -3.184290e-02
<VARIANCE> 39
 2.279672e+01 1.330411e+01 4.190548e+01 2.140435e+01 2.073488e+01 3.289398e+01 3.321563e+01 3.751052e+01 6.193376e+01 3.383644e+01 5.606041e+01 2.725435e+01 8.874891e+00 2.812163e-01 3.679733e-01 5.018968e-01 7.000300e-01 1.246442e+00 6.380436e-01 1.213761e+00 1.343638e+00 2.237650e+00 1.839171e+00 8.191437e-01 1.162796e+00 7.951830e-02 2.710120e-02 5.302337e-02 6.693913e-02 1.021395e-01 8.939568e-02 1.378319e-01 1.935748e-01 2.319471e-01 4.776389e-01 2.446223e-01 3.033720e-01 2.406632e-01 9.449795e-03
<GCONST> 8.232994e+01
<STATE> 16
<MEAN> 39
 -1.381539e+01 -1.360655e-01 5.737551e+00 2.000634e+00 6.719532e+00 -3.817197e-01 1.441669e+00 -9.562917e+00 -3.646849e+00 -1.024776e+01 -1.524866e+00 -6.338714e+00 5.837801e+01 -3.277369e-01 -3.458753e-01 -6.037369e-01 -3.235040e-02 4.597858e-01 6.978379e-01 8.135152e-01 9.149023e-01 5.189617e-01 2.049486e-02 -3.966470e-01 -4.351639e-01 -3.365630e-01 -6.026787e-02 -9.392649e-02 -1.016044e-01 -1.332147e-01 -2.028167e-01 -1.791024e-01 -1.852441e-01 -9.021243e-02 3.323290e-02 1.699753e-02 4.549168e-02 3.763777e-02 1.188123e-02
<VARIANCE> 39
 6.071939e+00 6.421706e+00 1.277286e+01 2.004250e+01 1.283391e+01 1.878472e+01 2.367284e+01 1.906089e+01 1.973168e+01 1.378256e+01 2.966831e+01 1.276448e+01 1.325845e+00 1.497931e-01 3.604987e-01 6.463782e-01 8.994325e-01 9.821509e-01 9.330338e-01 9.067402e-01 1.116094e+00 1.603894e+00 1.167971e+00 1.306424e+00 1.277300e+00 7.461998e-02 2.534453e-02 2.308748e-02 4.790356e-02 1.473994e-01 1.813988e-01 1.105883e-01 1.048632e-01 2.073322e-01 3.178611e-01 2.070613e-01 2.940263e-01 2.169416e-01 8.513452e-03
<GCONST> 6.894161e+01
<STATE> 17
<MEAN> 39
 -1.784190e+01 -4.280568e+00 1.601346e+00 -4.107276e-01 8.080479e+00 5.228013e+00 6.169216e+00 -5.332993e+00 1.263609e-02 -1.123400e+01 -6.215552e+00 -8.901306e+00 5.623895e+01 -3.097911e-01 -4.536447e-01 -5.537305e-01 4.804989e-01 2.399646e-01 3.781858e-01 7.198574e-01 1.074425e+00 4.376716e-01 3.199408e-01 1.474669e-01 4.527458e-02 -2.813288e-01 -4.899596e-02 -8.606694e-02 4.761360e-02 1.672160e-02 -3.048870e-02 -4.631473e-02 3.312224e-02 -4.688373e-03 -4.723270e-02 1.101787e-01 3.117985e-01 1.858304e-01 3.929654e-02
<VARIANCE> 39
 5.914628e+00 5.467163e+00 5.841944e+00 1.561628e+01 2.292596e+01 4.936430e+01 5.238086e+01 3.747905e+01 5.179004e+01 1.976875e+01 1.683352e+01 2.967461e+01 1.126736e+00 2.197767e-01 4.737987e-01 9.181688e-01 6.788515e-01 1.708248e+00 1.300343e+00 7.127427e-01 8.609318e-01 7.994764e-01 1.397762e+00 1.592639e+00 2.286257e+00 8.301941e-02 2.835721e-02 1.047180e-01 1.203697e-01 5.357754e-02 1.650490e-01 2.510220e-01 1.194490e-01 1.627273e-01 1.916142e-01 1.249350e-01 8.766241e-02 3.398206e-01 8.752496e-03
<GCONST> 7.406274e+01
<STATE> 18
<MEAN> 39
 -1.720630e+01 -4.099861e+00 1.024335e+00 1.850478e+00 9.073532e+00 1.069738e+00 1.145799e+00 -6.538787e+00 -2.039280e+00 -1.351227e+01 -3.527198e+00 -5.216506e+00 5.621128e+01 -5.494854e-01 -8.507493e-01 -7.368302e-01 -8.704266e-02 5.389165e-01 4.709733e-01 4.652229e-01 5.123209e-01 1.277224e-02 -9.891145e-02 3.096498e-01 -2.688094e-01 -2.096757e-01 4.841951e-02 9.425749e-03 -5.471027e-03 -1.160778e-01 -5.918535e-02 3.893127e-02 4.781478e-02 -1.170153e-01 -1.767960e-01 -6.853963e-02 -2.180086e-01 -2.410782e-01 3.292882e-02
<VARIANCE> 39
 2.868964e+00 4.769341e+00 4.843837e+00 1.855397e+01 3.208842e+01 3.076120e+01 6.723668e+01 4.667893e+01 4.683953e+01 6.972386e+01 2.548770e+01 1.864367e+01 8.228572e-01 8.756685e-02 3.441449e-01 3.983552e-01 7.962667e-01 7.456642e-01 1.178444e+00 1.840749e+00 1.480364e+00 1.512275e+00 2.649406e+00 2.288288e+00 1.376950e+00 6.833439e-02 1.470010e-02 4.513405e-02 7.985608e-02 2.312541e-01 2.010641e-01 1.464419e-01 1.854410e-01 1.764815e-01 2.727700e-01 5.406212e-01 4.804196e-01 2.511199e-01 5.917431e-03
<GCONST> 7.645966e+01
<STATE> 19
<MEAN> 39
 -1.967399e+01 -7.667407e+00 -1.882117e+00 -3.322898e-02 9.667156e+00 4.447132e+00 5.665741e+00 -5.494665e+00 -2.293060e+00 -1.213075e+01 -4.652928e+00 -7.623066e+00 5.549254e+01 -3.012553e-01 -6.445413e-01 -8.739102e-01 -9.117547e-01 -5.365799e-01 -1.464228e-01 4.476522e-01 8.141618e-01 1.135592e-01 2.009844e-01 -3.445942e-01 -4.243270e-01 -2.114579e-01 8.843638e-02 1.525006e-01 5.092189e-02 -1.266002e-01 -2.410168e-01 -1.570112e-01 -1.286952e-01 9.893885e-02 4.343244e-01 -3.464808e-02 -1.922647e-01 1.212812e-01 1.672394e-02
<VARIANCE> 39
 5.409207e+00 1.017630e+01 4.991254e+00 2.132942e+01 3.270921e+01 4.794291e+01 8.966911e+01 4.853219e+01 5.966516e+01 4.534112e+01 2.251566e+01 1.027738e+01 2.096183e+00 1.293327e-01 2.802356e-01 3.407647e-01 7.793742e-01 9.928226e-01 1.022583e+00 1.085995e+00 1.609665e+00 1.936608e+00 2.418807e+00 2.465684e+00 1.535671e+00 5.592856e-02 2.907961e-02 1.261107e-01 5.747821e-02 2.127260e-01 1.304596e-01 1.576902e-01 2.329495e-01 2.191442e-01 1.835938e-01 3.206768e-01 3.895804e-01 2.195908e-01 2.066560e-02
<GCONST> 8.005721e+01
<TRANSP> 20
 0.000000e+00 1.000000e+00 0.000000e+00 0.000000e+00 0.000000e+00 0.000000e+00 0.000000e+00 0.000000e+00 0.000000e+00 0.000000e+00 0.000000e+00 0.000000e+00 0.000000e+00 0.000000e+00 0.000000e+00 0.000000e+00 0.000000e+00 0.000000e+00 0.000000e+00 0.000000e+00
 0.000000e+00 6.666692e-01 3.333308e-01 0.000000e+00 0.000000e+00 0.000000e+00 0.000000e+00 0.000000e+00 0.000000e+00 0.000000e+00 0.000000e+00 0.000000e+00 0.000000e+00 0.000000e+00 0.000000e+00 0.000000e+00 0.000000e+00 0.000000e+00 0.000000e+00 0.000000e+00
 0.000000e+00 0.000000e+00 6.916094e-01 3.083905e-01 0.000000e+00 0.000000e+00 0.000000e+00 0.000000e+00 0.000000e+00 0.000000e+00 0.000000e+00 0.000000e+00 0.000000e+00 0.000000e+00 0.000000e+00 0.000000e+00 0.000000e+00 0.000000e+00 0.000000e+00 0.000000e+00
 0.000000e+00 0.000000e+00 0.000000e+00 6.846972e-01 3.153029e-01 0.000000e+00 0.000000e+00 0.000000e+00 0.000000e+00 0.000000e+00 0.000000e+00 0.000000e+00 0.000000e+00 0.000000e+00 0.000000e+00 0.000000e+00 0.000000e+00 0.000000e+00 0.000000e+00 0.000000e+00
 0.000000e+00 0.000000e+00 0.000000e+00 0.000000e+00 6.553417e-01 3.446583e-01 0.000000e+00 0.000000e+00 0.000000e+00 0.000000e+00 0.000000e+00 0.000000e+00 0.000000e+00 0.000000e+00 0.000000e+00 0.000000e+00 0.000000e+00 0.000000e+00 0.000000e+00 0.000000e+00
 0.000000e+00 0.000000e+00 0.000000e+00 0.000000e+00 0.000000e+00 7.823007e-01 2.176993e-01 0.000000e+00 0.000000e+00 0.000000e+00 0.000000e+00 0.000000e+00 0.000000e+00 0.000000e+00 0.000000e+00 0.000000e+00 0.000000e+00 0.000000e+00 0.000000e+00 0.000000e+00
 0.000000e+00 0.000000e+00 0.000000e+00 0.000000e+00 0.000000e+00 0.000000e+00 6.011772e-01 3.988229e-01 0.000000e+00 0.000000e+00 0.000000e+00 0.000000e+00 0.000000e+00 0.000000e+00 0.000000e+00 0.000000e+00 0.000000e+00 0.000000e+00 0.000000e+00 0.000000e+00
 0.000000e+00 0.000000e+00 0.000000e+00 0.000000e+00 0.000000e+00 0.000000e+00 0.000000e+00 5.377827e-01 4.622173e-01 0.000000e+00 0.000000e+00 0.000000e+00 0.000000e+00 0.000000e+00 0.000000e+00 0.000000e+00 0.000000e+00 0.000000e+00 0.000000e+00 0.000000e+00
 0.000000e+00 0.000000e+00 0.000000e+00 0.000000e+00 0.000000e+00 0.000000e+00 0.000000e+00 0.000000e+00 5.986241e-01 4.013759e-01 0.000000e+00 0.000000e+00 0.000000e+00 0.000000e+00 0.000000e+00 0.000000e+00 0.000000e+00 0.000000e+00 0.000000e+00 0.000000e+00
 0.000000e+00 0.000000e+00 0.000000e+00 0.000000e+00 0.000000e+00 0.000000e+00 0.000000e+00 0.000000e+00 0.000000e+00 6.462508e-01 3.537492e-01 0.000000e+00 0.000000e+00 0.000000e+00 0.000000e+00 0.000000e+00 0.000000e+00 0.000000e+00 0.000000e+00 0.000000e+00
 0.000000e+00 0.000000e+00 0.000000e+00 0.000000e+00 0.000000e+00 0.000000e+00 0.000000e+00 0.000000e+00 0.000000e+00 0.000000e+00 6.683358e-01 3.316642e-01 0.000000e+00 0.000000e+00 0.000000e+00 0.000000e+00 0.000000e+00 0.000000e+00 0.000000e+00 0.000000e+00
 0.000000e+00 0.000000e+00 0.000000e+00 0.000000e+00 0.000000e+00 0.000000e+00 0.000000e+00 0.000000e+00 0.000000e+00 0.000000e+00 0.000000e+00 7.121602e-01 2.878398e-01 0.000000e+00 0.000000e+00 0.000000e+00 0.000000e+00 0.000000e+00 0.000000e+00 0.000000e+00
 0.000000e+00 0.000000e+00 0.000000e+00 0.000000e+00 0.000000e+00 0.000000e+00 0.000000e+00 0.000000e+00 0.000000e+00 0.000000e+00 0.000000e+00 0.000000e+00 5.930494e-01 4.069506e-01 0.000000e+00 0.000000e+00 0.000000e+00 0.000000e+00 0.000000e+00 0.000000e+00
 0.000000e+00 0.000000e+00 0.000000e+00 0.000000e+00 0.000000e+00 0.000000e+00 0.000000e+00 0.000000e+00 0.000000e+00 0.000000e+00 0.000000e+00 0.000000e+00 0.000000e+00 7.963762e-01 2.036238e-01 0.000000e+00 0.000000e+00 0.000000e+00 0.000000e+00 0.000000e+00
 0.000000e+00 0.000000e+00 0.000000e+00 0.000000e+00 0.000000e+00 0.000000e+00 0.000000e+00 0.000000e+00 0.000000e+00 0.000000e+00 0.000000e+00 0.000000e+00 0.000000e+00 0.000000e+00 6.914686e-01 3.085314e-01 0.000000e+00 0.000000e+00 0.000000e+00 0.000000e+00
 0.000000e+00 0.000000e+00 0.000000e+00 0.000000e+00 0.000000e+00 0.000000e+00 0.000000e+00 0.000000e+00 0.000000e+00 0.000000e+00 0.000000e+00 0.000000e+00 0.000000e+00 0.000000e+00 0.000000e+00 7.645041e-01 2.354959e-01 0.000000e+00 0.000000e+00 0.000000e+00
 0.000000e+00 0.000000e+00 0.000000e+00 0.000000e+00 0.000000e+00 0.000000e+00 0.000000e+00 0.000000e+00 0.000000e+00 0.000000e+00 0.000000e+00 0.000000e+00 0.000000e+00 0.000000e+00 0.000000e+00 0.000000e+00 6.252085e-01 3.747915e-01 0.000000e+00 0.000000e+00
 0.000000e+00 0.000000e+00 0.000000e+00 0.000000e+00 0.000000e+00 0.000000e+00 0.000000e+00 0.000000e+00 0.000000e+00 0.000000e+00 0.000000e+00 0.000000e+00 0.000000e+00 0.000000e+00 0.000000e+00 0.000000e+00 0.000000e+00 6.575677e-01 3.424323e-01 0.000000e+00
 0.000000e+00 0.000000e+00 0.000000e+00 0.000000e+00 0.000000e+00 0.000000e+00 0.000000e+00 0.000000e+00 0.000000e+00 0.000000e+00 0.000000e+00 0.000000e+00 0.000000e+00 0.000000e+00 0.000000e+00 0.000000e+00 0.000000e+00 0.000000e+00 5.716610e-01 4.283390e-01
 0.000000e+00 0.000000e+00 0.000000e+00 0.000000e+00 0.000000e+00 0.000000e+00 0.000000e+00 0.000000e+00 0.000000e+00 0.000000e+00 0.000000e+00 0.000000e+00 0.000000e+00 0.000000e+00 0.000000e+00 0.000000e+00 0.000000e+00 0.000000e+00 0.000000e+00 0.000000e+00
<ENDHMM>
