~o
<STREAMINFO> 1 39
<VECSIZE> 39<NULLD><MFCC_D_A_0><DIAGC>
~h "sembilan"
<BEGINHMM>
<NUMSTATES> 20
<STATE> 2
<MEAN> 39
 -1.760094e+01 -6.493765e+00 -2.389812e+00 -4.639327e+00 1.752758e-02 -5.606439e+00 5.914217e-01 -6.236144e+00 4.960290e-01 -6.082042e+00 5.551212e-01 -5.301921e+00 5.654911e+01 -4.363937e-01 5.358182e-01 -5.275022e-01 2.759334e-01 2.048466e-01 -5.772215e-01 5.732491e-01 -5.483671e-01 3.984149e-01 -5.690355e-01 -4.770286e-02 -1.108682e-02 2.957969e-01 -3.337787e-01 4.505171e-01 -3.581674e-01 2.633028e-01 7.700960e-02 -6.302153e-02 3.617145e-01 -1.804671e-01 3.237123e-01 -2.348979e-01 1.108961e-01 -6.075681e-02 1.760130e-01
<VARIANCE> 39
 8.448819e-01 1.706930e+00 5.350526e+00 8.413084e+00 7.181244e+00 8.005062e+00 9.474002e+00 1.705525e+01 1.247767e+01 8.254656e+00 1.123187e+01 1.499750e+01 3.205989e-01 5.462908e-01 1.176257e+00 9.181653e-01 8.897695e-01 8.103192e-01 1.168218e+00 2.360134e+00 1.805110e+00 2.756773e+00 1.351198e+00 1.488807e+00 1.740673e+00 1.301493e-01 9.701616e-02 2.736723e-01 1.738914e-01 1.452498e-01 1.734874e-01 2.664074e-01 4.464362e-01 4.094196e-01 4.909589e-01 2.266212e-01 2.987936e-01 4.013752e-01 2.008048e-02
<GCONST> 7.428306e+01
<STATE> 3
<MEAN> 39
 -2.376391e+01 1.975427e+00 -9.195225e+00 3.742323e-01 4.454874e-01 -7.468975e+00 7.714493e+00 -1.159883e+01 7.599944e+00 -1.236375e+01 2.860376e+00 -7.285265e+00 5.985983e+01 -2.096661e+00 3.121139e+00 -2.112624e+00 1.910557e+00 3.876680e-02 -7.614809e-01 1.909337e+00 -1.214191e+00 1.526932e+00 -6.026604e-01 8.715971e-01 5.131521e-01 1.167830e+00 6.888837e-02 -1.348762e-01 1.496260e-01 -3.911037e-02 7.712071e-02 -8.366260e-02 -2.638826e-01 3.424996e-01 -5.473489e-01 6.385828e-01 -1.252685e-01 4.305044e-01 7.184456e-03
<VARIANCE> 39
 6.778141e+00 1.664653e+01 1.220111e+01 1.411909e+01 1.908974e+01 1.527476e+01 2.203789e+01 2.820551e+01 2.338913e+01 3.072044e+01 3.850030e+01 2.605651e+01 2.376796e+00 6.017237e-01 1.351658e+00 1.289790e+00 6.455022e-01 2.012907e+00 1.320192e+00 3.005084e+00 3.013406e+00 2.517360e+00 2.727048e+00 3.191146e+00 2.760847e+00 2.308643e-01 1.341239e-01 3.768358e-01 2.081332e-01 2.758403e-01 3.086710e-01 2.382660e-01 6.248553e-01 6.479020e-01 5.486000e-01 3.430034e-01 5.830971e-01 3.701412e-01 4.992394e-02
<GCONST> 9.788350e+01
<STATE> 4
<MEAN> 39
 -2.867937e+01 9.229197e+00 -1.349247e+01 3.298509e+00 3.296397e+00 -1.201184e+01 1.134422e+01 -1.141497e+01 5.678845e+00 -7.930799e+00 2.302110e+00 -9.083863e-01 6.342370e+01 1.153577e+00 3.727228e-01 4.085871e-01 -3.721461e-01 2.270413e-03 -7.711620e-01 -9.860429e-01 -4.590228e-02 -6.062088e-01 5.128721e-01 -4.553287e-01 6.328046e-03 4.621432e-01 1.227690e+00 -3.529939e-01 6.125688e-01 -5.025187e-01 -3.095808e-01 1.408028e-02 -1.023975e+00 -1.915526e-01 -1.779456e-01 -9.804363e-02 -1.573734e-01 -5.814265e-01 3.901189e-02
<VARIANCE> 39
 8.269668e+00 1.419481e+01 9.478045e+00 1.867759e+01 2.226491e+01 1.163186e+01 1.279093e+01 1.794574e+01 2.890385e+01 4.134110e+01 3.340738e+01 2.828252e+01 2.788967e+00 6.158622e+00 1.733925e+00 2.222874e+00 1.219332e+00 1.779840e+00 1.534589e+00 4.773808e+00 3.075583e+00 2.927324e+00 2.583602e+00 3.562042e+00 2.859426e+00 5.637059e-01 2.151545e-01 5.475446e-01 2.500540e-01 1.335279e-01 3.496306e-01 3.247069e-01 5.848482e-01 6.398151e-01 7.736083e-01 4.334254e-01 7.943786e-01 3.979109e-01 2.080459e-01
<GCONST> 1.058908e+02
<STATE> 5
<MEAN> 39
 -9.501060e+00 1.000614e+01 -5.796714e+00 -1.902122e+00 -1.169172e+00 -1.491040e+01 -5.199139e+00 -1.593712e+01 2.498016e+00 -8.514795e+00 7.858230e-01 -8.412078e+00 6.792120e+01 3.891849e+00 4.428920e-01 1.326942e+00 -1.002941e+00 -6.227410e-01 1.213491e-02 -2.969040e+00 -1.363376e+00 -1.279216e+00 2.869783e-01 5.095912e-01 -7.725278e-01 1.195370e+00 -7.033927e-01 -1.060518e-01 -9.759442e-02 3.214833e-01 2.353600e-01 3.434228e-01 8.101334e-01 1.455231e-01 -1.335230e-01 -1.756237e-02 3.197165e-01 4.154059e-01 -2.869251e-01
<VARIANCE> 39
 3.963155e+01 1.999515e+01 4.335086e+01 2.710764e+01 5.474118e+01 3.459650e+01 6.902888e+01 6.008420e+01 4.181804e+01 1.540703e+02 4.080823e+01 3.822830e+01 2.349372e+01 3.118802e+00 2.349888e+00 2.426826e+00 2.412032e+00 4.225099e+00 4.764567e+00 7.890306e+00 4.909521e+00 4.000527e+00 5.279650e+00 5.700388e+00 4.900362e+00 1.369318e+00 4.783620e-01 4.020681e-01 4.066586e-01 3.641200e-01 5.658356e-01 7.663870e-01 1.023878e+00 9.115043e-01 8.229810e-01 8.486099e-01 5.352912e-01 6.277068e-01 2.901703e-01
<GCONST> 1.305404e+02
<STATE> 6
<MEAN> 39
 -1.075037e+00 9.255777e+00 1.724632e+00 -2.761327e+00 -3.426898e+00 -1.308568e+01 -6.936059e+00 -1.590621e+01 -4.585711e+00 -5.900262e+00 4.015995e+00 -7.815503e+00 6.748357e+01 3.868217e-01 -2.807016e-01 1.184387e+00 4.499472e-03 -4.411727e-01 -3.267275e-02 1.698672e-01 7.300196e-01 -7.990957e-01 3.646675e-02 -1.077513e-01 -2.440314e-01 -4.541613e-01 -1.922584e-01 -9.884352e-02 5.200970e-02 2.949121e-02 -1.502095e-01 -1.702426e-01 2.202538e-02 1.593897e-01 5.180635e-02 2.531214e-02 -9.523395e-02 -1.690154e-02 9.867989e-04
<VARIANCE> 39
 9.310535e+00 1.083234e+01 3.222376e+01 2.128643e+01 4.786296e+01 2.556265e+01 4.328928e+01 5.087434e+01 2.109163e+01 6.358796e+01 7.892808e+01 4.163976e+01 7.768891e+00 2.354101e-01 4.318801e-01 7.795076e-01 1.165193e+00 1.486086e+00 1.001593e+00 2.000957e+00 1.715572e+00 2.013152e+00 2.228281e+00 2.032839e+00 1.121855e+00 1.457817e-01 4.996365e-02 8.559672e-02 9.199958e-02 1.438046e-01 3.947662e-01 2.142707e-01 2.809955e-01 4.248936e-01 3.701435e-01 3.741315e-01 4.265367e-01 3.089364e-01 3.309116e-02
<GCONST> 9.283868e+01
<STATE> 7
<MEAN> 39
 -6.885577e-01 4.958983e+00 1.093956e+01 -1.767201e+00 -1.106796e+01 -1.526994e+01 -6.218579e+00 -1.234402e+01 -1.046815e+01 -4.350593e+00 2.778831e+00 -9.940110e+00 6.633894e+01 -5.228311e-01 -1.840306e+00 3.205116e+00 -1.147284e-01 -3.745145e+00 -6.776426e-01 -3.263551e-02 1.861130e-02 -2.112763e+00 1.703462e+00 1.083049e+00 3.381594e-01 9.014031e-01 -2.319406e-01 -1.590157e-01 3.237213e-01 -2.831667e-01 -4.144854e-01 1.829586e-01 -4.887870e-02 -2.360755e-01 -5.060386e-02 2.027975e-01 2.731526e-01 3.352625e-01 3.684717e-01
<VARIANCE> 39
 5.523571e+00 1.632038e+01 3.944439e+01 4.238819e+01 7.860776e+01 3.505288e+01 2.491282e+01 4.117123e+01 6.832082e+01 4.160462e+01 6.602676e+01 2.510257e+01 5.473231e+00 4.587706e-01 1.474300e+00 3.120037e+00 1.309745e+00 5.487284e+00 3.391128e+00 1.504274e+00 4.532217e+00 1.122983e+01 8.023005e+00 3.810652e+00 3.722818e+00 6.025726e-01 6.885020e-02 3.174589e-01 5.962223e-01 3.900327e-01 1.364250e+00 6.837781e-01 2.321393e-01 4.706654e-01 1.435322e+00 7.344209e-01 7.985721e-01 2.820262e-01 8.345832e-02
<GCONST> 1.165398e+02
<STATE> 8
<MEAN> 39
 -4.560700e+00 -9.051677e-01 2.472872e+01 -5.587905e+00 -2.106051e+01 -1.446098e+01 -7.131246e+00 -9.324085e+00 -1.998379e+01 -2.751878e-01 8.284522e+00 -4.906435e+00 7.190130e+01 -3.330662e-01 -6.963805e-01 1.623135e-01 1.206146e-01 -6.490186e-01 -3.268190e-01 2.287459e-02 5.310849e-01 2.586196e-01 -6.856987e-01 -8.805860e-02 1.414397e+00 4.551620e-01 2.369084e-01 1.738564e-01 -7.382104e-01 2.805905e-01 7.355120e-01 -8.015189e-02 -3.636843e-02 1.791454e-01 4.267086e-01 -4.519298e-01 -3.375934e-01 -6.898821e-02 -2.841043e-01
<VARIANCE> 39
 7.037256e+00 1.569996e+01 1.295816e+02 5.312084e+01 1.043593e+02 8.919568e+01 4.327042e+01 1.350779e+02 2.869953e+02 1.081608e+02 9.351828e+01 4.776204e+01 7.711991e+00 8.676000e-01 8.208398e-01 4.722027e+00 4.027420e+00 2.680677e+00 4.561383e+00 2.705112e+00 3.331096e+00 4.433707e+00 3.347142e+00 2.748339e+00 2.206540e+00 6.408674e-01 9.584697e-02 2.463681e-01 3.998609e-01 4.451645e-01 6.389669e-01 8.080101e-01 5.515523e-01 7.194458e-01 1.149230e+00 7.171516e-01 6.286236e-01 5.028296e-01 7.764699e-02
<GCONST> 1.242262e+02
<STATE> 9
<MEAN> 39
 -2.855917e+00 -3.565663e+00 1.568295e+01 -1.563497e+00 -1.754677e+01 -1.642414e+01 -8.834348e+00 -9.076221e+00 -8.417630e+00 -6.357605e+00 3.089077e+00 -1.001727e+00 7.001418e+01 6.561789e-01 -2.248367e-01 -2.310833e+00 -2.303632e-01 2.709919e+00 4.484252e-01 -1.344245e+00 -4.040765e-01 1.773415e+00 6.318086e-01 -1.034232e+00 -8.309624e-01 -3.174320e-01 6.277235e-02 -2.403024e-02 -2.954386e-01 -3.675947e-01 1.608392e-01 2.526558e-01 -6.980155e-02 -3.679265e-01 7.873607e-02 6.095825e-01 9.133787e-03 -3.867433e-01 1.164186e-01
<VARIANCE> 39
 4.789647e+00 7.226498e+00 9.175520e+01 2.735909e+01 1.231335e+02 4.396265e+01 3.001974e+01 1.149552e+02 1.316280e+02 7.945278e+01 7.889236e+01 3.233313e+01 4.515480e+00 2.679766e-01 1.027434e+00 1.499059e+00 2.102448e+00 1.089572e+00 2.590192e+00 1.854244e+00 2.929169e+00 4.675214e+00 5.264173e+00 2.929026e+00 2.954269e+00 2.063802e-01 2.633211e-02 1.719519e-01 1.362388e-01 2.271679e-01 2.788969e-01 5.715082e-01 4.190021e-01 5.360210e-01 2.938549e-01 6.006204e-01 5.404152e-01 4.728981e-01 3.977148e-02
<GCONST> 1.062443e+02
<STATE> 10
<MEAN> 39
 5.579841e-01 -4.027656e+00 1.376947e+00 -7.470905e+00 -3.359772e+00 -1.654818e+01 -1.449183e+01 -1.066920e+01 -2.964837e+00 2.691891e+00 -1.497159e+00 -7.201641e+00 7.082794e+01 3.565873e-01 -1.122588e+00 -2.134184e+00 -1.421291e+00 1.291732e+00 1.023345e+00 6.666581e-01 1.273993e+00 1.275400e+00 7.579097e-02 -1.911432e+00 -1.487108e+00 6.154849e-01 -1.698498e-01 -3.584537e-01 3.396124e-01 -1.394113e-02 -4.747795e-01 2.216238e-01 6.073387e-01 7.501389e-01 -2.687866e-01 -6.339536e-01 -3.107799e-01 1.172263e-01 1.891365e-01
<VARIANCE> 39
 4.294961e+00 3.086248e+01 6.133509e+01 4.446540e+01 7.766817e+01 7.146152e+01 2.416673e+01 6.976590e+01 4.957392e+01 9.588007e+01 1.480958e+02 3.686985e+01 7.511615e+00 3.160977e-01 2.176352e+00 1.593166e+00 1.853709e+00 2.237163e+00 3.585368e+00 2.812166e+00 5.411653e+00 2.194367e+00 4.595159e+00 3.870839e+00 2.445840e+00 4.196898e-01 3.966518e-02 1.996080e-01 1.430585e-01 3.587268e-01 3.145231e-01 2.002696e-01 3.783213e-01 3.526877e-01 3.300724e-01 6.409924e-01 6.378295e-01 5.592158e-01 2.742671e-02
<GCONST> 1.100515e+02
<STATE> 11
<MEAN> 39
 8.596673e-02 -1.438286e+01 -3.408993e+00 -1.201138e+01 -6.363740e+00 -2.119649e+00 -6.484525e+00 -2.109474e+00 3.744474e+00 -2.133654e+00 -1.024337e+01 -9.808855e+00 7.531004e+01 -2.295403e-01 -1.143771e+00 -2.461592e-01 1.112997e-02 -5.479815e-02 5.559825e-01 1.187779e+00 1.509655e+00 -8.611076e-02 -1.195791e+00 -9.030015e-01 1.092592e+00 5.194182e-01 -2.339195e-02 4.797056e-01 3.626519e-01 3.173493e-01 -1.135506e-02 -5.813351e-01 -2.248874e-01 -4.675036e-01 -1.817910e-01 1.996321e-01 6.229012e-01 3.616308e-01 -2.487252e-01
<VARIANCE> 39
 4.846486e+00 1.435135e+01 6.592554e+01 1.032403e+01 1.530744e+02 1.332052e+02 3.518809e+01 1.400491e+02 7.998295e+01 7.111669e+01 9.103738e+01 8.076411e+01 6.876877e+00 2.159271e-01 1.720112e+00 1.289188e+00 1.285947e+00 8.537285e-01 3.795284e+00 2.451276e+00 1.910929e+00 1.502298e+00 2.421029e+00 2.343652e+00 2.163492e+00 3.634287e-01 4.482762e-02 1.729582e-01 2.116290e-01 2.710208e-01 1.374838e-01 3.076602e-01 3.279220e-01 3.486325e-01 2.297411e-01 3.590095e-01 3.209529e-01 4.335265e-01 3.503642e-02
<GCONST> 1.036136e+02
<STATE> 12
<MEAN> 39
 -1.090901e+00 -1.431015e+01 -4.719663e+00 -8.951873e+00 -2.626956e+00 -1.593438e+01 -4.701733e-01 4.563673e+00 -4.211152e+00 -9.623979e+00 -1.066904e+01 -2.926430e+00 7.516371e+01 -8.387321e-02 7.625503e-01 7.734019e-01 7.232428e-01 -4.168305e-01 -3.156118e-01 1.674383e-01 -5.838489e-01 -2.663994e-01 -3.086708e-01 7.340347e-01 4.417659e-01 -5.605546e-01 1.069224e-02 4.555148e-01 1.856326e-01 1.341014e-01 3.561388e-02 1.307138e-01 -3.868580e-01 -4.688350e-01 -5.045515e-02 1.719450e-02 3.563529e-02 -2.113708e-01 -2.314760e-01
<VARIANCE> 39
 4.379202e+00 1.757596e+01 3.559819e+01 5.806493e+00 5.116165e+01 1.203968e+02 3.063157e+01 1.080804e+02 8.260329e+01 6.361739e+01 4.944324e+01 5.352898e+01 9.825968e+00 1.099501e-01 1.653661e+00 8.135939e-01 6.398708e-01 1.429033e+00 1.396323e+00 2.037580e+00 2.820043e+00 1.259639e+00 9.266933e-01 1.380565e+00 1.312626e+00 5.228223e-01 2.491776e-02 1.065004e-01 9.654845e-02 7.721873e-02 2.091354e-01 2.103176e-01 3.244228e-01 2.937613e-01 2.591870e-01 2.452247e-01 2.965746e-01 2.246267e-01 4.280563e-02
<GCONST> 9.217726e+01
<STATE> 13
<MEAN> 39
 -1.037725e+00 -5.474372e+00 3.298608e+00 -4.540940e+00 -4.915359e+00 -9.842932e+00 -6.360916e+00 -6.386659e+00 -1.560904e+00 -9.428590e+00 -7.414244e+00 -4.285719e+00 6.985960e+01 -5.490501e-02 2.355982e+00 1.133183e+00 7.550808e-01 2.081679e-01 -2.564493e-01 -1.036509e+00 -1.613889e+00 -4.863780e-01 -7.832023e-01 3.215443e-01 -4.017960e-01 -1.092508e+00 1.434303e-03 -2.008848e-01 -2.254684e-01 -2.239369e-01 4.281744e-02 1.119622e-01 2.557173e-01 3.704568e-01 1.314281e-01 -6.942567e-02 -1.462678e-01 -1.470996e-01 1.481291e-01
<VARIANCE> 39
 2.709205e+00 1.277656e+01 2.764166e+01 7.820915e+00 2.744878e+01 5.659746e+01 2.490863e+01 4.659901e+01 5.565778e+01 3.301377e+01 7.025578e+01 5.579375e+01 4.640422e+00 1.977861e-01 3.855138e-01 6.198418e-01 1.125031e+00 2.985882e+00 2.895859e+00 1.863348e+00 2.228933e+00 2.292439e+00 1.696532e+00 1.215338e+00 1.060280e+00 1.412909e-01 2.886330e-02 5.689510e-02 3.441134e-02 1.165601e-01 2.742748e-01 2.725251e-01 2.288381e-01 2.621395e-01 1.503738e-01 1.360655e-01 1.933029e-01 1.487211e-01 1.133584e-02
<GCONST> 8.337318e+01
<STATE> 14
<MEAN> 39
 -1.388346e+00 3.040828e+00 3.935010e+00 -4.413059e+00 -4.971779e+00 -1.250858e+01 -8.330548e+00 -1.001703e+01 -6.582259e+00 -1.645907e+01 -1.049868e+01 -9.716136e+00 6.575937e+01 -4.843621e-01 8.834068e-01 2.444706e-01 4.998251e-01 6.704149e-01 7.080726e-01 2.002240e-01 -7.070513e-01 -4.386887e-01 -5.892991e-01 2.191965e-01 -2.786414e-01 -6.871105e-01 -1.382094e-01 -2.583821e-01 -9.301538e-02 7.903183e-02 1.832145e-01 9.479487e-02 1.690851e-01 8.118746e-02 -2.419214e-02 1.190494e-01 9.516642e-02 7.976560e-02 -7.195232e-03
<VARIANCE> 39
 4.510852e+00 1.366446e+01 8.149526e+00 6.017643e+00 1.031669e+01 2.139209e+01 8.918251e+00 3.146492e+01 3.363444e+01 4.171632e+01 4.460219e+01 4.199116e+01 5.601880e+00 1.379861e-01 5.311370e-01 4.379786e-01 5.387402e-01 7.332506e-01 1.227584e+00 9.373919e-01 6.912078e-01 1.585801e+00 2.241576e+00 1.495266e+00 1.157988e+00 6.471269e-02 1.276566e-02 2.956289e-02 2.359659e-02 8.096582e-02 1.139900e-01 2.620355e-01 2.236363e-01 1.482091e-01 2.105361e-01 3.853596e-01 2.943211e-01 1.898577e-01 7.657035e-03
<GCONST> 7.038375e+01
<STATE> 15
<MEAN> 39
 -5.102171e+00 3.492047e+00 6.495593e+00 1.930316e+00 4.007592e+00 -3.794389e+00 -2.238153e+00 -5.749191e+00 6.032439e-01 -1.162889e+01 -3.717728e+00 -3.954871e+00 6.300869e+01 -7.766789e-01 2.890256e-01 -2.442189e-01 2.387892e-01 5.513136e-01 2.483287e-01 5.026778e-01 2.591344e-01 4.512643e-02 9.544334e-02 3.169088e-01 -7.763030e-02 -8.247158e-01 -6.263312e-02 -1.775493e-01 -9.453250e-02 -1.793573e-01 -2.705885e-01 -8.293423e-02 -1.395579e-02 -1.508350e-02 2.413576e-02 1.460675e-01 3.459883e-02 -3.596387e-03 3.102968e-02
<VARIANCE> 39
 6.154501e+00 5.906140e+00 9.089458e+00 8.597932e+00 2.016561e+01 2.304636e+01 2.313735e+01 5.414664e+01 3.205242e+01 2.974742e+01 1.960704e+01 1.657050e+01 5.415228e+00 1.764418e-01 7.223525e-01 4.598993e-01 7.374708e-01 1.180286e+00 5.169836e-01 1.029356e+00 1.930602e+00 8.485272e-01 1.643852e+00 1.369934e+00 1.752143e+00 4.349986e-02 1.443332e-02 5.126905e-02 7.578901e-02 1.137700e-01 7.242724e-02 1.112004e-01 1.691739e-01 3.168974e-01 1.576620e-01 2.672725e-01 1.774911e-01 3.426109e-01 5.634933e-03
<GCONST> 7.150597e+01
<STATE> 16
<MEAN> 39
 -9.765786e+00 3.583216e+00 3.964826e+00 -2.123994e+00 -3.846926e-01 -6.463898e+00 -3.144861e+00 -1.269137e+01 -8.557762e+00 -1.529378e+01 -4.578870e+00 -9.469248e+00 5.917775e+01 -8.257883e-01 -4.314712e-01 -1.022366e-01 -7.290621e-02 2.732892e-01 6.146030e-01 7.208238e-01 -2.112348e-01 -4.819009e-01 -6.292044e-02 2.460592e-01 -1.463635e-01 -4.157740e-01 7.186566e-02 -7.543307e-02 -1.608605e-02 9.655853e-02 1.726660e-01 9.912083e-02 4.551425e-02 1.172281e-01 4.526142e-02 -1.071316e-01 -1.565719e-01 1.221591e-01 8.008458e-02
<VARIANCE> 39
 3.907708e+00 9.940628e+00 1.567010e+01 1.225471e+01 1.057196e+01 1.741271e+01 1.538514e+01 1.963091e+01 7.706225e+01 3.485586e+01 2.649023e+01 3.037307e+01 1.166428e+00 1.135364e-01 4.198810e-01 8.126354e-01 5.680874e-01 9.245020e-01 9.269745e-01 1.577869e+00 1.405854e+00 2.090281e+00 1.728903e+00 1.419553e+00 2.641071e+00 4.324980e-02 2.169929e-02 8.719960e-02 1.530093e-01 8.485483e-02 1.321972e-01 2.111464e-01 2.990719e-01 2.201018e-01 4.088432e-01 3.166707e-01 2.500689e-01 4.740426e-01 8.201886e-03
<GCONST> 7.665838e+01
<STATE> 17
<MEAN> 39
 -1.411079e+01 -9.293343e-01 4.201711e+00 4.131725e+00 9.753856e+00 3.266659e+00 4.840825e+00 -8.312582e+00 -7.191706e+00 -1.524814e+01 -4.786071e+00 -6.652899e+00 5.750033e+01 -4.573751e-01 -7.441155e-01 -3.740791e-01 8.423211e-02 6.017380e-01 7.643483e-01 5.486650e-01 3.062876e-01 -8.954271e-02 -2.107064e-01 -3.726264e-01 -2.057419e-01 -1.396677e-01 8.427773e-03 1.264358e-03 -4.856900e-02 -7.456800e-02 -1.133469e-01 -1.206663e-01 -5.525091e-02 6.899440e-02 7.406048e-02 8.684037e-02 3.438288e-03 -8.941883e-02 2.548649e-03
<VARIANCE> 39
 4.564242e+00 5.426218e+00 5.788482e+00 1.711028e+01 2.080033e+01 2.109413e+01 2.601641e+01 2.397555e+01 4.465425e+01 3.167149e+01 3.481709e+01 2.440169e+01 7.193483e-01 2.167407e-01 4.392204e-01 5.608923e-01 8.534694e-01 1.243923e+00 1.183843e+00 1.168159e+00 1.542361e+00 2.650598e+00 1.671933e+00 1.306829e+00 1.459204e+00 3.716318e-02 3.249600e-02 6.307206e-02 7.263292e-02 1.258242e-01 1.972252e-01 1.752108e-01 2.411134e-01 2.898601e-01 4.968713e-01 3.344568e-01 2.700254e-01 2.694743e-01 5.268086e-03
<GCONST> 7.582819e+01
<STATE> 18
<MEAN> 39
 -1.608624e+01 -4.614331e+00 -1.093200e+00 -2.896965e+00 2.942916e+00 -1.826739e+00 2.517166e+00 -6.464702e+00 -3.610628e+00 -1.039752e+01 -2.681604e+00 -7.865052e+00 5.688933e+01 -5.066268e-01 -5.428191e-01 -3.329519e-01 -1.895298e-01 -4.369518e-01 -1.170744e-01 2.930568e-01 6.364655e-01 9.656171e-01 1.053548e+00 6.268440e-01 1.759798e-01 -1.806998e-01 4.778791e-02 1.007265e-01 1.260843e-01 5.871193e-03 -2.725701e-02 4.156373e-02 -1.301830e-02 2.154393e-02 9.575871e-02 8.391798e-02 1.367150e-01 8.759425e-03 1.773506e-02
<VARIANCE> 39
 2.356150e+00 2.937101e+00 7.475882e+00 1.772220e+01 3.629892e+01 4.999462e+01 3.357924e+01 3.120374e+01 3.315467e+01 3.148569e+01 1.236269e+01 7.572650e+00 5.972102e-01 1.118052e-01 2.410517e-01 3.862159e-01 5.258383e-01 8.965633e-01 2.357140e+00 1.377370e+00 1.556511e+00 2.467230e+00 1.953061e+00 1.568493e+00 8.870337e-01 3.885337e-02 1.221932e-02 4.032184e-02 7.817170e-02 9.078544e-02 1.940671e-01 4.686618e-01 2.174705e-01 2.725948e-01 4.621061e-01 3.428181e-01 2.989107e-01 1.805682e-01 6.709831e-03
<GCONST> 7.133604e+01
<STATE> 19
<MEAN> 39
 -1.885668e+01 -6.936530e+00 -8.722808e-01 -1.223458e+00 5.825034e+00 2.172278e+00 6.344770e+00 -3.919498e+00 1.539043e-01 -9.023237e+00 -2.243716e+00 -9.010742e+00 5.598097e+01 -2.996525e-01 -2.365439e-01 -2.869375e-02 1.198466e-01 5.761036e-01 4.864463e-01 4.528043e-02 -1.890425e-01 7.537957e-02 -5.715493e-02 -1.247656e-01 -2.778466e-01 -1.312288e-01 3.406552e-02 -3.382233e-02 -1.091341e-01 -1.357694e-02 1.049310e-01 2.081171e-01 6.251163e-02 -1.431472e-01 -2.894001e-01 -1.260968e-01 -1.306823e-01 -7.740610e-02 -1.421127e-02
<VARIANCE> 39
 4.979475e+00 5.639956e+00 1.239402e+01 2.917760e+01 4.370398e+01 3.551808e+01 4.192133e+01 4.276862e+01 5.212540e+01 6.979026e+01 5.326571e+01 2.022290e+01 8.229548e-01 2.386744e-01 3.892277e-01 6.669270e-01 9.892968e-01 1.475537e+00 2.726517e+00 2.831795e+00 4.074383e+00 2.723383e+00 1.888537e+00 1.695503e+00 1.288707e+00 7.082359e-02 4.564654e-02 9.570596e-02 2.154381e-01 2.821833e-01 2.794928e-01 2.322090e-01 3.109760e-01 8.119816e-01 5.423747e-01 4.825872e-01 4.050395e-01 2.263714e-01 1.199024e-02
<GCONST> 9.104763e+01
<TRANSP> 20
 0.000000e+00 1.000000e+00 0.000000e+00 0.000000e+00 0.000000e+00 0.000000e+00 0.000000e+00 0.000000e+00 0.000000e+00 0.000000e+00 0.000000e+00 0.000000e+00 0.000000e+00 0.000000e+00 0.000000e+00 0.000000e+00 0.000000e+00 0.000000e+00 0.000000e+00 0.000000e+00
 0.000000e+00 8.181682e-01 1.818318e-01 0.000000e+00 0.000000e+00 0.000000e+00 0.000000e+00 0.000000e+00 0.000000e+00 0.000000e+00 0.000000e+00 0.000000e+00 0.000000e+00 0.000000e+00 0.000000e+00 0.000000e+00 0.000000e+00 0.000000e+00 0.000000e+00 0.000000e+00
 0.000000e+00 0.000000e+00 6.933627e-01 3.066373e-01 0.000000e+00 0.000000e+00 0.000000e+00 0.000000e+00 0.000000e+00 0.000000e+00 0.000000e+00 0.000000e+00 0.000000e+00 0.000000e+00 0.000000e+00 0.000000e+00 0.000000e+00 0.000000e+00 0.000000e+00 0.000000e+00
 0.000000e+00 0.000000e+00 0.000000e+00 8.057122e-01 1.942878e-01 0.000000e+00 0.000000e+00 0.000000e+00 0.000000e+00 0.000000e+00 0.000000e+00 0.000000e+00 0.000000e+00 0.000000e+00 0.000000e+00 0.000000e+00 0.000000e+00 0.000000e+00 0.000000e+00 0.000000e+00
 0.000000e+00 0.000000e+00 0.000000e+00 0.000000e+00 7.747992e-01 2.252007e-01 0.000000e+00 0.000000e+00 0.000000e+00 0.000000e+00 0.000000e+00 0.000000e+00 0.000000e+00 0.000000e+00 0.000000e+00 0.000000e+00 0.000000e+00 0.000000e+00 0.000000e+00 0.000000e+00
 0.000000e+00 0.000000e+00 0.000000e+00 0.000000e+00 0.000000e+00 8.837873e-01 1.162127e-01 0.000000e+00 0.000000e+00 0.000000e+00 0.000000e+00 0.000000e+00 0.000000e+00 0.000000e+00 0.000000e+00 0.000000e+00 0.000000e+00 0.000000e+00 0.000000e+00 0.000000e+00
 0.000000e+00 0.000000e+00 0.000000e+00 0.000000e+00 0.000000e+00 0.000000e+00 7.291896e-01 2.708103e-01 0.000000e+00 0.000000e+00 0.000000e+00 0.000000e+00 0.000000e+00 0.000000e+00 0.000000e+00 0.000000e+00 0.000000e+00 0.000000e+00 0.000000e+00 0.000000e+00
 0.000000e+00 0.000000e+00 0.000000e+00 0.000000e+00 0.000000e+00 0.000000e+00 0.000000e+00 8.319972e-01 1.680028e-01 0.000000e+00 0.000000e+00 0.000000e+00 0.000000e+00 0.000000e+00 0.000000e+00 0.000000e+00 0.000000e+00 0.000000e+00 0.000000e+00 0.000000e+00
 0.000000e+00 0.000000e+00 0.000000e+00 0.000000e+00 0.000000e+00 0.000000e+00 0.000000e+00 0.000000e+00 8.005174e-01 1.994826e-01 0.000000e+00 0.000000e+00 0.000000e+00 0.000000e+00 0.000000e+00 0.000000e+00 0.000000e+00 0.000000e+00 0.000000e+00 0.000000e+00
 0.000000e+00 0.000000e+00 0.000000e+00 0.000000e+00 0.000000e+00 0.000000e+00 0.000000e+00 0.000000e+00 0.000000e+00 7.954606e-01 2.045393e-01 0.000000e+00 0.000000e+00 0.000000e+00 0.000000e+00 0.000000e+00 0.000000e+00 0.000000e+00 0.000000e+00 0.000000e+00
 0.000000e+00 0.000000e+00 0.000000e+00 0.000000e+00 0.000000e+00 0.000000e+00 0.000000e+00 0.000000e+00 0.000000e+00 0.000000e+00 7.886704e-01 2.113296e-01 0.000000e+00 0.000000e+00 0.000000e+00 0.000000e+00 0.000000e+00 0.000000e+00 0.000000e+00 0.000000e+00
 0.000000e+00 0.000000e+00 0.000000e+00 0.000000e+00 0.000000e+00 0.000000e+00 0.000000e+00 0.000000e+00 0.000000e+00 0.000000e+00 0.000000e+00 8.215877e-01 1.784123e-01 0.000000e+00 0.000000e+00 0.000000e+00 0.000000e+00 0.000000e+00 0.000000e+00 0.000000e+00
 0.000000e+00 0.000000e+00 0.000000e+00 0.000000e+00 0.000000e+00 0.000000e+00 0.000000e+00 0.000000e+00 0.000000e+00 0.000000e+00 0.000000e+00 0.000000e+00 7.324150e-01 2.675850e-01 0.000000e+00 0.000000e+00 0.000000e+00 0.000000e+00 0.000000e+00 0.000000e+00
 0.000000e+00 0.000000e+00 0.000000e+00 0.000000e+00 0.000000e+00 0.000000e+00 0.000000e+00 0.000000e+00 0.000000e+00 0.000000e+00 0.000000e+00 0.000000e+00 0.000000e+00 7.857630e-01 2.142370e-01 0.000000e+00 0.000000e+00 0.000000e+00 0.000000e+00 0.000000e+00
 0.000000e+00 0.000000e+00 0.000000e+00 0.000000e+00 0.000000e+00 0.000000e+00 0.000000e+00 0.000000e+00 0.000000e+00 0.000000e+00 0.000000e+00 0.000000e+00 0.000000e+00 0.000000e+00 8.201730e-01 1.798270e-01 0.000000e+00 0.000000e+00 0.000000e+00 0.000000e+00
 0.000000e+00 0.000000e+00 0.000000e+00 0.000000e+00 0.000000e+00 0.000000e+00 0.000000e+00 0.000000e+00 0.000000e+00 0.000000e+00 0.000000e+00 0.000000e+00 0.000000e+00 0.000000e+00 0.000000e+00 8.251021e-01 1.748979e-01 0.000000e+00 0.000000e+00 0.000000e+00
 0.000000e+00 0.000000e+00 0.000000e+00 0.000000e+00 0.000000e+00 0.000000e+00 0.000000e+00 0.000000e+00 0.000000e+00 0.000000e+00 0.000000e+00 0.000000e+00 0.000000e+00 0.000000e+00 0.000000e+00 0.000000e+00 8.481137e-01 1.518863e-01 0.000000e+00 0.000000e+00
 0.000000e+00 0.000000e+00 0.000000e+00 0.000000e+00 0.000000e+00 0.000000e+00 0.000000e+00 0.000000e+00 0.000000e+00 0.000000e+00 0.000000e+00 0.000000e+00 0.000000e+00 0.000000e+00 0.000000e+00 0.000000e+00 0.000000e+00 8.062394e-01 1.937606e-01 0.000000e+00
 0.000000e+00 0.000000e+00 0.000000e+00 0.000000e+00 0.000000e+00 0.000000e+00 0.000000e+00 0.000000e+00 0.000000e+00 0.000000e+00 0.000000e+00 0.000000e+00 0.000000e+00 0.000000e+00 0.000000e+00 0.000000e+00 0.000000e+00 0.000000e+00 7.541662e-01 2.458338e-01
 0.000000e+00 0.000000e+00 0.000000e+00 0.000000e+00 0.000000e+00 0.000000e+00 0.000000e+00 0.000000e+00 0.000000e+00 0.000000e+00 0.000000e+00 0.000000e+00 0.000000e+00 0.000000e+00 0.000000e+00 0.000000e+00 0.000000e+00 0.000000e+00 0.000000e+00 0.000000e+00
<ENDHMM>
