~o
<STREAMINFO> 1 39
<VECSIZE> 39<NULLD><MFCC_D_A_0><DIAGC>
~h "tiga"
<BEGINHMM>
<NUMSTATES> 20
<STATE> 2
<MEAN> 39
 -1.810797e+01 -6.840196e+00 -2.133549e+00 -3.975511e+00 3.143634e-01 -6.217847e+00 2.379012e+00 -7.335777e+00 -2.329744e+00 -6.284401e+00 3.007729e+00 -4.739934e+00 5.791630e+01 6.457646e-01 9.081162e-01 1.862949e+00 4.535664e-01 -1.350767e+00 -1.817669e+00 1.567660e-01 -2.032991e+00 -2.236846e+00 7.610775e-02 3.119853e-01 -6.129702e-01 1.338721e+00 6.163408e-01 6.224262e-01 1.282340e+00 -7.301632e-02 -8.647811e-01 -4.659577e-01 -5.636654e-01 -6.448635e-01 -5.883526e-01 1.352340e-01 -3.355626e-01 -2.509092e-01 4.997832e-01
<VARIANCE> 39
 3.314602e+00 4.417527e+00 4.872786e+00 9.979842e+00 3.313685e+01 4.650681e+01 1.418140e+01 3.315251e+01 2.655059e+01 1.438173e+01 2.141871e+01 2.068852e+01 4.719767e+00 1.731769e+00 1.950227e+00 5.790749e+00 2.470732e+00 5.595279e+00 4.319922e+00 4.050609e+00 6.293522e+00 4.941276e+00 2.680138e+00 2.569966e+00 3.588510e+00 1.080458e+00 2.576743e-01 2.796941e-01 7.325328e-01 6.315836e-01 1.159586e+00 1.171430e+00 9.030988e-01 4.206437e-01 6.824273e-01 6.383795e-01 7.763723e-01 4.585926e-01 7.194231e-02
<GCONST> 1.119552e+02
<STATE> 3
<MEAN> 39
 -1.026581e+01 1.849563e+00 1.542328e+01 -3.618571e+00 -1.130208e+01 -1.349765e+01 -3.437833e+00 -2.053988e+01 -1.337417e+01 -3.186329e+00 6.905668e-01 -8.477887e+00 6.624346e+01 2.574566e+00 2.565942e+00 5.883250e+00 -1.494502e+00 -3.686052e+00 -6.636491e-01 -3.599044e+00 -2.192588e+00 -8.315223e-01 1.118964e+00 -8.043594e-01 -4.514687e-01 2.168380e+00 -3.447410e-01 -4.101994e-01 -6.111048e-01 -4.820618e-01 6.428506e-01 8.128312e-01 -6.977502e-02 1.280987e+00 1.137826e+00 -2.558488e-01 1.151015e-01 2.383453e-01 -4.271975e-01
<VARIANCE> 39
 2.033526e+01 2.586365e+01 1.067714e+02 5.962648e+01 1.021478e+02 4.380773e+01 9.835674e+01 9.807345e+01 4.541348e+01 5.956458e+01 3.662560e+01 5.705500e+01 1.562382e+01 1.334123e+00 2.186763e+00 6.239017e+00 7.751861e+00 8.988976e+00 8.221110e+00 5.892344e+00 7.181614e+00 4.387540e+00 5.227482e+00 7.275024e+00 3.583727e+00 9.330266e-01 3.827882e-01 3.607426e-01 1.460388e+00 7.341064e-01 1.190198e+00 8.701879e-01 1.627953e+00 1.040022e+00 4.911533e-01 8.123806e-01 5.562310e-01 6.631173e-01 1.424733e-01
<GCONST> 1.366864e+02
<STATE> 4
<MEAN> 39
 -7.017964e+00 4.506771e+00 2.785567e+01 -9.978149e+00 -1.664374e+01 -9.356389e+00 -1.122463e+01 -1.824231e+01 -9.885746e+00 -2.556021e+00 1.628938e+00 -1.001113e+01 7.003223e+01 3.079956e-01 1.986856e-01 7.166834e-01 -9.118903e-01 4.919649e-01 1.079699e+00 -6.437423e-01 1.542448e+00 1.216094e+00 -5.387300e-01 -1.060214e-01 -7.889462e-01 4.190072e-02 -3.721527e-01 -3.880872e-01 -1.403258e+00 7.146083e-01 8.534579e-01 -8.424342e-02 8.393484e-01 1.788891e-01 -1.760327e-02 -2.442460e-01 -3.833077e-02 -8.445332e-02 -5.397377e-01
<VARIANCE> 39
 5.412107e+00 2.835475e+01 1.042171e+02 1.048028e+02 1.575865e+02 5.099454e+01 6.661060e+01 1.239950e+02 4.403958e+01 5.826843e+01 8.493747e+01 4.170868e+01 1.124713e+01 3.246544e-01 6.136180e-01 2.167302e+00 1.398524e+00 1.157187e+00 2.327463e+00 2.284862e+00 2.362566e+00 1.585409e+00 1.700048e+00 1.657803e+00 1.736236e+00 4.004038e-01 1.179721e-01 2.568364e-01 3.140166e-01 3.923410e-01 5.662638e-01 6.445906e-01 9.785178e-01 7.367370e-01 2.531461e-01 4.481215e-01 7.100176e-01 3.190624e-01 5.502487e-02
<GCONST> 1.122818e+02
<STATE> 5
<MEAN> 39
 -7.572191e+00 4.927564e+00 2.526548e+01 -8.537718e+00 -9.389217e+00 -5.605535e+00 -1.015020e+01 -1.412667e+01 -8.618603e+00 -3.808752e+00 -1.307740e+00 -1.302310e+01 6.729260e+01 5.955099e-02 2.774751e-01 -1.602020e+00 1.231706e+00 1.496468e+00 -2.671268e-02 4.151406e-01 2.876397e-01 3.193911e-01 -8.662609e-01 -6.354262e-01 -1.523302e-01 -8.341146e-01 -3.199698e-02 -4.275291e-02 -9.459807e-02 1.645343e-01 4.397713e-02 -1.039492e-02 1.940786e-01 -2.410168e-02 -6.871038e-02 4.978286e-02 4.429162e-02 1.245469e-01 -6.364827e-03
<VARIANCE> 39
 3.219846e+00 1.503988e+01 5.821167e+01 7.816057e+01 1.142101e+02 3.448800e+01 5.613032e+01 8.211549e+01 2.013156e+01 3.398628e+01 5.130933e+01 3.727568e+01 7.666994e+00 9.543125e-02 3.808349e-01 6.152988e-01 1.290440e+00 1.249760e+00 8.152834e-01 2.462703e+00 1.886023e+00 1.188812e+00 9.941041e-01 2.157314e+00 1.862061e+00 8.932831e-02 2.702296e-02 8.493119e-02 1.350667e-01 1.651701e-01 1.633620e-01 2.322576e-01 2.825255e-01 2.168837e-01 2.595698e-01 1.956979e-01 2.562188e-01 2.290842e-01 2.645477e-02
<GCONST> 8.857571e+01
<STATE> 6
<MEAN> 39
 -6.691838e+00 6.136870e+00 1.047466e+01 -2.111288e+00 -2.782663e+00 -1.070280e+01 -8.901390e+00 -1.202206e+01 -5.462833e+00 -9.302144e+00 -1.234839e+00 -9.574422e+00 6.230587e+01 -4.025078e-01 -5.050502e-01 -9.553551e-01 7.896715e-01 6.855766e-01 5.127105e-01 8.680949e-01 2.910203e-01 3.066958e-01 -1.772823e-01 7.801115e-03 4.252916e-01 -4.873285e-01 -1.581221e-01 -1.500559e-01 1.081410e-01 -5.793050e-02 -1.625782e-01 -1.481155e-01 4.608268e-02 -2.301693e-01 -8.114407e-02 -2.914946e-02 1.085979e-01 1.580107e-01 1.355726e-01
<VARIANCE> 39
 5.025481e+00 4.742873e+00 1.930859e+01 1.259500e+01 3.732981e+01 3.078383e+01 1.540462e+01 2.927257e+01 2.382790e+01 2.200550e+01 3.691574e+01 2.731438e+01 2.244759e+00 2.098326e-01 6.229810e-01 9.450500e-01 9.164158e-01 7.727835e-01 9.316984e-01 1.465280e+00 1.304650e+00 7.565504e-01 1.475705e+00 2.095086e+00 1.224495e+00 8.183150e-02 5.163439e-02 1.814710e-01 1.545688e-01 1.793113e-01 1.223182e-01 2.900580e-01 3.628605e-01 4.148068e-01 1.484375e-01 3.096430e-01 4.570212e-01 3.072822e-01 3.398569e-02
<GCONST> 8.226408e+01
<STATE> 7
<MEAN> 39
 -8.725014e+00 3.333995e+00 1.069632e+01 1.591377e+00 -2.348261e+00 -7.578405e+00 -3.803519e+00 -1.411339e+01 -5.566740e+00 -1.057488e+01 -3.751054e+00 -9.968041e+00 6.179266e+01 -1.229803e+00 -1.792750e+00 -7.735780e-01 1.262344e+00 -5.055230e-01 -1.593373e+00 2.262020e+00 -3.336260e-01 -6.173265e-01 -3.351347e-01 1.273145e+00 1.073807e+00 8.104425e-01 -2.256220e-03 -4.565235e-01 4.297046e-01 -8.771185e-02 -1.386358e+00 -9.881173e-01 3.252061e-01 -1.643826e-01 -4.536609e-01 3.235755e-01 8.057837e-01 2.950532e-01 6.290403e-01
<VARIANCE> 39
 4.299895e+00 1.324033e+01 2.267825e+01 1.447480e+01 4.048904e+01 1.908142e+01 1.414397e+01 2.509998e+01 1.312809e+01 2.047907e+01 5.563176e+01 4.855430e+01 2.211722e+00 8.616815e-01 3.175807e+00 1.746253e+00 3.222018e+00 3.734478e+00 8.288251e+00 3.609310e+00 7.117741e+00 3.755985e+00 2.310044e+00 6.039465e+00 3.098380e+00 7.502875e-01 1.973783e-01 2.394898e-01 3.575354e-01 4.775761e-01 9.159514e-01 5.852919e-01 8.000191e-01 7.229496e-01 3.669229e-01 7.498547e-01 9.804613e-01 5.693446e-01 6.394622e-02
<GCONST> 1.119258e+02
<STATE> 8
<MEAN> 39
 -1.258137e+01 -3.104593e+00 7.986756e+00 4.265331e+00 -6.344999e+00 -1.716833e+01 5.990094e+00 -1.577416e+01 -7.089038e+00 -1.097789e+01 2.703691e+00 -4.121912e+00 6.639291e+01 7.979717e-01 -7.435096e-01 1.287841e+00 -2.525903e-01 -4.297772e+00 -3.707416e+00 5.931978e-01 -5.289917e-01 -1.460452e+00 1.027763e+00 2.814387e+00 1.152307e+00 1.800983e+00 9.360609e-01 2.720402e-01 5.107337e-01 -4.526851e-01 -9.104784e-01 -3.256573e-01 -1.164627e+00 8.999436e-01 6.608844e-02 2.099280e-01 2.936678e-01 -1.770194e-01 1.512279e-01
<VARIANCE> 39
 9.768498e+00 5.410094e+01 4.777818e+01 4.537083e+01 7.808829e+01 1.059316e+02 5.215897e+01 1.276075e+02 5.899657e+01 7.090690e+01 1.152050e+02 3.653695e+01 9.229238e+00 2.932637e+00 5.071442e+00 3.373819e+00 3.295781e+00 1.033829e+01 5.279666e+00 9.855804e+00 8.294977e+00 3.743527e+00 6.263222e+00 7.576800e+00 5.320148e+00 8.155313e-01 1.653390e-01 1.099153e+00 6.701746e-01 6.074895e-01 1.172490e+00 1.228919e+00 8.893933e-01 1.370427e+00 1.482969e+00 1.028040e+00 1.330756e+00 4.706348e-01 1.795689e-01
<GCONST> 1.387137e+02
<STATE> 9
<MEAN> 39
 -5.060237e+00 -4.612031e+00 1.659811e+01 1.682476e+00 -2.526579e+01 -2.694586e+01 -5.493343e-01 -1.100867e+01 -1.161910e+01 -6.361691e+00 1.319477e+01 -3.113855e+00 7.263973e+01 1.852954e+00 -1.987100e+00 -2.433862e-01 -3.227105e-01 -2.575196e+00 -1.539748e+00 -5.652958e-01 4.007638e+00 1.132972e+00 -5.721830e-01 7.152236e-01 5.586256e-01 1.700379e+00 -2.921965e-01 -3.058041e-01 -1.247111e+00 4.705816e-02 1.976139e+00 1.484405e+00 3.597161e-01 5.398489e-01 1.078294e+00 -5.838354e-01 -1.696811e+00 -3.888603e-01 -3.305227e-01
<VARIANCE> 39
 1.027051e+01 2.154838e+01 6.967864e+01 7.503201e+01 1.383049e+02 9.842651e+01 3.414619e+01 2.298036e+02 3.352872e+01 7.769623e+01 8.857190e+01 6.020955e+01 7.513079e+00 7.051486e-01 1.634612e+00 6.912282e+00 2.316955e+00 1.383989e+01 6.334444e+00 2.924489e+00 3.725647e+00 8.146186e+00 5.180757e+00 8.948282e+00 3.768249e+00 6.990001e-01 1.834938e-01 3.189988e-01 4.716364e-01 4.839719e-01 6.824397e-01 5.965354e-01 2.211543e-01 1.099992e+00 6.541446e-01 8.811150e-01 8.686097e-01 8.438175e-01 6.726450e-02
<GCONST> 1.290803e+02
<STATE> 10
<MEAN> 39
 -1.922641e+00 -1.130361e+01 9.834074e+00 1.423230e+00 -2.155299e+01 -2.339233e+01 2.193411e-01 3.280758e+00 -2.939686e+00 -1.090284e+01 7.351302e+00 -3.400769e+00 7.550961e+01 5.571060e-01 -1.993839e+00 -2.888157e+00 -9.204315e-01 2.438652e+00 2.170562e+00 -2.875871e-01 2.263673e+00 2.308102e+00 -3.463039e-01 -3.110699e+00 -9.329394e-01 6.081200e-01 -3.020201e-01 3.120888e-01 1.309297e-03 -2.829331e-01 6.167240e-01 4.099916e-01 -2.070418e-01 -9.465403e-01 -4.836044e-01 4.002504e-01 -3.190652e-01 -3.986363e-01 -2.804323e-01
<VARIANCE> 39
 4.771230e+00 1.888135e+01 4.360768e+01 3.513982e+01 2.319781e+02 8.508973e+01 7.827930e+01 2.171611e+02 6.027846e+01 6.220422e+01 9.518227e+01 4.486288e+01 5.315665e+00 1.320136e-01 5.882076e-01 1.369012e+00 1.024266e+00 1.821321e+00 4.278503e+00 1.342000e+00 3.065503e+00 3.984718e+00 3.131162e+00 1.939449e+00 1.701376e+00 2.076652e-01 5.909183e-02 7.301884e-02 3.427549e-01 2.460999e-01 9.966069e-01 4.459660e-01 3.217123e-01 4.714592e-01 4.185199e-01 3.336784e-01 3.503141e-01 2.806875e-01 3.176967e-02
<GCONST> 1.064466e+02
<STATE> 11
<MEAN> 39
 -9.958108e-01 -1.368148e+01 4.580052e+00 -3.422385e+00 -7.698178e+00 -2.043333e+01 -4.202599e+00 1.115552e+01 -3.581105e+00 -9.203437e+00 1.701943e+00 -1.026980e+01 7.595827e+01 -2.606357e-02 -5.743566e-01 -1.179584e+00 -1.272475e+00 1.396425e+00 1.409374e+00 -5.320924e-01 -3.010826e-01 3.002207e-01 6.793050e-01 -2.201660e+00 -1.287419e+00 -2.326873e-02 -4.604653e-02 2.220330e-01 9.349575e-02 1.481369e-01 -2.446044e-01 -1.716680e-01 -1.344033e-02 -3.513896e-01 -3.650047e-02 -1.931433e-01 1.767174e-01 1.797815e-01 -1.346375e-01
<VARIANCE> 39
 2.332420e+00 2.439010e+01 4.491985e+01 1.943049e+01 1.601403e+02 9.613473e+01 7.208457e+01 1.274066e+02 4.859432e+01 6.313258e+01 5.231107e+01 5.994513e+01 9.489679e+00 1.403700e-01 4.958345e-01 1.354964e+00 8.648176e-01 2.384947e+00 1.980450e+00 1.263821e+00 2.962335e+00 1.627370e+00 2.528194e+00 1.571514e+00 1.092388e+00 1.235678e-01 3.035904e-02 1.384616e-01 2.336010e-01 1.631282e-01 3.001207e-01 1.775997e-01 1.838112e-01 3.530569e-01 3.204263e-01 4.243852e-01 2.512570e-01 2.446759e-01 1.599674e-02
<GCONST> 9.649108e+01
<STATE> 12
<MEAN> 39
 -1.079471e+00 -1.587139e+01 -5.093995e+00 -6.450264e+00 -1.064620e+01 -1.535887e+01 -1.398839e-01 -2.623198e+00 1.988203e+00 -9.136885e+00 -1.335961e+01 -8.435595e+00 7.494144e+01 2.099816e-02 1.418679e-01 -1.231389e+00 -3.298314e-01 1.169231e+00 9.775780e-01 -2.904282e-01 5.930352e-01 7.569525e-01 -4.284458e-01 -1.576479e+00 -4.074637e-01 -3.656982e-01 -1.009450e-01 2.752457e-01 3.490003e-01 1.412306e-01 -2.577430e-01 -1.013109e-01 -4.312041e-02 -7.957663e-02 -2.001235e-01 -9.355151e-02 3.596548e-01 1.952013e-01 -1.534965e-01
<VARIANCE> 39
 3.530496e+00 7.938420e+00 2.486076e+01 3.899029e+01 1.459204e+02 8.403644e+01 2.385756e+01 5.311681e+01 5.473347e+01 1.275329e+01 4.954135e+01 3.379515e+01 5.282889e+00 1.760153e-01 5.421272e-01 5.469732e-01 3.354815e-01 1.610969e+00 1.446210e+00 2.037971e+00 2.000513e+00 1.119030e+00 8.767266e-01 9.833706e-01 8.407837e-01 1.239187e-01 1.199399e-02 7.897238e-02 8.397705e-02 9.107486e-02 1.807190e-01 1.787433e-01 3.287361e-01 2.187984e-01 1.435215e-01 1.034383e-01 1.258873e-01 1.180666e-01 2.105832e-02
<GCONST> 7.981110e+01
<STATE> 13
<MEAN> 39
 -1.993648e+00 -1.343454e+01 -4.403538e+00 -6.473085e+00 -6.083632e+00 -1.134505e+01 -4.021966e+00 2.566688e+00 1.210119e+00 -1.248402e+01 -1.427833e+01 -1.066694e+01 7.289912e+01 -5.979079e-01 1.052267e+00 -8.532496e-02 3.650195e-01 3.361402e-01 4.550560e-01 -4.799856e-01 -1.194171e+00 -3.971228e-01 -1.088028e+00 7.563088e-02 5.718020e-01 -1.217551e+00 -1.404033e-01 1.881967e-01 2.230126e-01 6.412648e-02 -1.997009e-02 -2.156748e-01 1.371394e-01 -3.382302e-01 -1.604741e-01 1.469981e-01 3.999699e-01 6.505109e-02 -1.673256e-01
<VARIANCE> 39
 4.181714e+00 6.161854e+00 5.264513e+01 2.038124e+01 1.211030e+02 9.770419e+01 2.459319e+01 5.466595e+01 6.555527e+01 2.551927e+01 8.707902e+01 3.709624e+01 9.308676e+00 1.690092e-01 4.487733e-01 8.223115e-01 1.820910e+00 9.946620e-01 6.974735e-01 2.018317e+00 2.593205e+00 1.564721e+00 1.625155e+00 1.270055e+00 8.899830e-01 1.757568e-01 2.273464e-02 9.016617e-02 8.591612e-02 2.103669e-01 1.714228e-01 2.450566e-01 3.078277e-01 5.449336e-01 3.566348e-01 2.686718e-01 1.854998e-01 2.074082e-01 3.188193e-02
<GCONST> 9.044450e+01
<STATE> 14
<MEAN> 39
 -5.567903e+00 -1.015130e+01 -3.808345e+00 -7.121110e+00 -1.213339e+01 -7.217392e+00 -3.944346e+00 -4.592717e+00 4.371868e+00 -9.726785e+00 -1.075353e+01 -6.182556e+00 6.800896e+01 -6.375998e-01 1.118297e+00 1.948798e-01 -2.146441e-01 9.837463e-01 -5.742306e-01 6.085454e-02 -6.559669e-01 -5.212405e-01 -7.864873e-03 6.372280e-01 -2.993561e-01 -1.278106e+00 1.645291e-02 -5.796673e-02 2.014752e-02 6.976157e-02 4.790817e-02 8.973601e-02 2.201454e-01 1.670932e-01 -2.469595e-02 -2.813796e-02 -5.251969e-02 -1.249651e-01 7.933895e-02
<VARIANCE> 39
 4.561147e+00 4.277654e+00 1.405594e+01 8.596733e+00 6.516602e+01 5.817169e+01 1.518308e+01 3.689459e+01 2.905566e+01 2.274652e+01 3.062824e+01 2.511935e+01 7.140079e+00 1.316787e-01 2.369031e-01 8.934940e-01 1.517488e+00 1.387186e+00 2.388822e+00 1.238606e+00 1.841286e+00 1.954551e+00 1.529584e+00 9.663197e-01 1.369110e+00 1.035320e-01 1.481199e-02 2.682605e-02 9.297743e-02 1.166575e-01 1.663030e-01 1.270525e-01 1.812628e-01 1.725935e-01 1.589081e-01 2.687526e-01 2.509928e-01 1.492845e-01 1.028076e-02
<GCONST> 7.639132e+01
<STATE> 15
<MEAN> 39
 -5.886617e+00 -5.789934e+00 -3.075735e+00 -4.327813e+00 -4.152025e-01 -1.167467e+01 -4.712949e+00 -1.798987e+00 -1.422218e+00 -1.758095e+01 -1.204393e+01 -1.232405e+01 6.493668e+01 -7.304938e-01 7.756621e-01 5.729506e-02 9.425616e-02 4.329586e-01 6.345683e-01 6.070234e-01 -1.243021e-01 1.354502e-01 3.294883e-02 4.519196e-01 -3.642377e-02 -1.039971e+00 -6.766759e-03 -1.088351e-01 -1.063657e-01 -1.453287e-01 7.138211e-02 6.276122e-02 8.943603e-02 2.988183e-01 2.185797e-01 2.057330e-01 4.205985e-02 1.409682e-02 7.163590e-02
<VARIANCE> 39
 4.317695e+00 8.180902e+00 1.973334e+01 7.031262e+00 1.782897e+01 1.554202e+01 2.415561e+01 6.616025e+01 3.129655e+01 4.923489e+01 6.430470e+01 1.807428e+01 5.275194e+00 6.697034e-02 1.870589e-01 2.868186e-01 6.319059e-01 1.069671e+00 4.235632e-01 6.655521e-01 2.440467e+00 1.137224e+00 9.577652e-01 1.252019e+00 1.061346e+00 4.976510e-02 8.048167e-03 3.106993e-02 7.107835e-02 8.446258e-02 1.458203e-01 1.262952e-01 1.594583e-01 3.359643e-01 1.830039e-01 1.283484e-01 1.330500e-01 1.290060e-01 4.747311e-03
<GCONST> 6.671467e+01
<STATE> 16
<MEAN> 39
 -1.092425e+01 -5.174051e+00 -5.584936e+00 -8.189080e+00 -2.462772e+00 -9.073801e+00 -3.374790e+00 -4.441410e+00 2.097497e+00 -1.187879e+01 -8.312765e+00 -1.005183e+01 6.042755e+01 -8.014422e-01 3.987290e-01 -6.462842e-02 -1.306084e-04 8.139439e-01 5.866120e-01 8.296790e-02 -9.099739e-02 2.996504e-01 2.057407e-01 4.679588e-01 2.472957e-02 -7.029139e-01 2.183320e-02 -4.521747e-02 6.523400e-02 1.402030e-01 5.168346e-02 8.091293e-02 2.807452e-02 6.489020e-02 2.815549e-03 9.308882e-02 7.526676e-02 9.004681e-02 5.573860e-02
<VARIANCE> 39
 4.953520e+00 4.881789e+00 8.353950e+00 8.843499e+00 1.841434e+01 1.503242e+01 1.078363e+01 1.635294e+01 1.673299e+01 3.196876e+01 2.341325e+01 3.102157e+01 2.732222e+00 1.281003e-01 1.993823e-01 5.870599e-01 8.058400e-01 1.073564e+00 9.373850e-01 1.193026e+00 1.578834e+00 1.202782e+00 9.415268e-01 6.848799e-01 1.595266e+00 2.391995e-02 2.720106e-02 3.489535e-02 7.933962e-02 1.089455e-01 1.802409e-01 1.215546e-01 2.633301e-01 3.359423e-01 2.294574e-01 2.019613e-01 1.841509e-01 2.686988e-01 5.308182e-03
<GCONST> 6.726643e+01
<STATE> 17
<MEAN> 39
 -1.087054e+01 -1.021231e+00 -8.725153e-01 -1.597075e+00 4.242623e+00 -4.375862e+00 1.071210e+00 -1.197604e+00 2.088120e+00 -1.199486e+01 -6.041102e+00 -7.738451e+00 5.960030e+01 -7.112271e-01 4.380010e-01 -4.964960e-02 2.890765e-01 8.116832e-01 1.093136e+00 7.738826e-01 1.674493e-02 3.516895e-01 3.643502e-01 5.083184e-01 7.601279e-01 -6.998310e-01 -2.554469e-02 -2.164336e-01 -1.315563e-01 -2.049764e-01 -4.972938e-02 8.419490e-02 -9.533848e-02 -1.182416e-02 6.624540e-03 -1.119867e-02 -4.777863e-02 -9.667567e-02 3.867402e-02
<VARIANCE> 39
 5.377719e+00 5.030369e+00 9.390513e+00 9.553809e+00 9.690538e+00 1.363530e+01 1.535480e+01 3.189439e+01 7.203489e+00 1.916659e+01 1.187139e+01 1.340489e+01 3.819999e+00 9.838917e-02 3.815579e-01 6.618501e-01 7.693303e-01 7.197335e-01 5.562041e-01 1.096055e+00 1.781873e+00 6.805773e-01 8.133908e-01 2.143419e+00 1.444495e+00 5.879650e-02 1.020581e-02 3.474406e-02 5.577770e-02 5.115748e-02 8.808665e-02 9.391904e-02 1.456903e-01 1.937210e-01 1.248598e-01 8.496922e-02 1.080003e-01 2.398036e-01 4.520577e-03
<GCONST> 5.962392e+01
<STATE> 18
<MEAN> 39
 -1.573717e+01 -4.427920e+00 -4.346874e+00 -5.465988e+00 3.307223e+00 -1.882733e+00 6.082900e-01 -3.325012e+00 2.126354e+00 -8.614779e+00 -2.056102e+00 -8.709039e+00 5.682276e+01 -5.524600e-01 -1.881763e-01 -1.279268e-01 -3.372579e-01 4.425683e-01 1.267253e+00 5.881029e-01 -1.679943e-02 8.589706e-02 4.902465e-01 1.727107e-01 -3.043532e-01 -3.581645e-01 7.885448e-02 -3.993932e-03 -1.145447e-01 -1.418697e-01 -7.330338e-02 -5.414017e-02 -1.559842e-02 -8.534334e-02 5.167076e-02 -1.082455e-01 -2.496683e-01 -3.850141e-02 5.169883e-02
<VARIANCE> 39
 3.725310e+00 1.079801e+01 7.682294e+00 2.187323e+01 2.577318e+01 1.241788e+01 1.477343e+01 3.486449e+01 1.485706e+01 2.219402e+01 1.518179e+01 3.626898e+01 6.854967e-01 1.287603e-01 1.860365e-01 4.933159e-01 8.626862e-01 1.121204e+00 1.257677e+00 1.143126e+00 1.086320e+00 1.940889e+00 1.199187e+00 1.371732e+00 1.240476e+00 3.479437e-02 1.832145e-02 3.880654e-02 7.327963e-02 1.165112e-01 1.588358e-01 2.719434e-01 3.085961e-01 2.100895e-01 3.384424e-01 1.279706e-01 2.837192e-01 3.830087e-01 3.646329e-03
<GCONST> 6.936986e+01
<STATE> 19
<MEAN> 39
 -1.648081e+01 -1.925392e+00 -7.117511e+00 -8.474225e+00 8.860356e+00 6.085991e+00 2.038764e+00 -4.009159e+00 8.590034e+00 -8.744752e+00 -8.421310e+00 -7.353106e+00 5.499198e+01 -5.006497e-01 -2.676211e-01 -6.180616e-01 -5.044889e-01 8.003330e-01 1.322651e+00 1.594176e-01 -1.461555e-01 8.548070e-01 4.051568e-01 -3.881623e-01 -2.373956e-01 -3.426844e-01 5.369935e-02 7.421772e-03 9.995852e-02 1.065581e-01 -1.666733e-03 -1.904271e-01 -1.080127e-01 8.806522e-02 1.367120e-02 2.079265e-01 1.909961e-01 -1.641737e-02 6.616510e-02
<VARIANCE> 39
 3.199710e+00 1.265639e+01 1.101285e+01 3.945005e+01 3.494901e+01 3.308760e+01 1.653766e+01 6.383290e+01 4.892686e+01 3.995673e+01 2.682386e+01 6.891396e+01 1.781817e+00 1.899121e-01 4.106877e-01 3.233659e-01 1.086705e+00 1.327212e+00 1.795847e+00 2.196826e+00 1.499828e+00 2.677212e+00 3.021663e+00 2.270101e+00 4.487638e+00 1.277410e-01 1.320544e-02 7.533896e-02 8.294701e-02 1.765305e-01 2.149052e-01 2.187218e-01 5.070478e-01 2.646606e-01 3.259949e-01 4.121525e-01 1.686824e-01 5.686029e-01 1.099871e-02
<GCONST> 8.689919e+01
<TRANSP> 20
 0.000000e+00 1.000000e+00 0.000000e+00 0.000000e+00 0.000000e+00 0.000000e+00 0.000000e+00 0.000000e+00 0.000000e+00 0.000000e+00 0.000000e+00 0.000000e+00 0.000000e+00 0.000000e+00 0.000000e+00 0.000000e+00 0.000000e+00 0.000000e+00 0.000000e+00 0.000000e+00
 0.000000e+00 7.391279e-01 2.608722e-01 0.000000e+00 0.000000e+00 0.000000e+00 0.000000e+00 0.000000e+00 0.000000e+00 0.000000e+00 0.000000e+00 0.000000e+00 0.000000e+00 0.000000e+00 0.000000e+00 0.000000e+00 0.000000e+00 0.000000e+00 0.000000e+00 0.000000e+00
 0.000000e+00 0.000000e+00 6.756784e-01 3.243216e-01 0.000000e+00 0.000000e+00 0.000000e+00 0.000000e+00 0.000000e+00 0.000000e+00 0.000000e+00 0.000000e+00 0.000000e+00 0.000000e+00 0.000000e+00 0.000000e+00 0.000000e+00 0.000000e+00 0.000000e+00 0.000000e+00
 0.000000e+00 0.000000e+00 0.000000e+00 6.629198e-01 3.370803e-01 0.000000e+00 0.000000e+00 0.000000e+00 0.000000e+00 0.000000e+00 0.000000e+00 0.000000e+00 0.000000e+00 0.000000e+00 0.000000e+00 0.000000e+00 0.000000e+00 0.000000e+00 0.000000e+00 0.000000e+00
 0.000000e+00 0.000000e+00 0.000000e+00 0.000000e+00 8.158596e-01 1.841404e-01 0.000000e+00 0.000000e+00 0.000000e+00 0.000000e+00 0.000000e+00 0.000000e+00 0.000000e+00 0.000000e+00 0.000000e+00 0.000000e+00 0.000000e+00 0.000000e+00 0.000000e+00 0.000000e+00
 0.000000e+00 0.000000e+00 0.000000e+00 0.000000e+00 0.000000e+00 7.864288e-01 2.135712e-01 0.000000e+00 0.000000e+00 0.000000e+00 0.000000e+00 0.000000e+00 0.000000e+00 0.000000e+00 0.000000e+00 0.000000e+00 0.000000e+00 0.000000e+00 0.000000e+00 0.000000e+00
 0.000000e+00 0.000000e+00 0.000000e+00 0.000000e+00 0.000000e+00 0.000000e+00 5.865360e-01 4.134639e-01 0.000000e+00 0.000000e+00 0.000000e+00 0.000000e+00 0.000000e+00 0.000000e+00 0.000000e+00 0.000000e+00 0.000000e+00 0.000000e+00 0.000000e+00 0.000000e+00
 0.000000e+00 0.000000e+00 0.000000e+00 0.000000e+00 0.000000e+00 0.000000e+00 0.000000e+00 6.555040e-01 3.444960e-01 0.000000e+00 0.000000e+00 0.000000e+00 0.000000e+00 0.000000e+00 0.000000e+00 0.000000e+00 0.000000e+00 0.000000e+00 0.000000e+00 0.000000e+00
 0.000000e+00 0.000000e+00 0.000000e+00 0.000000e+00 0.000000e+00 0.000000e+00 0.000000e+00 0.000000e+00 6.772284e-01 3.227716e-01 0.000000e+00 0.000000e+00 0.000000e+00 0.000000e+00 0.000000e+00 0.000000e+00 0.000000e+00 0.000000e+00 0.000000e+00 0.000000e+00
 0.000000e+00 0.000000e+00 0.000000e+00 0.000000e+00 0.000000e+00 0.000000e+00 0.000000e+00 0.000000e+00 0.000000e+00 6.147634e-01 3.852366e-01 0.000000e+00 0.000000e+00 0.000000e+00 0.000000e+00 0.000000e+00 0.000000e+00 0.000000e+00 0.000000e+00 0.000000e+00
 0.000000e+00 0.000000e+00 0.000000e+00 0.000000e+00 0.000000e+00 0.000000e+00 0.000000e+00 0.000000e+00 0.000000e+00 0.000000e+00 7.220808e-01 2.779193e-01 0.000000e+00 0.000000e+00 0.000000e+00 0.000000e+00 0.000000e+00 0.000000e+00 0.000000e+00 0.000000e+00
 0.000000e+00 0.000000e+00 0.000000e+00 0.000000e+00 0.000000e+00 0.000000e+00 0.000000e+00 0.000000e+00 0.000000e+00 0.000000e+00 0.000000e+00 7.549018e-01 2.450983e-01 0.000000e+00 0.000000e+00 0.000000e+00 0.000000e+00 0.000000e+00 0.000000e+00 0.000000e+00
 0.000000e+00 0.000000e+00 0.000000e+00 0.000000e+00 0.000000e+00 0.000000e+00 0.000000e+00 0.000000e+00 0.000000e+00 0.000000e+00 0.000000e+00 0.000000e+00 6.925212e-01 3.074788e-01 0.000000e+00 0.000000e+00 0.000000e+00 0.000000e+00 0.000000e+00 0.000000e+00
 0.000000e+00 0.000000e+00 0.000000e+00 0.000000e+00 0.000000e+00 0.000000e+00 0.000000e+00 0.000000e+00 0.000000e+00 0.000000e+00 0.000000e+00 0.000000e+00 0.000000e+00 6.682767e-01 3.317233e-01 0.000000e+00 0.000000e+00 0.000000e+00 0.000000e+00 0.000000e+00
 0.000000e+00 0.000000e+00 0.000000e+00 0.000000e+00 0.000000e+00 0.000000e+00 0.000000e+00 0.000000e+00 0.000000e+00 0.000000e+00 0.000000e+00 0.000000e+00 0.000000e+00 0.000000e+00 7.145585e-01 2.854415e-01 0.000000e+00 0.000000e+00 0.000000e+00 0.000000e+00
 0.000000e+00 0.000000e+00 0.000000e+00 0.000000e+00 0.000000e+00 0.000000e+00 0.000000e+00 0.000000e+00 0.000000e+00 0.000000e+00 0.000000e+00 0.000000e+00 0.000000e+00 0.000000e+00 0.000000e+00 7.770208e-01 2.229792e-01 0.000000e+00 0.000000e+00 0.000000e+00
 0.000000e+00 0.000000e+00 0.000000e+00 0.000000e+00 0.000000e+00 0.000000e+00 0.000000e+00 0.000000e+00 0.000000e+00 0.000000e+00 0.000000e+00 0.000000e+00 0.000000e+00 0.000000e+00 0.000000e+00 0.000000e+00 6.899265e-01 3.100736e-01 0.000000e+00 0.000000e+00
 0.000000e+00 0.000000e+00 0.000000e+00 0.000000e+00 0.000000e+00 0.000000e+00 0.000000e+00 0.000000e+00 0.000000e+00 0.000000e+00 0.000000e+00 0.000000e+00 0.000000e+00 0.000000e+00 0.000000e+00 0.000000e+00 0.000000e+00 7.269341e-01 2.730660e-01 0.000000e+00
 0.000000e+00 0.000000e+00 0.000000e+00 0.000000e+00 0.000000e+00 0.000000e+00 0.000000e+00 0.000000e+00 0.000000e+00 0.000000e+00 0.000000e+00 0.000000e+00 0.000000e+00 0.000000e+00 0.000000e+00 0.000000e+00 0.000000e+00 0.000000e+00 6.573313e-01 3.426687e-01
 0.000000e+00 0.000000e+00 0.000000e+00 0.000000e+00 0.000000e+00 0.000000e+00 0.000000e+00 0.000000e+00 0.000000e+00 0.000000e+00 0.000000e+00 0.000000e+00 0.000000e+00 0.000000e+00 0.000000e+00 0.000000e+00 0.000000e+00 0.000000e+00 0.000000e+00 0.000000e+00
<ENDHMM>
