~o
<STREAMINFO> 1 39
<VECSIZE> 39<NULLD><MFCC_D_A_0><DIAGC>
~h "hapus"
<BEGINHMM>
<NUMSTATES> 20
<STATE> 2
<MEAN> 39
 -1.745748e+01 -1.119397e+01 -5.624160e+00 -1.285746e+00 5.693555e+00 -4.241487e+00 3.133661e-01 -3.891127e+00 1.689927e+00 -9.121261e+00 1.320323e-01 -2.175479e+00 5.820616e+01 6.325855e-01 -7.938524e-01 -1.069273e+00 3.352572e-01 1.406029e+00 -8.622826e-02 -7.550551e-01 -8.778650e-01 -2.070242e-01 -5.716212e-01 -4.931423e-01 7.412379e-02 7.629259e-01 5.161321e-01 1.488972e-01 -1.782369e-01 -1.493434e-01 1.200545e-01 2.224792e-01 -2.354516e-01 -4.625112e-01 -1.280125e-01 1.173330e-01 -1.450279e-01 -3.002487e-01 2.918173e-01
<VARIANCE> 39
 1.633803e+00 1.353275e+01 1.048561e+01 9.813387e+00 2.335194e+01 1.350098e+01 2.306482e+01 1.546874e+01 1.875990e+01 2.764989e+01 1.993259e+01 3.475083e+01 1.638916e+00 8.946987e-01 1.655872e+00 1.719959e+00 1.028086e+00 1.644779e+00 1.882448e+00 2.074340e+00 2.675915e+00 1.888551e+00 3.446221e+00 2.291214e+00 3.307335e+00 3.360036e-01 1.954767e-01 1.968216e-01 3.344534e-01 2.627597e-01 3.673394e-01 2.114193e-01 2.518698e-01 2.602984e-01 2.991020e-01 4.372885e-01 1.681991e-01 3.768395e-01 8.681799e-02
<GCONST> 9.273202e+01
<STATE> 3
<MEAN> 39
 -1.041826e+01 -1.246601e+01 -1.087078e+01 -1.848452e+00 1.280310e+01 -4.274823e+00 -1.564593e+00 -1.011507e+01 -6.832838e-01 -1.122211e+01 -3.077898e+00 -2.587225e+00 6.440231e+01 2.988365e+00 5.550369e-01 -1.063096e+00 -1.446096e+00 4.743343e-01 6.277353e-01 -6.697400e-01 -1.731007e+00 -8.917956e-01 9.310415e-02 -7.996569e-01 -1.282664e+00 2.160336e+00 1.933728e-01 1.413345e-02 9.823497e-02 -5.314206e-01 -5.283763e-01 1.103158e-01 3.767233e-02 9.856975e-02 3.813660e-02 2.702686e-01 -1.106559e-02 -2.446646e-01 1.854631e-01
<VARIANCE> 39
 2.617322e+01 4.311538e+01 2.650656e+01 2.337894e+01 4.141764e+01 5.683822e+01 6.620845e+01 4.706878e+01 3.565566e+01 7.186475e+01 3.486597e+01 9.278493e+01 1.735761e+01 1.946567e+00 2.456030e+00 5.051816e+00 2.231270e+00 2.227316e+00 3.191091e+00 2.806286e+00 4.636157e+00 3.914824e+00 3.634819e+00 2.081500e+00 3.790928e+00 9.696626e-01 4.042793e-01 6.477873e-01 6.630298e-01 3.111913e-01 3.071798e-01 2.886131e-01 3.774598e-01 8.020484e-01 5.738890e-01 6.122859e-01 4.378436e-01 5.874867e-01 1.626450e-01
<GCONST> 1.221761e+02
<STATE> 4
<MEAN> 39
 6.368421e-01 -9.520988e+00 -1.531303e+01 -1.140558e+01 5.605758e+00 1.646024e+00 -6.345832e+00 -1.859365e+01 -1.281464e+00 -6.253035e+00 -7.036916e+00 -1.115123e+01 7.054346e+01 1.232209e+00 2.746244e-01 -8.752675e-02 -1.587363e+00 -1.316225e+00 3.972388e-01 -1.040783e-01 -5.404682e-01 -1.059539e-01 7.859221e-01 -4.712002e-01 -9.702531e-01 7.929261e-01 -8.654818e-01 2.179182e-01 7.335075e-01 5.926157e-01 -3.025085e-02 -3.267843e-01 3.118708e-01 6.492878e-01 -4.548926e-02 -1.923540e-01 3.156960e-01 3.220280e-01 -6.833311e-01
<VARIANCE> 39
 3.724213e+00 1.544655e+01 2.993568e+01 2.210289e+01 7.327750e+01 9.958330e+01 7.339048e+01 7.374523e+01 5.681992e+01 7.465809e+01 4.253109e+01 1.442734e+01 8.883824e+00 1.369702e+00 1.332891e+00 3.230244e+00 1.971329e+00 1.814280e+00 2.126745e+00 2.075139e+00 5.516133e+00 2.474958e+00 2.696106e+00 2.186958e+00 2.563073e+00 1.281116e+00 8.271736e-02 1.509385e-01 3.103753e-01 3.720052e-01 4.262109e-01 5.027771e-01 3.703194e-01 6.831242e-01 7.063701e-01 4.863392e-01 1.957430e-01 1.874370e-01 3.670114e-02
<GCONST> 1.096473e+02
<STATE> 5
<MEAN> 39
 1.031037e+00 -1.190949e+01 -2.645771e+00 -1.131436e+01 8.148317e+00 -6.204628e-01 -4.618934e+00 -5.653440e+00 -1.210241e+00 -4.369401e+00 1.272529e-01 -1.353027e+01 7.573447e+01 -4.069259e-01 9.755154e-01 9.839304e-01 6.450291e-01 -4.744069e-01 3.909405e-01 -1.079420e-01 4.554800e-03 -9.652419e-02 1.690113e-01 7.056660e-01 1.189927e-02 -8.280696e-01 -3.035697e-01 6.337497e-02 -1.023611e-01 3.635620e-01 2.135910e-01 -5.767801e-02 8.236105e-02 -8.776508e-02 -2.690577e-02 -2.952492e-01 -8.971617e-02 1.671299e-01 -3.264830e-01
<VARIANCE> 39
 1.610405e+00 3.625681e+01 7.743369e+01 9.389702e+00 4.977430e+01 3.442108e+01 2.183821e+01 1.141106e+02 2.590159e+01 3.532468e+01 7.290755e+01 1.196575e+01 2.568801e+01 6.431283e-01 1.069369e+00 1.438515e+00 1.134346e+00 9.167209e-01 1.776686e+00 1.885481e+00 1.666376e+00 1.276679e+00 1.615060e+00 1.052575e+00 1.000970e+00 7.613274e-01 1.030606e-01 1.544290e-01 1.916417e-01 1.205795e-01 1.167393e-01 9.070902e-02 1.567772e-01 2.539600e-01 1.946137e-01 2.269672e-01 3.149239e-01 2.378674e-01 3.691381e-02
<GCONST> 9.199783e+01
<STATE> 6
<MEAN> 39
 -4.773850e+00 -3.552502e+00 -5.003222e+00 -6.802957e+00 4.145129e+00 1.273845e+00 -3.184771e+00 -1.183828e+01 -3.222989e+00 -8.334573e+00 -4.004980e+00 -1.215722e+01 6.466938e+01 -1.141116e+00 4.721357e-01 5.648745e-01 5.402451e-01 -1.070781e-01 -1.927190e-01 6.503814e-01 6.497281e-01 -6.963639e-02 -5.698580e-01 -4.608355e-02 1.740540e-01 -1.024570e+00 6.649409e-02 -1.148275e-01 -8.785696e-02 -7.302199e-02 1.949106e-03 4.598406e-03 8.432542e-03 -2.287899e-02 1.030504e-01 1.136813e-01 1.507299e-02 1.520245e-02 1.093342e-01
<VARIANCE> 39
 4.747916e+00 6.496210e+00 3.870387e+01 2.751184e+01 3.975198e+01 2.357377e+01 2.782592e+01 4.426216e+01 2.511638e+01 5.671298e+01 4.837211e+01 1.706529e+01 5.936905e+00 2.433317e-01 2.911993e-01 1.037760e+00 6.576692e-01 7.112219e-01 1.368585e+00 1.190021e+00 1.501931e+00 1.388591e+00 1.556409e+00 1.462654e+00 1.031007e+00 1.084584e-01 2.241348e-02 3.804556e-02 1.103562e-01 1.329437e-01 1.060034e-01 1.449965e-01 1.774528e-01 1.739721e-01 2.417226e-01 2.783479e-01 1.829613e-01 1.978500e-01 7.194812e-03
<GCONST> 7.838482e+01
<STATE> 7
<MEAN> 39
 -1.088370e+01 -2.738129e+00 -3.380029e+00 -6.177111e+00 7.124463e-01 -2.997222e+00 -9.642670e-01 -1.102304e+01 -4.205335e+00 -1.006358e+01 -2.938915e+00 -9.437181e+00 5.983102e+01 -6.623507e-01 -1.106618e-01 8.475258e-01 8.674894e-01 -1.566619e-01 -7.023651e-01 2.116068e-01 3.285882e-01 -1.015300e-01 -3.439768e-01 4.469192e-02 1.680980e-01 -2.792691e-01 2.369697e-01 2.942467e-02 -1.201057e-01 -9.401423e-02 -1.533133e-01 -1.949951e-01 -2.656595e-01 -6.796654e-02 -2.241926e-02 1.610410e-01 1.778376e-01 2.440591e-01 2.249748e-01
<VARIANCE> 39
 4.846605e+00 3.463044e+00 1.234852e+01 1.609128e+01 1.485480e+01 1.967144e+01 1.512873e+01 1.435690e+01 1.198417e+01 1.731381e+01 1.994575e+01 1.245742e+01 1.517375e+00 1.763833e-01 3.840572e-01 5.678596e-01 6.050623e-01 1.032828e+00 1.203010e+00 1.342673e+00 1.158369e+00 1.262965e+00 1.161974e+00 1.434283e+00 8.101822e-01 1.606613e-01 6.652193e-02 1.210953e-01 1.361190e-01 1.797788e-01 2.211971e-01 2.524506e-01 2.971573e-01 2.134648e-01 2.938705e-01 2.508609e-01 3.262845e-01 2.448059e-01 3.150522e-02
<GCONST> 7.495190e+01
<STATE> 8
<MEAN> 39
 -1.067476e+01 -1.851627e+00 -1.251904e+00 -2.841879e+00 1.433103e-01 -5.953340e+00 -1.950478e+00 -9.075323e+00 -4.174649e+00 -9.530959e+00 -1.146391e+00 -6.398351e+00 6.141180e+01 2.023148e+00 1.548031e+00 -6.533680e-01 -1.879707e+00 -2.366119e+00 -1.994424e+00 -1.875541e+00 -5.799581e-01 -5.790812e-01 9.513074e-01 1.949493e+00 2.545445e+00 1.178900e+00 9.433655e-01 5.230508e-01 -4.021191e-01 -1.119853e+00 -5.656910e-01 -7.733878e-02 -3.129530e-01 -4.488499e-01 -4.248091e-01 -1.785989e-02 1.583943e-01 2.274116e-01 3.404308e-01
<VARIANCE> 39
 9.523031e+00 1.882728e+01 1.606621e+01 2.461599e+01 4.169119e+01 4.638439e+01 4.167818e+01 1.467638e+01 2.487500e+01 2.334581e+01 3.615882e+01 3.384968e+01 4.861584e+00 2.729372e+00 2.648316e+00 1.500257e+00 4.178067e+00 2.943368e+00 2.717934e+00 1.942958e+00 2.523026e+00 4.310431e+00 3.183939e+00 2.000571e+00 3.348091e+00 4.973825e-01 1.618304e-01 3.296024e-01 1.910024e-01 4.276843e-01 5.662934e-01 5.250390e-01 7.040287e-01 4.254520e-01 7.314736e-01 3.942396e-01 5.986292e-01 8.988705e-01 8.106733e-02
<GCONST> 1.109604e+02
<STATE> 9
<MEAN> 39
 1.500357e+00 6.492676e+00 -4.649385e+00 -1.514471e+01 -1.109634e+01 -1.030725e+01 -6.001093e+00 -1.319662e+01 -9.809803e+00 -9.488484e+00 5.315405e+00 1.526227e+00 6.659031e+01 1.894083e+00 4.936974e-01 -1.366793e+00 -2.199881e+00 -4.318362e-01 5.573030e-01 -1.003244e+00 -1.758273e+00 -1.304527e+00 8.748421e-01 1.296435e+00 8.065577e-01 1.123263e+00 -7.311127e-01 -7.019523e-01 7.393201e-02 7.440568e-01 1.105353e+00 4.755379e-01 -8.802450e-02 -3.586385e-02 5.363085e-01 4.221925e-01 -3.496998e-01 -8.419250e-01 -2.377845e-01
<VARIANCE> 39
 4.241218e+00 1.616289e+01 3.296832e+01 3.578791e+01 3.696376e+01 3.140635e+01 2.258377e+01 2.560743e+01 3.746341e+01 3.811938e+01 5.539674e+01 2.529344e+01 2.390036e+00 2.632837e+00 2.431308e+00 1.332497e+00 5.755796e+00 5.875707e+00 3.795219e+00 3.945401e+00 2.450596e+00 3.644899e+00 4.162244e+00 4.953688e+00 4.155723e+00 3.634139e-01 1.587843e-01 2.697634e-01 1.992677e-01 4.668031e-01 4.342173e-01 7.312822e-01 5.779076e-01 6.317916e-01 9.114685e-01 4.566976e-01 9.877226e-01 6.521484e-01 3.558093e-02
<GCONST> 1.134422e+02
<STATE> 10
<MEAN> 39
 2.194008e+00 2.733166e+00 -7.701434e+00 -1.797378e+01 -3.297131e+00 -9.167856e+00 -1.485100e+01 -1.701110e+01 -7.757065e+00 -2.090063e+00 4.796169e+00 -2.562860e+00 6.947481e+01 -2.927351e-01 -3.937772e-01 5.234020e-01 9.369414e-01 1.222112e+00 -1.307443e+00 -1.426383e+00 4.558828e-01 1.596935e+00 3.281603e-01 -1.708997e+00 -1.426406e+00 1.199038e-01 -4.604063e-01 2.405144e-01 5.198634e-01 6.742402e-01 -4.704883e-02 -5.220067e-01 6.066596e-01 4.054595e-01 8.263761e-02 -7.741150e-01 -4.421507e-01 2.001767e-01 -2.490180e-01
<VARIANCE> 39
 1.412007e+00 8.325526e+00 5.901015e+01 5.845680e+01 2.620615e+01 6.771744e+01 4.337502e+01 2.545898e+01 5.894058e+01 8.135876e+01 1.358020e+02 6.407690e+01 4.009070e+00 3.004360e-01 8.911429e-01 1.634857e+00 2.604618e+00 2.272396e+00 3.161046e+00 2.645700e+00 3.387337e+00 2.606472e+00 4.233421e+00 4.174668e+00 3.420936e+00 2.701438e-01 1.310684e-01 1.264999e-01 3.565392e-01 2.612475e-01 3.916646e-01 4.209445e-01 5.756435e-01 7.100802e-01 7.126984e-01 5.562958e-01 9.203202e-01 9.148477e-01 1.498499e-02
<GCONST> 1.092897e+02
<STATE> 11
<MEAN> 39
 -2.343529e+00 4.104189e+00 -3.877432e+00 -9.254482e+00 6.234784e-01 -1.643582e+01 -1.200831e+01 -1.604422e+01 -3.783675e+00 -6.218829e+00 -1.506038e+00 -4.229344e+00 6.775004e+01 -3.131303e+00 1.902813e+00 1.985191e-01 1.703323e+00 2.024544e+00 -2.790455e+00 2.687214e+00 -9.696836e-02 4.780396e-01 -7.040546e-01 -5.925370e-01 4.711132e-01 8.108000e-02 -8.686770e-01 7.076831e-01 -6.032903e-01 -2.719266e-01 1.687941e-01 -3.965104e-01 6.711099e-01 -3.265189e-02 -1.615214e-01 2.954556e-01 3.441879e-01 3.548219e-01 3.224921e-01
<VARIANCE> 39
 1.284449e+01 1.256424e+01 2.144254e+01 4.886437e+01 2.879875e+01 1.014278e+02 4.699461e+01 4.952525e+01 3.801449e+01 6.920844e+01 1.296368e+02 2.853320e+01 4.184171e+00 2.134795e+00 2.103623e+00 2.306720e+00 2.176781e+00 3.115784e+00 2.669759e+00 3.279979e+00 3.136180e+00 1.662927e+00 4.416973e+00 4.843849e+00 2.351888e+00 4.977472e-01 1.303300e-01 1.557599e-01 1.268958e-01 2.108073e-01 5.207399e-01 5.507731e-01 7.345467e-01 6.881939e-01 2.668187e-01 5.317522e-01 8.471022e-01 3.892230e-01 5.405136e-02
<GCONST> 1.128345e+02
<STATE> 12
<MEAN> 39
 -1.863636e+01 1.448222e+01 -7.966570e+00 -4.206867e+00 6.543261e+00 -2.851458e+01 -1.224319e+00 -1.572127e+01 -1.713318e+00 -5.909125e+00 -2.220910e+00 1.233549e-01 7.065306e+01 -3.272307e+00 1.817652e+00 -8.168402e-01 9.145722e-01 5.793951e-01 -1.655200e+00 1.538795e+00 9.240012e-01 1.205851e-01 2.228640e-02 3.856194e-02 8.435391e-01 5.884210e-01 7.448834e-01 -5.299023e-01 2.906416e-01 -3.330176e-02 -3.830006e-01 9.178830e-01 -5.770532e-01 1.983147e-01 -1.230462e-01 -1.319733e-01 5.441022e-02 -4.140025e-01 -1.702405e-01
<VARIANCE> 39
 1.780212e+01 2.739207e+01 9.863927e+00 8.962425e+01 3.084282e+01 5.872765e+01 5.673055e+01 3.352439e+01 5.442333e+01 5.224358e+01 4.545488e+01 4.612990e+01 2.663889e+00 1.922264e+00 1.592654e+00 1.471964e+00 1.269873e+00 3.276304e+00 4.667172e+00 2.988072e+00 2.599931e+00 1.233080e+00 1.647045e+00 2.710801e+00 2.988479e+00 4.384531e-01 1.236358e-01 1.511380e-01 2.396223e-01 2.759144e-01 4.374142e-01 4.378861e-01 3.919981e-01 4.976192e-01 3.015501e-01 4.426422e-01 4.817629e-01 5.244696e-01 3.068706e-02
<GCONST> 1.079254e+02
<STATE> 13
<MEAN> 39
 -2.684972e+01 1.957653e+01 -7.355217e+00 -5.238636e+00 1.100969e+01 -2.566114e+01 3.486120e+00 -1.108568e+01 -4.687802e+00 -5.408041e+00 9.458335e-02 -2.195149e+00 7.185506e+01 -5.312628e-01 1.227397e-01 1.071058e-01 6.903999e-01 1.923838e-01 6.730782e-01 2.571453e-01 5.440218e-01 4.946884e-02 -1.712871e-01 -8.745303e-02 -4.520408e-01 -2.436622e-01 2.076134e-01 -1.322613e-01 1.289220e-02 -5.308003e-02 -4.750177e-02 1.879979e-01 -8.701280e-03 -3.362502e-02 2.701257e-02 3.788976e-02 5.034092e-02 1.074752e-02 -1.116626e-01
<VARIANCE> 39
 6.760856e+00 1.119116e+01 1.855255e+01 2.806614e+01 2.482426e+01 3.115486e+01 6.760339e+01 3.546224e+01 3.874118e+01 9.261948e+01 2.181500e+01 3.146955e+01 3.951996e+00 2.992683e-01 4.923004e-01 5.698630e-01 6.638793e-01 9.496576e-01 2.178528e+00 1.738146e+00 1.448901e+00 2.577692e+00 1.841277e+00 6.425047e-01 1.363506e+00 2.255501e-01 1.016296e-01 8.426546e-02 8.358850e-02 1.067923e-01 1.446955e-01 4.047936e-01 2.914258e-01 3.223335e-01 3.771134e-01 3.778535e-01 1.118648e-01 2.595744e-01 2.970184e-02
<GCONST> 8.779641e+01
<STATE> 14
<MEAN> 39
 -2.345522e+01 1.536543e+01 -7.709311e+00 7.737485e+00 2.472790e+00 -2.386559e+01 1.159943e+00 -1.183125e+01 6.368364e-01 -1.503084e+01 -5.517491e+00 -1.950347e+00 6.786342e+01 -3.018110e-01 -2.026498e-01 1.849973e-01 1.840623e-01 -1.791866e-02 1.472455e+00 5.718108e-01 1.787759e-01 -2.442195e-01 -2.758958e-01 3.196839e-01 -2.348304e-01 -4.949484e-01 3.596082e-02 -1.958757e-01 -8.805647e-02 -1.535439e-01 -2.152232e-02 -1.011636e-01 -6.568620e-02 -1.175502e-01 8.641636e-02 2.315468e-01 1.297712e-01 8.867018e-02 -3.847820e-02
<VARIANCE> 39
 1.014861e+01 2.044630e+01 1.285449e+01 4.406700e+01 5.629337e+01 6.228491e+01 4.679446e+01 1.825043e+01 1.953835e+01 5.118197e+01 2.751510e+01 2.301097e+01 6.126993e+00 1.007865e-01 3.788335e-01 5.903751e-01 6.698903e-01 6.234053e-01 6.766972e-01 1.138694e+00 1.111086e+00 1.052294e+00 2.037356e+00 1.786376e+00 1.903947e+00 6.356300e-02 1.518454e-02 4.779964e-02 1.025907e-01 1.016226e-01 1.009039e-01 1.790053e-01 1.909859e-01 1.799369e-01 3.006238e-01 2.312354e-01 2.727508e-01 2.452928e-01 8.828020e-03
<GCONST> 7.856841e+01
<STATE> 15
<MEAN> 39
 -2.832123e+01 1.444860e+01 -6.548863e+00 -2.250235e+00 9.798742e+00 -1.969785e+01 3.041270e+00 -6.476412e+00 -5.145071e+00 -2.748209e+00 5.297238e-01 -3.000916e+00 6.677733e+01 -5.572014e-02 -8.718578e-01 -1.175338e-02 4.626379e-02 -1.110307e-01 3.766721e-01 4.004372e-01 1.221901e-01 4.522372e-01 1.596431e-01 4.012927e-01 -2.284274e-01 -6.447496e-01 1.189525e-01 -1.109328e-01 4.608961e-02 -1.107782e-01 -2.387972e-02 -9.554768e-02 8.217997e-03 1.099639e-02 1.145203e-01 -4.046931e-02 -9.883510e-02 -9.821468e-02 -2.391311e-02
<VARIANCE> 39
 9.946960e+00 1.909458e+01 1.516380e+01 4.812226e+01 5.198189e+01 3.611343e+01 3.295276e+01 3.520161e+01 3.156170e+01 5.730920e+01 1.350204e+01 2.014071e+01 6.530664e+00 1.796362e-01 2.147154e-01 1.682490e-01 5.857636e-01 3.505220e-01 1.405837e+00 1.164014e+00 1.858476e+00 1.299893e+00 1.511906e+00 5.582480e-01 1.097221e+00 5.475691e-02 2.111853e-02 4.777494e-02 4.238450e-02 1.035851e-01 1.093889e-01 2.775129e-01 1.697092e-01 2.417694e-01 1.807218e-01 1.823860e-01 1.646137e-01 2.100496e-01 9.855907e-03
<GCONST> 7.445285e+01
<STATE> 16
<MEAN> 39
 -2.755362e+01 1.236636e+01 -6.460725e+00 -9.645907e-01 9.223601e+00 -1.759752e+01 7.415630e+00 -8.426385e+00 1.622689e+00 -6.888034e+00 2.606888e+00 -6.888127e+00 6.426593e+01 5.128168e-01 -1.392357e+00 5.089545e-01 -2.510080e-01 -5.004089e-01 3.357695e-01 -4.259654e-01 4.189486e-01 4.986843e-01 7.741463e-02 -1.937594e-01 -3.125021e-01 -8.572607e-01 1.115000e-01 -1.516629e-01 4.685292e-02 6.540889e-02 -6.445359e-02 2.505557e-01 -1.529830e-01 -3.385677e-02 -1.443057e-01 -1.003359e-01 -1.926924e-01 1.064423e-01 -2.290306e-02
<VARIANCE> 39
 5.826203e+00 1.594448e+01 1.694760e+01 2.301571e+01 2.753192e+01 4.667168e+01 2.930113e+01 4.257612e+01 1.841002e+01 4.409143e+01 3.997429e+01 3.464792e+01 4.123971e+00 2.028621e-01 2.929505e-01 6.983231e-01 1.159570e+00 1.068831e+00 1.190530e+00 1.928561e+00 1.220187e+00 7.323443e-01 2.489170e+00 1.091949e+00 1.666372e+00 8.843692e-02 2.421113e-02 2.787632e-02 1.571647e-01 1.301822e-01 1.190001e-01 3.439840e-01 4.918579e-01 3.831387e-01 2.066351e-01 5.796936e-01 1.956925e-01 3.119212e-01 7.195292e-03
<GCONST> 8.274067e+01
<STATE> 17
<MEAN> 39
 -2.344943e+01 3.413117e+00 -4.843835e+00 -1.360357e-01 5.575595e+00 -1.238336e+01 4.415359e+00 -6.071392e+00 7.826108e-01 -7.468898e+00 -6.594394e-01 -4.864445e+00 6.029156e+01 6.288905e-01 -1.547692e+00 2.672980e-01 -4.003285e-02 -2.080194e-01 1.560540e+00 1.924211e-01 -1.673382e-02 1.010931e-01 -3.767042e-01 -5.255812e-01 -2.377514e-02 -6.334623e-01 -3.179840e-02 6.540132e-02 -6.693034e-03 -2.983969e-02 -3.836703e-02 -3.757181e-03 3.268496e-02 3.702985e-02 8.779756e-02 1.188145e-01 1.640830e-01 -4.797965e-02 5.137368e-02
<VARIANCE> 39
 6.719679e+00 9.825428e+00 1.005887e+01 2.451617e+01 3.770112e+01 4.736021e+01 2.295412e+01 3.094873e+01 3.319362e+01 3.045200e+01 2.832317e+01 2.177079e+01 9.787704e-01 1.960220e-01 3.301308e-01 6.941266e-01 6.607453e-01 1.196903e+00 1.082482e+00 1.289870e+00 1.488109e+00 1.611027e+00 2.280678e+00 1.418183e+00 1.107232e+00 5.846946e-02 2.479268e-02 5.682112e-02 1.265046e-01 1.477040e-01 1.721825e-01 1.467289e-01 1.896729e-01 3.036953e-01 3.204579e-01 3.831602e-01 2.587287e-01 2.224810e-01 1.104310e-02
<GCONST> 7.852092e+01
<STATE> 18
<MEAN> 39
 -2.037874e+01 -2.857178e+00 -3.334828e+00 -2.630809e+00 3.551448e+00 -7.356788e+00 5.328117e+00 -7.216426e+00 2.990561e+00 -6.940454e+00 -5.411439e-01 -5.885098e+00 5.773076e+01 5.259061e-01 -1.051981e+00 2.913044e-01 -4.592404e-01 -2.938583e-01 1.197315e+00 -3.603648e-01 3.350291e-01 2.456869e-01 1.874539e-01 -4.210810e-02 -6.965910e-01 -4.287808e-01 1.179794e-03 8.673850e-02 3.594771e-02 5.979239e-02 5.040572e-02 -7.164313e-02 -6.441202e-02 9.379499e-02 -6.747555e-02 -7.217170e-02 -3.264705e-02 -3.554785e-02 2.665685e-02
<VARIANCE> 39
 7.273041e+00 7.803254e+00 8.338074e+00 1.335393e+01 8.344460e+00 2.626205e+01 1.365129e+01 2.536626e+01 8.594841e+00 2.656129e+01 1.580217e+01 1.742329e+01 8.653601e-01 1.831530e-01 3.827240e-01 4.411872e-01 7.232696e-01 1.041103e+00 8.914995e-01 8.431126e-01 1.562339e+00 1.124141e+00 1.435723e+00 1.155768e+00 1.446536e+00 2.978870e-02 3.100133e-02 5.835282e-02 6.791625e-02 8.306798e-02 1.313756e-01 1.439341e-01 1.729170e-01 2.441636e-01 2.102834e-01 2.483891e-01 2.740138e-01 2.816863e-01 7.209644e-03
<GCONST> 6.737791e+01
<STATE> 19
<MEAN> 39
 -1.915317e+01 -5.833029e+00 -1.406645e+00 -1.070217e+00 3.833005e+00 -9.372371e-01 3.118162e+00 -5.072966e+00 6.372621e-01 -8.812984e+00 -2.044554e+00 -9.442140e+00 5.625526e+01 6.053981e-01 -7.269391e-01 3.163638e-01 -2.255159e-01 -1.670146e-01 6.659057e-01 -2.682083e-01 3.572096e-01 -6.867448e-02 5.808403e-03 5.210898e-01 1.539970e-01 -2.372912e-01 5.703858e-02 1.084329e-01 -4.338524e-02 -1.063290e-02 -5.456042e-02 -1.137918e-01 -8.242460e-02 -7.632004e-02 -7.635045e-02 -1.207973e-01 8.155315e-02 1.445210e-01 7.357665e-02
<VARIANCE> 39
 1.042389e+01 6.204152e+00 1.386951e+01 1.914236e+01 5.089695e+01 2.179167e+01 2.884936e+01 1.793041e+01 2.675087e+01 5.161206e+01 5.208978e+01 3.103860e+01 9.451518e-01 3.820567e-01 3.565560e-01 7.825218e-01 1.408645e+00 1.494570e+00 2.072732e+00 1.994080e+00 1.150827e+00 2.685212e+00 2.499085e+00 1.708821e+00 1.280005e+00 7.322375e-02 5.884506e-02 6.886516e-02 1.226712e-01 3.160016e-01 3.469168e-01 2.992725e-01 2.066820e-01 2.104587e-01 4.188049e-01 3.651007e-01 3.315624e-01 3.138210e-01 1.166811e-02
<GCONST> 8.663706e+01
<TRANSP> 20
 0.000000e+00 1.000000e+00 0.000000e+00 0.000000e+00 0.000000e+00 0.000000e+00 0.000000e+00 0.000000e+00 0.000000e+00 0.000000e+00 0.000000e+00 0.000000e+00 0.000000e+00 0.000000e+00 0.000000e+00 0.000000e+00 0.000000e+00 0.000000e+00 0.000000e+00 0.000000e+00
 0.000000e+00 7.366756e-01 2.633245e-01 0.000000e+00 0.000000e+00 0.000000e+00 0.000000e+00 0.000000e+00 0.000000e+00 0.000000e+00 0.000000e+00 0.000000e+00 0.000000e+00 0.000000e+00 0.000000e+00 0.000000e+00 0.000000e+00 0.000000e+00 0.000000e+00 0.000000e+00
 0.000000e+00 0.000000e+00 7.477683e-01 2.522318e-01 0.000000e+00 0.000000e+00 0.000000e+00 0.000000e+00 0.000000e+00 0.000000e+00 0.000000e+00 0.000000e+00 0.000000e+00 0.000000e+00 0.000000e+00 0.000000e+00 0.000000e+00 0.000000e+00 0.000000e+00 0.000000e+00
 0.000000e+00 0.000000e+00 0.000000e+00 7.304219e-01 2.695781e-01 0.000000e+00 0.000000e+00 0.000000e+00 0.000000e+00 0.000000e+00 0.000000e+00 0.000000e+00 0.000000e+00 0.000000e+00 0.000000e+00 0.000000e+00 0.000000e+00 0.000000e+00 0.000000e+00 0.000000e+00
 0.000000e+00 0.000000e+00 0.000000e+00 0.000000e+00 7.235629e-01 2.764371e-01 0.000000e+00 0.000000e+00 0.000000e+00 0.000000e+00 0.000000e+00 0.000000e+00 0.000000e+00 0.000000e+00 0.000000e+00 0.000000e+00 0.000000e+00 0.000000e+00 0.000000e+00 0.000000e+00
 0.000000e+00 0.000000e+00 0.000000e+00 0.000000e+00 0.000000e+00 8.558986e-01 1.441015e-01 0.000000e+00 0.000000e+00 0.000000e+00 0.000000e+00 0.000000e+00 0.000000e+00 0.000000e+00 0.000000e+00 0.000000e+00 0.000000e+00 0.000000e+00 0.000000e+00 0.000000e+00
 0.000000e+00 0.000000e+00 0.000000e+00 0.000000e+00 0.000000e+00 0.000000e+00 7.915835e-01 2.084165e-01 0.000000e+00 0.000000e+00 0.000000e+00 0.000000e+00 0.000000e+00 0.000000e+00 0.000000e+00 0.000000e+00 0.000000e+00 0.000000e+00 0.000000e+00 0.000000e+00
 0.000000e+00 0.000000e+00 0.000000e+00 0.000000e+00 0.000000e+00 0.000000e+00 0.000000e+00 6.925076e-01 3.074925e-01 0.000000e+00 0.000000e+00 0.000000e+00 0.000000e+00 0.000000e+00 0.000000e+00 0.000000e+00 0.000000e+00 0.000000e+00 0.000000e+00 0.000000e+00
 0.000000e+00 0.000000e+00 0.000000e+00 0.000000e+00 0.000000e+00 0.000000e+00 0.000000e+00 0.000000e+00 7.277204e-01 2.722796e-01 0.000000e+00 0.000000e+00 0.000000e+00 0.000000e+00 0.000000e+00 0.000000e+00 0.000000e+00 0.000000e+00 0.000000e+00 0.000000e+00
 0.000000e+00 0.000000e+00 0.000000e+00 0.000000e+00 0.000000e+00 0.000000e+00 0.000000e+00 0.000000e+00 0.000000e+00 7.544187e-01 2.455812e-01 0.000000e+00 0.000000e+00 0.000000e+00 0.000000e+00 0.000000e+00 0.000000e+00 0.000000e+00 0.000000e+00 0.000000e+00
 0.000000e+00 0.000000e+00 0.000000e+00 0.000000e+00 0.000000e+00 0.000000e+00 0.000000e+00 0.000000e+00 0.000000e+00 0.000000e+00 7.216642e-01 2.783358e-01 0.000000e+00 0.000000e+00 0.000000e+00 0.000000e+00 0.000000e+00 0.000000e+00 0.000000e+00 0.000000e+00
 0.000000e+00 0.000000e+00 0.000000e+00 0.000000e+00 0.000000e+00 0.000000e+00 0.000000e+00 0.000000e+00 0.000000e+00 0.000000e+00 0.000000e+00 7.425981e-01 2.574019e-01 0.000000e+00 0.000000e+00 0.000000e+00 0.000000e+00 0.000000e+00 0.000000e+00 0.000000e+00
 0.000000e+00 0.000000e+00 0.000000e+00 0.000000e+00 0.000000e+00 0.000000e+00 0.000000e+00 0.000000e+00 0.000000e+00 0.000000e+00 0.000000e+00 0.000000e+00 8.046646e-01 1.953354e-01 0.000000e+00 0.000000e+00 0.000000e+00 0.000000e+00 0.000000e+00 0.000000e+00
 0.000000e+00 0.000000e+00 0.000000e+00 0.000000e+00 0.000000e+00 0.000000e+00 0.000000e+00 0.000000e+00 0.000000e+00 0.000000e+00 0.000000e+00 0.000000e+00 0.000000e+00 7.639949e-01 2.360051e-01 0.000000e+00 0.000000e+00 0.000000e+00 0.000000e+00 0.000000e+00
 0.000000e+00 0.000000e+00 0.000000e+00 0.000000e+00 0.000000e+00 0.000000e+00 0.000000e+00 0.000000e+00 0.000000e+00 0.000000e+00 0.000000e+00 0.000000e+00 0.000000e+00 0.000000e+00 7.773716e-01 2.226284e-01 0.000000e+00 0.000000e+00 0.000000e+00 0.000000e+00
 0.000000e+00 0.000000e+00 0.000000e+00 0.000000e+00 0.000000e+00 0.000000e+00 0.000000e+00 0.000000e+00 0.000000e+00 0.000000e+00 0.000000e+00 0.000000e+00 0.000000e+00 0.000000e+00 0.000000e+00 7.335505e-01 2.664495e-01 0.000000e+00 0.000000e+00 0.000000e+00
 0.000000e+00 0.000000e+00 0.000000e+00 0.000000e+00 0.000000e+00 0.000000e+00 0.000000e+00 0.000000e+00 0.000000e+00 0.000000e+00 0.000000e+00 0.000000e+00 0.000000e+00 0.000000e+00 0.000000e+00 0.000000e+00 7.806980e-01 2.193020e-01 0.000000e+00 0.000000e+00
 0.000000e+00 0.000000e+00 0.000000e+00 0.000000e+00 0.000000e+00 0.000000e+00 0.000000e+00 0.000000e+00 0.000000e+00 0.000000e+00 0.000000e+00 0.000000e+00 0.000000e+00 0.000000e+00 0.000000e+00 0.000000e+00 0.000000e+00 7.939042e-01 2.060957e-01 0.000000e+00
 0.000000e+00 0.000000e+00 0.000000e+00 0.000000e+00 0.000000e+00 0.000000e+00 0.000000e+00 0.000000e+00 0.000000e+00 0.000000e+00 0.000000e+00 0.000000e+00 0.000000e+00 0.000000e+00 0.000000e+00 0.000000e+00 0.000000e+00 0.000000e+00 7.458611e-01 2.541389e-01
 0.000000e+00 0.000000e+00 0.000000e+00 0.000000e+00 0.000000e+00 0.000000e+00 0.000000e+00 0.000000e+00 0.000000e+00 0.000000e+00 0.000000e+00 0.000000e+00 0.000000e+00 0.000000e+00 0.000000e+00 0.000000e+00 0.000000e+00 0.000000e+00 0.000000e+00 0.000000e+00
<ENDHMM>
