~o
<STREAMINFO> 1 39
<VECSIZE> 39<NULLD><MFCC_D_A_0><DIAGC>
~h "nol"
<BEGINHMM>
<NUMSTATES> 5
<STATE> 2
<MEAN> 39
 -6.910670e+00 1.000686e+00 1.653282e+00 -3.812154e+00 1.371465e+00 -8.092033e+00 -6.509192e+00 -1.070488e+01 -1.544856e+00 -6.531539e+00 6.503669e-01 -7.386918e+00 6.324847e+01 1.394756e+00 1.013700e-01 -4.654454e-01 -7.573420e-01 2.586028e-01 3.605715e-01 -7.011235e-01 -1.931581e-01 4.138095e-02 1.297499e-01 2.032105e-01 -3.277197e-01 1.074634e+00 -7.792060e-03 -1.046463e-01 -1.351371e-01 -1.427859e-01 -2.777263e-03 1.771926e-01 1.442875e-01 -2.967404e-02 -2.109418e-03 -4.155720e-02 -1.709141e-03 3.813948e-02 1.836205e-02
<VARIANCE> 39
 7.613438e+01 5.211341e+01 7.341296e+01 4.494751e+01 3.655774e+01 4.232470e+01 8.540724e+01 5.585544e+01 4.676384e+01 5.682247e+01 8.298948e+01 4.216114e+01 3.282470e+01 1.863385e+00 6.998702e+00 8.388623e+00 4.960450e+00 3.877512e+00 6.594985e+00 4.914471e+00 5.182266e+00 4.103996e+00 2.728796e+00 3.669644e+00 3.236665e+00 6.307598e-01 3.208211e-01 9.924111e-01 1.077570e+00 5.952556e-01 6.854820e-01 8.595803e-01 7.032080e-01 9.564694e-01 7.530783e-01 4.727180e-01 5.746666e-01 6.065755e-01 1.199210e-01
<GCONST> 1.338989e+02
<STATE> 3
<MEAN> 39
 2.911582e+00 -3.149920e+00 -9.092999e+00 -2.040250e+01 8.909271e-01 7.046546e+00 -7.598876e+00 -1.450139e+01 -3.656667e+00 -6.993998e+00 1.119026e+00 -7.584865e+00 7.181348e+01 -1.739029e-01 2.762426e-01 2.187840e-01 9.372506e-02 -1.996805e-01 7.147694e-02 1.932334e-01 -2.641983e-01 -1.846583e-01 -1.530997e-01 -1.894824e-01 1.150308e-01 -2.492548e-01 -5.446744e-02 4.269436e-02 7.452900e-02 1.354288e-01 2.778287e-02 -1.366452e-01 -2.246013e-02 6.700814e-02 1.727098e-02 1.870987e-02 -4.319966e-03 -2.146875e-02 -5.440025e-02
<VARIANCE> 39
 2.939892e+00 3.236499e+01 6.296179e+01 1.934181e+01 8.895723e+01 6.586629e+01 7.251513e+01 1.134603e+02 6.980431e+01 5.700077e+01 1.443592e+02 4.537736e+01 1.197554e+01 1.820786e-01 5.047881e-01 9.934281e-01 1.277562e+00 1.587998e+00 2.051021e+00 1.306471e+00 1.777587e+00 1.592977e+00 2.026425e+00 1.227487e+00 1.167091e+00 1.804610e-01 1.959138e-02 9.020498e-02 1.264917e-01 1.101335e-01 2.251352e-01 2.160554e-01 1.909552e-01 2.686306e-01 2.483297e-01 2.703073e-01 2.073501e-01 1.796820e-01 1.107746e-02
<GCONST> 9.318204e+01
<STATE> 4
<MEAN> 39
 -1.015991e+01 -9.544429e-01 -7.820194e-01 -4.548604e+00 7.949700e-01 -2.607678e+00 6.666176e-01 -9.707480e+00 -3.794420e+00 -1.065950e+01 -4.091818e+00 -8.986579e+00 6.009993e+01 -6.216154e-01 -2.666075e-01 1.072321e-01 3.834597e-01 -7.041272e-04 -2.827429e-01 3.023442e-01 4.230150e-01 1.831463e-01 9.740970e-02 1.241834e-02 -3.212882e-03 -3.843274e-01 3.043739e-02 -2.004420e-02 -3.244324e-02 -7.175382e-02 -2.776351e-02 2.926926e-02 -2.815576e-02 -8.187657e-04 2.449605e-02 2.466077e-02 7.518423e-03 -8.724889e-03 2.998879e-02
<VARIANCE> 39
 2.346625e+01 1.185783e+01 1.198095e+01 3.260599e+01 1.836063e+01 3.307631e+01 2.800538e+01 3.405418e+01 2.483711e+01 2.709143e+01 3.994139e+01 2.735789e+01 8.187722e+00 1.764576e-01 3.730849e-01 6.541209e-01 1.102880e+00 1.059522e+00 1.310220e+00 1.492199e+00 1.616038e+00 1.424323e+00 1.273125e+00 1.903007e+00 1.835540e+00 9.549307e-02 2.401610e-02 6.717153e-02 9.753180e-02 1.593220e-01 1.833833e-01 1.907954e-01 2.573934e-01 2.817787e-01 2.554764e-01 2.255009e-01 2.918371e-01 3.129405e-01 7.072603e-03
<GCONST> 8.304256e+01
<TRANSP> 5
 0.000000e+00 1.000000e+00 0.000000e+00 0.000000e+00 0.000000e+00
 0.000000e+00 9.318377e-01 6.816234e-02 0.000000e+00 0.000000e+00
 0.000000e+00 0.000000e+00 9.583697e-01 4.163024e-02 0.000000e+00
 0.000000e+00 0.000000e+00 0.000000e+00 9.602249e-01 3.977513e-02
 0.000000e+00 0.000000e+00 0.000000e+00 0.000000e+00 0.000000e+00
<ENDHMM>
