~o
<STREAMINFO> 1 39
<VECSIZE> 39<NULLD><MFCC_D_A_0><DIAGC>
~h "nyalakan"
<BEGINHMM>
<NUMSTATES> 5
<STATE> 2
<MEAN> 39
 -6.931233e+00 -3.245420e+00 5.233555e+00 -4.913417e+00 -7.637705e+00 -1.168996e+01 -2.808652e+00 -2.044102e-01 -6.432636e+00 -1.035414e+01 2.895861e+00 -7.171260e+00 6.410123e+01 1.423249e+00 -3.617582e-01 3.009053e-01 -1.752735e-01 -8.631797e-01 -1.245851e+00 -3.853863e-03 1.058374e+00 -5.909235e-01 -1.000306e+00 -4.984559e-01 -3.398827e-02 1.640327e+00 -2.638409e-02 -3.232846e-01 -3.159401e-01 -5.299419e-02 2.079410e-01 2.229076e-01 -1.580934e-01 -1.163340e-01 2.260268e-01 4.596665e-02 -1.817235e-01 -5.527912e-02 3.780273e-02
<VARIANCE> 39
 3.981843e+01 4.600814e+01 6.588331e+01 2.745216e+01 5.865066e+01 7.681687e+01 4.761100e+01 1.615405e+02 5.670887e+01 6.402606e+01 8.094446e+01 2.409033e+01 4.373409e+01 1.775258e+00 8.199964e+00 4.411381e+00 3.132255e+00 6.241910e+00 6.020088e+00 6.258949e+00 1.007569e+01 5.810025e+00 4.998801e+00 6.511378e+00 3.728606e+00 8.608961e-01 3.549972e-01 1.093940e+00 4.285495e-01 6.873833e-01 1.325055e+00 1.310940e+00 1.379761e+00 2.092108e+00 1.056557e+00 1.064164e+00 1.061626e+00 5.462804e-01 1.851042e-01
<GCONST> 1.404153e+02
<STATE> 3
<MEAN> 39
 -1.315189e+00 -1.111732e+01 -6.283577e+00 -7.094080e+00 4.997937e-01 -6.421443e+00 -7.122681e+00 -4.598145e+00 -1.864845e-01 -8.036764e+00 -7.156974e+00 -1.196839e+01 7.121139e+01 1.373942e-02 2.108505e-01 -4.225679e-02 4.632293e-02 1.634103e-01 3.869997e-02 -1.482463e-01 -3.517583e-01 1.376039e-02 7.158788e-02 -1.345195e-01 -3.627728e-02 -1.014398e-01 -1.600067e-02 8.304314e-02 6.745221e-02 1.329766e-04 -5.555202e-02 -4.929682e-02 3.041714e-02 9.936930e-03 -4.651576e-02 -6.146787e-03 4.730207e-02 1.908823e-02 -3.773862e-02
<VARIANCE> 39
 1.779806e+01 2.788339e+01 5.531718e+01 3.120965e+01 7.924565e+01 1.112948e+02 3.917447e+01 1.415154e+02 5.125064e+01 9.060913e+01 8.288570e+01 5.762672e+01 2.552576e+01 9.959533e-01 2.109061e+00 1.682710e+00 1.846276e+00 3.217445e+00 3.973007e+00 2.435702e+00 3.870365e+00 3.246801e+00 3.507394e+00 2.120301e+00 2.586645e+00 1.288151e+00 1.350315e-01 2.396841e-01 1.847043e-01 3.105485e-01 4.367936e-01 5.641454e-01 4.313015e-01 5.027033e-01 5.829152e-01 5.539089e-01 3.965666e-01 4.624966e-01 1.315621e-01
<GCONST> 1.201796e+02
<STATE> 4
<MEAN> 39
 -9.515844e+00 7.010833e-01 2.452720e+00 -1.278955e+00 2.802560e+00 -4.194176e+00 -2.559041e+00 -1.051562e+01 -5.711957e+00 -1.283213e+01 -6.203269e+00 -1.035620e+01 6.038206e+01 -5.156519e-01 -4.721456e-02 9.053533e-03 7.081318e-02 2.305820e-01 4.407667e-01 3.658636e-01 3.129865e-02 5.501304e-02 1.432286e-01 2.179348e-01 9.956982e-03 -3.747878e-01 -1.159408e-03 -6.597082e-02 -3.661258e-02 -1.902062e-02 -9.926955e-03 1.009024e-03 2.755574e-02 5.483039e-02 3.235316e-02 1.833663e-02 8.684474e-03 -7.452634e-04 2.156900e-02
<VARIANCE> 39
 3.261529e+01 1.627466e+01 1.264718e+01 1.799950e+01 4.461552e+01 6.274439e+01 4.340777e+01 4.196584e+01 4.108766e+01 3.791018e+01 3.628404e+01 2.953815e+01 1.354233e+01 2.016226e-01 6.597587e-01 8.239667e-01 9.226525e-01 1.295706e+00 1.449061e+00 1.607168e+00 1.785727e+00 1.723749e+00 1.787724e+00 1.760813e+00 1.654265e+00 1.036289e-01 3.313868e-02 6.781145e-02 1.378586e-01 1.780884e-01 2.051281e-01 2.376709e-01 2.910369e-01 3.317246e-01 3.371047e-01 2.879418e-01 2.939742e-01 2.779473e-01 8.619693e-03
<GCONST> 9.032388e+01
<TRANSP> 5
 0.000000e+00 1.000000e+00 0.000000e+00 0.000000e+00 0.000000e+00
 0.000000e+00 9.022400e-01 9.776006e-02 0.000000e+00 0.000000e+00
 0.000000e+00 0.000000e+00 9.771776e-01 2.282248e-02 0.000000e+00
 0.000000e+00 0.000000e+00 0.000000e+00 9.691079e-01 3.089208e-02
 0.000000e+00 0.000000e+00 0.000000e+00 0.000000e+00 0.000000e+00
<ENDHMM>
