~o
<STREAMINFO> 1 39
<VECSIZE> 39<NULLD><MFCC_D_A_0><DIAGC>
~h "sembilan"
<BEGINHMM>
<NUMSTATES> 5
<STATE> 2
<MEAN> 39
 -1.887424e+01 3.735778e+00 -6.684323e+00 -1.202324e+00 -3.454002e-01 -1.084431e+01 2.885087e+00 -1.160822e+01 3.503895e+00 -8.459713e+00 7.728092e-01 -5.800337e+00 6.219570e+01 6.886107e-01 7.886053e-01 -5.666237e-02 5.966077e-02 -9.003443e-02 -5.466377e-01 -4.757175e-01 -6.795301e-01 -2.483549e-02 1.600496e-02 1.507986e-01 -6.087256e-02 7.111710e-01 7.141017e-02 -1.948170e-02 5.394784e-02 9.728313e-03 2.582918e-02 6.080897e-02 -3.112451e-02 -4.997957e-03 -8.338883e-02 4.343706e-03 5.292977e-02 5.377722e-03 -9.773885e-03
<VARIANCE> 39
 7.619858e+01 6.224680e+01 4.594690e+01 2.736558e+01 4.257872e+01 4.436560e+01 6.897205e+01 4.534408e+01 3.476105e+01 6.243501e+01 3.833675e+01 4.345107e+01 2.731293e+01 6.843791e+00 2.870196e+00 3.029299e+00 2.171183e+00 2.349718e+00 2.482789e+00 6.962280e+00 3.374839e+00 4.105050e+00 3.115633e+00 3.459497e+00 3.122152e+00 8.072496e-01 7.905872e-01 4.877201e-01 3.999334e-01 3.243472e-01 4.224473e-01 4.778749e-01 1.078205e+00 6.675730e-01 7.845259e-01 5.401157e-01 5.596019e-01 6.029531e-01 1.900037e-01
<GCONST> 1.272441e+02
<STATE> 3
<MEAN> 39
 -1.241541e+00 -2.849548e+00 6.027994e+00 -5.445336e+00 -8.240903e+00 -1.286640e+01 -7.153312e+00 -7.760268e+00 -6.491009e+00 -4.630219e+00 -8.808739e-01 -5.855463e+00 7.078638e+01 6.474637e-02 -1.952432e-01 1.963921e-01 1.401628e-02 -5.855155e-02 1.146886e-01 3.158326e-02 2.429980e-01 -8.119627e-02 -1.938968e-01 -2.716717e-01 3.750527e-02 -7.896658e-02 -4.235938e-02 3.558738e-02 -1.570600e-02 1.482602e-02 1.610518e-02 -9.976677e-03 1.345634e-02 -4.777913e-03 3.142383e-02 -1.955234e-02 -2.219400e-02 -1.461343e-02 -1.653112e-02
<VARIANCE> 39
 7.246960e+00 7.968311e+01 1.539893e+02 3.754409e+01 1.265005e+02 8.330569e+01 4.642130e+01 1.251436e+02 1.373261e+02 8.901075e+01 1.317344e+02 5.142289e+01 1.551278e+01 3.919699e-01 2.350418e+00 4.183727e+00 2.076301e+00 4.362399e+00 2.817232e+00 2.703843e+00 3.746003e+00 4.384041e+00 3.893279e+00 3.220913e+00 2.763412e+00 6.883038e-01 5.200476e-02 2.334720e-01 3.215030e-01 2.942059e-01 5.272999e-01 4.341705e-01 4.365228e-01 5.875404e-01 5.125278e-01 5.950766e-01 5.551683e-01 4.144057e-01 7.472868e-02
<GCONST> 1.223005e+02
<STATE> 4
<MEAN> 39
 -1.145118e+01 -2.289959e-01 2.957948e+00 -2.174470e-01 3.601401e+00 -2.382045e+00 5.405298e-01 -8.053919e+00 -4.365379e+00 -1.314285e+01 -4.455138e+00 -7.523505e+00 5.921276e+01 -5.906364e-01 -2.608940e-01 -1.922892e-01 6.907175e-02 3.714327e-01 4.423120e-01 4.309030e-01 9.063933e-02 2.455640e-02 1.250317e-01 1.548861e-01 -1.350694e-01 -3.740169e-01 6.196310e-03 -6.065369e-02 -3.239408e-02 -2.894873e-02 -2.806600e-02 1.692591e-02 1.406788e-02 3.222850e-02 3.155036e-03 4.054619e-02 -1.205716e-03 -2.491298e-03 2.421863e-02
<VARIANCE> 39
 3.288087e+01 2.319409e+01 1.701242e+01 2.371613e+01 4.280940e+01 4.981359e+01 4.556844e+01 4.112630e+01 6.074955e+01 4.506528e+01 3.422069e+01 2.717768e+01 1.022182e+01 1.952164e-01 6.410918e-01 5.854249e-01 7.246309e-01 1.264706e+00 1.537327e+00 1.493170e+00 1.994690e+00 2.260194e+00 2.001970e+00 1.586147e+00 1.630991e+00 1.170418e-01 2.708816e-02 7.475294e-02 1.101173e-01 1.338591e-01 1.845777e-01 2.420684e-01 2.413421e-01 3.361632e-01 4.071652e-01 3.582221e-01 2.863070e-01 3.014912e-01 8.070709e-03
<GCONST> 9.049136e+01
<TRANSP> 5
 0.000000e+00 1.000000e+00 0.000000e+00 0.000000e+00 0.000000e+00
 0.000000e+00 9.490420e-01 5.095800e-02 0.000000e+00 0.000000e+00
 0.000000e+00 0.000000e+00 9.765543e-01 2.344578e-02 0.000000e+00
 0.000000e+00 0.000000e+00 0.000000e+00 9.667299e-01 3.327010e-02
 0.000000e+00 0.000000e+00 0.000000e+00 0.000000e+00 0.000000e+00
<ENDHMM>
