~o
<STREAMINFO> 1 39
<VECSIZE> 39<NULLD><MFCC_D_A_0><DIAGC>
~h "seperempat"
<BEGINHMM>
<NUMSTATES> 5
<STATE> 2
<MEAN> 39
 -2.231592e+01 2.414916e+00 -8.536210e+00 -3.816132e-02 -8.979130e-01 -7.443624e+00 3.118172e+00 -9.050860e+00 3.245911e+00 -7.542162e+00 2.204950e+00 -5.930225e+00 6.032737e+01 5.676994e-01 1.221022e+00 -6.300572e-01 9.286782e-02 -5.782655e-01 -1.295980e+00 -7.972425e-01 -4.395009e-01 5.961451e-01 3.720891e-01 -1.688663e-01 -2.652232e-01 1.039090e+00 4.859778e-01 -1.486049e-01 5.375000e-02 -2.276084e-01 -8.382600e-05 -4.086461e-02 -3.715919e-01 -5.014702e-02 -7.513452e-04 1.526643e-01 -9.346186e-02 -1.629016e-01 1.723535e-01
<VARIANCE> 39
 2.551326e+01 4.468193e+01 2.200066e+01 2.428974e+01 2.835243e+01 4.447775e+01 3.367950e+01 2.500372e+01 2.543349e+01 3.316511e+01 2.061457e+01 2.471814e+01 1.018999e+01 8.579320e+00 2.338408e+00 2.388107e+00 3.890757e+00 2.867074e+00 4.479905e+00 8.822725e+00 2.519819e+00 2.072200e+00 2.987394e+00 3.056617e+00 2.759810e+00 7.064194e-01 8.653639e-01 4.251917e-01 4.594719e-01 5.401178e-01 4.975843e-01 7.925758e-01 1.043917e+00 5.456771e-01 3.361827e-01 3.698222e-01 5.202540e-01 5.294294e-01 8.939248e-02
<GCONST> 1.189799e+02
<STATE> 3
<MEAN> 39
 -1.753924e+00 -4.280136e+00 -6.497112e+00 -6.518230e+00 -1.047701e+00 -6.718991e+00 -5.137778e+00 -1.196053e+01 -1.450295e+00 -3.397573e+00 -8.584967e-01 -1.157293e+01 6.806975e+01 1.586444e-01 -2.783339e-01 4.785888e-02 -4.499570e-02 7.143123e-02 2.394321e-01 3.331370e-02 4.787207e-02 -9.224789e-02 -1.451898e-01 -1.643348e-01 -7.684632e-02 -4.897361e-03 -1.102314e-01 2.829505e-02 1.210583e-03 3.113953e-02 1.601161e-02 2.977305e-02 9.932935e-02 2.311370e-02 -1.290153e-02 -4.077000e-02 1.136074e-02 2.525107e-02 -6.197264e-02
<VARIANCE> 39
 2.358683e+01 6.065751e+01 5.399346e+01 2.605914e+01 5.352999e+01 7.245023e+01 7.047717e+01 6.003750e+01 5.916411e+01 8.541882e+01 6.672702e+01 4.094597e+01 2.428513e+01 2.488010e+00 2.381337e+00 3.335381e+00 2.690203e+00 2.349483e+00 2.708440e+00 3.187479e+00 3.157224e+00 2.673254e+00 4.289240e+00 2.419002e+00 2.927566e+00 1.946978e+00 4.396150e-01 2.461738e-01 5.681053e-01 5.337307e-01 4.050342e-01 4.948973e-01 6.037941e-01 5.662428e-01 4.428166e-01 7.682937e-01 4.574172e-01 5.203309e-01 2.833544e-01
<GCONST> 1.257604e+02
<STATE> 4
<MEAN> 39
 -1.159113e+01 -5.142715e+00 -4.402806e+00 -5.957957e+00 1.494015e+00 -9.404209e-01 3.117204e+00 -3.980391e+00 -4.057920e-01 -1.150441e+01 -6.866148e+00 -1.174098e+01 6.010818e+01 -7.692756e-01 1.465659e-01 2.846897e-01 1.821827e-01 2.833927e-01 3.796336e-01 7.015141e-01 3.769268e-01 -1.656583e-01 -6.726459e-02 3.337149e-01 1.527148e-01 -5.863767e-01 3.331012e-02 -6.270684e-02 2.624564e-03 2.443225e-02 -1.986512e-02 -1.930329e-02 -5.152747e-02 -2.121400e-02 1.336602e-02 2.264891e-02 2.275457e-02 5.393083e-02 5.065622e-02
<VARIANCE> 39
 2.119530e+01 6.721831e+00 1.455756e+01 1.646938e+01 2.749031e+01 2.371933e+01 3.102981e+01 2.963142e+01 2.200212e+01 3.158847e+01 3.261552e+01 2.048353e+01 1.182963e+01 1.410785e-01 4.157355e-01 5.300354e-01 8.481434e-01 1.062781e+00 1.167603e+00 1.634161e+00 1.398024e+00 1.263158e+00 1.348859e+00 1.389850e+00 1.184337e+00 1.008191e-01 2.211658e-02 4.725527e-02 7.617131e-02 1.164445e-01 1.660110e-01 1.712736e-01 2.639093e-01 2.215528e-01 2.262887e-01 1.984119e-01 2.169000e-01 2.260436e-01 7.867482e-03
<GCONST> 7.813011e+01
<TRANSP> 5
 0.000000e+00 1.000000e+00 0.000000e+00 0.000000e+00 0.000000e+00
 0.000000e+00 9.039583e-01 9.604168e-02 0.000000e+00 0.000000e+00
 0.000000e+00 0.000000e+00 9.819462e-01 1.805376e-02 0.000000e+00
 0.000000e+00 0.000000e+00 0.000000e+00 9.492334e-01 5.076666e-02
 0.000000e+00 0.000000e+00 0.000000e+00 0.000000e+00 0.000000e+00
<ENDHMM>
