~o
<STREAMINFO> 1 39
<VECSIZE> 39<NULLD><MFCC_D_A_0><DIAGC>
~h "sepuluh"
<BEGINHMM>
<NUMSTATES> 5
<STATE> 2
<MEAN> 39
 -1.292369e+01 2.084398e+00 -5.445814e+00 -5.684412e+00 1.417561e+00 -8.977428e+00 3.350923e-01 -9.948384e+00 4.670770e-01 -6.451021e+00 1.374773e+00 -6.001467e+00 6.345248e+01 7.043040e-01 3.929185e-01 -2.866159e-03 -4.603832e-01 -3.863115e-01 -8.154597e-02 -3.232607e-01 -3.129021e-01 -4.229885e-01 -1.250150e-01 1.577008e-01 2.025058e-01 3.514760e-01 2.300659e-02 -1.200774e-02 6.610685e-03 -8.558547e-03 2.597676e-02 5.550699e-02 -2.650926e-03 -4.168724e-02 -7.546583e-02 3.028266e-02 4.046088e-02 7.037999e-03 9.625121e-03
<VARIANCE> 39
 1.147944e+02 3.882786e+01 3.135561e+01 4.613161e+01 7.552339e+01 5.241966e+01 8.074751e+01 6.695797e+01 4.640854e+01 6.885732e+01 3.234082e+01 2.705857e+01 2.798592e+01 5.229073e+00 3.287287e+00 2.007741e+00 3.455019e+00 3.430872e+00 3.737347e+00 5.126050e+00 4.283188e+00 3.365017e+00 4.147927e+00 3.018800e+00 2.743436e+00 1.512757e+00 7.569165e-01 4.820440e-01 3.025211e-01 5.823817e-01 6.017666e-01 5.725768e-01 8.720303e-01 7.051423e-01 5.328541e-01 6.946801e-01 5.261651e-01 4.722961e-01 2.007490e-01
<GCONST> 1.297085e+02
<STATE> 3
<MEAN> 39
 2.744142e+00 3.626984e+00 -3.220707e+00 -1.267953e+01 -2.862831e+00 -3.693789e+00 -1.208395e+01 -2.054967e+01 -1.442050e+01 -3.613665e+00 1.016051e+01 -3.139804e+00 6.799618e+01 -2.674755e-01 -5.470303e-02 7.050633e-02 3.940793e-01 3.797370e-01 -2.053861e-04 -3.552809e-02 -1.371756e-01 3.354725e-02 8.857330e-02 6.801038e-02 -9.508735e-02 -1.343896e-01 -5.956488e-02 -1.531658e-02 2.471458e-02 5.337287e-02 -1.012352e-02 -6.852035e-02 9.993436e-03 8.644219e-02 1.060228e-01 -5.540145e-02 -9.998257e-02 -2.428105e-02 -4.110311e-02
<VARIANCE> 39
 6.396417e+00 1.535047e+01 4.681118e+01 4.102350e+01 6.225244e+01 4.199655e+01 6.582935e+01 5.911225e+01 5.277291e+01 6.015245e+01 5.299126e+01 4.867524e+01 5.386497e+00 2.943711e-01 6.507354e-01 1.139759e+00 2.318375e+00 1.351843e+00 1.908166e+00 2.131336e+00 2.763062e+00 2.757289e+00 3.124761e+00 2.211318e+00 2.741848e+00 2.230020e-01 3.553521e-02 9.328604e-02 1.819261e-01 3.242601e-01 2.337076e-01 3.361552e-01 3.461182e-01 3.559753e-01 4.489727e-01 4.722250e-01 3.111086e-01 4.816346e-01 2.081558e-02
<GCONST> 1.015581e+02
<STATE> 4
<MEAN> 39
 -1.270270e+01 -2.419186e+00 5.410085e-01 -1.163110e+00 4.346718e+00 -2.440805e+00 -1.980384e+00 -1.177375e+01 -6.760204e+00 -1.151287e+01 -1.470916e+00 -6.151289e+00 5.880057e+01 -6.743467e-01 -4.634717e-01 2.862828e-03 3.058414e-01 2.552392e-01 2.641753e-01 4.764411e-01 4.964212e-01 3.658828e-01 -1.717465e-01 -5.509470e-01 -3.623903e-01 -3.482553e-01 3.969491e-02 1.475445e-02 -2.956785e-02 -5.094700e-02 -1.497367e-02 2.598492e-02 1.438266e-03 -6.046907e-03 -1.914565e-02 5.743328e-03 1.446409e-02 -1.750176e-03 2.601363e-02
<VARIANCE> 39
 2.544301e+01 1.747916e+01 1.142667e+01 1.912601e+01 3.287661e+01 3.527281e+01 4.087527e+01 4.466089e+01 3.203924e+01 3.513687e+01 4.554853e+01 4.252355e+01 6.457191e+00 1.907347e-01 2.745404e-01 5.333509e-01 8.344504e-01 1.078555e+00 1.250769e+00 1.257747e+00 1.636541e+00 1.381465e+00 1.391683e+00 1.282733e+00 1.508115e+00 6.005942e-02 2.399864e-02 4.769817e-02 9.027713e-02 1.448223e-01 1.825121e-01 2.004782e-01 2.213496e-01 2.952184e-01 2.353216e-01 2.418205e-01 2.108216e-01 3.118196e-01 7.361755e-03
<GCONST> 8.230502e+01
<TRANSP> 5
 0.000000e+00 1.000000e+00 0.000000e+00 0.000000e+00 0.000000e+00
 0.000000e+00 9.691089e-01 3.089112e-02 0.000000e+00 0.000000e+00
 0.000000e+00 0.000000e+00 9.641607e-01 3.583933e-02 0.000000e+00
 0.000000e+00 0.000000e+00 0.000000e+00 9.585787e-01 4.142126e-02
 0.000000e+00 0.000000e+00 0.000000e+00 0.000000e+00 0.000000e+00
<ENDHMM>
