~o
<STREAMINFO> 1 39
<VECSIZE> 39<NULLD><MFCC_D_A_0><DIAGC>
~h "sil"
<BEGINHMM>
<NUMSTATES> 5
<STATE> 2
<MEAN> 39
 -1.735229e+01 -7.535974e+00 -6.565623e-01 -3.556009e+00 4.262870e+00 7.972614e-01 4.527675e+00 -3.063148e+00 -3.482368e-01 -8.318637e+00 -1.705626e+00 -7.322170e+00 5.572476e+01 -1.939022e-01 -1.986597e-01 -3.954103e-02 -5.013181e-02 -4.066094e-02 -8.301241e-02 2.739854e-03 1.736915e-01 1.609806e-01 1.066013e-01 5.044716e-02 -1.674938e-03 -3.052521e-02 1.980100e-02 2.812906e-02 -1.463308e-02 1.518330e-02 -1.397835e-02 -2.648983e-02 -3.995434e-02 -3.402126e-02 -1.395659e-02 1.451170e-02 8.462534e-03 9.630544e-03 -4.617638e-02
<VARIANCE> 39
 3.248521e+01 3.575549e+01 3.577534e+01 4.739896e+01 5.757756e+01 8.432455e+01 8.260685e+01 6.461258e+01 6.671311e+01 5.635007e+01 4.757435e+01 3.677680e+01 1.078710e+01 4.607277e-01 5.952028e-01 8.799646e-01 1.408612e+00 1.846958e+00 2.202714e+00 2.287433e+00 2.504544e+00 2.479503e+00 2.531893e+00 2.172260e+00 1.851536e+00 7.760229e-01 4.632848e-02 8.788113e-02 1.460676e-01 2.331463e-01 3.139853e-01 3.697047e-01 4.011033e-01 4.320918e-01 4.485736e-01 4.459319e-01 3.885246e-01 3.415815e-01 1.892449e-01
<GCONST> 1.082801e+02
<STATE> 3
<MEAN> 39
 -1.860638e+01 -7.672689e+00 -2.035990e+00 -2.840450e+00 3.610476e+00 -1.302139e-02 4.483293e+00 -3.088779e+00 2.156975e-01 -7.722933e+00 -1.195096e+00 -7.055613e+00 5.586312e+01 7.351181e-03 -2.390051e-02 -5.138238e-02 -4.420755e-02 -1.249201e-01 -1.611416e-01 -1.441131e-01 -5.166464e-02 6.544932e-02 1.132217e-01 1.243079e-01 9.455743e-02 1.514197e-02 1.199637e-02 1.461465e-02 2.446156e-03 -9.742524e-03 -1.516161e-02 -2.312430e-02 -2.843144e-02 -2.904009e-02 -9.401642e-03 -4.660035e-03 -7.960727e-04 -5.196907e-04 6.501158e-03
<VARIANCE> 39
 4.034320e+00 8.242281e+00 1.286729e+01 1.799301e+01 2.378524e+01 3.006271e+01 3.144602e+01 3.236699e+01 3.393263e+01 3.429005e+01 3.412329e+01 2.967749e+01 9.263161e-01 2.169016e-01 4.415605e-01 7.356256e-01 1.111354e+00 1.627545e+00 1.882296e+00 2.082978e+00 2.281082e+00 2.352841e+00 2.377709e+00 2.087486e+00 1.825064e+00 5.376961e-02 3.655985e-02 7.721805e-02 1.379890e-01 2.086531e-01 2.950888e-01 3.342867e-01 3.740032e-01 4.220871e-01 4.365654e-01 4.549457e-01 3.892171e-01 3.446786e-01 9.241707e-03
<GCONST> 8.640487e+01
<STATE> 4
<MEAN> 39
 -1.750688e+01 -6.902746e+00 -2.698696e+00 -4.497150e+00 4.573745e-01 -4.295362e+00 6.036413e-01 -5.635168e+00 1.757362e-01 -6.788470e+00 2.709057e-01 -5.893775e+00 5.660050e+01 -3.715828e-03 -8.516408e-03 -1.189145e-02 -1.251416e-02 -2.218651e-02 -4.068873e-02 -3.265150e-02 -1.648402e-02 4.834075e-03 7.119953e-03 -4.532466e-03 4.337436e-03 9.781499e-04 8.266801e-04 1.495818e-03 3.361164e-03 7.074841e-03 8.628466e-03 1.039256e-02 8.739031e-03 3.472257e-03 2.389211e-03 -3.947302e-04 -2.730058e-03 -2.477139e-03 9.555136e-04
<VARIANCE> 39
 1.422135e+00 2.787828e+00 4.884705e+00 6.969563e+00 8.951481e+00 1.107250e+01 1.311214e+01 1.423936e+01 1.470515e+01 1.384615e+01 1.282234e+01 1.174700e+01 3.741969e-01 1.295630e-01 2.747240e-01 4.739296e-01 6.634383e-01 8.830273e-01 1.122439e+00 1.317391e+00 1.418990e+00 1.479630e+00 1.413548e+00 1.311132e+00 1.193839e+00 3.278570e-02 2.592661e-02 5.600466e-02 9.602384e-02 1.336699e-01 1.776914e-01 2.251334e-01 2.663715e-01 2.880204e-01 3.005071e-01 2.854567e-01 2.652187e-01 2.382419e-01 6.725739e-03
<GCONST> 6.275232e+01
<TRANSP> 5
 0.000000e+00 1.000000e+00 0.000000e+00 0.000000e+00 0.000000e+00
 0.000000e+00 8.464573e-01 1.535427e-01 0.000000e+00 0.000000e+00
 0.000000e+00 0.000000e+00 9.258990e-01 7.410101e-02 0.000000e+00
 0.000000e+00 0.000000e+00 0.000000e+00 9.638137e-01 3.618629e-02
 0.000000e+00 0.000000e+00 0.000000e+00 0.000000e+00 0.000000e+00
<ENDHMM>
