~o
<STREAMINFO> 1 39
<VECSIZE> 39<NULLD><MFCC_D_A_0><DIAGC>
~h "belas"
<BEGINHMM>
<NUMSTATES> 5
<STATE> 2
<MEAN> 39
 -4.874131e+00 -2.600665e+00 2.940892e+00 -7.402235e+00 1.415358e+00 -6.607522e+00 -9.087872e+00 -1.035326e+01 3.105923e-01 -2.697082e+00 1.429645e+00 -1.024992e+01 6.655552e+01 7.351611e-01 1.838769e-01 -1.985035e-01 -2.302576e-01 -3.332402e-01 -1.893358e-01 -5.924975e-01 -4.114350e-01 2.489086e-01 8.336817e-02 -2.623332e-01 -2.634465e-01 7.754509e-01 -2.226079e-02 -6.131344e-02 -8.123653e-02 -5.918646e-03 -1.978440e-02 2.471080e-02 4.541853e-03 2.764984e-02 2.719725e-02 -4.356362e-02 -8.730358e-02 6.404442e-02 1.734525e-02
<VARIANCE> 39
 5.931086e+01 5.696310e+01 3.123415e+01 6.331125e+01 9.371263e+01 6.613673e+01 1.237701e+02 1.566588e+02 7.078295e+01 1.107130e+02 6.422089e+01 3.796632e+01 6.843076e+01 2.287953e+00 5.304234e+00 3.963255e+00 4.086668e+00 3.773455e+00 2.989813e+00 4.921060e+00 5.920118e+00 5.279073e+00 6.748216e+00 3.690684e+00 2.597599e+00 9.240009e-01 2.329383e-01 6.576948e-01 6.459712e-01 7.135807e-01 6.109086e-01 3.732512e-01 5.515766e-01 8.469106e-01 8.940311e-01 1.119255e+00 6.423955e-01 4.332742e-01 1.131070e-01
<GCONST> 1.354707e+02
<STATE> 3
<MEAN> 39
 -2.500368e+00 -5.775232e+00 -7.726173e+00 -7.506400e+00 -2.148267e+00 -9.831323e+00 -7.237262e+00 -8.397786e+00 3.008723e+00 -8.675064e+00 -1.396436e+01 -6.050400e+00 7.216601e+01 -9.852406e-01 7.261899e-01 -4.044718e-01 5.529336e-01 3.239696e-01 -1.904607e-01 8.894219e-01 2.345009e-01 -1.819301e-01 -4.077050e-01 -2.887626e-02 1.260140e-01 -5.751900e-02 -7.542104e-02 1.110919e-01 3.916655e-02 2.988451e-03 3.807383e-02 -2.235346e-02 1.103782e-02 -1.780339e-02 -6.586559e-02 8.376097e-02 1.271104e-01 -5.249040e-02 -3.002256e-02
<VARIANCE> 39
 5.513870e+01 6.236543e+01 2.517190e+01 4.088195e+01 6.221346e+01 1.858526e+02 8.269621e+01 1.129799e+02 5.892225e+01 5.939125e+01 4.416744e+01 5.003972e+01 1.195925e+01 1.983920e+00 3.149716e+00 1.933570e+00 1.371093e+00 1.838339e+00 1.639823e+00 1.529292e+00 2.252597e+00 2.034621e+00 2.163911e+00 2.592130e+00 1.831917e+00 3.539094e-01 1.738769e-01 2.705765e-01 3.458410e-01 1.641741e-01 2.851716e-01 2.385259e-01 2.928511e-01 3.023185e-01 3.685623e-01 3.335907e-01 3.129963e-01 2.905453e-01 5.012490e-02
<GCONST> 1.122218e+02
<STATE> 4
<MEAN> 39
 -2.428017e+01 5.848391e+00 -9.053401e+00 2.302527e+00 5.278947e+00 -5.416179e+00 7.856622e+00 -7.687154e+00 -1.465398e+00 -1.090864e+01 -2.841722e+00 -6.909049e+00 6.277607e+01 1.113226e-01 -6.786458e-01 3.867923e-01 -1.937484e-01 9.874003e-02 4.694527e-01 -9.072635e-02 1.638931e-01 -1.666317e-01 2.643216e-02 4.083556e-02 -2.309185e-02 -5.007352e-01 6.089083e-02 -8.595886e-02 2.859846e-02 -2.706139e-02 -2.588490e-02 1.518695e-03 -2.449961e-02 2.405197e-02 2.744427e-02 -4.127157e-03 -2.572043e-02 -1.227026e-02 -5.271995e-03
<VARIANCE> 39
 1.740731e+01 1.015539e+02 3.943487e+01 2.978666e+01 4.299786e+01 6.963560e+01 2.533218e+01 2.762875e+01 4.813460e+01 4.696934e+01 3.751248e+01 3.559357e+01 3.566123e+01 4.955303e-01 8.884355e-01 7.298023e-01 1.027063e+00 1.265563e+00 1.414134e+00 1.695186e+00 2.134974e+00 2.186150e+00 1.919868e+00 1.762885e+00 1.476823e+00 1.334257e-01 4.889086e-02 1.026824e-01 1.210889e-01 1.485505e-01 2.242698e-01 2.120381e-01 3.093553e-01 3.706602e-01 4.004698e-01 3.022292e-01 2.812262e-01 2.694329e-01 1.605513e-02
<GCONST> 9.706236e+01
<TRANSP> 5
 0.000000e+00 1.000000e+00 0.000000e+00 0.000000e+00 0.000000e+00
 0.000000e+00 9.519516e-01 4.804845e-02 0.000000e+00 0.000000e+00
 0.000000e+00 0.000000e+00 9.529842e-01 4.701589e-02 0.000000e+00
 0.000000e+00 0.000000e+00 0.000000e+00 9.699267e-01 3.007326e-02
 0.000000e+00 0.000000e+00 0.000000e+00 0.000000e+00 0.000000e+00
<ENDHMM>
