~o
<STREAMINFO> 1 39
<VECSIZE> 39<NULLD><MFCC_D_A_0><DIAGC>
~h "hapus"
<BEGINHMM>
<NUMSTATES> 5
<STATE> 2
<MEAN> 39
 -7.308921e+00 -7.476271e+00 -6.410419e+00 -6.132796e+00 5.500446e+00 -1.499820e+00 -2.510250e+00 -1.030183e+01 -1.971280e+00 -8.551826e+00 -2.913806e+00 -8.838201e+00 6.483417e+01 2.963813e-01 2.956129e-01 7.981806e-02 -5.657603e-02 -1.373689e-01 -1.027733e-01 -1.303177e-01 -2.136896e-01 -2.057203e-01 -5.187256e-02 -2.195645e-02 -6.364263e-02 1.650745e-01 7.800823e-02 8.770699e-02 2.305693e-03 -8.845127e-02 -1.187656e-01 -5.661689e-02 -5.684201e-02 -2.315398e-02 -2.430016e-02 5.696401e-02 6.980455e-02 6.785765e-02 2.933287e-02
<VARIANCE> 39
 4.375982e+01 3.378316e+01 4.934107e+01 3.286478e+01 5.182142e+01 4.410834e+01 4.010313e+01 6.432331e+01 3.124007e+01 5.042307e+01 4.434789e+01 4.654665e+01 3.921098e+01 2.745766e+00 1.450366e+00 2.543058e+00 2.166676e+00 2.036219e+00 2.172554e+00 2.171075e+00 3.170432e+00 2.089935e+00 2.540329e+00 2.152287e+00 2.731884e+00 1.706705e+00 3.650935e-01 2.445263e-01 3.573124e-01 4.288509e-01 3.320108e-01 2.791094e-01 3.272209e-01 4.735489e-01 4.098117e-01 4.053063e-01 3.005966e-01 3.731202e-01 1.664694e-01
<GCONST> 1.167894e+02
<STATE> 3
<MEAN> 39
 -5.066082e+00 6.800577e+00 -5.770230e+00 -1.107006e+01 -1.552653e+00 -1.566075e+01 -8.149534e+00 -1.491706e+01 -5.724444e+00 -5.843294e+00 1.597089e+00 -1.469425e+00 6.832966e+01 -8.512431e-01 1.027738e+00 -3.965973e-01 6.105507e-02 5.120500e-01 -1.382965e+00 1.721627e-01 -2.064343e-01 1.256006e-01 1.417741e-01 -1.250788e-01 3.196521e-01 5.570689e-01 -2.215667e-01 -6.445391e-02 5.835212e-02 1.864749e-01 1.701375e-01 1.324965e-01 1.474071e-01 8.994397e-02 4.091574e-02 -9.487185e-02 -1.135235e-01 -1.703910e-01 -7.390865e-02
<VARIANCE> 39
 8.444969e+01 4.224149e+01 3.524931e+01 8.804362e+01 7.256984e+01 1.241805e+02 7.196616e+01 3.645083e+01 5.498429e+01 6.415935e+01 9.743459e+01 4.498029e+01 8.516281e+00 7.204559e+00 2.745473e+00 2.295739e+00 5.918774e+00 5.544024e+00 4.982342e+00 6.302967e+00 3.933781e+00 3.692071e+00 3.957984e+00 5.476058e+00 4.677268e+00 6.190594e-01 5.940444e-01 4.734766e-01 3.970674e-01 5.978586e-01 7.341946e-01 8.671840e-01 8.252308e-01 6.647936e-01 6.435889e-01 6.854278e-01 8.789831e-01 8.660026e-01 9.255819e-02
<GCONST> 1.339103e+02
<STATE> 4
<MEAN> 39
 -2.415481e+01 8.103936e+00 -5.395789e+00 -7.531709e-01 6.504249e+00 -1.552501e+01 3.996535e+00 -8.108355e+00 -4.701889e-01 -7.548883e+00 -8.207214e-01 -4.768482e+00 6.365271e+01 1.902121e-01 -7.989151e-01 2.244024e-01 2.603033e-03 -1.556583e-01 9.269496e-01 7.014848e-02 2.897021e-01 1.403510e-01 -4.510843e-02 6.452984e-02 -2.560800e-01 -5.041676e-01 6.570802e-02 -4.190673e-02 -2.465305e-03 -3.348082e-02 -2.645536e-02 3.645264e-03 -4.523344e-02 -1.014132e-02 4.469693e-03 1.524793e-02 1.728947e-02 1.828726e-02 -6.473430e-03
<VARIANCE> 39
 1.905898e+01 9.552810e+01 1.803255e+01 4.186507e+01 4.637810e+01 1.065669e+02 3.752156e+01 3.557965e+01 3.409795e+01 6.284383e+01 3.237259e+01 3.149648e+01 3.177539e+01 4.085234e-01 6.649192e-01 5.740256e-01 9.463242e-01 9.882888e-01 1.550021e+00 1.559349e+00 1.462356e+00 1.661047e+00 2.025992e+00 1.274384e+00 1.445059e+00 1.220396e-01 4.125187e-02 6.969942e-02 9.920985e-02 1.424991e-01 1.577953e-01 2.705240e-01 2.436579e-01 2.720102e-01 2.964736e-01 3.422141e-01 2.409218e-01 2.664657e-01 1.562200e-02
<GCONST> 9.345554e+01
<TRANSP> 5
 0.000000e+00 1.000000e+00 0.000000e+00 0.000000e+00 0.000000e+00
 0.000000e+00 9.652904e-01 3.470964e-02 0.000000e+00 0.000000e+00
 0.000000e+00 0.000000e+00 9.403258e-01 5.967424e-02 0.000000e+00
 0.000000e+00 0.000000e+00 0.000000e+00 9.674078e-01 3.259223e-02
 0.000000e+00 0.000000e+00 0.000000e+00 0.000000e+00 0.000000e+00
<ENDHMM>
