~o
<STREAMINFO> 1 39
<VECSIZE> 39<NULLD><MFCC_D_A_0><DIAGC>
~h "nol"
<BEGINHMM>
<NUMSTATES> 5
<STATE> 2
<MEAN> 39
 -6.910526e+00 1.000672e+00 1.653399e+00 -3.812060e+00 1.371404e+00 -8.091881e+00 -6.509263e+00 -1.070489e+01 -1.545159e+00 -6.531647e+00 6.504355e-01 -7.386895e+00 6.324849e+01 1.394775e+00 1.013682e-01 -4.654483e-01 -7.573419e-01 2.585662e-01 3.605763e-01 -7.010980e-01 -1.931751e-01 4.135358e-02 1.297402e-01 2.032115e-01 -3.277054e-01 1.074646e+00 -7.790320e-03 -1.046449e-01 -1.351398e-01 -1.427892e-01 -2.781659e-03 1.771933e-01 1.442881e-01 -2.967742e-02 -2.110825e-03 -4.156172e-02 -1.714170e-03 3.813862e-02 1.836210e-02
<VARIANCE> 39
 7.613200e+01 5.211299e+01 7.341247e+01 4.494725e+01 3.655614e+01 4.232451e+01 8.540380e+01 5.585562e+01 4.676378e+01 5.682251e+01 8.298808e+01 4.216013e+01 3.282475e+01 1.863307e+00 6.998717e+00 8.388748e+00 4.960480e+00 3.877414e+00 6.595011e+00 4.914613e+00 5.182292e+00 4.103905e+00 2.728814e+00 3.669534e+00 3.236660e+00 6.307459e-01 3.208115e-01 9.924176e-01 1.077590e+00 5.952538e-01 6.854722e-01 8.595905e-01 7.032286e-01 9.564756e-01 7.530537e-01 4.727246e-01 5.746557e-01 6.065688e-01 1.199194e-01
<GCONST> 1.338986e+02
<STATE> 3
<MEAN> 39
 2.911588e+00 -3.149833e+00 -9.092997e+00 -2.040256e+01 8.902986e-01 7.046568e+00 -7.598464e+00 -1.450147e+01 -3.657059e+00 -6.993906e+00 1.119127e+00 -7.584522e+00 7.181346e+01 -1.739010e-01 2.762460e-01 2.187870e-01 9.372516e-02 -1.996703e-01 7.147145e-02 1.932128e-01 -2.641968e-01 -1.846382e-01 -1.530842e-01 -1.894800e-01 1.150235e-01 -2.492515e-01 -5.446673e-02 4.269458e-02 7.453023e-02 1.354290e-01 2.778634e-02 -1.366446e-01 -2.246305e-02 6.700774e-02 1.726874e-02 1.870860e-02 -4.322070e-03 -2.146987e-02 -5.439930e-02
<VARIANCE> 39
 2.939909e+00 3.236519e+01 6.296240e+01 1.934168e+01 8.895689e+01 6.586906e+01 7.251512e+01 1.134571e+02 6.980575e+01 5.700177e+01 1.443517e+02 4.537804e+01 1.197590e+01 1.820756e-01 5.047678e-01 9.934227e-01 1.277562e+00 1.588016e+00 2.050990e+00 1.306419e+00 1.777589e+00 1.593012e+00 2.026399e+00 1.227452e+00 1.167077e+00 1.804585e-01 1.959160e-02 9.020080e-02 1.264892e-01 1.101301e-01 2.251324e-01 2.160500e-01 1.909507e-01 2.686239e-01 2.483290e-01 2.702969e-01 2.073421e-01 1.796813e-01 1.107756e-02
<GCONST> 9.318172e+01
<STATE> 4
<MEAN> 39
 -1.015992e+01 -9.544401e-01 -7.820201e-01 -4.548508e+00 7.948919e-01 -2.607862e+00 6.664759e-01 -9.707723e+00 -3.794574e+00 -1.065957e+01 -4.091922e+00 -8.986592e+00 6.009991e+01 -6.216162e-01 -2.666159e-01 1.072255e-01 3.834599e-01 -6.857223e-04 -2.827377e-01 3.023373e-01 4.230158e-01 1.831457e-01 9.739865e-02 1.240791e-02 -3.227454e-03 -3.843272e-01 3.043635e-02 -2.004520e-02 -3.244251e-02 -7.175156e-02 -2.776318e-02 2.927108e-02 -2.815304e-02 -8.216204e-04 2.449620e-02 2.466087e-02 7.518548e-03 -8.722330e-03 2.998834e-02
<VARIANCE> 39
 2.346671e+01 1.185798e+01 1.198066e+01 3.260622e+01 1.836039e+01 3.307727e+01 2.800463e+01 3.405398e+01 2.483732e+01 2.709107e+01 3.993900e+01 2.735758e+01 8.187820e+00 1.764545e-01 3.730792e-01 6.541089e-01 1.102882e+00 1.059525e+00 1.310170e+00 1.492147e+00 1.616036e+00 1.424277e+00 1.273122e+00 1.902932e+00 1.835524e+00 9.549242e-02 2.401589e-02 6.717193e-02 9.752968e-02 1.593224e-01 1.833822e-01 1.907846e-01 2.573837e-01 2.817738e-01 2.554638e-01 2.254983e-01 2.918301e-01 3.129427e-01 7.072603e-03
<GCONST> 8.304204e+01
<TRANSP> 5
 0.000000e+00 1.000000e+00 0.000000e+00 0.000000e+00 0.000000e+00
 0.000000e+00 9.318367e-01 6.816325e-02 0.000000e+00 0.000000e+00
 0.000000e+00 0.000000e+00 9.583701e-01 4.162994e-02 0.000000e+00
 0.000000e+00 0.000000e+00 0.000000e+00 9.602252e-01 3.977486e-02
 0.000000e+00 0.000000e+00 0.000000e+00 0.000000e+00 0.000000e+00
<ENDHMM>
