~o
<STREAMINFO> 1 39
<VECSIZE> 39<NULLD><MFCC_D_A_0><DIAGC>
~h "nyalakan"
<BEGINHMM>
<NUMSTATES> 5
<STATE> 2
<MEAN> 39
 -6.931282e+00 -3.245327e+00 5.233476e+00 -4.913500e+00 -7.637626e+00 -1.169024e+01 -2.808695e+00 -2.043251e-01 -6.432565e+00 -1.035437e+01 2.895927e+00 -7.171236e+00 6.410127e+01 1.423274e+00 -3.617533e-01 3.009447e-01 -1.752416e-01 -8.631116e-01 -1.245891e+00 -3.851551e-03 1.058418e+00 -5.908975e-01 -1.000364e+00 -4.984466e-01 -3.395519e-02 1.640316e+00 -2.637992e-02 -3.232719e-01 -3.159414e-01 -5.298350e-02 2.079387e-01 2.229073e-01 -1.581014e-01 -1.163208e-01 2.260322e-01 4.598041e-02 -1.817213e-01 -5.526969e-02 3.779962e-02
<VARIANCE> 39
 3.981976e+01 4.600756e+01 6.588527e+01 2.745180e+01 5.864551e+01 7.681603e+01 4.761411e+01 1.615441e+02 5.671169e+01 6.402378e+01 8.094803e+01 2.409041e+01 4.373418e+01 1.775322e+00 8.199716e+00 4.411335e+00 3.132319e+00 6.241323e+00 6.019900e+00 6.259076e+00 1.007559e+01 5.810166e+00 4.998653e+00 6.511573e+00 3.728485e+00 8.608940e-01 3.550093e-01 1.093904e+00 4.285391e-01 6.873983e-01 1.324931e+00 1.310904e+00 1.379767e+00 2.092094e+00 1.056594e+00 1.064147e+00 1.061671e+00 5.462705e-01 1.851058e-01
<GCONST> 1.404153e+02
<STATE> 3
<MEAN> 39
 -1.315084e+00 -1.111720e+01 -6.283574e+00 -7.094124e+00 5.003915e-01 -6.422185e+00 -7.122927e+00 -4.597608e+00 -1.865233e-01 -8.036922e+00 -7.156656e+00 -1.196836e+01 7.121133e+01 1.374001e-02 2.108535e-01 -4.225943e-02 4.631447e-02 1.634029e-01 3.869576e-02 -1.482544e-01 -3.517762e-01 1.374909e-02 7.160176e-02 -1.345106e-01 -3.628362e-02 -1.014407e-01 -1.600185e-02 8.304151e-02 6.745155e-02 1.310891e-04 -5.555362e-02 -4.929458e-02 3.041788e-02 9.935794e-03 -4.651557e-02 -6.150824e-03 4.730124e-02 1.908627e-02 -3.773751e-02
<VARIANCE> 39
 1.779803e+01 2.788278e+01 5.532091e+01 3.120945e+01 7.924097e+01 1.112929e+02 3.917515e+01 1.415108e+02 5.125188e+01 9.060871e+01 8.288651e+01 5.762778e+01 2.552517e+01 9.959606e-01 2.109089e+00 1.682763e+00 1.846235e+00 3.217198e+00 3.973000e+00 2.435760e+00 3.870350e+00 3.246840e+00 3.507365e+00 2.120347e+00 2.586612e+00 1.288132e+00 1.350316e-01 2.396886e-01 1.847084e-01 3.105397e-01 4.367512e-01 5.641476e-01 4.313111e-01 5.027052e-01 5.829198e-01 5.539002e-01 3.965797e-01 4.624919e-01 1.315619e-01
<GCONST> 1.201795e+02
<STATE> 4
<MEAN> 39
 -9.515872e+00 7.009155e-01 2.452507e+00 -1.279112e+00 2.802420e+00 -4.194332e+00 -2.559085e+00 -1.051564e+01 -5.711981e+00 -1.283217e+01 -6.203212e+00 -1.035623e+01 6.038208e+01 -5.156537e-01 -4.723430e-02 9.037998e-03 7.080239e-02 2.305802e-01 4.407897e-01 3.658736e-01 3.130949e-02 5.503592e-02 1.432385e-01 2.179171e-01 9.950834e-03 -3.747832e-01 -1.160320e-03 -6.596926e-02 -3.660823e-02 -1.901743e-02 -9.923859e-03 1.008056e-03 2.755728e-02 5.482993e-02 3.235010e-02 1.833801e-02 8.682864e-03 -7.460022e-04 2.156753e-02
<VARIANCE> 39
 3.261518e+01 1.627432e+01 1.264693e+01 1.799893e+01 4.461277e+01 6.274329e+01 4.340831e+01 4.196740e+01 4.108787e+01 3.791026e+01 3.628451e+01 2.953835e+01 1.354196e+01 2.016202e-01 6.597406e-01 8.239785e-01 9.226502e-01 1.295676e+00 1.449070e+00 1.607183e+00 1.785742e+00 1.723709e+00 1.787678e+00 1.760810e+00 1.654236e+00 1.036289e-01 3.313869e-02 6.781219e-02 1.378559e-01 1.780860e-01 2.051267e-01 2.376705e-01 2.910386e-01 3.317275e-01 3.370976e-01 2.879358e-01 2.939756e-01 2.779484e-01 8.619921e-03
<GCONST> 9.032368e+01
<TRANSP> 5
 0.000000e+00 1.000000e+00 0.000000e+00 0.000000e+00 0.000000e+00
 0.000000e+00 9.022406e-01 9.775940e-02 0.000000e+00 0.000000e+00
 0.000000e+00 0.000000e+00 9.771774e-01 2.282257e-02 0.000000e+00
 0.000000e+00 0.000000e+00 0.000000e+00 9.691081e-01 3.089191e-02
 0.000000e+00 0.000000e+00 0.000000e+00 0.000000e+00 0.000000e+00
<ENDHMM>
