~o
<STREAMINFO> 1 39
<VECSIZE> 39<NULLD><MFCC_D_A_0><DIAGC>
~h "puluh"
<BEGINHMM>
<NUMSTATES> 5
<STATE> 2
<MEAN> 39
 -6.478029e+00 -2.071978e+00 -3.026919e+00 -1.198267e+01 -4.778968e+00 -5.175381e+00 -3.475404e+00 -9.855603e+00 -6.783814e+00 -6.946973e+00 3.262443e+00 -1.953161e+00 6.228610e+01 1.932326e+00 1.096704e+00 -3.494039e-01 -1.274335e+00 -6.597158e-01 2.421399e-01 -8.393342e-01 -1.576458e+00 -1.537211e+00 8.616919e-02 1.183823e+00 5.389021e-01 1.259111e+00 -7.510174e-03 -1.133145e-01 1.510730e-02 1.140033e-01 1.948926e-01 9.212968e-02 -9.389482e-02 -8.974168e-02 2.109543e-02 2.011313e-01 7.472865e-02 -2.076899e-01 2.312795e-02
<VARIANCE> 39
 1.010251e+02 7.124799e+01 2.394494e+01 7.501900e+01 6.433176e+01 4.414185e+01 4.525912e+01 8.992384e+01 8.683269e+01 4.295985e+01 4.453078e+01 2.600202e+01 3.298030e+01 4.078592e+00 5.573562e+00 1.797590e+00 5.954420e+00 5.032198e+00 5.162644e+00 3.749494e+00 4.890214e+00 4.404739e+00 6.439909e+00 4.711432e+00 2.488027e+00 1.011675e+00 8.210590e-01 1.021631e+00 2.830583e-01 1.198259e+00 7.790490e-01 9.209195e-01 5.824518e-01 8.819805e-01 8.948829e-01 1.065539e+00 7.291654e-01 5.940743e-01 1.867284e-01
<GCONST> 1.357509e+02
<STATE> 3
<MEAN> 39
 1.463741e+00 1.370279e+00 -2.441727e+00 -1.227166e+01 1.432495e+00 -3.644455e+00 -1.398793e+01 -1.891263e+01 -1.006373e+01 -7.687523e-01 1.225001e+01 -3.911495e+00 6.898566e+01 -4.120151e-01 -2.863930e-02 1.482199e-01 5.876286e-01 3.794814e-01 -2.066611e-01 1.112380e-02 1.022942e-01 5.219100e-01 -1.257162e-01 -2.809035e-01 -7.637507e-02 -2.635058e-01 -4.752934e-02 2.758500e-02 1.975761e-02 -3.998857e-03 -4.327979e-02 -4.618504e-03 1.099266e-01 7.282523e-02 1.047631e-02 -1.140174e-01 -8.028414e-02 5.578490e-02 -4.859000e-02
<VARIANCE> 39
 1.268245e+01 2.271198e+01 5.674617e+01 5.842923e+01 9.747250e+01 4.924028e+01 1.223997e+02 7.989362e+01 9.245779e+01 5.285078e+01 6.824760e+01 3.457148e+01 1.024458e+01 2.852883e-01 9.074144e-01 1.261346e+00 2.595912e+00 1.931767e+00 2.309637e+00 3.390390e+00 2.377158e+00 2.127316e+00 3.281642e+00 2.056919e+00 1.919052e+00 2.414185e-01 3.452712e-02 1.223420e-01 1.951817e-01 3.765489e-01 2.935280e-01 4.469852e-01 5.051261e-01 4.105395e-01 3.503647e-01 6.146777e-01 4.417409e-01 3.068611e-01 2.853909e-02
<GCONST> 1.082382e+02
<STATE> 4
<MEAN> 39
 -1.323372e+01 -3.454582e+00 -8.748696e-01 -1.033239e+00 6.748760e+00 3.158057e-01 1.788920e-01 -9.996005e+00 -3.975119e+00 -8.942716e+00 2.137954e-01 -6.071857e+00 5.889629e+01 -6.176643e-01 -4.267677e-01 -2.901116e-03 2.593268e-01 1.491791e-01 3.119118e-01 6.723981e-01 6.888227e-01 2.962033e-01 -1.023241e-01 -4.114954e-01 -3.069069e-01 -3.467000e-01 2.919406e-02 1.267871e-02 -9.398709e-03 -4.147960e-02 -2.480577e-02 2.444919e-03 1.396369e-03 4.216534e-02 4.511634e-02 3.225498e-02 3.898463e-02 2.051212e-02 1.952105e-02
<VARIANCE> 39
 2.223940e+01 1.708104e+01 1.605685e+01 2.382077e+01 4.105125e+01 2.662775e+01 5.395041e+01 5.716275e+01 5.488190e+01 3.088534e+01 4.002034e+01 4.557084e+01 7.551431e+00 1.974829e-01 2.384937e-01 4.606472e-01 8.304580e-01 1.055649e+00 1.050392e+00 1.245100e+00 1.610305e+00 1.512728e+00 1.310164e+00 1.298025e+00 1.277237e+00 6.357383e-02 2.267245e-02 4.423413e-02 6.833638e-02 1.321894e-01 1.715731e-01 2.052783e-01 2.295737e-01 2.667927e-01 2.468173e-01 2.317548e-01 2.111199e-01 2.210671e-01 6.871436e-03
<GCONST> 8.212009e+01
<TRANSP> 5
 0.000000e+00 1.000000e+00 0.000000e+00 0.000000e+00 0.000000e+00
 0.000000e+00 9.121861e-01 8.781393e-02 0.000000e+00 0.000000e+00
 0.000000e+00 0.000000e+00 9.569793e-01 4.302076e-02 0.000000e+00
 0.000000e+00 0.000000e+00 0.000000e+00 9.573576e-01 4.264237e-02
 0.000000e+00 0.000000e+00 0.000000e+00 0.000000e+00 0.000000e+00
<ENDHMM>
