~o
<STREAMINFO> 1 39
<VECSIZE> 39<NULLD><MFCC_D_A_0><DIAGC>
~h "seperempat"
<BEGINHMM>
<NUMSTATES> 5
<STATE> 2
<MEAN> 39
 -2.231599e+01 2.415044e+00 -8.536329e+00 -3.819861e-02 -8.979733e-01 -7.443613e+00 3.117972e+00 -9.050963e+00 3.245722e+00 -7.542078e+00 2.204811e+00 -5.930208e+00 6.032741e+01 5.677083e-01 1.221063e+00 -6.300473e-01 9.285975e-02 -5.782549e-01 -1.295958e+00 -7.972806e-01 -4.395036e-01 5.961903e-01 3.721727e-01 -1.688492e-01 -2.652399e-01 1.039099e+00 4.859822e-01 -1.486027e-01 5.375348e-02 -2.276212e-01 -9.058418e-05 -4.084797e-02 -3.715928e-01 -5.016651e-02 -7.411222e-04 1.526652e-01 -9.345003e-02 -1.629006e-01 1.723517e-01
<VARIANCE> 39
 2.551306e+01 4.468312e+01 2.200065e+01 2.428996e+01 2.835365e+01 4.447823e+01 3.367872e+01 2.500136e+01 2.543338e+01 3.316486e+01 2.061448e+01 2.471926e+01 1.018993e+01 8.579344e+00 2.338433e+00 2.388181e+00 3.890872e+00 2.867086e+00 4.479963e+00 8.823072e+00 2.519831e+00 2.072126e+00 2.987436e+00 3.056617e+00 2.759864e+00 7.063973e-01 8.653593e-01 4.252068e-01 4.594818e-01 5.401269e-01 4.975708e-01 7.926158e-01 1.043961e+00 5.456644e-01 3.361792e-01 3.698096e-01 5.202532e-01 5.294266e-01 8.939230e-02
<GCONST> 1.189800e+02
<STATE> 3
<MEAN> 39
 -1.753960e+00 -4.280019e+00 -6.496889e+00 -6.518307e+00 -1.047609e+00 -6.718669e+00 -5.137753e+00 -1.196036e+01 -1.449926e+00 -3.397199e+00 -8.584031e-01 -1.157309e+01 6.806975e+01 1.586460e-01 -2.783381e-01 4.785813e-02 -4.499858e-02 7.142540e-02 2.394345e-01 3.332263e-02 4.787540e-02 -9.224600e-02 -1.451966e-01 -1.643414e-01 -7.685129e-02 -4.894404e-03 -1.102304e-01 2.829397e-02 1.209067e-03 3.114005e-02 1.601196e-02 2.976958e-02 9.933300e-02 2.311772e-02 -1.290425e-02 -4.077089e-02 1.135873e-02 2.524950e-02 -6.197201e-02
<VARIANCE> 39
 2.358674e+01 6.065715e+01 5.399418e+01 2.605939e+01 5.353320e+01 7.245027e+01 7.048045e+01 6.004007e+01 5.916175e+01 8.542125e+01 6.672939e+01 4.094577e+01 2.428521e+01 2.487989e+00 2.381329e+00 3.335363e+00 2.690223e+00 2.349512e+00 2.708432e+00 3.187494e+00 3.157285e+00 2.673305e+00 4.289365e+00 2.419058e+00 2.927592e+00 1.946984e+00 4.396110e-01 2.461760e-01 5.681059e-01 5.337316e-01 4.050333e-01 4.948930e-01 6.037989e-01 5.662519e-01 4.428311e-01 7.683205e-01 4.574263e-01 5.203405e-01 2.833558e-01
<GCONST> 1.257608e+02
<STATE> 4
<MEAN> 39
 -1.159112e+01 -5.142720e+00 -4.402749e+00 -5.957990e+00 1.494033e+00 -9.402847e-01 3.117442e+00 -3.980211e+00 -4.056189e-01 -1.150432e+01 -6.866257e+00 -1.174119e+01 6.010820e+01 -7.692723e-01 1.465538e-01 2.846711e-01 1.822015e-01 2.834031e-01 3.796022e-01 7.015075e-01 3.769451e-01 -1.656624e-01 -6.729098e-02 3.337077e-01 1.527211e-01 -5.863742e-01 3.330710e-02 -6.270660e-02 2.625539e-03 2.443270e-02 -1.986323e-02 -1.930129e-02 -5.153522e-02 -2.121920e-02 1.336858e-02 2.265118e-02 2.275604e-02 5.393423e-02 5.065499e-02
<VARIANCE> 39
 2.119557e+01 6.721715e+00 1.455757e+01 1.646967e+01 2.749077e+01 2.371892e+01 3.102965e+01 2.963194e+01 2.200281e+01 3.158984e+01 3.261558e+01 2.048318e+01 1.182974e+01 1.410740e-01 4.157393e-01 5.300502e-01 8.481513e-01 1.062788e+00 1.167614e+00 1.634193e+00 1.398026e+00 1.263154e+00 1.348835e+00 1.389803e+00 1.184346e+00 1.008178e-01 2.211630e-02 4.725432e-02 7.617490e-02 1.164453e-01 1.660132e-01 1.712797e-01 2.639141e-01 2.215501e-01 2.262844e-01 1.984040e-01 2.168878e-01 2.260457e-01 7.867329e-03
<GCONST> 7.813018e+01
<TRANSP> 5
 0.000000e+00 1.000000e+00 0.000000e+00 0.000000e+00 0.000000e+00
 0.000000e+00 9.039565e-01 9.604349e-02 0.000000e+00 0.000000e+00
 0.000000e+00 0.000000e+00 9.819462e-01 1.805383e-02 0.000000e+00
 0.000000e+00 0.000000e+00 0.000000e+00 9.492339e-01 5.076610e-02
 0.000000e+00 0.000000e+00 0.000000e+00 0.000000e+00 0.000000e+00
<ENDHMM>
