~o
<STREAMINFO> 1 39
<VECSIZE> 39<NULLD><MFCC_D_A_0><DIAGC>
~h "sepuluh"
<BEGINHMM>
<NUMSTATES> 5
<STATE> 2
<MEAN> 39
 -1.292380e+01 2.084365e+00 -5.445741e+00 -5.684412e+00 1.417415e+00 -8.977262e+00 3.352093e-01 -9.948520e+00 4.670128e-01 -6.451033e+00 1.374920e+00 -6.001661e+00 6.345238e+01 7.042975e-01 3.929107e-01 -2.863037e-03 -4.603696e-01 -3.862959e-01 -8.153155e-02 -3.232611e-01 -3.129086e-01 -4.229914e-01 -1.250034e-01 1.577031e-01 2.025063e-01 3.514731e-01 2.300657e-02 -1.200891e-02 6.609158e-03 -8.561057e-03 2.597553e-02 5.550602e-02 -2.649592e-03 -4.169005e-02 -7.546903e-02 3.028210e-02 4.045826e-02 7.042165e-03 9.625391e-03
<VARIANCE> 39
 1.147937e+02 3.882861e+01 3.135552e+01 4.613095e+01 7.552360e+01 5.241841e+01 8.074643e+01 6.696119e+01 4.640971e+01 6.886146e+01 3.234090e+01 2.705969e+01 2.798609e+01 5.228995e+00 3.287334e+00 2.007747e+00 3.454992e+00 3.430822e+00 3.737336e+00 5.125880e+00 4.283362e+00 3.365091e+00 4.148084e+00 3.018756e+00 2.743486e+00 1.512739e+00 7.569045e-01 4.820464e-01 3.025229e-01 5.823748e-01 6.017604e-01 5.725822e-01 8.719985e-01 7.051727e-01 5.328619e-01 6.946963e-01 5.261554e-01 4.722991e-01 2.007448e-01
<GCONST> 1.297086e+02
<STATE> 3
<MEAN> 39
 2.744007e+00 3.627079e+00 -3.220527e+00 -1.267971e+01 -2.863195e+00 -3.694286e+00 -1.208402e+01 -2.054963e+01 -1.442036e+01 -3.613785e+00 1.016028e+01 -3.139843e+00 6.799605e+01 -2.674709e-01 -5.469208e-02 7.050572e-02 3.940675e-01 3.797199e-01 -2.306652e-04 -3.552713e-02 -1.371630e-01 3.355133e-02 8.856012e-02 6.800096e-02 -9.509656e-02 -1.343880e-01 -5.956368e-02 -1.531644e-02 2.471437e-02 5.337492e-02 -1.012340e-02 -6.851910e-02 9.988404e-03 8.644220e-02 1.060225e-01 -5.540089e-02 -9.997807e-02 -2.428190e-02 -4.110259e-02
<VARIANCE> 39
 6.396384e+00 1.535038e+01 4.681045e+01 4.102282e+01 6.225557e+01 4.200055e+01 6.583012e+01 5.911519e+01 5.277325e+01 6.015238e+01 5.299126e+01 4.867622e+01 5.386642e+00 2.943673e-01 6.507180e-01 1.139748e+00 2.318339e+00 1.351864e+00 1.908055e+00 2.131321e+00 2.763040e+00 2.757247e+00 3.124745e+00 2.211254e+00 2.741877e+00 2.229979e-01 3.553620e-02 9.328714e-02 1.819229e-01 3.242580e-01 2.337137e-01 3.361374e-01 3.461145e-01 3.559745e-01 4.489718e-01 4.722354e-01 3.111077e-01 4.816363e-01 2.081582e-02
<GCONST> 1.015581e+02
<STATE> 4
<MEAN> 39
 -1.270276e+01 -2.419205e+00 5.410213e-01 -1.163221e+00 4.346328e+00 -2.441264e+00 -1.980703e+00 -1.177402e+01 -6.760581e+00 -1.151324e+01 -1.471189e+00 -6.151452e+00 5.880053e+01 -6.743419e-01 -4.634797e-01 2.846840e-03 3.058350e-01 2.552413e-01 2.641893e-01 4.764381e-01 4.964092e-01 3.658699e-01 -1.717608e-01 -5.509595e-01 -3.624072e-01 -3.482517e-01 3.969480e-02 1.475475e-02 -2.956570e-02 -5.094500e-02 -1.497241e-02 2.598466e-02 1.441406e-03 -6.042555e-03 -1.913630e-02 5.752424e-03 1.446701e-02 -1.748046e-03 2.601293e-02
<VARIANCE> 39
 2.544339e+01 1.747993e+01 1.142697e+01 1.912645e+01 3.287791e+01 3.527462e+01 4.087482e+01 4.466003e+01 3.203774e+01 3.513605e+01 4.554874e+01 4.252452e+01 6.457194e+00 1.907373e-01 2.745385e-01 5.333679e-01 8.344467e-01 1.078561e+00 1.250772e+00 1.257741e+00 1.636486e+00 1.381388e+00 1.391695e+00 1.282734e+00 1.508068e+00 6.006070e-02 2.399961e-02 4.769821e-02 9.028080e-02 1.448194e-01 1.825142e-01 2.004804e-01 2.213542e-01 2.952130e-01 2.353104e-01 2.418199e-01 2.108190e-01 3.118097e-01 7.362102e-03
<GCONST> 8.230514e+01
<TRANSP> 5
 0.000000e+00 1.000000e+00 0.000000e+00 0.000000e+00 0.000000e+00
 0.000000e+00 9.691089e-01 3.089110e-02 0.000000e+00 0.000000e+00
 0.000000e+00 0.000000e+00 9.641608e-01 3.583924e-02 0.000000e+00
 0.000000e+00 0.000000e+00 0.000000e+00 9.585793e-01 4.142074e-02
 0.000000e+00 0.000000e+00 0.000000e+00 0.000000e+00 0.000000e+00
<ENDHMM>
