~o
<STREAMINFO> 1 39
<VECSIZE> 39<NULLD><MFCC_D_A_0><DIAGC>
~h "tiga"
<BEGINHMM>
<NUMSTATES> 5
<STATE> 2
<MEAN> 39
 -9.266280e+00 8.982103e-01 1.434415e+01 -3.084696e+00 -9.192883e+00 -1.176195e+01 -4.291307e+00 -1.346203e+01 -7.752970e+00 -6.538791e+00 1.761245e+00 -8.159582e+00 6.563293e+01 5.282499e-01 -1.067842e-01 4.481105e-01 1.990118e-01 -8.234602e-01 -7.432107e-01 -1.510136e-02 1.912920e-01 -1.404572e-01 -1.206151e-01 2.104914e-01 7.331393e-02 6.260565e-01 2.813812e-02 -7.131955e-02 -9.551459e-02 -1.944645e-02 6.287908e-02 5.526565e-02 -6.101305e-03 1.402948e-01 9.423934e-02 -3.623058e-02 -1.142610e-01 -1.402932e-02 8.465906e-03
<VARIANCE> 39
 2.356752e+01 4.378540e+01 1.368481e+02 7.081957e+01 1.553866e+02 9.728944e+01 7.696857e+01 1.110929e+02 4.311944e+01 5.213749e+01 7.944350e+01 5.149587e+01 2.801533e+01 1.979282e+00 3.402942e+00 8.245988e+00 3.397151e+00 9.226511e+00 5.989360e+00 5.793450e+00 7.588608e+00 4.842092e+00 3.403007e+00 5.636801e+00 3.235275e+00 1.748103e+00 3.349101e-01 4.298549e-01 1.151887e+00 5.234619e-01 1.610630e+00 1.092936e+00 9.651573e-01 1.028370e+00 8.190366e-01 6.380170e-01 1.057769e+00 5.030650e-01 2.071301e-01
<GCONST> 1.403989e+02
<STATE> 3
<MEAN> 39
 -1.437751e+00 -1.398732e+01 -2.472417e-01 -4.443937e+00 -1.033857e+01 -1.635624e+01 -2.340987e+00 3.200528e+00 -1.087869e-02 -1.026409e+01 -6.598807e+00 -8.559491e+00 7.470811e+01 -9.276459e-02 -7.628798e-02 -1.081453e+00 -5.358568e-01 1.250490e+00 1.061791e+00 -4.379168e-01 1.610740e-02 4.256029e-01 -2.511798e-01 -1.490554e+00 -4.987145e-01 -3.940378e-01 -1.206731e-01 2.393791e-01 2.142688e-01 5.670066e-02 -9.354833e-02 -1.002367e-01 4.625769e-03 -3.298435e-01 -1.938769e-01 2.332494e-02 2.368125e-01 5.674880e-02 -1.605388e-01
<VARIANCE> 39
 3.693819e+00 1.563876e+01 6.761174e+01 3.368350e+01 1.692569e+02 1.139737e+02 5.014307e+01 1.264205e+02 6.326193e+01 3.721020e+01 1.401308e+02 5.007692e+01 9.077522e+00 2.717027e-01 1.443297e+00 1.724351e+00 1.359246e+00 2.165008e+00 2.393440e+00 1.634993e+00 3.482410e+00 2.301074e+00 2.237816e+00 2.509809e+00 1.559837e+00 5.021023e-01 2.830700e-02 1.011673e-01 1.616605e-01 1.882176e-01 3.014886e-01 2.371837e-01 2.989455e-01 4.555293e-01 3.019231e-01 3.134325e-01 2.437383e-01 2.401057e-01 2.352914e-02
<GCONST> 1.036016e+02
<STATE> 4
<MEAN> 39
 -1.105508e+01 -4.610897e+00 -4.187135e+00 -5.950993e+00 5.267167e-01 -5.237926e+00 -1.435456e+00 -3.169496e+00 2.580306e+00 -1.156266e+01 -7.737366e+00 -9.044376e+00 6.054722e+01 -6.695457e-01 3.514756e-01 -1.153311e-01 -8.747862e-02 6.819726e-01 7.821082e-01 3.913103e-01 -1.317142e-01 2.415931e-01 2.584212e-01 3.245875e-01 4.521981e-03 -7.153525e-01 2.625236e-02 -6.991956e-02 -3.041064e-02 -2.673594e-02 4.150800e-04 1.986072e-02 6.270928e-03 7.710610e-02 4.590542e-02 5.566935e-02 -8.346612e-03 -1.045941e-02 6.263590e-02
<VARIANCE> 39
 2.068686e+01 1.419467e+01 1.538785e+01 2.110364e+01 5.832301e+01 5.420085e+01 2.210470e+01 4.239067e+01 3.170354e+01 4.107997e+01 3.944691e+01 3.432163e+01 1.974368e+01 1.341736e-01 4.555216e-01 5.663483e-01 9.705775e-01 1.095112e+00 1.414495e+00 1.306739e+00 1.720080e+00 1.650055e+00 1.383791e+00 1.507861e+00 1.922144e+00 1.570698e-01 1.708149e-02 4.517847e-02 8.044799e-02 1.257584e-01 1.612232e-01 1.674518e-01 2.707779e-01 2.764382e-01 2.364486e-01 2.063423e-01 1.991352e-01 2.868217e-01 6.358394e-03
<GCONST> 8.439685e+01
<TRANSP> 5
 0.000000e+00 1.000000e+00 0.000000e+00 0.000000e+00 0.000000e+00
 0.000000e+00 9.656451e-01 3.435487e-02 0.000000e+00 0.000000e+00
 0.000000e+00 0.000000e+00 9.244808e-01 7.551920e-02 0.000000e+00
 0.000000e+00 0.000000e+00 0.000000e+00 9.509811e-01 4.901894e-02
 0.000000e+00 0.000000e+00 0.000000e+00 0.000000e+00 0.000000e+00
<ENDHMM>
