~o
<STREAMINFO> 1 39
<VECSIZE> 39<NULLD><MFCC_D_A_0><DIAGC>
~h "tujuh"
<BEGINHMM>
<NUMSTATES> 5
<STATE> 2
<MEAN> 39
 -9.884224e+00 -2.242910e-01 3.914853e+00 -4.012136e+00 -4.567783e+00 -1.468454e+01 -7.137295e+00 -9.784870e+00 -3.824110e+00 -8.284513e+00 -2.400488e+00 -6.710726e+00 6.489761e+01 5.848605e-01 3.998210e-01 4.321156e-01 1.778694e-01 -4.214383e-01 -7.281876e-01 -6.443316e-01 -1.565802e-02 -2.096934e-01 -4.343297e-02 1.106681e-01 -8.181781e-02 6.302698e-01 6.901819e-02 -6.533517e-03 -3.349365e-02 -2.555587e-03 5.393192e-02 4.200110e-02 -3.284467e-02 4.608354e-02 2.403921e-03 2.281018e-02 5.180052e-03 -2.986730e-02 1.164529e-02
<VARIANCE> 39
 6.174755e+01 3.230910e+01 3.589910e+01 3.773218e+01 8.415877e+01 1.300073e+02 6.767451e+01 5.652344e+01 6.346418e+01 5.398945e+01 8.767192e+01 5.452794e+01 3.705222e+01 4.974764e+00 2.002544e+00 1.919796e+00 2.656814e+00 5.616477e+00 1.175848e+01 5.258327e+00 4.579538e+00 4.454264e+00 3.320457e+00 4.651480e+00 2.755457e+00 1.475957e+00 7.384455e-01 3.636276e-01 3.580097e-01 5.423512e-01 1.011611e+00 1.940954e+00 9.241968e-01 8.853900e-01 7.197934e-01 5.862781e-01 5.987895e-01 4.864557e-01 1.943486e-01
<GCONST> 1.349802e+02
<STATE> 3
<MEAN> 39
 -3.175025e+00 2.384239e+00 8.727958e+00 -4.769819e-01 -3.319402e+00 -1.583715e+01 -1.237547e+01 -8.676871e+00 -8.362843e+00 -5.685457e+00 9.188832e+00 -5.826257e+00 6.952697e+01 2.349975e-02 -4.619899e-02 -3.132759e-01 2.891516e-04 5.209426e-01 5.280011e-01 1.292543e-01 -5.258815e-01 5.727199e-02 2.479716e-01 2.683309e-02 3.359637e-02 -2.873226e-01 -9.477323e-02 3.411694e-03 4.628827e-02 3.140752e-02 1.275847e-02 1.715749e-02 1.090175e-01 2.536025e-03 1.663251e-02 -4.834051e-02 -3.545836e-02 3.495066e-02 -4.304631e-02
<VARIANCE> 39
 2.374503e+01 3.226093e+01 9.523862e+01 4.713165e+01 8.968934e+01 5.652192e+01 5.962050e+01 1.021057e+02 7.366173e+01 6.107825e+01 9.383628e+01 5.581433e+01 1.916998e+01 1.227534e+00 1.360283e+00 2.777549e+00 1.798437e+00 4.236422e+00 3.131248e+00 2.489186e+00 4.191629e+00 3.853313e+00 3.327805e+00 3.317217e+00 2.498012e+00 7.814752e-01 1.608965e-01 2.010293e-01 3.608499e-01 2.963288e-01 5.921476e-01 5.336499e-01 3.982771e-01 7.327150e-01 6.789032e-01 5.041358e-01 5.705583e-01 4.349834e-01 6.657794e-02
<GCONST> 1.221464e+02
<STATE> 4
<MEAN> 39
 -1.180268e+01 -2.159765e+00 -5.531968e-01 -1.382589e+00 4.306298e+00 -3.638479e+00 -2.290468e+00 -1.162471e+01 -2.075043e+00 -7.074276e+00 -9.223060e-01 -6.921938e+00 5.903484e+01 -5.224556e-01 -3.086399e-01 -8.047828e-02 -8.346771e-02 2.826657e-02 3.323698e-01 5.747867e-01 5.261459e-01 1.951588e-01 -2.141532e-01 -2.185695e-01 -7.174667e-02 -2.993068e-01 1.683167e-02 -1.464734e-03 -5.356114e-03 -1.872682e-02 -3.539804e-02 -1.752564e-02 -2.896137e-02 -6.464056e-03 -1.428929e-02 7.260937e-03 2.303001e-02 2.396289e-03 2.325321e-02
<VARIANCE> 39
 2.722309e+01 2.008193e+01 1.537492e+01 2.070673e+01 2.531368e+01 5.046158e+01 6.795742e+01 7.015047e+01 3.965079e+01 2.978392e+01 4.833352e+01 3.493843e+01 7.208436e+00 1.912157e-01 4.081194e-01 6.545102e-01 9.955825e-01 1.153711e+00 1.493870e+00 1.536687e+00 2.113147e+00 1.725191e+00 1.888486e+00 1.604681e+00 1.395968e+00 6.538486e-02 2.757587e-02 5.876886e-02 1.104802e-01 1.905802e-01 1.964017e-01 2.775408e-01 2.701962e-01 3.473384e-01 3.226371e-01 3.321567e-01 2.355938e-01 2.158772e-01 5.445033e-03
<GCONST> 8.786475e+01
<TRANSP> 5
 0.000000e+00 1.000000e+00 0.000000e+00 0.000000e+00 0.000000e+00
 0.000000e+00 9.572976e-01 4.270235e-02 0.000000e+00 0.000000e+00
 0.000000e+00 0.000000e+00 9.574146e-01 4.258545e-02 0.000000e+00
 0.000000e+00 0.000000e+00 0.000000e+00 9.651363e-01 3.486367e-02
 0.000000e+00 0.000000e+00 0.000000e+00 0.000000e+00 0.000000e+00
<ENDHMM>
