~o
<STREAMINFO> 1 39
<VECSIZE> 39<NULLD><MFCC_D_A_0><DIAGC>
~h "empat"
<BEGINHMM>
<NUMSTATES> 20
<STATE> 2
<MEAN> 39
 -1.715607e+01 -6.274442e+00 -2.789422e+00 -5.162509e+00 1.391047e+00 -2.486870e+00 -1.904314e-02 -7.100557e+00 -2.985039e-01 -6.273916e+00 7.952688e-01 -6.043742e+00 5.682418e+01 2.048984e+00 6.525187e-01 2.705558e-01 -5.919851e-01 -3.841631e-02 6.442322e-01 -1.113848e+00 -1.622273e+00 -4.868331e-01 2.191726e-01 -2.016313e-02 -2.159356e-01 1.433370e+00 9.088082e-01 2.231158e-01 8.460332e-02 -3.499687e-01 -2.339330e-01 1.768268e-01 -2.974361e-01 -6.100599e-01 -1.632426e-01 2.872739e-01 -9.150524e-02 -2.615450e-01 6.296929e-01
<VARIANCE> 39
 3.647351e+00 6.016406e+00 5.794731e+00 1.084609e+01 1.047710e+01 1.240362e+01 1.629635e+01 1.492317e+01 1.893862e+01 1.368889e+01 9.279169e+00 9.542831e+00 1.622985e+00 2.818651e+00 1.818230e+00 1.253179e+00 4.466245e+00 3.515232e+00 3.473847e+00 5.183256e+00 7.093844e+00 6.306789e+00 3.817282e+00 1.092347e+00 2.956298e+00 1.627696e+00 1.646282e-01 3.593824e-01 2.196264e-01 4.732073e-01 6.482830e-01 7.196664e-01 6.781831e-01 8.409333e-01 6.147127e-01 4.844246e-01 2.171035e-01 3.626805e-01 1.374098e-01
<GCONST> 1.019438e+02
<STATE> 3
<MEAN> 39
 -3.025199e+00 -5.346044e+00 -1.949842e+00 -1.192849e+01 -4.669441e-01 3.548175e+00 -5.272065e+00 -1.512417e+01 -1.618518e-01 5.734865e-01 1.343028e+00 -9.525763e+00 6.821028e+01 3.135149e+00 8.549761e-01 3.156745e-01 -5.940204e-01 -1.684669e-01 8.070672e-01 -1.059447e+00 -2.101078e+00 -1.079929e+00 6.763269e-01 6.679323e-01 3.257099e-01 2.103402e+00 -6.120349e-01 1.541133e-01 -6.312694e-02 4.759983e-01 5.143983e-02 -3.982579e-01 3.929884e-01 3.851941e-01 -2.359572e-01 -4.602818e-01 2.369044e-01 6.411710e-01 -6.197085e-01
<VARIANCE> 39
 2.419531e+01 3.426003e+01 3.178428e+01 9.399754e+01 1.224255e+02 1.238912e+02 7.643060e+01 1.403057e+02 7.567913e+01 6.832675e+01 1.921770e+01 3.402985e+01 3.467870e+01 2.158604e+00 2.290766e+00 1.395464e+00 3.508029e+00 4.943042e+00 6.774431e+00 3.619518e+00 8.833143e+00 5.000764e+00 5.835436e+00 3.693270e+00 6.472703e+00 2.333757e+00 2.693110e-01 4.860432e-01 3.104737e-01 6.439227e-01 7.962427e-01 1.154557e+00 5.666336e-01 1.212346e+00 6.971867e-01 5.765163e-01 4.908579e-01 4.667366e-01 2.875686e-01
<GCONST> 1.337103e+02
<STATE> 4
<MEAN> 39
 -1.667349e-01 1.391309e+00 -2.346270e+00 -5.640000e+00 3.259347e+00 -2.171561e+00 -1.151785e+01 -2.510739e+01 -1.205455e+01 -9.867656e+00 5.281316e-01 -5.068965e+00 6.660626e+01 7.421073e-01 7.013845e-01 -7.579271e-02 9.087447e-02 7.455758e-02 4.046791e-02 -5.883817e-02 -6.318529e-01 -5.566515e-01 -7.929069e-02 6.071001e-01 6.600727e-01 2.268368e-01 -5.705056e-01 -1.721036e-01 1.835117e-01 1.621936e-01 -3.114457e-02 -8.484545e-02 3.069246e-01 5.578843e-01 3.906410e-01 7.824883e-02 3.897994e-02 -9.947873e-02 -3.505971e-01
<VARIANCE> 39
 7.730884e+00 1.272458e+01 1.429101e+01 2.385621e+01 3.767953e+01 3.112823e+01 4.839386e+01 5.393972e+01 5.138592e+01 7.526057e+01 3.952355e+01 7.884366e+01 8.978718e+00 8.099011e-01 1.114940e+00 8.983421e-01 9.844404e-01 1.500262e+00 2.000772e+00 1.543383e+00 2.119727e+00 2.054750e+00 1.202979e+00 2.336630e+00 2.328758e+00 4.862418e-01 8.625977e-02 1.365752e-01 1.595730e-01 1.684790e-01 2.097996e-01 2.671729e-01 3.313209e-01 3.521217e-01 4.505010e-01 4.181463e-01 5.151359e-01 5.732983e-01 2.410349e-02
<GCONST> 9.976735e+01
<STATE> 5
<MEAN> 39
 1.463582e+00 1.280837e+00 1.170768e-01 -8.742946e+00 -2.445989e+00 1.448907e+00 -1.553730e+00 -1.636218e+01 -6.455599e+00 -2.796971e+00 7.434821e+00 -2.870379e+00 6.834529e+01 -4.941935e-01 1.051541e+00 7.994434e-01 1.323923e+00 6.250277e-01 -9.919877e-01 -1.649138e-01 2.880158e-01 -7.370347e-01 -1.457247e+00 -4.685442e-01 7.674449e-02 -7.683211e-01 -1.446088e-01 -1.432319e-01 1.457137e-02 -5.469142e-03 1.520486e-01 1.229996e-01 -1.322986e-01 -1.769501e-02 1.353006e-01 -2.595868e-02 -3.997597e-01 -2.762326e-01 -1.924494e-02
<VARIANCE> 39
 3.766069e+00 2.025617e+01 1.431579e+01 2.770938e+01 7.387054e+01 4.303938e+01 5.212218e+01 5.821978e+01 2.969999e+01 4.278883e+01 1.546228e+01 2.154318e+01 6.869500e+00 1.144049e-01 4.218123e-01 4.898620e-01 5.220655e-01 1.357792e+00 1.157888e+00 1.719411e+00 1.451943e+00 1.289581e+00 1.818131e+00 1.269447e+00 1.973308e+00 9.099477e-02 3.698727e-02 5.414838e-02 7.180849e-02 1.527383e-01 1.802102e-01 1.611375e-01 2.162374e-01 1.570754e-01 1.761187e-01 3.288245e-01 1.618370e-01 2.895398e-01 1.768206e-02
<GCONST> 8.171388e+01
<STATE> 6
<MEAN> 39
 -2.249499e+00 6.616025e+00 5.241425e+00 -6.351068e-01 3.753048e+00 -3.729957e+00 -6.731474e+00 -1.841016e+01 -9.498288e+00 -8.670674e+00 3.229514e+00 -1.714917e+00 6.397575e+01 -9.195143e-01 -6.149366e-02 4.840335e-01 4.804994e-01 -5.894947e-02 -4.328190e-01 -1.652336e-01 4.901348e-02 -1.171624e-01 -4.546062e-01 -5.766826e-01 -4.166858e-01 -6.092158e-01 -1.835546e-01 -2.353483e-01 -2.026807e-01 -1.486487e-01 -1.250526e-01 2.127950e-02 2.325173e-01 1.748932e-01 4.516275e-02 5.334366e-02 1.254831e-01 1.713048e-02 -5.316248e-02
<VARIANCE> 39
 4.738719e+00 8.810252e+00 2.161133e+01 1.376468e+01 1.302235e+01 1.431984e+01 1.862000e+01 4.531603e+01 4.301787e+01 2.985951e+01 2.608927e+01 4.753040e+01 2.233807e+00 3.714977e-01 4.514723e-01 5.668495e-01 5.318472e-01 9.234732e-01 1.237225e+00 1.602546e+00 1.616146e+00 1.371411e+00 1.349512e+00 1.062519e+00 1.427467e+00 1.124592e-01 1.591531e-02 4.400630e-02 9.117290e-02 5.426338e-02 1.661189e-01 1.845063e-01 2.400409e-01 1.483404e-01 1.876431e-01 2.317804e-01 2.307765e-01 3.228115e-01 6.228310e-03
<GCONST> 7.489853e+01
<STATE> 7
<MEAN> 39
 -8.368433e+00 2.214731e+00 3.216141e+00 -8.911454e-01 3.121140e+00 -4.313583e+00 -5.151914e+00 -1.637210e+01 -9.391313e+00 -1.106893e+01 -1.027742e+00 -6.622344e+00 6.081393e+01 -1.094630e+00 -6.897678e-01 -2.973952e-01 -6.127520e-02 -1.164655e-01 -8.857762e-02 1.004853e+00 1.285394e+00 5.206403e-01 -2.790626e-01 -6.137456e-01 -1.381568e-01 -5.493626e-01 2.412931e-01 -3.805310e-03 -1.543441e-01 -1.044826e-01 -7.359433e-03 -3.026633e-03 -8.569586e-02 -2.155446e-02 1.271633e-01 1.251679e-01 8.588772e-02 5.589535e-02 1.931515e-01
<VARIANCE> 39
 5.991729e+00 4.541420e+00 9.532816e+00 1.188174e+01 1.065269e+01 1.061984e+01 1.625292e+01 3.281801e+01 2.248742e+01 1.417626e+01 2.263733e+01 3.262707e+01 1.601494e+00 1.860975e-01 4.101748e-01 7.590550e-01 4.463158e-01 4.680284e-01 7.893279e-01 8.908942e-01 1.513808e+00 1.034155e+00 9.596050e-01 1.798014e+00 1.735903e+00 5.069049e-02 5.527235e-02 7.474201e-02 1.945121e-01 1.317433e-01 1.668722e-01 2.471951e-01 1.683428e-01 3.605354e-01 2.375449e-01 2.455024e-01 3.316727e-01 2.764266e-01 2.888472e-02
<GCONST> 7.343624e+01
<STATE> 8
<MEAN> 39
 -1.079729e+01 8.712871e-01 2.897561e+00 -6.498617e-01 3.067272e+00 -4.626816e+00 -2.350306e+00 -1.261854e+01 -7.273790e+00 -1.271626e+01 -3.053413e+00 -6.153901e+00 5.974504e+01 3.459177e-01 -1.065977e+00 -1.700112e+00 -9.288939e-01 -4.012603e-01 -5.660540e-02 4.349593e-01 1.951732e-01 1.094484e+00 1.051538e+00 6.379601e-01 -8.562397e-02 7.422065e-01 1.184726e+00 -4.728933e-01 -1.293455e+00 -1.266432e+00 -2.524329e-01 7.682438e-01 -2.346668e-01 -7.192136e-01 2.345717e-01 8.497617e-01 2.241795e-01 -5.913220e-01 9.094888e-01
<VARIANCE> 39
 4.876491e+00 6.097512e+00 8.382560e+00 1.201889e+01 1.573150e+01 9.316412e+00 2.560924e+01 2.530882e+01 1.148928e+01 2.358653e+01 2.756390e+01 2.457541e+01 1.138716e+00 1.124303e+00 7.578778e-01 2.222050e+00 2.167635e+00 1.731826e+00 2.626577e+00 1.780637e+00 3.266063e+00 1.280593e+00 2.379081e+00 2.004215e+00 1.072166e+00 6.067295e-01 9.648476e-02 1.707885e-01 3.343594e-01 2.987490e-01 3.702720e-01 3.036059e-01 9.796236e-01 4.938889e-01 2.063894e-01 5.447087e-01 4.975013e-01 4.374822e-01 5.907683e-02
<GCONST> 9.360041e+01
<STATE> 9
<MEAN> 39
 -6.436004e+00 -2.446242e+00 -5.955940e+00 -7.085327e+00 1.576840e-01 -4.624118e+00 -2.386106e+00 -1.361182e+01 -4.969793e+00 -7.076455e+00 7.056990e-01 -8.017015e+00 6.396174e+01 3.668034e+00 -2.209942e+00 -4.769875e+00 -4.562309e+00 -7.140682e-01 2.995020e+00 -4.321809e-01 -1.377007e+00 1.953151e+00 2.803993e+00 -1.166071e-01 -2.419440e+00 3.065577e+00 4.495238e-01 -4.706002e-01 1.572401e-02 -2.592907e-01 2.174880e-01 6.910946e-01 -3.567102e-01 -5.887830e-02 4.755122e-01 1.550082e-01 -6.113583e-01 -5.146729e-01 4.899122e-01
<VARIANCE> 39
 1.935614e+01 8.491772e+00 3.352316e+01 3.883487e+01 3.123020e+01 3.467616e+01 2.483445e+01 3.000945e+01 2.872657e+01 2.941730e+01 2.062204e+01 1.821640e+01 8.127434e+00 8.850291e-01 2.287799e+00 3.917414e+00 2.241899e+00 4.011965e+00 3.408340e+00 9.171300e+00 3.048976e+00 3.016196e+00 6.449466e+00 3.618810e+00 2.991326e+00 1.017934e+00 4.318930e-01 2.151002e-01 1.053824e+00 8.855757e-01 8.226871e-01 5.916916e-01 6.029823e-01 5.493215e-01 6.033090e-01 6.894705e-01 5.061341e-01 5.054377e-01 1.961191e-01
<GCONST> 1.183679e+02
<STATE> 10
<MEAN> 39
 3.196373e+00 -9.580807e+00 -1.625525e+01 -1.866586e+01 -1.266940e+00 6.987557e+00 -3.603179e+00 -1.890589e+01 1.638669e+00 1.061210e+00 -2.966780e+00 -1.506105e+01 7.225096e+01 1.700035e+00 -2.733315e+00 -1.212083e+00 -1.101374e+00 1.632559e-01 1.869420e+00 -8.671740e-01 7.261453e-02 2.581002e+00 1.519283e+00 -2.026861e+00 -1.808129e+00 2.334454e+00 -1.098968e+00 1.694277e-01 1.531509e+00 1.771580e+00 2.140497e-01 -1.173028e+00 -5.568195e-02 7.985691e-01 -3.178159e-01 -1.166574e+00 -4.480344e-01 7.558679e-01 -5.919479e-01
<VARIANCE> 39
 1.860159e+00 2.047082e+01 5.739862e+01 1.597666e+01 4.778211e+01 4.177494e+01 7.334967e+01 5.676490e+01 4.078445e+01 7.505468e+01 3.662565e+01 3.711339e+01 7.521644e+00 1.867852e+00 1.998663e+00 7.219138e+00 6.926578e+00 4.626613e+00 4.799802e+00 3.577813e+00 5.689309e+00 3.127360e+00 6.994087e+00 2.443615e+00 2.942173e+00 1.273136e+00 7.857171e-02 2.724658e-01 3.166636e-01 2.423486e-01 2.701675e-01 3.125919e-01 1.098752e+00 4.636692e-01 8.638708e-01 7.276453e-01 5.734456e-01 3.543763e-01 6.558803e-02
<GCONST> 1.176332e+02
<STATE> 11
<MEAN> 39
 1.897775e+00 -1.755161e+01 -7.050574e+00 -1.530981e+01 7.582297e-01 6.681305e+00 -8.415900e+00 -8.492259e+00 6.504449e+00 -1.520163e+00 -7.541095e+00 -1.723132e+01 7.739581e+01 -3.419211e-01 -1.397890e+00 7.429133e-01 1.103334e+00 -2.549888e-01 -1.678311e+00 -2.489639e-01 1.115225e+00 -1.067753e-01 -9.292603e-01 -1.567872e+00 5.964987e-01 6.860168e-01 -2.663165e-01 6.783867e-01 -4.724947e-02 3.222693e-01 -1.702773e-01 -7.007595e-01 2.982782e-01 -1.899848e-01 -5.422641e-01 -3.951517e-01 4.908484e-01 6.578001e-01 -5.375583e-01
<VARIANCE> 39
 3.510094e+00 3.060536e+01 1.487328e+02 6.729396e+00 5.672741e+01 5.522684e+01 8.019930e+01 1.957846e+02 6.264525e+01 8.486437e+01 3.888950e+01 3.925906e+01 1.810034e+01 1.234566e-01 1.368292e+00 1.564889e+00 2.855422e+00 5.819832e-01 2.584427e+00 2.016763e+00 2.493303e+00 4.877104e+00 2.581006e+00 1.655402e+00 9.182898e-01 3.549339e-01 1.214166e-01 2.716565e-01 4.234020e-01 2.734720e-01 3.097053e-01 4.282067e-01 4.038517e-01 7.176486e-01 5.757389e-01 8.303486e-01 2.863677e-01 5.083237e-01 9.718525e-02
<GCONST> 1.096142e+02
<STATE> 12
<MEAN> 39
 1.300525e+00 -1.577381e+01 -1.643797e+01 -8.168008e+00 -1.782923e+00 -2.841671e+00 -3.634966e+00 -1.226928e+01 4.633129e+00 -8.765911e+00 -1.151744e+01 -8.232517e+00 7.458237e+01 -3.175982e-01 -6.679071e-02 4.317084e-01 7.501116e-01 -6.888381e-01 -1.699624e+00 1.056864e-01 1.472983e+00 1.111834e-01 -1.485969e+00 -1.708562e-01 1.312710e+00 -1.832542e-01 -4.826916e-02 4.342795e-01 1.292582e-01 -2.415116e-01 -2.623078e-02 5.630376e-02 -9.001622e-02 -1.175812e-01 -1.030430e-01 2.054939e-01 2.219763e-01 -1.458972e-01 -2.987217e-01
<VARIANCE> 39
 4.041353e+00 1.539659e+01 4.713778e+01 4.071263e+01 9.319761e+01 6.807191e+01 3.562766e+01 7.102420e+01 2.800341e+01 1.022100e+02 3.789991e+01 5.938279e+01 6.121124e+00 1.501766e-01 1.208718e+00 6.589501e-01 1.064170e+00 1.388819e+00 8.891494e-01 1.007573e+00 1.370499e+00 1.253703e+00 1.985919e+00 1.193646e+00 1.270169e+00 3.333524e-01 4.561417e-02 9.263805e-02 1.059685e-01 2.293996e-01 3.464008e-01 2.654135e-01 2.161991e-01 3.302736e-01 3.813888e-01 4.266495e-01 1.787787e-01 2.395124e-01 1.926864e-02
<GCONST> 9.302592e+01
<STATE> 13
<MEAN> 39
 -9.598165e-01 -1.362347e+01 -5.758690e+00 -9.148376e+00 -3.300876e+00 -6.708574e+00 -7.692508e+00 -5.122721e+00 4.021788e+00 -8.687190e+00 -8.925488e+00 -9.989171e+00 7.294547e+01 -8.052068e-01 1.828692e+00 7.497774e-01 9.105000e-01 3.665455e-01 3.859611e-02 3.541572e-01 -3.605943e-01 -4.091479e-01 -3.095117e-01 1.055827e-01 -3.716533e-01 -1.734434e+00 -1.711563e-01 -3.821210e-02 -1.054060e-02 -8.044078e-02 2.471674e-01 6.416771e-01 4.131877e-01 -8.296833e-02 -2.888736e-01 -5.856255e-04 6.158596e-02 -2.251700e-01 -9.847175e-02
<VARIANCE> 39
 7.853561e+00 9.811258e+00 7.743477e+01 2.417867e+01 5.491520e+01 4.876193e+01 5.183713e+01 6.337784e+01 4.745462e+01 3.701030e+01 6.148151e+01 4.236599e+01 8.746825e+00 3.005710e-01 7.583320e-01 1.363021e+00 1.184303e+00 2.327559e+00 1.653052e+00 1.854297e+00 2.644279e+00 1.936358e+00 2.490176e+00 1.054676e+00 1.335444e+00 1.678175e-01 7.664439e-02 2.063985e-01 1.640398e-01 1.857888e-01 2.145967e-01 2.606396e-01 2.100732e-01 6.170229e-01 3.442532e-01 3.095317e-01 4.168698e-01 2.704327e-01 6.630711e-02
<GCONST> 9.942026e+01
<STATE> 14
<MEAN> 39
 -3.511797e+00 -8.408347e+00 -7.343217e+00 -6.187048e+00 -1.170419e+00 -6.546576e+00 -4.494042e+00 -6.204422e+00 1.148259e+00 -1.295404e+01 -7.463457e+00 -8.309180e+00 6.717435e+01 -1.076910e+00 1.068663e+00 5.083838e-01 -6.410441e-02 2.249004e-01 3.889278e-01 4.911410e-01 -4.181781e-01 -1.108438e+00 -2.479191e-01 7.887624e-01 -1.637495e-01 -1.354489e+00 1.362521e-02 -2.384414e-01 -2.017507e-01 -9.185673e-02 -4.999258e-02 -1.049579e-01 -7.557184e-02 6.863830e-02 2.165691e-01 1.142638e-01 -1.383969e-01 -3.023227e-02 1.705747e-01
<VARIANCE> 39
 1.981006e+00 5.036933e+00 3.958411e+01 1.350232e+01 2.210184e+01 4.960228e+01 2.574900e+01 4.037753e+01 1.964176e+01 2.529816e+01 4.854494e+01 4.497551e+01 2.573484e+00 2.821546e-01 2.487583e-01 1.252131e+00 4.515155e-01 1.176689e+00 1.290815e+00 1.840322e+00 1.106527e+00 8.634182e-01 1.376510e+00 2.373139e+00 7.724628e-01 1.141703e-01 1.937022e-02 1.769027e-02 4.214600e-02 6.446857e-02 1.730747e-01 2.055113e-01 1.367686e-01 1.827321e-01 1.870941e-01 2.516516e-01 2.332914e-01 1.923364e-01 9.527421e-03
<GCONST> 7.383263e+01
<STATE> 15
<MEAN> 39
 -5.872590e+00 -6.603183e+00 -5.636115e+00 -7.318506e+00 -2.092447e+00 -2.793204e+00 -9.755033e-01 -8.096729e+00 1.034602e+00 -1.016887e+01 -9.942938e+00 -1.150352e+01 6.470679e+01 -9.085972e-01 7.582670e-01 1.049283e-01 -1.438005e-02 4.234045e-01 -7.829551e-02 1.416071e-01 3.436788e-01 -1.153743e-01 -9.623705e-02 -1.120097e-01 -4.663106e-01 -9.806063e-01 -1.622958e-02 -1.033290e-01 4.706376e-02 7.163093e-02 2.324609e-02 -1.425389e-02 -1.372122e-02 2.569655e-02 7.859013e-02 7.706258e-02 3.780295e-02 4.347044e-02 6.617448e-02
<VARIANCE> 39
 1.739867e+00 1.111517e+01 1.625114e+01 1.031436e+01 2.399281e+01 4.623762e+01 2.193783e+01 4.095161e+01 1.060772e+01 2.317051e+01 2.484606e+01 1.509217e+01 2.759537e+00 5.972062e-02 1.628251e-01 7.783461e-01 6.973765e-01 5.975121e-01 8.474642e-01 8.503830e-01 1.670473e+00 1.113546e+00 1.204706e+00 6.099409e-01 1.044962e+00 2.958276e-02 1.950051e-02 1.930136e-02 6.131878e-02 7.437820e-02 1.031034e-01 2.027248e-01 2.110232e-01 2.593034e-01 1.823217e-01 1.764454e-01 1.169920e-01 9.476612e-02 1.089321e-02
<GCONST> 6.426180e+01
<STATE> 16
<MEAN> 39
 -9.705961e+00 -5.052177e+00 -6.106389e+00 -7.360437e+00 -6.742044e-01 -5.403795e+00 -2.278518e+00 -6.796176e+00 -7.971716e-01 -1.167023e+01 -7.273086e+00 -1.092949e+01 6.132006e+01 -8.463578e-01 4.040045e-01 4.012888e-01 1.966342e-01 3.039004e-01 3.098139e-01 4.381346e-01 4.162933e-02 -3.195202e-01 1.218225e-01 4.436020e-01 1.731157e-01 -7.160792e-01 6.371752e-02 -7.990219e-02 6.297259e-03 6.141071e-02 -3.761685e-03 -6.817688e-02 9.054721e-03 -5.006375e-03 5.955263e-02 9.787628e-03 5.627962e-02 1.789914e-01 5.540049e-02
<VARIANCE> 39
 1.569016e+00 5.866018e+00 9.926191e+00 8.027922e+00 1.205840e+01 2.721930e+01 1.810723e+01 1.319120e+01 1.477962e+01 1.519297e+01 2.559350e+01 3.868358e+01 1.073251e+00 8.710385e-02 1.675532e-01 4.944029e-01 5.540782e-01 7.523164e-01 1.424794e+00 1.748377e+00 1.760607e+00 1.058075e+00 6.937477e-01 9.855921e-01 7.760421e-01 2.649533e-02 1.230123e-02 3.074571e-02 5.437078e-02 9.247035e-02 1.005592e-01 1.615996e-01 1.903357e-01 1.872609e-01 2.191239e-01 8.391344e-02 1.086932e-01 1.458210e-01 3.236706e-03
<GCONST> 5.889017e+01
<STATE> 17
<MEAN> 39
 -1.293518e+01 -4.508844e+00 -3.844113e+00 -5.149189e+00 1.728239e+00 -5.352350e+00 3.256176e-01 -4.405935e+00 -2.514978e-01 -1.043534e+01 -5.078589e+00 -9.918356e+00 5.876282e+01 -6.933786e-01 -3.197528e-02 4.727055e-01 4.340027e-01 7.427904e-02 -2.205258e-01 1.150314e-01 3.629058e-01 2.181137e-01 3.671885e-01 4.173374e-01 2.757772e-01 -4.997215e-01 -2.736893e-02 -6.649191e-02 -4.321502e-02 -7.681542e-02 -1.301159e-01 8.984052e-02 -3.105808e-02 -9.158656e-04 -1.031552e-01 -1.061427e-01 -1.117211e-01 -2.889880e-02 2.116111e-02
<VARIANCE> 39
 2.404622e+00 4.104484e+00 9.843972e+00 1.045511e+01 8.685564e+00 1.015016e+01 1.813202e+01 2.357180e+01 1.465990e+01 1.382230e+01 2.675176e+01 4.113340e+01 7.750860e-01 6.239071e-02 1.050284e-01 4.402061e-01 7.570071e-01 5.895781e-01 6.109939e-01 7.807909e-01 6.841211e-01 1.157687e+00 8.914101e-01 9.008362e-01 9.572681e-01 2.292899e-02 1.360401e-02 3.560267e-02 5.411868e-02 1.507572e-01 1.167943e-01 1.391216e-01 1.425563e-01 1.273263e-01 2.388119e-01 1.961370e-01 1.960118e-01 1.495718e-01 3.295608e-03
<GCONST> 5.665483e+01
<STATE> 18
<MEAN> 39
 -1.486754e+01 -4.883766e+00 -3.884236e+00 -4.909815e+00 -4.797845e-01 -4.201535e+00 2.622961e+00 -6.186831e+00 -3.782023e+00 -1.172022e+01 -3.354982e+00 -4.961341e+00 5.739974e+01 -8.042545e-01 -5.114273e-01 2.906856e-01 4.366934e-01 -2.561875e-01 4.629111e-01 1.537561e+00 7.815855e-01 -7.878276e-01 -7.435231e-01 2.350727e-01 3.458469e-01 -3.477533e-01 -1.843372e-03 2.700540e-02 1.404215e-01 1.369963e-01 1.005085e-01 2.811224e-02 1.665820e-01 1.565666e-01 5.014237e-02 -1.043532e-01 -1.348175e-02 -3.538070e-02 2.876629e-02
<VARIANCE> 39
 2.430486e+00 8.189182e+00 1.015176e+01 3.528582e+01 2.252908e+01 1.725448e+01 9.251191e+01 5.062169e+01 4.749547e+01 2.507662e+01 4.394746e+01 2.638903e+01 5.392317e-01 1.338168e-01 6.158231e-01 5.512117e-01 1.940982e+00 1.705677e+00 1.753963e+00 2.716927e+00 1.408127e+00 3.122889e+00 1.344120e+00 1.242019e+00 8.692719e-01 9.116405e-02 1.515549e-02 1.380589e-01 1.022053e-01 2.648285e-01 2.761478e-01 2.045300e-01 4.891692e-01 2.832467e-01 6.808295e-01 3.314937e-01 3.288914e-01 1.507097e-01 2.004216e-02
<GCONST> 8.457766e+01
<STATE> 19
<MEAN> 39
 -1.761252e+01 -4.788973e+00 -4.365709e-01 -1.485552e+00 1.112188e+00 -4.978919e+00 3.867895e+00 -2.841305e+00 -2.861375e+00 -1.252498e+01 -4.024942e+00 -7.688878e+00 5.594379e+01 -6.075289e-01 6.661196e-03 6.433583e-01 4.664122e-01 2.501650e-01 1.179119e-01 4.524406e-01 4.647958e-01 1.692518e-01 1.494209e-01 7.286818e-01 7.972323e-01 -3.597988e-01 1.068664e-01 -2.917070e-02 -2.252694e-02 5.330620e-02 1.443710e-01 1.601081e-01 3.133068e-02 2.384244e-02 1.201436e-01 2.338482e-01 1.216703e-01 1.806355e-01 5.883953e-02
<VARIANCE> 39
 2.866023e+00 2.821963e+00 1.246775e+01 3.396810e+01 1.651912e+01 1.474653e+01 9.788106e+01 4.081129e+01 1.686961e+01 2.090473e+01 3.436220e+01 2.969692e+01 9.924451e-01 2.531516e-01 1.891599e-01 3.656406e-01 6.822268e-01 6.444666e-01 1.221513e+00 7.808823e-01 9.642246e-01 1.033622e+00 2.329355e+00 1.979838e+00 8.506064e-01 8.708651e-02 3.335467e-02 4.377634e-02 6.777571e-02 1.586615e-01 1.638080e-01 2.795300e-01 2.701961e-01 2.421569e-01 2.208069e-01 4.044977e-01 3.590421e-01 1.706159e-01 8.598273e-03
<GCONST> 7.356222e+01
<TRANSP> 20
 0.000000e+00 1.000000e+00 0.000000e+00 0.000000e+00 0.000000e+00 0.000000e+00 0.000000e+00 0.000000e+00 0.000000e+00 0.000000e+00 0.000000e+00 0.000000e+00 0.000000e+00 0.000000e+00 0.000000e+00 0.000000e+00 0.000000e+00 0.000000e+00 0.000000e+00 0.000000e+00
 0.000000e+00 7.068250e-01 2.931750e-01 0.000000e+00 0.000000e+00 0.000000e+00 0.000000e+00 0.000000e+00 0.000000e+00 0.000000e+00 0.000000e+00 0.000000e+00 0.000000e+00 0.000000e+00 0.000000e+00 0.000000e+00 0.000000e+00 0.000000e+00 0.000000e+00 0.000000e+00
 0.000000e+00 0.000000e+00 6.765154e-01 3.234847e-01 0.000000e+00 0.000000e+00 0.000000e+00 0.000000e+00 0.000000e+00 0.000000e+00 0.000000e+00 0.000000e+00 0.000000e+00 0.000000e+00 0.000000e+00 0.000000e+00 0.000000e+00 0.000000e+00 0.000000e+00 0.000000e+00
 0.000000e+00 0.000000e+00 0.000000e+00 7.073761e-01 2.926239e-01 0.000000e+00 0.000000e+00 0.000000e+00 0.000000e+00 0.000000e+00 0.000000e+00 0.000000e+00 0.000000e+00 0.000000e+00 0.000000e+00 0.000000e+00 0.000000e+00 0.000000e+00 0.000000e+00 0.000000e+00
 0.000000e+00 0.000000e+00 0.000000e+00 0.000000e+00 7.492453e-01 2.507547e-01 0.000000e+00 0.000000e+00 0.000000e+00 0.000000e+00 0.000000e+00 0.000000e+00 0.000000e+00 0.000000e+00 0.000000e+00 0.000000e+00 0.000000e+00 0.000000e+00 0.000000e+00 0.000000e+00
 0.000000e+00 0.000000e+00 0.000000e+00 0.000000e+00 0.000000e+00 7.687011e-01 2.312989e-01 0.000000e+00 0.000000e+00 0.000000e+00 0.000000e+00 0.000000e+00 0.000000e+00 0.000000e+00 0.000000e+00 0.000000e+00 0.000000e+00 0.000000e+00 0.000000e+00 0.000000e+00
 0.000000e+00 0.000000e+00 0.000000e+00 0.000000e+00 0.000000e+00 0.000000e+00 7.744878e-01 2.255122e-01 0.000000e+00 0.000000e+00 0.000000e+00 0.000000e+00 0.000000e+00 0.000000e+00 0.000000e+00 0.000000e+00 0.000000e+00 0.000000e+00 0.000000e+00 0.000000e+00
 0.000000e+00 0.000000e+00 0.000000e+00 0.000000e+00 0.000000e+00 0.000000e+00 0.000000e+00 5.204552e-01 4.795448e-01 0.000000e+00 0.000000e+00 0.000000e+00 0.000000e+00 0.000000e+00 0.000000e+00 0.000000e+00 0.000000e+00 0.000000e+00 0.000000e+00 0.000000e+00
 0.000000e+00 0.000000e+00 0.000000e+00 0.000000e+00 0.000000e+00 0.000000e+00 0.000000e+00 0.000000e+00 5.384078e-01 4.615922e-01 0.000000e+00 0.000000e+00 0.000000e+00 0.000000e+00 0.000000e+00 0.000000e+00 0.000000e+00 0.000000e+00 0.000000e+00 0.000000e+00
 0.000000e+00 0.000000e+00 0.000000e+00 0.000000e+00 0.000000e+00 0.000000e+00 0.000000e+00 0.000000e+00 0.000000e+00 5.861482e-01 4.138518e-01 0.000000e+00 0.000000e+00 0.000000e+00 0.000000e+00 0.000000e+00 0.000000e+00 0.000000e+00 0.000000e+00 0.000000e+00
 0.000000e+00 0.000000e+00 0.000000e+00 0.000000e+00 0.000000e+00 0.000000e+00 0.000000e+00 0.000000e+00 0.000000e+00 0.000000e+00 5.887589e-01 4.112411e-01 0.000000e+00 0.000000e+00 0.000000e+00 0.000000e+00 0.000000e+00 0.000000e+00 0.000000e+00 0.000000e+00
 0.000000e+00 0.000000e+00 0.000000e+00 0.000000e+00 0.000000e+00 0.000000e+00 0.000000e+00 0.000000e+00 0.000000e+00 0.000000e+00 0.000000e+00 8.027831e-01 1.972169e-01 0.000000e+00 0.000000e+00 0.000000e+00 0.000000e+00 0.000000e+00 0.000000e+00 0.000000e+00
 0.000000e+00 0.000000e+00 0.000000e+00 0.000000e+00 0.000000e+00 0.000000e+00 0.000000e+00 0.000000e+00 0.000000e+00 0.000000e+00 0.000000e+00 0.000000e+00 6.573938e-01 3.426062e-01 0.000000e+00 0.000000e+00 0.000000e+00 0.000000e+00 0.000000e+00 0.000000e+00
 0.000000e+00 0.000000e+00 0.000000e+00 0.000000e+00 0.000000e+00 0.000000e+00 0.000000e+00 0.000000e+00 0.000000e+00 0.000000e+00 0.000000e+00 0.000000e+00 0.000000e+00 6.355149e-01 3.644851e-01 0.000000e+00 0.000000e+00 0.000000e+00 0.000000e+00 0.000000e+00
 0.000000e+00 0.000000e+00 0.000000e+00 0.000000e+00 0.000000e+00 0.000000e+00 0.000000e+00 0.000000e+00 0.000000e+00 0.000000e+00 0.000000e+00 0.000000e+00 0.000000e+00 0.000000e+00 6.843673e-01 3.156327e-01 0.000000e+00 0.000000e+00 0.000000e+00 0.000000e+00
 0.000000e+00 0.000000e+00 0.000000e+00 0.000000e+00 0.000000e+00 0.000000e+00 0.000000e+00 0.000000e+00 0.000000e+00 0.000000e+00 0.000000e+00 0.000000e+00 0.000000e+00 0.000000e+00 0.000000e+00 7.659807e-01 2.340192e-01 0.000000e+00 0.000000e+00 0.000000e+00
 0.000000e+00 0.000000e+00 0.000000e+00 0.000000e+00 0.000000e+00 0.000000e+00 0.000000e+00 0.000000e+00 0.000000e+00 0.000000e+00 0.000000e+00 0.000000e+00 0.000000e+00 0.000000e+00 0.000000e+00 0.000000e+00 7.376812e-01 2.623188e-01 0.000000e+00 0.000000e+00
 0.000000e+00 0.000000e+00 0.000000e+00 0.000000e+00 0.000000e+00 0.000000e+00 0.000000e+00 0.000000e+00 0.000000e+00 0.000000e+00 0.000000e+00 0.000000e+00 0.000000e+00 0.000000e+00 0.000000e+00 0.000000e+00 0.000000e+00 6.071382e-01 3.928618e-01 0.000000e+00
 0.000000e+00 0.000000e+00 0.000000e+00 0.000000e+00 0.000000e+00 0.000000e+00 0.000000e+00 0.000000e+00 0.000000e+00 0.000000e+00 0.000000e+00 0.000000e+00 0.000000e+00 0.000000e+00 0.000000e+00 0.000000e+00 0.000000e+00 0.000000e+00 6.794615e-01 3.205385e-01
 0.000000e+00 0.000000e+00 0.000000e+00 0.000000e+00 0.000000e+00 0.000000e+00 0.000000e+00 0.000000e+00 0.000000e+00 0.000000e+00 0.000000e+00 0.000000e+00 0.000000e+00 0.000000e+00 0.000000e+00 0.000000e+00 0.000000e+00 0.000000e+00 0.000000e+00 0.000000e+00
<ENDHMM>
