~o
<STREAMINFO> 1 39
<VECSIZE> 39<NULLD><MFCC_D_A_0><DIAGC>
~h "jam"
<BEGINHMM>
<NUMSTATES> 20
<STATE> 2
<MEAN> 39
 -1.681594e+01 -5.729615e+00 -8.607757e-01 -2.003740e+00 3.949750e+00 -3.403518e-01 2.884906e+00 -4.919945e+00 4.626236e-01 -7.994418e+00 -2.269930e+00 -8.106688e+00 5.685474e+01 1.488526e+00 1.913295e+00 1.726467e+00 1.337114e+00 5.835963e-01 -1.746401e-01 -9.202654e-01 -1.463686e+00 -1.831729e+00 -1.286336e+00 -9.739484e-01 -6.459143e-01 5.973230e-01 3.480099e-01 5.754018e-01 4.959482e-01 2.510280e-01 -1.930444e-02 -3.365608e-01 -2.987974e-01 -4.079209e-01 -4.724505e-01 -2.641450e-01 -2.073833e-01 -2.298141e-01 1.852713e-01
<VARIANCE> 39
 4.692296e+00 8.904393e+00 8.752598e+00 1.332589e+01 1.563464e+01 1.305036e+01 2.320298e+01 2.379192e+01 2.047778e+01 1.651294e+01 1.967917e+01 1.682937e+01 8.436109e-01 1.393477e+00 2.924838e+00 2.610380e+00 1.295411e+00 8.508677e-01 1.737058e+00 3.175676e+00 3.348125e+00 4.055157e+00 3.364192e+00 3.286233e+00 2.086140e+00 2.279367e-01 1.544023e-01 2.142974e-01 2.291778e-01 1.715223e-01 1.923801e-01 2.712404e-01 4.494469e-01 4.852517e-01 6.250181e-01 5.303967e-01 3.410951e-01 2.960035e-01 1.732313e-02
<GCONST> 9.312075e+01
<STATE> 3
<MEAN> 39
 -7.411432e+00 6.311796e+00 9.435786e+00 3.799392e+00 4.114140e+00 -4.967823e+00 -3.068508e+00 -1.175789e+01 -7.372671e+00 -1.453524e+01 -6.967354e+00 -1.133990e+01 6.096126e+01 1.897895e-01 1.083359e+00 5.185633e-01 1.508568e-01 4.746722e-01 -8.595866e-01 2.538584e-01 -6.623960e-01 -1.137422e-01 1.291492e-03 -4.295456e-02 1.882914e-02 6.444756e-01 -8.049654e-01 -3.718369e-01 -5.762830e-01 -6.014771e-01 8.369032e-02 -4.299232e-01 4.381381e-01 1.699639e-01 5.088622e-01 4.612504e-01 4.610002e-01 3.403198e-01 1.094858e-01
<VARIANCE> 39
 7.530015e+00 1.013852e+01 8.523125e+00 1.959514e+01 3.348328e+01 4.915147e+01 4.617960e+01 3.136274e+01 5.352229e+01 7.029857e+01 6.705185e+01 4.705064e+01 1.628845e+00 3.864809e+00 2.784918e+00 2.665064e+00 2.043305e+00 1.564557e+00 2.587783e+00 3.004866e+00 2.971696e+00 3.266130e+00 4.700131e+00 2.348651e+00 2.998674e+00 3.685422e-01 1.946062e-01 4.772933e-01 3.536498e-01 4.946634e-01 4.284429e-01 1.074820e+00 4.438495e-01 8.540104e-01 5.727885e-01 7.817444e-01 5.252814e-01 5.266771e-01 1.710832e-01
<GCONST> 1.142164e+02
<STATE> 4
<MEAN> 39
 -1.649236e+01 7.969121e+00 5.480763e+00 -1.405503e+00 1.138735e+01 -1.202447e+01 2.817855e+00 -1.413579e+01 -2.832152e+00 -9.985416e+00 -3.516591e+00 -8.083041e+00 6.526971e+01 -1.421590e+00 1.234847e+00 -1.113154e-01 -2.766404e+00 -1.378233e+00 -5.829114e+00 -7.093046e-01 -3.764265e-01 2.030292e-01 1.296449e+00 3.093953e+00 1.963843e+00 2.517642e+00 1.079921e+00 -6.549383e-01 5.572701e-01 4.942900e-02 -1.976745e+00 -7.780915e-01 -6.422160e-01 1.153169e+00 -5.629225e-01 -1.224497e-01 8.376499e-01 3.228842e-01 3.335842e-01
<VARIANCE> 39
 2.043290e+01 3.492321e+01 3.819799e+01 5.728510e+01 4.373886e+01 7.188017e+01 3.943314e+01 6.496024e+01 6.357807e+01 5.742883e+01 1.016752e+02 5.936027e+01 1.538851e+01 4.066925e+00 1.283488e+00 5.236238e+00 3.780993e+00 1.130541e+01 3.121119e+00 4.385531e+00 8.597228e+00 5.388331e+00 6.583468e+00 8.654780e+00 5.019869e+00 4.055251e-01 5.847227e-01 6.775267e-01 5.947904e-01 1.202838e+00 9.317933e-01 9.350359e-01 4.482973e-01 1.286205e+00 1.511101e+00 8.194203e-01 8.397242e-01 7.926691e-01 1.592742e-01
<GCONST> 1.357711e+02
<STATE> 5
<MEAN> 39
 -1.214458e+01 6.853255e+00 1.179964e+01 -5.518750e+00 -6.891487e+00 -3.102874e+01 -2.150974e+00 -6.774923e+00 -8.151626e+00 -7.604132e+00 1.162168e+01 -7.430781e-01 7.331866e+01 2.864561e+00 -3.373550e+00 1.271566e+00 -5.497811e-02 -5.899139e+00 -3.474807e+00 -4.324255e-01 4.407729e+00 -1.059106e+00 1.237302e-01 2.576149e+00 1.308173e+00 2.397342e+00 3.916167e-01 -1.141941e+00 -7.800869e-01 5.357899e-01 1.026700e+00 1.911051e+00 5.350364e-01 5.496489e-01 5.687196e-01 -2.258431e-01 -1.469411e+00 -8.755437e-01 -3.920535e-01
<VARIANCE> 39
 2.656931e+01 2.726212e+01 7.893763e+01 4.890970e+01 1.297905e+02 2.847520e+01 2.787470e+01 1.353254e+02 2.829361e+01 6.300972e+01 1.824456e+02 5.382352e+01 1.214160e+01 1.198333e+00 2.602164e+00 4.262454e+00 2.513123e+00 7.619111e+00 6.595533e+00 3.705997e+00 5.089682e+00 1.359050e+01 2.615817e+00 6.118441e+00 3.595471e+00 6.698543e-01 7.395975e-01 3.504350e-01 1.049655e+00 7.278691e-01 2.658408e+00 4.263525e-01 3.232445e-01 1.733573e+00 9.681588e-01 8.688181e-01 8.553057e-01 6.014064e-01 6.179695e-02
<GCONST> 1.330753e+02
<STATE> 6
<MEAN> 39
 -5.850760e+00 -4.908873e+00 9.894284e+00 -4.689019e+00 -1.338723e+01 -3.210859e+01 1.661739e-01 5.572649e+00 -6.273196e+00 -8.674665e+00 1.030819e+01 -2.233586e+00 7.737507e+01 1.362964e+00 -3.614505e+00 -2.167240e+00 8.864432e-02 1.219488e+00 1.908293e+00 6.948896e-02 1.852268e+00 1.158061e+00 2.260927e-02 -2.211419e+00 -1.584418e+00 7.548148e-01 -4.133329e-01 4.226996e-01 -6.528254e-01 -1.332923e-01 1.727663e+00 1.193000e+00 -3.020484e-01 -1.386309e+00 9.321877e-02 -3.530890e-03 -9.774910e-01 -6.589824e-01 -4.436315e-01
<VARIANCE> 39
 6.185232e+00 2.013255e+01 9.211015e+01 2.225710e+01 7.069714e+01 5.350619e+01 3.656571e+01 1.018722e+02 7.696486e+01 2.813811e+01 1.867440e+02 4.349514e+01 1.301458e+01 4.366432e-01 9.589575e-01 3.814644e+00 1.906355e+00 4.015358e+00 3.142744e+00 1.584782e+00 5.164615e+00 3.042923e+00 3.598126e+00 1.561945e+00 2.917220e+00 2.143527e-01 5.438048e-02 1.639527e-01 4.882706e-01 2.541637e-01 7.189867e-01 4.229698e-01 3.383737e-01 7.012967e-01 1.014024e+00 2.534525e-01 3.216901e-01 4.246523e-01 4.584695e-02
<GCONST> 1.120909e+02
<STATE> 7
<MEAN> 39
 -2.388001e+00 -1.364562e+01 1.367811e-01 -6.301818e+00 -2.695149e+00 -2.234612e+01 -2.785775e+00 3.552963e+00 -4.188727e+00 -8.134462e+00 -7.252016e-01 -9.720757e+00 7.806236e+01 8.817295e-01 -1.447908e+00 -1.999389e+00 -5.296391e-01 1.979844e+00 3.255630e+00 -5.588054e-01 -8.873088e-01 4.431689e-01 6.025493e-01 -2.297812e+00 -2.475927e+00 -2.797849e-02 -1.143707e-01 6.507635e-01 3.651913e-01 -8.454014e-02 -4.088322e-01 7.826540e-02 -5.204095e-02 -4.542339e-01 -1.032174e-01 3.106698e-01 4.656500e-01 1.091190e-01 -1.841044e-01
<VARIANCE> 39
 3.883637e+00 9.777252e+00 8.200171e+01 7.257196e+00 5.637772e+01 6.588367e+01 4.376856e+01 1.035103e+02 8.363736e+01 3.522747e+01 2.090663e+02 5.579394e+01 9.780583e+00 1.220257e-01 9.148009e-01 9.973760e-01 7.609103e-01 1.483518e+00 2.216052e+00 1.390828e+00 4.300909e+00 1.944081e+00 2.141769e+00 1.623337e+00 1.173876e+00 1.187351e-01 1.844215e-02 6.971015e-02 1.354997e-01 1.546606e-01 1.974747e-01 2.276515e-01 1.674770e-01 4.559224e-01 3.544017e-01 5.157430e-01 2.169948e-01 4.602905e-01 1.668469e-02
<GCONST> 9.413237e+01
<STATE> 8
<MEAN> 39
 7.268286e-02 -1.529117e+01 -4.218780e+00 -8.905599e+00 -1.501530e+00 -7.499926e+00 -4.828252e+00 -2.075070e+00 -3.373726e+00 -1.262498e+00 -2.483602e+00 -1.688600e+01 7.677460e+01 3.698282e-01 4.236275e-01 -6.041455e-01 -4.020849e-01 2.584995e-01 1.554487e+00 -7.027098e-01 -1.335664e+00 6.944069e-01 7.148398e-01 -1.617766e-01 -2.808713e-01 -5.520526e-01 -8.042789e-02 3.168024e-01 2.083237e-01 3.288241e-02 -2.064379e-01 -4.510033e-01 2.412120e-02 8.085965e-02 -5.067386e-02 -1.903803e-01 3.305386e-01 3.181058e-01 -1.074720e-01
<VARIANCE> 39
 2.735909e+00 1.005632e+01 4.711374e+01 7.589323e+00 6.310202e+01 1.336356e+02 3.383775e+01 8.247300e+01 6.912069e+01 1.869987e+01 8.499699e+01 1.939010e+01 8.366890e+00 1.206921e-01 4.713404e-01 3.739386e-01 6.013075e-01 8.288821e-01 1.435099e+00 1.127540e+00 1.167795e+00 1.033054e+00 1.183061e+00 1.221547e+00 1.613437e+00 9.393863e-02 2.077975e-02 4.425850e-02 7.444347e-02 9.045921e-02 1.706350e-01 2.042094e-01 2.026683e-01 3.219413e-01 2.809002e-01 1.464846e-01 1.726946e-01 1.650015e-01 8.640531e-03
<GCONST> 7.956647e+01
<STATE> 9
<MEAN> 39
 1.361482e+00 -1.112444e+01 -6.418855e+00 -1.077848e+01 -5.882429e-02 -5.088689e+00 -7.990106e+00 -7.772844e+00 9.389520e-01 -1.030073e+00 -2.749886e+00 -1.575284e+01 7.376515e+01 5.474015e-02 2.124537e+00 7.689018e-01 2.710907e-01 -4.566377e-01 -1.586945e-01 -4.211266e-01 -1.023614e+00 -5.307314e-01 -3.382443e-01 9.328272e-01 8.470835e-01 -1.222146e+00 -1.289084e-01 2.927432e-01 5.467959e-01 5.284706e-01 9.002877e-02 -3.222948e-01 6.936323e-02 9.984736e-02 -5.612638e-01 -5.288647e-01 -2.566419e-01 2.469314e-01 -7.521628e-02
<VARIANCE> 39
 2.188859e+00 8.256302e+00 5.514978e+01 8.452932e+00 1.953353e+01 9.144698e+01 4.243653e+01 6.766980e+01 4.040109e+01 1.886668e+01 1.189955e+02 1.437592e+01 5.011781e+00 1.033240e-01 3.356089e-01 1.055156e+00 1.077142e+00 2.599812e+00 9.682769e-01 9.871849e-01 3.516667e+00 1.331005e+00 2.029858e+00 1.418581e+00 1.640406e+00 6.961389e-02 2.320537e-02 9.907742e-02 6.542607e-02 8.899527e-02 8.620812e-02 1.372373e-01 1.783902e-01 3.457021e-01 1.951212e-01 5.979051e-01 3.971839e-01 2.825280e-01 1.248068e-02
<GCONST> 8.280360e+01
<STATE> 10
<MEAN> 39
 8.084613e-01 -4.075356e+00 -2.006764e-01 -6.894431e+00 2.982039e-02 -5.167606e+00 -8.097784e+00 -8.942282e+00 -3.599915e+00 -3.736799e+00 -1.049687e+00 -1.315541e+01 7.020016e+01 -1.515773e-01 1.773271e+00 1.173865e+00 8.389128e-01 3.773837e-01 -2.358886e-01 -4.864305e-01 -6.361199e-01 -1.993812e+00 -1.875572e+00 -6.144416e-01 2.386351e-01 -8.545814e-01 -2.620184e-02 -2.329448e-01 -2.127836e-01 -1.187267e-01 1.979943e-01 1.427118e-01 -5.100971e-02 -7.728653e-04 -1.269240e-01 -2.160560e-01 -2.006552e-01 -9.067342e-02 1.376810e-01
<VARIANCE> 39
 2.339005e+00 5.040730e+00 3.712653e+01 1.351387e+01 1.190113e+01 6.196058e+01 4.508590e+01 3.328477e+01 3.283568e+01 3.249998e+01 1.055706e+02 2.409052e+01 2.341717e+00 9.224305e-02 4.404051e-01 1.037606e+00 8.050033e-01 1.595077e+00 1.046149e+00 1.443618e+00 2.874204e+00 1.218931e+00 1.964175e+00 1.377581e+00 2.283626e+00 1.033054e-01 1.274533e-02 4.477768e-02 7.348736e-02 1.590582e-01 1.358245e-01 1.325065e-01 1.645798e-01 1.553444e-01 1.536298e-01 2.416495e-01 2.779041e-01 3.341524e-01 6.928729e-03
<GCONST> 7.800086e+01
<STATE> 11
<MEAN> 39
 3.569224e-01 4.263921e-01 -4.064310e-02 -4.988166e+00 1.893427e+00 -6.207759e+00 -1.029749e+01 -1.357057e+01 -1.073062e+01 -1.272603e+01 -5.958177e+00 -1.351571e+01 6.771840e+01 -2.342195e-01 1.014193e+00 4.213890e-01 5.742995e-01 5.506204e-01 1.166391e-02 -3.215115e-01 -1.078832e+00 -8.514413e-01 -8.033683e-01 1.900590e-01 3.586991e-01 -6.192984e-01 -3.967099e-02 -1.046959e-01 -5.955700e-02 4.142972e-02 8.486841e-03 2.550569e-02 1.332494e-01 1.018386e-02 4.819337e-01 3.960378e-01 1.267278e-01 -4.732880e-02 7.259318e-03
<VARIANCE> 39
 2.988561e+00 4.472141e+00 2.398358e+01 8.419997e+00 2.115702e+01 3.090525e+01 3.238610e+01 5.086624e+01 2.039745e+01 7.013103e+01 1.501625e+02 5.134920e+01 1.492720e+00 1.705984e-01 5.065811e-01 8.642246e-01 7.747708e-01 9.843478e-01 9.452754e-01 8.236467e-01 2.214086e+00 1.499581e+00 1.660759e+00 1.402171e+00 1.856015e+00 4.567873e-02 3.020371e-02 1.107581e-01 1.108383e-01 8.937407e-02 1.207451e-01 2.296723e-01 2.010326e-01 2.462967e-01 2.576368e-01 1.953313e-01 2.430008e-01 3.048562e-01 1.219428e-02
<GCONST> 7.964221e+01
<STATE> 12
<MEAN> 39
 -6.920418e-01 3.768137e+00 1.248351e+00 -2.731438e+00 2.044823e+00 -7.478684e+00 -1.369340e+01 -1.967009e+01 -1.003081e+01 -1.364821e+01 -6.740216e+00 -1.366221e+01 6.528732e+01 -5.555031e-01 6.235072e-01 3.808769e-01 4.359600e-01 5.607714e-01 8.186294e-01 6.377028e-01 -3.189360e-01 2.591921e-01 -4.730536e-01 -7.952693e-02 9.739312e-02 -6.597723e-01 -1.577280e-01 -2.003605e-01 -9.048356e-02 -1.279150e-01 4.034882e-02 1.154804e-01 3.118241e-01 3.618146e-01 1.040309e-01 6.620765e-02 1.279258e-02 6.318472e-02 -3.970634e-02
<VARIANCE> 39
 2.004513e+00 7.102472e+00 2.181492e+01 1.086222e+01 1.322400e+01 1.826537e+01 2.042106e+01 3.018452e+01 2.035003e+01 5.321719e+01 6.460739e+01 4.629313e+01 1.028573e+00 1.145568e-01 2.197814e-01 2.850490e-01 1.028793e+00 5.751894e-01 1.091378e+00 1.651451e+00 9.094648e-01 1.294449e+00 1.177821e+00 1.242805e+00 1.073465e+00 4.614003e-02 1.230447e-02 2.231793e-02 6.953456e-02 1.800947e-01 1.356764e-01 2.066668e-01 2.233097e-01 1.370727e-01 1.653136e-01 3.045532e-01 1.168264e-01 1.410064e-01 3.544978e-03
<GCONST> 6.701939e+01
<STATE> 13
<MEAN> 39
 -3.346338e+00 6.939101e+00 3.268006e+00 -1.192194e+00 1.020801e+01 9.666597e-01 -5.952195e+00 -1.384693e+01 -6.497644e+00 -9.636968e+00 -9.989548e-01 -7.157745e+00 6.258167e+01 -8.087027e-01 3.601819e-01 -2.851007e-01 -3.761533e-02 5.657287e-01 6.119355e-01 3.495808e-01 1.078401e-02 7.681382e-01 9.706360e-02 -4.839356e-01 4.463489e-01 -7.982419e-01 -6.768192e-02 -1.386906e-01 -1.044643e-02 -1.281644e-01 -2.538229e-01 -8.406080e-02 -1.074349e-01 -1.044361e-01 -7.984913e-03 1.694961e-01 -2.564045e-03 -3.279873e-02 1.889608e-02
<VARIANCE> 39
 3.854161e+00 1.287356e+01 2.039513e+01 2.247569e+01 3.451503e+01 3.461338e+01 2.148801e+01 7.722121e+01 2.187983e+01 3.099480e+01 3.944041e+01 3.825969e+01 2.308588e+00 1.738640e-01 4.498427e-01 3.434282e-01 6.477734e-01 1.286565e+00 1.436598e+00 1.213832e+00 9.749551e-01 1.128998e+00 1.204455e+00 1.389485e+00 7.757934e-01 3.577144e-02 9.414927e-03 2.254104e-02 1.001306e-01 1.449228e-01 1.374603e-01 2.601352e-01 2.284124e-01 1.738725e-01 1.562742e-01 2.808716e-01 1.935207e-01 1.942888e-01 4.215974e-03
<GCONST> 7.354406e+01
<STATE> 14
<MEAN> 39
 -6.968492e+00 3.771933e+00 1.818109e+00 -3.154650e+00 2.440628e+00 -4.253726e+00 -7.892906e+00 -1.859967e+01 -9.931140e+00 -1.573737e+01 -9.010895e+00 -1.329458e+01 6.066066e+01 -8.896707e-01 -8.047549e-02 4.618998e-01 3.198056e-01 -1.302352e-01 5.123052e-01 4.750874e-01 -2.666469e-01 1.497643e-01 2.541020e-01 1.275846e-01 9.438513e-02 -5.584595e-01 5.066128e-02 -1.094171e-02 4.152274e-02 1.452231e-01 6.173237e-02 3.628580e-03 4.426089e-02 1.656163e-02 -6.748768e-03 -7.464356e-02 -2.214419e-02 -4.361831e-02 7.022145e-02
<VARIANCE> 39
 2.552863e+00 1.141962e+01 1.158338e+01 1.078591e+01 3.502000e+01 2.624942e+01 2.023562e+01 3.112867e+01 3.282868e+01 6.142338e+01 4.380704e+01 6.077357e+01 1.239814e+00 1.738838e-01 2.731448e-01 4.361441e-01 8.119031e-01 7.676515e-01 1.136118e+00 1.428011e+00 1.533377e+00 1.296389e+00 1.610754e+00 1.259365e+00 1.091392e+00 6.072157e-02 3.050229e-02 6.213233e-02 1.005607e-01 1.686935e-01 1.341871e-01 1.370188e-01 2.920922e-01 3.128564e-01 2.632988e-01 3.839461e-01 2.388764e-01 2.732478e-01 7.840174e-03
<GCONST> 7.706892e+01
<STATE> 15
<MEAN> 39
 -1.091959e+01 2.327563e+00 3.767825e+00 2.743989e-01 4.841663e+00 -1.486008e+00 -4.354119e+00 -1.696275e+01 -8.599638e+00 -1.373795e+01 -6.668939e+00 -1.070742e+01 5.875220e+01 -5.962180e-01 -2.518541e-01 1.325814e-01 1.584652e-01 3.561508e-01 4.469499e-01 7.932552e-01 5.749624e-01 -1.633417e-01 -1.277462e-01 -1.037216e-01 -3.122030e-01 -2.449108e-01 7.535245e-02 3.262325e-02 -4.316780e-02 -1.013141e-01 8.116376e-02 1.698681e-01 4.344318e-02 7.477795e-02 2.958531e-02 2.677369e-02 -1.189804e-01 -1.932518e-01 3.454025e-02
<VARIANCE> 39
 5.639105e+00 2.081428e+01 1.613339e+01 2.265057e+01 3.011377e+01 2.565648e+01 2.148804e+01 3.123998e+01 3.764228e+01 3.914299e+01 1.741688e+01 2.581001e+01 7.630014e-01 1.709664e-01 4.578656e-01 4.781711e-01 8.502733e-01 1.082774e+00 1.203789e+00 1.043529e+00 6.614652e-01 1.862407e+00 2.383438e+00 1.553374e+00 1.697824e+00 4.453377e-02 3.535275e-02 1.106280e-01 1.169496e-01 1.570833e-01 2.010704e-01 2.938457e-01 2.531528e-01 8.279363e-02 4.866102e-01 3.566387e-01 2.466333e-01 1.670121e-01 1.141566e-02
<GCONST> 7.878267e+01
<STATE> 16
<MEAN> 39
 -1.232336e+01 6.704432e+00 4.936388e+00 -1.765578e+00 1.169587e+01 9.311227e+00 -6.951006e-01 -1.737657e+01 -4.599228e+00 -7.573859e+00 -4.603959e+00 -1.135902e+01 5.678728e+01 -6.560431e-01 -6.064656e-01 -1.804153e-01 -4.068120e-01 -1.149959e-01 8.401763e-01 9.610538e-01 3.242800e-01 -3.628652e-03 5.031466e-01 2.465056e-01 -4.887656e-01 -2.457787e-01 3.974862e-02 -1.599410e-01 -1.345655e-01 4.458809e-02 -2.498357e-02 -1.482749e-01 -1.961535e-02 6.425484e-02 3.482297e-02 2.545480e-02 7.206345e-02 2.981415e-01 5.018524e-02
<VARIANCE> 39
 5.582551e+00 1.463574e+01 8.676896e+00 1.794464e+01 4.216586e+01 4.040894e+01 3.056686e+01 6.323777e+01 4.282664e+01 8.000457e+01 3.727747e+01 2.659901e+01 1.233298e+00 1.869077e-01 4.900190e-01 6.874587e-01 1.028102e+00 3.263290e+00 2.601423e+00 1.784145e+00 2.041956e+00 2.791105e+00 1.539371e+00 1.890010e+00 2.106171e+00 5.483530e-02 2.412171e-02 6.587123e-02 8.616831e-02 1.266153e-01 4.509608e-01 2.618065e-01 2.393588e-01 2.876130e-01 4.565854e-01 3.250288e-01 3.022902e-01 2.881106e-01 4.614682e-03
<GCONST> 8.651165e+01
<STATE> 17
<MEAN> 39
 -1.435823e+01 -2.435442e-01 2.750867e+00 -3.758653e-01 8.082004e+00 5.392223e+00 3.907120e+00 -1.115684e+01 -5.987726e+00 -1.293161e+01 -9.113056e+00 -1.461423e+01 5.737636e+01 -3.009652e-01 -4.939096e-01 -5.825850e-01 -9.208604e-02 2.208562e-01 5.407653e-01 8.704976e-01 1.083492e+00 1.346053e+00 9.018227e-01 7.581712e-02 2.169605e-01 -1.353760e-01 -2.021638e-02 -6.217872e-02 -1.061580e-01 -9.572311e-02 -2.277444e-01 -3.575326e-01 -2.850201e-01 1.669449e-01 2.812951e-02 1.523911e-03 2.702862e-01 7.211304e-02 -1.787076e-02
<VARIANCE> 39
 1.270889e+00 6.352802e+00 8.517357e+00 2.472399e+01 1.725096e+01 1.983676e+01 3.356352e+01 3.506202e+01 3.907632e+01 6.442340e+01 7.739201e+01 2.306351e+01 6.463354e-01 1.265161e-01 7.201995e-01 1.133936e+00 9.071002e-01 1.569681e+00 1.216698e+00 1.925667e+00 1.505789e+00 1.172287e+00 2.805317e+00 2.694445e+00 1.135565e+00 4.139155e-02 1.546322e-02 8.563968e-02 1.465175e-01 1.474067e-01 3.866844e-01 1.689942e-01 3.023835e-01 4.589799e-01 3.660176e-01 7.354260e-01 3.761178e-01 1.837901e-01 6.091071e-03
<GCONST> 8.112164e+01
<STATE> 18
<MEAN> 39
 -1.505273e+01 -1.467754e+00 -4.287602e-01 -1.903842e+00 8.734433e+00 6.429019e+00 4.691521e+00 -6.517321e+00 -9.452564e-01 -6.967425e+00 -2.148436e+00 -1.016970e+01 5.690617e+01 -3.137728e-01 -8.201116e-01 -3.474166e-01 -4.370001e-02 -5.975493e-01 -9.910808e-01 -4.231134e-01 7.783784e-01 3.228575e-01 -4.070109e-01 3.784379e-01 7.889301e-01 -6.199662e-02 -5.644058e-02 1.913749e-02 3.227768e-01 1.428426e-01 4.643816e-03 -1.624340e-01 -8.868641e-02 -3.269560e-01 -3.533140e-01 -3.805806e-01 -2.384334e-01 -9.254898e-02 -2.113638e-02
<VARIANCE> 39
 1.258614e+00 5.435500e+00 8.314948e+00 3.017035e+01 1.906744e+01 2.045073e+01 1.799145e+01 3.089265e+01 1.933945e+01 2.013852e+01 4.771203e+01 4.638472e+01 6.352672e-01 1.832388e-01 4.296014e-01 7.556155e-01 9.857276e-01 1.618350e+00 1.224192e+00 8.181944e-01 2.036524e+00 1.466642e+00 1.896669e+00 2.075757e+00 1.580412e+00 5.294725e-02 3.590569e-02 3.544929e-02 1.242603e-01 1.394749e-01 2.766967e-01 2.783540e-01 1.814986e-01 1.849055e-01 2.894046e-01 1.778418e-01 5.007983e-01 4.779943e-01 9.257484e-03
<GCONST> 7.649648e+01
<STATE> 19
<MEAN> 39
 -1.811380e+01 -3.953368e+00 1.684284e+00 5.972820e-01 9.477537e+00 5.142368e+00 4.070876e+00 -7.335395e+00 -3.710023e+00 -1.167431e+01 -6.412736e+00 -1.163180e+01 5.551985e+01 -5.025622e-01 -6.276557e-01 6.191172e-02 2.898747e-01 8.401220e-02 4.900404e-02 4.490755e-01 3.026027e-01 7.221756e-02 1.049707e-01 -2.203024e-01 -3.109638e-01 -1.630091e-01 7.864124e-02 1.003651e-01 -2.376686e-02 -4.451153e-02 1.664022e-02 1.049234e-01 1.649027e-02 -1.211208e-01 3.506998e-02 1.124987e-01 4.607229e-02 1.322081e-02 3.206492e-02
<VARIANCE> 39
 4.033500e+00 1.258639e+01 1.105268e+01 2.859976e+01 3.363483e+01 3.249951e+01 2.545238e+01 2.381414e+01 3.183834e+01 2.641540e+01 2.500907e+01 3.694251e+01 7.935632e-01 2.331135e-01 3.351881e-01 8.174095e-01 6.239578e-01 7.661170e-01 1.741941e+00 1.547453e+00 2.276382e+00 1.765747e+00 2.816506e+00 2.806000e+00 3.280337e+00 5.660452e-02 4.282203e-02 5.789346e-02 1.357693e-01 1.025758e-01 2.276042e-01 4.104396e-01 3.907240e-01 3.192939e-01 3.469051e-01 4.811182e-01 4.558836e-01 6.331730e-01 1.084156e-02
<GCONST> 8.509061e+01
<TRANSP> 20
 0.000000e+00 1.000000e+00 0.000000e+00 0.000000e+00 0.000000e+00 0.000000e+00 0.000000e+00 0.000000e+00 0.000000e+00 0.000000e+00 0.000000e+00 0.000000e+00 0.000000e+00 0.000000e+00 0.000000e+00 0.000000e+00 0.000000e+00 0.000000e+00 0.000000e+00 0.000000e+00
 0.000000e+00 7.330632e-01 2.669367e-01 0.000000e+00 0.000000e+00 0.000000e+00 0.000000e+00 0.000000e+00 0.000000e+00 0.000000e+00 0.000000e+00 0.000000e+00 0.000000e+00 0.000000e+00 0.000000e+00 0.000000e+00 0.000000e+00 0.000000e+00 0.000000e+00 0.000000e+00
 0.000000e+00 0.000000e+00 8.065799e-01 1.934201e-01 0.000000e+00 0.000000e+00 0.000000e+00 0.000000e+00 0.000000e+00 0.000000e+00 0.000000e+00 0.000000e+00 0.000000e+00 0.000000e+00 0.000000e+00 0.000000e+00 0.000000e+00 0.000000e+00 0.000000e+00 0.000000e+00
 0.000000e+00 0.000000e+00 0.000000e+00 6.672389e-01 3.327611e-01 0.000000e+00 0.000000e+00 0.000000e+00 0.000000e+00 0.000000e+00 0.000000e+00 0.000000e+00 0.000000e+00 0.000000e+00 0.000000e+00 0.000000e+00 0.000000e+00 0.000000e+00 0.000000e+00 0.000000e+00
 0.000000e+00 0.000000e+00 0.000000e+00 0.000000e+00 6.358600e-01 3.641401e-01 0.000000e+00 0.000000e+00 0.000000e+00 0.000000e+00 0.000000e+00 0.000000e+00 0.000000e+00 0.000000e+00 0.000000e+00 0.000000e+00 0.000000e+00 0.000000e+00 0.000000e+00 0.000000e+00
 0.000000e+00 0.000000e+00 0.000000e+00 0.000000e+00 0.000000e+00 6.249368e-01 3.750633e-01 0.000000e+00 0.000000e+00 0.000000e+00 0.000000e+00 0.000000e+00 0.000000e+00 0.000000e+00 0.000000e+00 0.000000e+00 0.000000e+00 0.000000e+00 0.000000e+00 0.000000e+00
 0.000000e+00 0.000000e+00 0.000000e+00 0.000000e+00 0.000000e+00 0.000000e+00 7.481934e-01 2.518066e-01 0.000000e+00 0.000000e+00 0.000000e+00 0.000000e+00 0.000000e+00 0.000000e+00 0.000000e+00 0.000000e+00 0.000000e+00 0.000000e+00 0.000000e+00 0.000000e+00
 0.000000e+00 0.000000e+00 0.000000e+00 0.000000e+00 0.000000e+00 0.000000e+00 0.000000e+00 8.184423e-01 1.815577e-01 0.000000e+00 0.000000e+00 0.000000e+00 0.000000e+00 0.000000e+00 0.000000e+00 0.000000e+00 0.000000e+00 0.000000e+00 0.000000e+00 0.000000e+00
 0.000000e+00 0.000000e+00 0.000000e+00 0.000000e+00 0.000000e+00 0.000000e+00 0.000000e+00 0.000000e+00 6.033683e-01 3.966316e-01 0.000000e+00 0.000000e+00 0.000000e+00 0.000000e+00 0.000000e+00 0.000000e+00 0.000000e+00 0.000000e+00 0.000000e+00 0.000000e+00
 0.000000e+00 0.000000e+00 0.000000e+00 0.000000e+00 0.000000e+00 0.000000e+00 0.000000e+00 0.000000e+00 0.000000e+00 7.028531e-01 2.971469e-01 0.000000e+00 0.000000e+00 0.000000e+00 0.000000e+00 0.000000e+00 0.000000e+00 0.000000e+00 0.000000e+00 0.000000e+00
 0.000000e+00 0.000000e+00 0.000000e+00 0.000000e+00 0.000000e+00 0.000000e+00 0.000000e+00 0.000000e+00 0.000000e+00 0.000000e+00 7.432405e-01 2.567594e-01 0.000000e+00 0.000000e+00 0.000000e+00 0.000000e+00 0.000000e+00 0.000000e+00 0.000000e+00 0.000000e+00
 0.000000e+00 0.000000e+00 0.000000e+00 0.000000e+00 0.000000e+00 0.000000e+00 0.000000e+00 0.000000e+00 0.000000e+00 0.000000e+00 0.000000e+00 7.061800e-01 2.938200e-01 0.000000e+00 0.000000e+00 0.000000e+00 0.000000e+00 0.000000e+00 0.000000e+00 0.000000e+00
 0.000000e+00 0.000000e+00 0.000000e+00 0.000000e+00 0.000000e+00 0.000000e+00 0.000000e+00 0.000000e+00 0.000000e+00 0.000000e+00 0.000000e+00 0.000000e+00 7.207624e-01 2.792376e-01 0.000000e+00 0.000000e+00 0.000000e+00 0.000000e+00 0.000000e+00 0.000000e+00
 0.000000e+00 0.000000e+00 0.000000e+00 0.000000e+00 0.000000e+00 0.000000e+00 0.000000e+00 0.000000e+00 0.000000e+00 0.000000e+00 0.000000e+00 0.000000e+00 0.000000e+00 7.277739e-01 2.722261e-01 0.000000e+00 0.000000e+00 0.000000e+00 0.000000e+00 0.000000e+00
 0.000000e+00 0.000000e+00 0.000000e+00 0.000000e+00 0.000000e+00 0.000000e+00 0.000000e+00 0.000000e+00 0.000000e+00 0.000000e+00 0.000000e+00 0.000000e+00 0.000000e+00 0.000000e+00 8.142145e-01 1.857855e-01 0.000000e+00 0.000000e+00 0.000000e+00 0.000000e+00
 0.000000e+00 0.000000e+00 0.000000e+00 0.000000e+00 0.000000e+00 0.000000e+00 0.000000e+00 0.000000e+00 0.000000e+00 0.000000e+00 0.000000e+00 0.000000e+00 0.000000e+00 0.000000e+00 0.000000e+00 7.423905e-01 2.576095e-01 0.000000e+00 0.000000e+00 0.000000e+00
 0.000000e+00 0.000000e+00 0.000000e+00 0.000000e+00 0.000000e+00 0.000000e+00 0.000000e+00 0.000000e+00 0.000000e+00 0.000000e+00 0.000000e+00 0.000000e+00 0.000000e+00 0.000000e+00 0.000000e+00 0.000000e+00 6.824042e-01 3.175959e-01 0.000000e+00 0.000000e+00
 0.000000e+00 0.000000e+00 0.000000e+00 0.000000e+00 0.000000e+00 0.000000e+00 0.000000e+00 0.000000e+00 0.000000e+00 0.000000e+00 0.000000e+00 0.000000e+00 0.000000e+00 0.000000e+00 0.000000e+00 0.000000e+00 0.000000e+00 6.270527e-01 3.729474e-01 0.000000e+00
 0.000000e+00 0.000000e+00 0.000000e+00 0.000000e+00 0.000000e+00 0.000000e+00 0.000000e+00 0.000000e+00 0.000000e+00 0.000000e+00 0.000000e+00 0.000000e+00 0.000000e+00 0.000000e+00 0.000000e+00 0.000000e+00 0.000000e+00 0.000000e+00 7.811680e-01 2.188320e-01
 0.000000e+00 0.000000e+00 0.000000e+00 0.000000e+00 0.000000e+00 0.000000e+00 0.000000e+00 0.000000e+00 0.000000e+00 0.000000e+00 0.000000e+00 0.000000e+00 0.000000e+00 0.000000e+00 0.000000e+00 0.000000e+00 0.000000e+00 0.000000e+00 0.000000e+00 0.000000e+00
<ENDHMM>
