~o
<STREAMINFO> 1 39
<VECSIZE> 39<NULLD><MFCC_D_A_0><DIAGC>
~h "setengah"
<BEGINHMM>
<NUMSTATES> 20
<STATE> 2
<MEAN> 39
 -1.964528e+01 -6.900403e+00 -4.270673e+00 -3.738501e+00 2.705145e+00 -3.686596e+00 3.948095e+00 -5.045587e+00 2.791521e+00 -7.412838e+00 1.244417e+00 -6.461427e+00 5.673209e+01 -9.311187e-01 1.588085e+00 -9.310119e-01 9.305596e-01 -1.515950e-01 -7.818110e-01 8.294080e-01 -1.030804e+00 1.038456e+00 -6.537322e-01 1.160760e+00 -1.332642e-01 5.745957e-01 -3.418359e-01 5.912152e-01 -3.825034e-01 3.139460e-01 -2.099755e-01 -3.131234e-02 1.501218e-01 -1.863387e-01 1.746846e-01 -5.929733e-02 1.723423e-01 1.337785e-02 2.145597e-01
<VARIANCE> 39
 6.824651e+00 8.201934e+00 5.772936e+00 9.130745e+00 1.686882e+01 1.443811e+01 3.590432e+01 2.190979e+01 2.614043e+01 2.072221e+01 1.782685e+01 1.874934e+01 1.507442e+00 6.735572e-01 2.011886e+00 8.961727e-01 2.062202e+00 1.884561e+00 2.641578e+00 1.964288e+00 4.456013e+00 2.729394e+00 1.803960e+00 2.331099e+00 2.571261e+00 2.383837e-01 7.893281e-02 1.436851e-01 1.355647e-01 2.766826e-01 3.375089e-01 3.443525e-01 2.465046e-01 5.397501e-01 3.910861e-01 3.647050e-01 4.730820e-01 3.480777e-01 1.303461e-02
<GCONST> 9.096726e+01
<STATE> 3
<MEAN> 39
 -2.741418e+01 6.268961e+00 -1.186584e+01 3.249366e+00 9.474643e-01 -7.140240e+00 8.001138e+00 -8.196673e+00 6.789602e+00 -8.990184e+00 5.595941e+00 -5.164217e+00 6.211782e+01 -6.295068e-01 1.406938e+00 -7.778285e-01 2.982297e-01 -9.787414e-02 -9.759576e-01 2.601465e-01 -3.218706e-01 6.874737e-02 1.591839e-01 -3.770933e-02 3.269210e-01 8.411260e-01 9.551383e-01 -5.891517e-01 4.447130e-01 -5.945690e-01 -1.148255e-01 -2.973767e-01 -6.693131e-01 1.153129e-01 -2.996180e-01 2.670624e-01 -4.046135e-01 -1.504403e-01 -1.443014e-02
<VARIANCE> 39
 9.334974e+00 2.410163e+01 1.497633e+01 1.543734e+01 3.458700e+01 2.870736e+01 3.654896e+01 4.357454e+01 3.776121e+01 2.580693e+01 2.220982e+01 2.259896e+01 6.518966e+00 2.803525e+00 2.605902e+00 2.027815e+00 2.416578e+00 1.919601e+00 1.634167e+00 1.641507e+00 2.043970e+00 2.778643e+00 2.626114e+00 1.859578e+00 1.250816e+00 2.621689e-01 4.622039e-01 1.615529e-01 1.835162e-01 3.007334e-01 6.107623e-01 4.666188e-01 5.649702e-01 5.222142e-01 4.811320e-01 4.952876e-01 4.471487e-01 4.177799e-01 6.125007e-02
<GCONST> 1.053376e+02
<STATE> 4
<MEAN> 39
 -1.677915e+01 5.480335e+00 -9.753060e+00 -2.381129e+00 -1.385832e+00 -1.770283e+01 -9.981868e-01 -1.041011e+01 6.146464e+00 -7.445995e+00 1.686625e+00 -7.302656e+00 6.606738e+01 5.359068e+00 -5.243758e-01 -4.360598e-02 -2.158736e+00 -1.040364e+00 -2.764644e+00 -4.869947e+00 -9.953270e-02 7.884550e-02 1.238631e+00 -1.700322e+00 -1.813412e+00 2.253976e+00 1.245953e-01 -2.256623e-01 -2.113089e-01 3.321389e-03 4.802079e-01 5.213689e-01 -1.017552e-01 2.271357e-01 7.242735e-02 2.289704e-01 6.862117e-02 -1.067519e-01 1.981560e-01
<VARIANCE> 39
 7.414062e+01 1.809809e+01 1.793648e+01 2.801412e+01 4.577439e+01 8.832696e+01 1.115020e+02 6.732824e+01 4.506493e+01 4.624743e+01 4.107856e+01 3.812189e+01 2.363708e+01 1.541737e+00 1.925108e+00 1.930095e+00 2.526096e+00 5.340806e+00 6.294318e+00 6.107975e+00 5.830143e+00 1.853391e+00 5.919860e+00 5.592358e+00 3.902030e+00 1.155305e+00 1.628735e+00 1.058439e-01 2.047563e-01 4.843232e-01 6.150115e-01 1.263697e+00 2.288230e+00 4.534838e-01 3.603012e-01 6.767891e-01 5.540044e-01 8.613483e-01 4.191583e-01
<GCONST> 1.285659e+02
<STATE> 5
<MEAN> 39
 -3.637026e+00 1.472777e+00 -1.165194e+01 -7.301150e+00 5.858899e-01 -1.925382e+01 -1.213959e+01 -8.903680e+00 5.116457e+00 -5.613562e-01 -2.990075e+00 -1.124446e+01 7.345660e+01 9.068125e-01 -5.519434e-01 6.150863e-01 -1.635074e-01 9.537703e-01 1.749057e+00 -4.308436e-01 -1.987104e-01 -5.506492e-01 5.249224e-01 1.261684e-01 -1.047711e-01 -3.723476e-01 -1.225138e+00 2.254739e-01 4.268108e-01 5.953678e-01 -2.758373e-02 6.159892e-01 1.053282e+00 -6.298435e-02 -2.162059e-01 -7.568793e-01 3.000770e-01 2.993629e-01 -9.588578e-01
<VARIANCE> 39
 3.776124e+00 2.445642e+01 2.259913e+01 4.425134e+01 1.027685e+02 1.105813e+02 4.998577e+01 1.095424e+02 8.529852e+01 8.566180e+01 9.529116e+01 3.483883e+01 1.643796e+01 1.820861e+00 9.293335e-01 1.053794e+00 1.441453e+00 1.803202e+00 1.628446e+00 2.338712e+00 2.376547e+00 2.452812e+00 3.413586e+00 2.792915e+00 1.517298e+00 1.786450e+00 2.486266e-01 1.915780e-01 1.542885e-01 3.670982e-01 7.162006e-01 8.172951e-01 5.291947e-01 8.655550e-01 4.515023e-01 8.134977e-01 7.734525e-01 5.013923e-01 1.277389e-01
<GCONST> 1.175082e+02
<STATE> 6
<MEAN> 39
 -6.250984e+00 1.048876e+00 -6.814799e+00 -5.854998e+00 6.462200e-01 -1.115228e+01 -8.211715e+00 -9.855848e+00 2.100767e+00 -5.061437e+00 -8.656217e-01 -1.045074e+01 6.592432e+01 -7.745377e-01 -6.188774e-01 9.414399e-01 2.771806e-02 -1.804136e-01 6.941901e-01 5.455166e-01 8.178810e-02 -7.874373e-01 -7.920074e-01 -1.199166e-01 1.851791e-01 -1.263301e+00 -6.946927e-02 -1.350417e-01 -1.397411e-01 -1.056814e-01 -8.729144e-02 -3.475781e-01 2.138851e-02 6.481337e-02 1.189771e-01 2.174335e-01 5.745324e-03 2.701518e-02 2.283632e-01
<VARIANCE> 39
 2.440145e+00 1.130507e+01 1.539204e+01 1.230601e+01 5.374148e+01 7.103353e+01 3.799118e+01 4.521558e+01 4.112558e+01 4.371585e+01 4.387730e+01 1.591428e+01 7.258226e+00 1.657567e-01 4.013570e-01 2.986780e-01 7.308325e-01 1.164399e+00 1.412292e+00 1.286653e+00 1.800330e+00 1.130451e+00 2.416933e+00 1.157878e+00 1.481544e+00 1.964581e-01 7.970309e-02 4.825123e-02 9.939995e-02 1.040330e-01 2.162959e-01 1.792713e-01 2.516640e-01 2.263748e-01 2.039565e-01 3.114775e-01 2.444964e-01 2.770264e-01 6.489677e-02
<GCONST> 8.455145e+01
<STATE> 7
<MEAN> 39
 -9.818308e+00 -3.043950e+00 -4.667393e+00 -6.829848e+00 1.553539e-01 -1.273139e+01 -6.020532e+00 -9.678038e+00 1.470414e+00 -6.265361e+00 -1.485776e+00 -1.039484e+01 6.386477e+01 6.971776e-01 -1.764634e+00 -1.110682e+00 -7.167484e-01 2.784986e-01 -1.017495e-01 5.167226e-01 4.538931e-01 8.503174e-01 6.032326e-01 -8.816290e-01 -1.039771e+00 1.495822e+00 9.036620e-01 -1.500959e-01 -4.263712e-01 -2.089932e-01 1.495275e-01 2.792810e-01 -2.912308e-01 -1.684180e-02 2.420016e-01 2.678984e-01 -4.703007e-01 -4.827584e-01 6.904304e-01
<VARIANCE> 39
 7.427896e+00 9.920732e+00 1.694145e+01 9.951366e+00 2.270897e+01 5.300058e+01 2.702755e+01 4.924184e+01 3.170777e+01 2.724099e+01 4.039875e+01 1.314615e+01 7.564281e+00 3.044442e+00 1.686441e+00 3.168742e+00 2.264704e+00 2.986170e+00 2.746127e+00 3.824553e+00 2.778132e+00 1.907724e+00 4.884188e+00 3.149038e+00 3.508225e+00 1.666646e+00 1.252245e-01 2.069045e-01 4.611366e-01 4.323845e-01 6.185254e-01 3.525174e-01 5.022839e-01 4.757554e-01 5.375261e-01 7.601888e-01 2.806578e-01 5.375475e-01 2.780610e-01
<GCONST> 1.113835e+02
<STATE> 8
<MEAN> 39
 -2.581702e-01 -9.309329e+00 -7.868622e+00 -1.081281e+01 2.692480e+00 -9.393672e+00 -7.308562e+00 -5.626467e+00 3.385108e+00 7.181660e-02 -6.289951e+00 -1.672180e+01 7.289800e+01 1.608484e+00 1.376521e-01 3.035635e-01 5.867504e-02 3.863380e-01 5.094357e-01 -7.830364e-02 4.919311e-02 -4.171255e-01 5.726175e-01 -5.185103e-01 3.422315e-01 7.821851e-01 -4.897855e-01 7.186050e-01 6.032717e-01 2.913866e-01 -2.248706e-01 -1.588738e-01 1.197015e-01 -1.797998e-01 -4.771863e-01 -5.181154e-01 6.891506e-01 8.691097e-01 -7.527915e-01
<VARIANCE> 39
 1.047264e+01 2.780586e+01 6.567575e+01 3.282281e+01 1.204655e+02 7.486440e+01 9.524067e+01 1.706685e+02 3.480995e+01 1.137433e+02 9.093154e+01 3.828597e+01 1.282420e+01 1.684504e+00 2.868221e+00 2.102326e+00 2.462775e+00 4.101593e+00 2.581152e+00 3.464685e+00 4.073926e+00 3.015501e+00 3.931169e+00 3.047159e+00 6.182477e+00 2.825036e+00 1.525467e-01 2.664291e-01 4.245515e-01 4.411144e-01 7.159375e-01 4.955287e-01 7.683215e-01 5.234551e-01 3.473585e-01 6.201389e-01 5.815026e-01 6.286256e-01 1.682851e-01
<GCONST> 1.263452e+02
<STATE> 9
<MEAN> 39
 9.322693e-01 -2.455230e+00 -1.380228e+00 -6.977260e+00 1.471488e+00 -1.077650e+01 -5.495544e+00 -7.128569e+00 -1.763438e+00 -4.334379e+00 -3.416720e+00 -9.590908e+00 6.959579e+01 2.002219e-01 1.132723e+00 7.807659e-01 2.542092e-01 -5.703692e-01 4.124983e-01 1.359197e-01 -7.383992e-01 -9.753215e-01 -9.951726e-01 6.897119e-01 8.435805e-01 -7.399175e-01 -6.500000e-02 -1.576762e-01 -1.681730e-01 -1.740062e-01 -2.499280e-02 8.554157e-02 1.671634e-02 3.781356e-02 1.096833e-01 8.280283e-02 -1.189968e-01 -1.312314e-01 8.249351e-02
<VARIANCE> 39
 7.734347e+00 3.614250e+01 6.328833e+01 1.857822e+01 6.031747e+01 3.406739e+01 5.622258e+01 1.140169e+02 6.106326e+01 8.908276e+01 5.230625e+01 2.297972e+01 4.908821e+00 6.520465e-02 3.491145e-01 8.313828e-01 1.635422e+00 1.630151e+00 1.919371e+00 1.298553e+00 1.258777e+00 1.381849e+00 1.124278e+00 1.541818e+00 2.094059e+00 1.089606e-01 3.363880e-02 4.408218e-02 9.974294e-02 8.117081e-02 1.581708e-01 1.764632e-01 2.120713e-01 1.906590e-01 1.808255e-01 1.534871e-01 2.010350e-01 3.545056e-01 1.430095e-02
<GCONST> 8.702043e+01
<STATE> 10
<MEAN> 39
 2.758062e+00 -1.552517e+00 -4.303317e+00 -1.491624e+01 -2.680931e+00 -1.994084e+00 -4.995575e+00 -1.409471e+01 -2.334780e+00 -7.357878e+00 7.749708e-01 -1.266242e+00 6.780751e+01 -3.182419e-02 2.390684e-01 1.834825e-01 -4.107770e-01 -2.201669e-01 3.712243e-01 3.729987e-01 -2.569016e-01 -2.879556e-01 3.197441e-02 5.190003e-01 6.992497e-01 -1.483165e-01 -5.525179e-02 -2.173948e-01 -2.115317e-01 2.267445e-01 1.326504e-01 -1.232126e-01 3.639318e-02 4.767749e-02 3.214824e-01 1.104511e-01 -2.441982e-01 -3.226177e-01 1.187932e-01
<VARIANCE> 39
 4.595014e+00 2.427416e+01 1.672033e+01 2.881016e+01 1.795339e+01 2.986022e+01 6.573098e+01 6.541565e+01 2.145016e+01 4.773460e+01 2.647341e+01 2.894212e+01 1.371076e+00 4.878310e-02 2.648444e-01 5.407191e-01 1.089276e+00 1.027097e+00 1.211690e+00 4.650438e-01 9.896051e-01 9.607691e-01 1.142591e+00 1.123144e+00 1.714587e+00 4.165438e-02 1.506162e-02 8.343758e-02 6.328817e-02 1.753640e-01 1.500497e-01 1.754476e-01 9.746546e-02 2.087269e-01 2.003472e-01 1.766054e-01 2.532238e-01 2.557348e-01 1.778110e-02
<GCONST> 7.442193e+01
<STATE> 11
<MEAN> 39
 1.149247e+00 -1.207547e+00 -3.701372e+00 -9.006144e+00 2.711746e-01 -6.186392e+00 -3.817944e+00 -1.183754e+01 -8.829166e-01 -7.901738e+00 -3.388224e+00 -6.164753e+00 6.821252e+01 -2.448686e-02 -1.875461e+00 -1.293637e+00 1.767963e-01 9.377251e-01 -1.227067e-01 -4.462085e-01 1.350428e+00 2.050661e+00 -5.483510e-01 -1.586724e+00 -7.370479e-01 8.497525e-01 2.451769e-02 -5.223534e-01 -1.627374e-01 2.456188e-02 7.133437e-02 -4.509087e-02 -3.897096e-01 5.864115e-01 2.577587e-01 -1.660785e-01 -3.321750e-01 -1.350577e-01 2.188780e-01
<VARIANCE> 39
 7.466759e+00 4.467027e+01 3.696348e+01 3.473731e+01 5.067196e+01 2.915500e+01 6.588025e+01 8.821865e+01 5.066838e+01 5.174210e+01 6.686336e+01 6.866471e+01 4.759076e+00 2.265754e-01 1.018409e+00 9.294491e-01 2.186568e+00 3.078446e+00 2.769757e+00 2.167484e+00 3.547730e+00 1.661593e+00 9.396272e-01 2.241780e+00 2.069039e+00 2.744244e-01 2.672408e-02 1.500471e-01 2.188807e-01 2.630225e-01 6.018416e-01 2.444649e-01 3.410112e-01 2.958446e-01 4.688086e-01 1.911362e-01 3.700392e-01 3.831736e-01 4.131941e-02
<GCONST> 1.024503e+02
<STATE> 12
<MEAN> 39
 1.140198e+00 -1.166511e+01 -5.952874e+00 -8.457508e+00 5.171373e+00 -6.609689e+00 -1.156940e+01 -2.091810e+00 7.013570e+00 -1.249160e+01 -6.880126e+00 -1.044758e+01 7.343244e+01 -7.969197e-02 -1.412034e+00 -2.704626e-01 2.273132e-01 4.989057e-02 -8.596081e-02 -3.873292e-01 9.244363e-01 -6.334130e-02 -1.037956e+00 -5.705919e-01 -2.328243e-01 5.814644e-01 -9.783365e-02 4.779060e-01 3.165849e-01 1.805020e-01 -1.189137e-01 2.391654e-02 2.123448e-01 -4.635984e-01 -4.539225e-01 -6.457026e-02 1.792353e-01 2.019548e-01 -2.111361e-01
<VARIANCE> 39
 3.714284e+00 2.458553e+01 9.839724e+01 1.482182e+01 4.019867e+01 4.424645e+01 3.552927e+01 1.182009e+02 4.399041e+01 4.733947e+01 9.984884e+01 4.249010e+01 1.401923e+01 2.070025e-01 2.178760e+00 1.270509e+00 1.242529e+00 1.428982e+00 3.244359e+00 1.773284e+00 2.923274e+00 3.408039e+00 2.074352e+00 1.229420e+00 1.494295e+00 3.017899e-01 5.378298e-02 1.460122e-01 2.814693e-01 1.604443e-01 2.729228e-01 3.903268e-01 2.039048e-01 5.081611e-01 4.107437e-01 2.727380e-01 2.229810e-01 2.846812e-01 2.593930e-02
<GCONST> 1.010945e+02
<STATE> 13
<MEAN> 39
 7.661044e-01 -1.553789e+01 -7.816899e+00 -3.839775e+00 -3.646281e+00 -6.595457e+00 -3.456503e+00 -5.019338e+00 2.873026e+00 -8.904372e+00 -1.129122e+01 -4.572636e+00 7.386041e+01 -3.071475e-01 3.287356e-01 8.523749e-01 1.209144e+00 5.613101e-01 1.095173e-01 -1.497732e-01 -5.908122e-02 -8.898051e-02 -7.621601e-01 -7.127478e-01 3.515074e-01 -2.308100e-01 -8.033580e-02 2.939364e-01 1.727401e-01 3.850649e-02 3.219243e-01 -1.414332e-01 1.389482e-01 -1.285233e-01 -7.368701e-02 -9.784528e-02 1.569359e-01 1.031985e-01 -2.091002e-01
<VARIANCE> 39
 2.546062e+00 1.136075e+01 2.310471e+01 1.662635e+01 6.545587e+01 1.236461e+02 5.543372e+01 3.086569e+01 6.847825e+01 5.785426e+01 3.172193e+01 5.588799e+01 4.731123e+00 1.147074e-01 9.285788e-01 7.534133e-01 9.188452e-01 2.169765e+00 1.307576e+00 1.764789e+00 1.436054e+00 1.760637e+00 1.183007e+00 1.102671e+00 1.456351e+00 3.446856e-01 4.058879e-02 6.717008e-02 7.639740e-02 1.883965e-01 1.950221e-01 2.381780e-01 2.685991e-01 2.126269e-01 3.099915e-01 2.003384e-01 1.505435e-01 2.756970e-01 2.237459e-02
<GCONST> 8.842461e+01
<STATE> 14
<MEAN> 39
 -2.707771e+00 -9.873912e+00 -3.013375e+00 1.171055e+00 8.165343e+00 -8.336296e+00 -7.426373e+00 -6.390249e+00 9.935539e-01 -2.212140e+01 -1.281518e+01 -7.119772e+00 6.999412e+01 -1.113978e+00 4.825541e-01 3.539178e-01 1.149065e+00 9.712476e-01 -6.432222e-01 7.569409e-01 -2.143650e-01 1.460400e-02 -8.819236e-01 8.210583e-01 5.895017e-01 -8.512438e-01 -9.565333e-02 -3.266716e-01 -3.263113e-01 -2.791393e-01 -1.803699e-01 4.989523e-02 4.082295e-02 2.369241e-01 2.270578e-01 2.672041e-01 3.036514e-01 -4.016026e-02 2.694847e-02
<VARIANCE> 39
 5.457088e+00 7.676401e+00 2.826336e+01 1.831344e+01 3.467126e+01 4.960210e+01 3.228753e+01 5.797200e+01 1.027139e+02 1.069637e+02 6.769469e+01 4.231492e+01 8.959156e+00 2.015527e-01 6.745653e-01 1.660398e+00 1.211380e+00 1.310511e+00 1.376963e+00 2.065909e+00 2.702947e+00 3.121421e+00 1.421250e+00 2.473932e+00 1.731068e+00 1.860170e-01 4.070334e-02 6.467211e-02 1.136690e-01 1.165458e-01 2.865768e-01 2.052375e-01 2.360294e-01 3.570831e-01 4.213936e-01 2.746175e-01 2.936396e-01 2.466546e-01 1.714213e-02
<GCONST> 9.396074e+01
<STATE> 15
<MEAN> 39
 -9.132126e+00 -1.280733e+01 -1.986212e+00 4.244780e+00 1.207349e+01 -9.729711e+00 -2.225046e+00 -4.321815e+00 3.895777e+00 -2.485785e+01 -7.378754e+00 -4.393194e+00 6.810319e+01 -8.462715e-01 -3.930339e-01 5.797613e-02 3.231739e-01 -1.387560e-01 2.747843e-01 1.090179e+00 4.453307e-01 5.875971e-02 3.855767e-01 3.773423e-01 3.629968e-01 -5.512626e-01 9.501082e-02 1.312697e-01 8.048763e-02 -1.155379e-01 -1.531286e-01 1.366700e-01 5.824677e-02 4.164643e-02 -1.035813e-01 5.743317e-02 -1.909685e-01 -1.261048e-01 -3.342562e-02
<VARIANCE> 39
 1.200957e+01 1.770414e+01 2.550966e+01 1.137798e+01 2.622788e+01 3.176612e+01 6.891238e+01 4.239825e+01 1.191357e+02 5.429471e+01 6.269140e+01 6.622021e+01 1.354529e+01 2.532330e-01 5.185184e-01 5.818004e-01 1.060236e+00 7.217898e-01 1.441661e+00 2.126969e+00 2.408907e+00 1.468612e+00 2.219404e+00 2.582965e+00 2.962925e+00 1.747101e-01 4.312814e-02 5.150601e-02 1.266931e-01 1.437597e-01 1.196154e-01 1.969423e-01 4.078841e-01 3.772976e-01 2.754114e-01 2.821010e-01 6.271196e-01 4.870405e-01 1.309132e-02
<GCONST> 9.394502e+01
<STATE> 16
<MEAN> 39
 -1.231163e+01 -1.298711e+01 -5.329700e-02 7.676557e+00 9.759256e+00 -7.450904e+00 6.001909e+00 1.602335e+00 5.228231e+00 -2.093090e+01 -6.106498e+00 -3.569125e+00 6.442630e+01 -3.322626e-01 7.780588e-01 7.749975e-04 -9.833807e-02 -1.765509e-02 8.984954e-01 6.537823e-02 2.163539e-01 -5.643334e-01 3.719979e-01 -5.762525e-01 -6.767161e-01 -1.002278e+00 1.786279e-02 7.486369e-02 1.324393e-02 -1.192030e-01 3.897645e-02 5.617419e-02 -1.405608e-01 -5.123965e-02 4.907661e-03 1.376875e-01 -8.532105e-02 -1.900867e-01 1.490112e-02
<VARIANCE> 39
 1.610313e+01 2.433971e+01 1.702134e+01 3.170756e+01 5.220778e+01 4.893072e+01 5.003535e+01 4.209637e+01 7.662619e+01 2.054820e+01 1.846166e+01 2.282228e+01 7.905438e+00 1.222718e-01 2.749217e-01 6.842754e-01 7.258763e-01 8.238741e-01 1.173732e+00 1.350757e+00 9.524492e-01 1.348339e+00 9.426688e-01 1.544926e+00 1.224034e+00 3.719851e-02 2.598042e-02 5.674453e-02 1.101044e-01 8.022498e-02 1.328909e-01 1.966805e-01 2.910101e-01 2.548502e-01 3.134824e-01 1.344133e-01 3.096486e-01 2.193214e-01 7.927638e-03
<GCONST> 8.043316e+01
<STATE> 17
<MEAN> 39
 -1.162369e+01 -7.094999e+00 -3.119269e+00 4.286050e-01 6.460302e+00 -3.324739e+00 6.244254e-02 -2.767603e+00 1.065614e+00 -1.428520e+01 -8.845247e+00 -7.617641e+00 6.038120e+01 -8.517072e-01 3.944394e-01 2.709095e-01 -2.282026e-01 8.198959e-03 7.509930e-01 6.138112e-01 1.562909e-01 -1.916074e-01 6.696556e-01 4.789921e-01 -6.458827e-01 -6.793003e-01 -4.916046e-03 -4.144007e-02 8.044302e-02 1.636958e-01 5.341778e-02 2.647163e-02 1.063556e-01 -7.189349e-02 -1.043457e-03 5.524904e-02 1.297866e-01 9.476359e-02 5.737635e-02
<VARIANCE> 39
 6.605228e+00 4.544965e+00 8.969389e+00 1.425060e+01 1.858403e+01 2.069940e+01 2.622663e+01 2.683114e+01 5.287905e+01 4.924754e+01 1.537349e+01 1.571271e+01 2.584030e+00 8.536716e-02 2.893238e-01 4.361646e-01 1.063391e+00 1.095835e+00 1.049137e+00 1.123917e+00 1.147058e+00 8.044834e-01 9.950712e-01 1.425481e+00 1.305353e+00 4.865641e-02 1.620662e-02 3.866178e-02 6.546064e-02 1.349810e-01 1.454511e-01 1.478882e-01 1.237997e-01 1.028561e-01 1.466671e-01 1.845186e-01 2.677134e-01 2.200217e-01 4.560513e-03
<GCONST> 6.790085e+01
<STATE> 18
<MEAN> 39
 -1.645270e+01 -5.295924e+00 5.889029e-01 3.184653e+00 8.655118e+00 2.064208e+00 6.433206e+00 -1.814766e+00 -8.802744e-01 -1.243242e+01 -5.524560e+00 -9.694650e+00 5.709724e+01 -6.728697e-01 -4.080188e-02 3.315953e-01 1.598065e-02 1.841518e-01 7.976238e-01 9.158150e-01 -2.880080e-01 -7.703215e-01 -1.306092e-01 7.196975e-02 -2.755191e-01 -4.382529e-01 3.289967e-02 -1.510159e-01 -1.466671e-01 -1.066310e-01 -1.571585e-02 -2.512988e-02 -1.868820e-01 -1.491159e-01 -4.799552e-02 -3.578600e-02 -8.231114e-03 1.199460e-01 4.832968e-02
<VARIANCE> 39
 3.645730e+00 3.359191e+00 5.692379e+00 1.838353e+01 3.039451e+01 1.983240e+01 3.288542e+01 3.365528e+01 5.060950e+01 3.910055e+01 1.927707e+01 1.745623e+01 1.571580e+00 1.222007e-01 2.922685e-01 4.360726e-01 5.586752e-01 8.457641e-01 7.574679e-01 9.381978e-01 7.028875e-01 1.181060e+00 2.110335e+00 1.485731e+00 1.385092e+00 6.434941e-02 1.678239e-02 3.456753e-02 6.415905e-02 7.993859e-02 1.428568e-01 1.496825e-01 2.128956e-01 2.056404e-01 2.640316e-01 2.884028e-01 3.783332e-01 3.402424e-01 9.409757e-03
<GCONST> 7.040030e+01
<STATE> 19
<MEAN> 39
 -1.802157e+01 -7.387308e+00 -3.896843e-01 1.840679e+00 9.614841e+00 4.024614e+00 6.710072e+00 -4.666161e+00 -3.377635e+00 -1.180793e+01 -3.353246e+00 -8.899504e+00 5.638678e+01 -1.833095e-01 -4.043758e-03 -3.303767e-01 -9.268363e-01 -5.805015e-01 2.062156e-01 -2.170975e-01 -5.300102e-01 9.057675e-02 1.207863e+00 9.329650e-01 4.413743e-01 -1.618476e-01 3.953521e-02 5.231835e-02 -2.469885e-02 -9.291689e-02 -1.898355e-01 -1.005054e-01 -9.241142e-02 -6.153625e-03 3.100722e-02 1.018896e-02 3.287519e-02 6.823415e-02 2.868780e-02
<VARIANCE> 39
 3.164434e+00 5.172601e+00 9.240035e+00 2.438738e+01 3.064529e+01 2.914208e+01 3.596838e+01 5.067460e+01 5.930326e+01 6.377607e+01 6.099726e+01 4.279629e+01 1.165537e+00 1.139516e-01 5.780587e-01 6.298513e-01 9.513568e-01 1.379973e+00 2.331863e+00 2.759107e+00 2.722488e+00 2.063173e+00 2.327443e+00 2.504588e+00 3.412531e+00 3.751260e-02 2.063082e-02 5.360553e-02 7.628978e-02 1.777179e-01 2.692822e-01 3.036578e-01 6.055046e-01 4.484085e-01 2.759096e-01 4.383219e-01 3.381453e-01 5.923098e-01 1.004988e-02
<GCONST> 8.759980e+01
<TRANSP> 20
 0.000000e+00 1.000000e+00 0.000000e+00 0.000000e+00 0.000000e+00 0.000000e+00 0.000000e+00 0.000000e+00 0.000000e+00 0.000000e+00 0.000000e+00 0.000000e+00 0.000000e+00 0.000000e+00 0.000000e+00 0.000000e+00 0.000000e+00 0.000000e+00 0.000000e+00 0.000000e+00
 0.000000e+00 7.647068e-01 2.352932e-01 0.000000e+00 0.000000e+00 0.000000e+00 0.000000e+00 0.000000e+00 0.000000e+00 0.000000e+00 0.000000e+00 0.000000e+00 0.000000e+00 0.000000e+00 0.000000e+00 0.000000e+00 0.000000e+00 0.000000e+00 0.000000e+00 0.000000e+00
 0.000000e+00 0.000000e+00 8.093581e-01 1.906419e-01 0.000000e+00 0.000000e+00 0.000000e+00 0.000000e+00 0.000000e+00 0.000000e+00 0.000000e+00 0.000000e+00 0.000000e+00 0.000000e+00 0.000000e+00 0.000000e+00 0.000000e+00 0.000000e+00 0.000000e+00 0.000000e+00
 0.000000e+00 0.000000e+00 0.000000e+00 7.145779e-01 2.854222e-01 0.000000e+00 0.000000e+00 0.000000e+00 0.000000e+00 0.000000e+00 0.000000e+00 0.000000e+00 0.000000e+00 0.000000e+00 0.000000e+00 0.000000e+00 0.000000e+00 0.000000e+00 0.000000e+00 0.000000e+00
 0.000000e+00 0.000000e+00 0.000000e+00 0.000000e+00 6.917552e-01 3.082448e-01 0.000000e+00 0.000000e+00 0.000000e+00 0.000000e+00 0.000000e+00 0.000000e+00 0.000000e+00 0.000000e+00 0.000000e+00 0.000000e+00 0.000000e+00 0.000000e+00 0.000000e+00 0.000000e+00
 0.000000e+00 0.000000e+00 0.000000e+00 0.000000e+00 0.000000e+00 8.155252e-01 1.844748e-01 0.000000e+00 0.000000e+00 0.000000e+00 0.000000e+00 0.000000e+00 0.000000e+00 0.000000e+00 0.000000e+00 0.000000e+00 0.000000e+00 0.000000e+00 0.000000e+00 0.000000e+00
 0.000000e+00 0.000000e+00 0.000000e+00 0.000000e+00 0.000000e+00 0.000000e+00 7.211106e-01 2.788894e-01 0.000000e+00 0.000000e+00 0.000000e+00 0.000000e+00 0.000000e+00 0.000000e+00 0.000000e+00 0.000000e+00 0.000000e+00 0.000000e+00 0.000000e+00 0.000000e+00
 0.000000e+00 0.000000e+00 0.000000e+00 0.000000e+00 0.000000e+00 0.000000e+00 0.000000e+00 7.499601e-01 2.500399e-01 0.000000e+00 0.000000e+00 0.000000e+00 0.000000e+00 0.000000e+00 0.000000e+00 0.000000e+00 0.000000e+00 0.000000e+00 0.000000e+00 0.000000e+00
 0.000000e+00 0.000000e+00 0.000000e+00 0.000000e+00 0.000000e+00 0.000000e+00 0.000000e+00 0.000000e+00 7.992154e-01 2.007845e-01 0.000000e+00 0.000000e+00 0.000000e+00 0.000000e+00 0.000000e+00 0.000000e+00 0.000000e+00 0.000000e+00 0.000000e+00 0.000000e+00
 0.000000e+00 0.000000e+00 0.000000e+00 0.000000e+00 0.000000e+00 0.000000e+00 0.000000e+00 0.000000e+00 0.000000e+00 7.706473e-01 2.293527e-01 0.000000e+00 0.000000e+00 0.000000e+00 0.000000e+00 0.000000e+00 0.000000e+00 0.000000e+00 0.000000e+00 0.000000e+00
 0.000000e+00 0.000000e+00 0.000000e+00 0.000000e+00 0.000000e+00 0.000000e+00 0.000000e+00 0.000000e+00 0.000000e+00 0.000000e+00 7.359994e-01 2.640006e-01 0.000000e+00 0.000000e+00 0.000000e+00 0.000000e+00 0.000000e+00 0.000000e+00 0.000000e+00 0.000000e+00
 0.000000e+00 0.000000e+00 0.000000e+00 0.000000e+00 0.000000e+00 0.000000e+00 0.000000e+00 0.000000e+00 0.000000e+00 0.000000e+00 0.000000e+00 7.869198e-01 2.130802e-01 0.000000e+00 0.000000e+00 0.000000e+00 0.000000e+00 0.000000e+00 0.000000e+00 0.000000e+00
 0.000000e+00 0.000000e+00 0.000000e+00 0.000000e+00 0.000000e+00 0.000000e+00 0.000000e+00 0.000000e+00 0.000000e+00 0.000000e+00 0.000000e+00 0.000000e+00 7.699307e-01 2.300693e-01 0.000000e+00 0.000000e+00 0.000000e+00 0.000000e+00 0.000000e+00 0.000000e+00
 0.000000e+00 0.000000e+00 0.000000e+00 0.000000e+00 0.000000e+00 0.000000e+00 0.000000e+00 0.000000e+00 0.000000e+00 0.000000e+00 0.000000e+00 0.000000e+00 0.000000e+00 7.677643e-01 2.322357e-01 0.000000e+00 0.000000e+00 0.000000e+00 0.000000e+00 0.000000e+00
 0.000000e+00 0.000000e+00 0.000000e+00 0.000000e+00 0.000000e+00 0.000000e+00 0.000000e+00 0.000000e+00 0.000000e+00 0.000000e+00 0.000000e+00 0.000000e+00 0.000000e+00 0.000000e+00 7.902834e-01 2.097165e-01 0.000000e+00 0.000000e+00 0.000000e+00 0.000000e+00
 0.000000e+00 0.000000e+00 0.000000e+00 0.000000e+00 0.000000e+00 0.000000e+00 0.000000e+00 0.000000e+00 0.000000e+00 0.000000e+00 0.000000e+00 0.000000e+00 0.000000e+00 0.000000e+00 0.000000e+00 7.391196e-01 2.608804e-01 0.000000e+00 0.000000e+00 0.000000e+00
 0.000000e+00 0.000000e+00 0.000000e+00 0.000000e+00 0.000000e+00 0.000000e+00 0.000000e+00 0.000000e+00 0.000000e+00 0.000000e+00 0.000000e+00 0.000000e+00 0.000000e+00 0.000000e+00 0.000000e+00 0.000000e+00 8.118437e-01 1.881563e-01 0.000000e+00 0.000000e+00
 0.000000e+00 0.000000e+00 0.000000e+00 0.000000e+00 0.000000e+00 0.000000e+00 0.000000e+00 0.000000e+00 0.000000e+00 0.000000e+00 0.000000e+00 0.000000e+00 0.000000e+00 0.000000e+00 0.000000e+00 0.000000e+00 0.000000e+00 7.607772e-01 2.392228e-01 0.000000e+00
 0.000000e+00 0.000000e+00 0.000000e+00 0.000000e+00 0.000000e+00 0.000000e+00 0.000000e+00 0.000000e+00 0.000000e+00 0.000000e+00 0.000000e+00 0.000000e+00 0.000000e+00 0.000000e+00 0.000000e+00 0.000000e+00 0.000000e+00 0.000000e+00 7.400507e-01 2.599493e-01
 0.000000e+00 0.000000e+00 0.000000e+00 0.000000e+00 0.000000e+00 0.000000e+00 0.000000e+00 0.000000e+00 0.000000e+00 0.000000e+00 0.000000e+00 0.000000e+00 0.000000e+00 0.000000e+00 0.000000e+00 0.000000e+00 0.000000e+00 0.000000e+00 0.000000e+00 0.000000e+00
<ENDHMM>
