~o
<STREAMINFO> 1 39
<VECSIZE> 39<NULLD><MFCC_D_A_0><DIAGC>
~h "belas"
<BEGINHMM>
<NUMSTATES> 20
<STATE> 2
<MEAN> 39
 -1.611859e+01 -6.459692e+00 3.585169e-02 -4.041300e+00 3.118685e+00 -4.825943e+00 2.327480e+00 -5.790998e+00 1.103337e+00 -6.850494e+00 3.059265e-01 -5.114016e+00 5.665520e+01 7.160254e-01 1.094390e+00 8.881420e-01 7.185907e-01 2.017338e-02 -2.183777e-01 -4.997661e-01 -7.676046e-01 -1.085755e+00 -9.681357e-01 -4.576972e-01 -4.777357e-01 3.592701e-01 4.623476e-01 4.896303e-01 3.979267e-01 2.403607e-01 -5.306126e-02 -2.199520e-01 -4.670464e-01 -4.678506e-01 -3.650115e-01 -2.053877e-01 -1.485334e-01 -2.167451e-01 2.001896e-01
<VARIANCE> 39
 2.227367e+00 8.306342e+00 7.921205e+00 1.556602e+01 1.541323e+01 2.027070e+01 1.686458e+01 2.394026e+01 1.861604e+01 1.633818e+01 1.297867e+01 1.631455e+01 6.126406e-01 1.304959e+00 1.982486e+00 1.747650e+00 1.851706e+00 1.226187e+00 1.927267e+00 2.610827e+00 3.519624e+00 3.435532e+00 2.631748e+00 2.288023e+00 2.421900e+00 2.338615e-01 1.788457e-01 2.355755e-01 2.030132e-01 3.145764e-01 2.745237e-01 3.313863e-01 3.242843e-01 3.290683e-01 4.380549e-01 3.842314e-01 3.569986e-01 3.695180e-01 3.598382e-02
<GCONST> 9.171680e+01
<STATE> 3
<MEAN> 39
 -6.958992e+00 5.183243e+00 9.044149e+00 2.022533e+00 2.401003e+00 -8.879402e+00 -5.650769e+00 -1.469314e+01 -7.861942e+00 -1.345543e+01 -5.123386e+00 -1.079687e+01 6.091230e+01 2.288953e+00 1.681917e+00 5.441320e-01 -2.399439e-01 -7.722059e-01 -1.136295e+00 -2.167440e+00 -1.484828e+00 -9.619434e-03 1.328598e+00 4.428826e-01 -6.227129e-01 1.342665e+00 -5.678838e-02 -9.470527e-01 -1.061525e+00 -9.994518e-01 -3.978346e-01 5.703095e-02 -2.174005e-01 1.474371e-01 9.738424e-01 1.252142e+00 6.353539e-01 3.132053e-01 2.046647e-01
<VARIANCE> 39
 8.425175e+00 1.335935e+01 9.606879e+00 1.426822e+01 2.643635e+01 3.231905e+01 3.702180e+01 3.766796e+01 3.222424e+01 2.623283e+01 5.492873e+01 3.912942e+01 2.376651e+00 1.303969e+00 4.025321e+00 4.913157e+00 5.279444e+00 3.104306e+00 3.127305e+00 3.223635e+00 3.417622e+00 3.495916e+00 6.793731e+00 5.430597e+00 2.718758e+00 4.805311e-01 1.346768e-01 3.349716e-01 4.007122e-01 5.816143e-01 9.189600e-01 4.760819e-01 5.685120e-01 1.005040e+00 6.085127e-01 6.236352e-01 5.960119e-01 5.336373e-01 7.587443e-02
<GCONST> 1.146688e+02
<STATE> 4
<MEAN> 39
 8.161387e-01 3.053916e+00 2.055924e+00 -7.081726e+00 -4.187834e+00 -1.264085e+01 -1.618105e+01 -1.897466e+01 5.388339e-01 2.430060e+00 3.183753e+00 -1.001829e+01 6.777010e+01 1.774850e+00 -2.332910e+00 -2.736199e+00 -2.530075e+00 -1.346905e+00 1.585475e-01 -2.541715e+00 -7.156665e-01 2.939166e+00 2.872782e+00 5.764508e-01 -7.846247e-02 2.139003e+00 -5.532684e-01 -4.328460e-01 1.537388e-01 4.669170e-01 5.409263e-01 6.254492e-01 6.460086e-01 7.388558e-01 -8.992039e-02 -1.183430e+00 -8.564271e-01 1.220374e-01 -2.718218e-01
<VARIANCE> 39
 6.037544e+00 2.189900e+01 4.052927e+01 2.495514e+01 7.077844e+01 6.812608e+01 5.976334e+01 8.127393e+01 3.047711e+01 6.421671e+01 7.647527e+01 3.651606e+01 7.720556e+00 7.277282e-01 1.778642e+00 3.536469e+00 4.014786e+00 1.443001e+01 7.021370e+00 3.319055e+00 9.165911e+00 5.003881e+00 1.167852e+01 4.184999e+00 4.415475e+00 3.677266e-01 1.267359e-01 4.892265e-01 7.606035e-01 6.383926e-01 8.455058e-01 2.962850e-01 3.368931e-01 9.446504e-01 7.723109e-01 6.140000e-01 5.059579e-01 3.511825e-01 1.152734e-01
<GCONST> 1.242700e+02
<STATE> 5
<MEAN> 39
 2.659021e+00 -3.967988e+00 -3.283919e+00 -9.566905e+00 -3.760190e+00 -8.781526e+00 -1.834000e+01 -1.746851e+01 5.803064e+00 1.559839e+00 -1.181310e+00 -8.563645e+00 7.137565e+01 9.606424e-02 -9.821877e-01 -3.322569e-01 -4.176908e-01 3.353896e-01 7.677745e-01 -4.099952e-01 6.711228e-01 1.010140e+00 -3.437619e-01 -1.191657e+00 7.588261e-01 4.467992e-01 -2.491558e-01 6.712078e-01 6.157699e-01 2.424069e-01 2.462005e-01 -1.255768e-01 3.173106e-01 -7.330471e-02 -6.484813e-01 -1.830515e-01 6.287029e-02 -8.443532e-02 -3.843045e-01
<VARIANCE> 39
 2.787655e+00 1.925275e+01 5.182393e+01 2.333196e+01 1.274346e+02 1.123748e+02 7.288942e+01 1.266784e+02 4.961782e+01 1.287977e+02 1.315078e+02 3.077366e+01 3.997711e+00 9.172689e-02 1.103878e+00 1.954278e+00 8.791001e-01 1.262678e+00 1.129929e+00 1.508599e+00 2.244643e+00 2.618238e+00 2.229569e+00 2.552161e+00 1.582503e+00 1.982609e-01 5.015824e-02 1.287490e-01 3.708893e-01 2.226686e-01 7.648336e-01 2.700476e-01 3.567653e-01 4.661979e-01 7.224042e-01 1.195675e+00 5.817074e-01 4.348158e-01 5.432276e-02
<GCONST> 1.059387e+02
<STATE> 6
<MEAN> 39
 2.589404e+00 -2.986512e+00 -3.696512e+00 -1.022099e+01 -4.711814e-03 -1.147155e+01 -1.948477e+01 -1.435393e+01 4.708798e+00 1.485246e+00 -4.744813e+00 -7.952594e+00 7.120351e+01 -7.556534e-03 1.575809e-02 -1.747298e-01 -5.502877e-01 4.499995e-01 2.913829e-01 4.112099e-01 1.806493e-01 -1.601721e-01 5.033726e-01 -1.571718e-01 -4.206295e-01 8.562004e-02 2.532105e-03 -9.758926e-02 -1.639816e-01 -9.854146e-02 -5.762731e-02 7.263852e-03 2.406970e-01 2.417429e-01 2.160884e-02 -1.057106e-01 -1.222769e-01 -1.995631e-01 4.914504e-02
<VARIANCE> 39
 1.488352e+00 1.797667e+01 3.319196e+01 2.299704e+01 8.072656e+01 1.534121e+02 3.357105e+01 1.403532e+02 4.285520e+01 7.452095e+01 1.481342e+02 3.172446e+01 6.024203e+00 6.223284e-02 3.199296e-01 5.818832e-01 5.328375e-01 4.897179e-01 4.164847e-01 1.131650e+00 1.101350e+00 1.524601e+00 1.466822e+00 1.371531e+00 7.338703e-01 4.804355e-02 8.068126e-03 6.161941e-02 8.824531e-02 1.139333e-01 7.713874e-02 1.152201e-01 1.439604e-01 2.480960e-01 2.346404e-01 3.455971e-01 3.574598e-01 1.632869e-01 1.172168e-02
<GCONST> 7.906096e+01
<STATE> 7
<MEAN> 39
 2.611446e+00 -5.271534e+00 -3.227110e+00 -1.608457e+01 4.951563e-01 -4.309211e+00 -1.597322e+01 -1.115491e+01 6.289522e+00 4.962881e+00 -2.402204e+00 -1.382292e+01 7.347069e+01 -1.992985e-01 -1.808453e+00 -5.494781e-01 -6.854511e-01 2.018277e-02 7.278824e-01 1.607273e+00 2.970896e+00 -3.466172e-02 -1.447018e+00 -2.322869e+00 -8.702288e-01 8.445178e-01 -1.243404e-01 -3.793097e-01 1.747034e-01 3.501390e-01 -1.609778e-01 1.074211e-01 2.111146e-01 2.579378e-01 -2.912951e-01 -6.014478e-01 -2.366192e-01 4.215136e-01 1.050149e-01
<VARIANCE> 39
 6.516076e-01 1.757773e+01 5.605872e+01 2.095679e+01 1.596862e+02 1.442695e+02 7.494760e+01 2.057085e+02 5.633248e+01 5.940248e+01 1.872065e+02 3.317731e+01 7.627066e+00 2.145144e-01 1.514601e+00 1.026059e+00 1.599918e+00 1.117180e+00 1.217791e+00 1.954988e+00 2.251214e+00 2.121407e+00 2.863721e+00 1.694951e+00 1.794121e+00 2.850055e-01 1.764832e-02 1.675057e-01 1.560443e-01 2.279668e-01 2.288694e-01 1.494437e-01 2.808894e-01 5.987645e-01 4.113108e-01 1.917793e-01 4.238378e-01 2.471080e-01 2.781516e-02
<GCONST> 9.987975e+01
<STATE> 8
<MEAN> 39
 2.642440e-01 -1.551361e+01 -2.128182e+00 -1.424212e+01 -3.216177e+00 1.190614e+00 -8.572827e+00 -3.220108e+00 3.817450e+00 -3.336238e+00 -1.147099e+01 -9.301274e+00 7.781767e+01 -2.252121e-01 -5.998158e-01 -1.551248e-01 6.020710e-01 -2.331713e-01 -1.696886e-01 8.049676e-01 6.591049e-01 -5.587751e-01 -1.778371e+00 -7.625043e-01 1.026400e+00 1.616692e-01 3.335923e-02 4.975307e-01 -1.208233e-02 5.632098e-02 4.928042e-02 -3.219153e-01 -2.214120e-01 -4.172890e-01 6.309222e-02 1.762108e-01 4.011160e-01 4.934360e-02 -2.281202e-01
<VARIANCE> 39
 2.418196e+00 1.006700e+01 5.068687e+01 1.242590e+01 1.816433e+02 1.753001e+02 3.690155e+01 2.136169e+02 1.043030e+02 2.977204e+01 9.236591e+01 7.178548e+01 1.133741e+01 1.427226e-01 1.864007e+00 7.998376e-01 9.684148e-01 1.748406e+00 1.219589e+00 1.207666e+00 2.353678e+00 1.472270e+00 2.288537e+00 1.498170e+00 8.832518e-01 3.345299e-01 4.269262e-02 1.100350e-01 1.580694e-01 1.732113e-01 1.929766e-01 1.460758e-01 1.598985e-01 4.526835e-01 1.810855e-01 3.667397e-01 1.608183e-01 2.192595e-01 2.140024e-02
<GCONST> 9.549197e+01
<STATE> 9
<MEAN> 39
 5.870588e-01 -1.070153e+01 -8.565889e+00 -1.062270e+01 -6.570785e-01 -1.288590e+01 -6.542253e+00 4.863342e-01 -5.335988e-01 -1.330335e+01 -1.527562e+01 -5.055481e+00 7.402384e+01 -2.481721e-01 6.446068e-01 6.116492e-01 7.562533e-01 -9.023952e-02 -6.647812e-01 4.722858e-01 -1.234771e-01 -4.225430e-01 -4.489107e-01 2.285433e-01 3.756118e-01 -4.669271e-01 -1.437673e-01 1.867573e-01 1.734893e-01 2.647210e-01 1.585766e-01 5.183320e-02 -1.407064e-02 -2.640520e-01 1.522805e-02 2.318770e-01 5.350113e-02 -1.255955e-02 -1.318463e-01
<VARIANCE> 39
 2.172712e+00 1.809028e+01 2.455676e+01 2.217242e+01 4.535864e+01 1.937417e+02 1.774140e+01 9.614818e+01 6.381679e+01 2.414892e+01 3.244559e+01 6.558727e+01 8.384363e+00 2.518276e-01 8.294218e-01 9.697492e-01 8.560929e-01 1.904403e+00 1.385746e+00 1.006284e+00 1.940360e+00 9.070466e-01 8.801978e-01 5.581346e-01 1.215563e+00 2.583199e-01 6.516141e-02 1.364765e-01 1.089315e-01 1.920481e-01 2.647360e-01 2.415247e-01 2.347419e-01 1.749815e-01 1.998819e-01 1.858459e-01 1.070947e-01 2.003564e-01 9.449808e-03
<GCONST> 8.689361e+01
<STATE> 10
<MEAN> 39
 -2.219314e+00 -7.581553e+00 -1.827668e+00 -5.657374e+00 -1.433371e+00 -8.866755e+00 -4.230000e+00 -5.768878e+00 2.123682e-01 -1.124105e+01 -1.428868e+01 -4.849167e+00 7.055951e+01 -1.732278e+00 1.775151e+00 -1.477605e-02 1.621114e+00 7.101565e-01 -1.797653e-01 1.141371e+00 -1.241899e+00 2.187012e-01 -2.163839e-01 7.806283e-01 -2.445134e-01 -9.417325e-01 -6.985798e-01 6.088908e-01 -8.508403e-01 -7.636965e-02 -9.544627e-02 -9.041492e-02 5.407631e-01 -2.382877e-01 4.002461e-01 -1.224580e-01 2.919940e-01 -5.321760e-01 2.571926e-01
<VARIANCE> 39
 4.426379e+00 8.976624e+00 1.377646e+01 2.777934e+01 2.258057e+01 1.212648e+02 1.514404e+01 5.162636e+01 9.659618e+01 3.017930e+01 5.817689e+01 3.286772e+01 1.333216e+01 7.897913e-01 2.169088e+00 1.828821e+00 1.443377e+00 1.183588e+00 2.431446e+00 2.438379e+00 2.174820e+00 4.148892e+00 1.455116e+00 2.237993e+00 3.342357e+00 2.164081e-01 1.296692e-01 2.365562e-01 1.616074e-01 2.446120e-01 3.253704e-01 3.598662e-01 3.316096e-01 1.878167e-01 7.552103e-01 2.753295e-01 4.708554e-01 3.826318e-01 5.433764e-02
<GCONST> 1.026882e+02
<STATE> 11
<MEAN> 39
 -9.908753e+00 -1.493720e-01 -5.229848e+00 -2.545855e+00 7.599869e-01 -1.088808e+01 1.329231e+00 -9.639462e+00 2.963951e+00 -1.352297e+01 -9.550900e+00 -1.027929e+01 6.995483e+01 -3.955245e+00 4.139326e+00 -2.710680e+00 1.910491e+00 5.297738e-01 -1.091039e+00 2.712045e+00 -1.642867e+00 1.139818e+00 -8.940100e-01 1.319357e+00 -5.753182e-01 3.405146e-01 -2.660400e-01 2.208557e-01 -3.772529e-01 -4.707060e-02 -4.889455e-02 -9.933238e-02 -5.650806e-02 4.560843e-01 -2.050122e-01 2.530993e-01 -1.083553e-02 5.016896e-01 2.730913e-01
<VARIANCE> 39
 1.729357e+01 1.138763e+01 1.190051e+01 2.423466e+01 3.237963e+01 6.761858e+01 2.007417e+01 3.695911e+01 3.615841e+01 2.626440e+01 4.457629e+01 4.031618e+01 1.283171e+01 3.643090e-01 2.194085e+00 1.227198e+00 1.831947e+00 5.610137e+00 2.201524e+00 2.286461e+00 3.150369e+00 6.367848e+00 1.280109e+00 4.007343e+00 1.859815e+00 2.557257e-01 1.840044e-01 2.314174e-01 1.876174e-01 2.663227e-01 2.726878e-01 9.616685e-02 2.283885e-01 2.911766e-01 6.796738e-01 3.084331e-01 2.816728e-01 1.985589e-01 2.965585e-02
<GCONST> 1.011761e+02
<STATE> 12
<MEAN> 39
 -1.950031e+01 1.006518e+01 -1.284189e+01 2.125332e+00 8.550697e-01 -1.301653e+01 6.969163e+00 -9.860776e+00 3.218315e+00 -1.373554e+01 -6.032995e+00 -6.635600e+00 7.183945e+01 -2.666211e+00 2.515260e+00 -1.398564e+00 7.103169e-01 7.233832e-01 -4.640780e-01 1.055449e+00 1.344414e-01 -6.248711e-01 5.715343e-01 8.547611e-01 1.858058e-01 6.979465e-02 6.072772e-01 -7.386014e-01 7.507942e-01 -3.607541e-01 9.088544e-02 3.037388e-01 -5.482128e-01 3.286086e-01 -3.879613e-01 2.893532e-01 -1.743840e-01 9.740815e-03 -1.509838e-01
<VARIANCE> 39
 1.168975e+01 1.740265e+01 1.646840e+01 2.802477e+01 6.304697e+01 4.842760e+01 3.977661e+01 1.515497e+01 2.469127e+01 5.072326e+01 4.809194e+01 4.429283e+01 7.855356e+00 8.696239e-01 1.642884e+00 2.010890e+00 1.192408e+00 1.803026e+00 1.927551e+00 1.804040e+00 1.400540e+00 3.061016e+00 1.614547e+00 1.362914e+00 1.417200e+00 1.843761e-01 7.278184e-02 1.693911e-01 1.282511e-01 2.358937e-01 5.811975e-01 2.785786e-01 3.682192e-01 2.862828e-01 5.602878e-01 2.516657e-01 3.332059e-01 1.908358e-01 2.089869e-02
<GCONST> 9.783295e+01
<STATE> 13
<MEAN> 39
 -2.504909e+01 1.446092e+01 -1.133098e+01 3.022508e+00 4.397368e+00 -1.415679e+01 7.420296e+00 -7.771243e+00 -3.672969e-01 -1.219883e+01 -1.730682e+00 -8.609130e+00 7.024107e+01 -6.649160e-01 2.423051e-01 1.238239e-01 -4.922527e-02 1.616013e-01 4.873736e-01 1.116408e-01 3.135995e-01 -2.092469e-01 2.986540e-01 5.912011e-01 -4.918146e-02 -4.590256e-01 1.863742e-01 -3.004578e-01 2.145384e-02 -5.542731e-02 -8.640631e-02 1.210932e-01 3.558429e-02 -5.121574e-02 1.453093e-01 -7.561530e-02 -1.462721e-02 3.695515e-02 -5.901624e-02
<VARIANCE> 39
 5.609830e+00 2.070876e+01 1.591726e+01 2.925854e+01 6.633907e+01 5.115349e+01 2.685214e+01 2.904809e+01 2.703253e+01 4.157596e+01 5.288980e+01 3.255765e+01 7.150609e+00 2.475107e-01 5.020896e-01 4.828215e-01 9.513292e-01 1.072925e+00 1.416054e+00 2.067319e+00 1.448547e+00 2.198176e+00 8.826951e-01 9.752796e-01 1.564624e+00 1.001289e-01 6.132799e-02 5.661656e-02 9.399743e-02 1.297642e-01 2.509722e-01 2.007059e-01 3.729521e-01 2.826405e-01 3.244433e-01 1.238179e-01 1.687546e-01 3.211921e-01 1.487926e-02
<GCONST> 8.559859e+01
<STATE> 14
<MEAN> 39
 -2.912425e+01 1.698665e+01 -1.633893e+01 4.893640e+00 4.347698e+00 -9.333460e+00 8.773833e+00 -6.312321e+00 -2.511100e+00 -3.331386e+00 -3.602179e+00 -3.315117e+00 6.723547e+01 -1.456092e-01 -4.596131e-01 1.453963e-01 1.684023e-01 -2.716633e-02 9.016182e-02 1.028904e-01 2.091656e-02 -2.572141e-01 -7.465966e-02 2.820382e-01 4.060376e-01 -4.927076e-01 7.775605e-02 -1.074338e-01 3.185757e-02 -5.426124e-03 3.461780e-02 2.087718e-02 3.182945e-05 -8.854263e-02 -6.549913e-02 -1.466231e-01 -2.878539e-02 3.828844e-03 -2.588089e-02
<VARIANCE> 39
 5.097734e+00 1.113957e+01 1.425844e+01 2.319021e+01 2.760556e+01 1.302785e+01 1.812861e+01 1.496853e+01 2.379323e+01 2.780391e+01 2.900635e+01 3.868578e+01 7.789085e+00 2.609817e-01 4.368825e-01 3.691113e-01 6.002789e-01 9.802276e-01 9.172326e-01 1.147062e+00 1.179711e+00 1.559628e+00 1.292198e+00 1.179276e+00 8.518924e-01 1.682605e-01 5.237187e-02 5.337698e-02 4.101161e-02 7.080636e-02 2.381674e-01 1.660115e-01 2.262020e-01 2.466407e-01 3.606068e-01 2.351620e-01 1.862634e-01 1.116504e-01 2.348581e-02
<GCONST> 7.608740e+01
<STATE> 15
<MEAN> 39
 -2.627910e+01 7.026704e+00 -1.027550e+01 1.456602e+00 4.356646e+00 -6.875558e+00 8.443070e+00 -7.985190e+00 -2.093497e+00 -1.334741e+01 -1.617095e-01 -6.016454e+00 6.309910e+01 3.884036e-01 -1.217880e+00 4.319352e-01 -5.864320e-03 3.264557e-01 1.122813e+00 -7.002980e-03 -3.910753e-01 -7.995281e-02 -5.281917e-01 -6.599994e-01 -1.354913e-01 -8.898788e-01 8.972207e-02 2.629073e-02 1.000113e-01 7.254241e-02 7.338932e-02 7.269461e-02 -9.986350e-02 -9.297311e-04 1.199671e-01 1.592951e-01 -1.179550e-01 -1.859292e-01 1.500000e-02
<VARIANCE> 39
 6.601688e+00 1.585336e+01 2.331971e+01 3.815773e+01 7.589432e+01 2.261114e+01 1.682333e+01 2.233601e+01 5.171786e+01 2.628829e+01 3.416632e+01 3.869039e+01 8.208976e+00 1.360489e-01 4.558834e-01 7.184711e-01 7.393580e-01 1.409612e+00 8.455903e-01 1.357801e+00 1.414329e+00 1.497519e+00 1.552527e+00 1.590119e+00 8.721520e-01 9.192004e-02 3.056180e-02 7.605401e-02 1.008500e-01 1.213209e-01 1.419970e-01 1.694544e-01 2.804252e-01 1.580418e-01 3.236715e-01 2.855682e-01 2.630970e-01 1.739608e-01 1.659590e-02
<GCONST> 8.232654e+01
<STATE> 16
<MEAN> 39
 -2.421024e+01 4.947006e+00 -7.794105e+00 4.588550e+00 7.998331e+00 -3.007103e+00 1.056380e+01 -1.017558e+01 1.411407e+00 -1.198012e+01 -2.097340e+00 -8.559764e+00 6.054578e+01 6.947762e-01 -1.196632e+00 6.752455e-01 -3.247114e-01 3.656022e-02 7.828635e-01 -1.007687e-01 2.008265e-01 6.107429e-01 7.986724e-01 -2.177461e-01 -1.003339e+00 -5.061731e-01 -1.305915e-02 -1.525034e-01 -1.394971e-01 -1.806871e-01 -2.785906e-01 -1.603528e-01 -3.858195e-02 1.844481e-01 8.919252e-03 -4.753882e-02 -1.009386e-01 -7.581738e-02 1.175271e-02
<VARIANCE> 39
 6.148013e+00 2.426461e+01 1.132982e+01 1.273136e+01 3.125804e+01 5.118473e+01 2.724720e+01 3.084207e+01 5.611740e+01 3.227802e+01 1.714384e+01 2.372995e+01 5.703537e+00 1.072304e-01 6.374897e-01 7.337921e-01 1.515845e+00 1.355625e+00 1.521346e+00 1.454652e+00 3.008414e+00 2.757904e+00 1.717098e+00 9.837300e-01 1.510415e+00 6.207075e-02 1.678094e-02 7.702797e-02 1.273294e-01 1.705298e-01 9.837683e-02 1.662457e-01 2.500165e-01 3.955906e-01 5.611165e-01 3.182515e-01 1.699154e-01 3.254954e-01 1.076429e-02
<GCONST> 8.375491e+01
<STATE> 17
<MEAN> 39
 -2.245703e+01 -2.274577e+00 -6.672188e+00 1.451969e+00 4.391107e+00 -3.628942e-01 8.182615e+00 -7.487411e+00 2.028682e+00 -1.110350e+01 -5.796511e+00 -1.090535e+01 5.789646e+01 4.691316e-01 -1.061814e+00 7.043099e-01 -2.535483e-01 -2.568159e-01 3.027774e-01 -6.617735e-01 -1.580379e-01 -5.677098e-01 -6.025877e-01 -2.319516e-01 2.366349e-01 -5.259277e-01 2.708771e-02 2.121928e-01 1.265845e-01 5.819349e-02 1.210905e-01 -3.067070e-02 -7.695580e-02 -8.837093e-02 -2.935897e-01 -1.395515e-01 3.690192e-01 5.156644e-01 5.559794e-02
<VARIANCE> 39
 6.397785e+00 1.263752e+01 1.026088e+01 1.131567e+01 1.914018e+01 3.247271e+01 2.379602e+01 3.215137e+01 5.458818e+01 2.481759e+01 3.518271e+01 2.752539e+01 2.008652e+00 1.013492e-01 5.096965e-01 8.210051e-01 6.105551e-01 1.034653e+00 2.318864e+00 2.210776e+00 2.442700e+00 2.023112e+00 1.996981e+00 2.099495e+00 2.025671e+00 5.804843e-02 2.574918e-02 7.486073e-02 1.051567e-01 1.031440e-01 2.035435e-01 2.924493e-01 3.800267e-01 4.927087e-01 3.058505e-01 3.658589e-01 2.963208e-01 2.901819e-01 7.237647e-03
<GCONST> 8.274197e+01
<STATE> 18
<MEAN> 39
 -1.995478e+01 -6.370058e+00 -2.058322e+00 1.127926e+00 6.756980e+00 3.102419e+00 4.949576e+00 -8.313452e+00 -4.268643e+00 -1.371907e+01 -3.470114e+00 -5.199564e+00 5.591633e+01 6.566545e-01 -6.940596e-01 7.092216e-01 -4.819529e-01 4.806476e-01 5.320091e-01 8.657593e-02 2.561956e-01 -5.728020e-01 -2.118122e-01 -2.549893e-02 3.118300e-01 -2.467284e-01 -3.175585e-02 -4.279497e-02 -1.233806e-01 -2.088489e-01 -9.954718e-02 -9.364054e-02 7.964999e-02 3.077651e-01 2.379663e-01 1.588183e-01 -1.657683e-01 -3.013682e-01 2.710511e-02
<VARIANCE> 39
 6.360886e+00 1.879366e+01 1.027933e+01 2.699440e+01 2.833412e+01 2.291225e+01 1.833810e+01 3.273198e+01 6.358894e+01 3.715732e+01 4.018549e+01 1.693568e+01 1.456468e+00 2.425116e-01 7.888699e-01 1.183418e+00 1.140280e+00 1.296168e+00 9.185865e-01 1.660243e+00 2.728597e+00 2.054668e+00 2.674261e+00 2.350941e+00 1.374593e+00 4.802337e-02 2.791732e-02 1.090084e-01 2.352174e-01 2.129922e-01 2.422608e-01 2.305473e-01 3.271316e-01 7.366620e-01 5.254908e-01 4.383464e-01 4.107943e-01 1.987961e-01 1.089234e-02
<GCONST> 8.820838e+01
<STATE> 19
<MEAN> 39
 -1.851988e+01 -8.204836e+00 -1.368152e+00 -2.908338e+00 6.486435e+00 2.923781e+00 6.271936e+00 -6.071623e+00 -4.194290e+00 -1.335964e+01 -5.084838e+00 -8.488793e+00 5.535997e+01 1.278091e-01 -1.283645e+00 1.860136e-01 -9.437882e-01 -4.633891e-01 -1.651661e-01 -6.414859e-01 1.287105e+00 2.923217e-01 5.488258e-01 3.200868e-01 -3.523763e-01 -3.157959e-01 -9.235254e-02 -2.267128e-02 1.023466e-01 2.076382e-01 1.660182e-02 -6.322571e-02 -3.167630e-02 -5.245777e-02 -6.072436e-02 7.566824e-02 2.664526e-02 5.343213e-02 -1.244249e-02
<VARIANCE> 39
 5.648929e+00 1.957353e+01 1.361466e+01 1.848571e+01 1.095831e+01 2.131745e+01 3.366525e+01 3.105442e+01 4.647775e+01 4.048555e+01 2.189733e+01 1.878195e+01 2.438150e+00 2.533103e-01 4.160191e-01 5.264996e-01 1.180220e+00 1.045443e+00 1.264745e+00 1.499798e+00 2.691136e+00 2.420541e+00 2.359391e+00 2.737982e+00 1.290331e+00 8.949298e-02 3.010556e-02 6.816331e-02 6.121110e-02 1.277816e-01 2.712323e-01 2.351842e-01 3.114783e-01 2.723256e-01 2.621922e-01 3.711960e-01 3.892505e-01 1.904622e-01 1.097982e-02
<GCONST> 8.260445e+01
<TRANSP> 20
 0.000000e+00 1.000000e+00 0.000000e+00 0.000000e+00 0.000000e+00 0.000000e+00 0.000000e+00 0.000000e+00 0.000000e+00 0.000000e+00 0.000000e+00 0.000000e+00 0.000000e+00 0.000000e+00 0.000000e+00 0.000000e+00 0.000000e+00 0.000000e+00 0.000000e+00 0.000000e+00
 0.000000e+00 8.064486e-01 1.935514e-01 0.000000e+00 0.000000e+00 0.000000e+00 0.000000e+00 0.000000e+00 0.000000e+00 0.000000e+00 0.000000e+00 0.000000e+00 0.000000e+00 0.000000e+00 0.000000e+00 0.000000e+00 0.000000e+00 0.000000e+00 0.000000e+00 0.000000e+00
 0.000000e+00 0.000000e+00 7.645597e-01 2.354403e-01 0.000000e+00 0.000000e+00 0.000000e+00 0.000000e+00 0.000000e+00 0.000000e+00 0.000000e+00 0.000000e+00 0.000000e+00 0.000000e+00 0.000000e+00 0.000000e+00 0.000000e+00 0.000000e+00 0.000000e+00 0.000000e+00
 0.000000e+00 0.000000e+00 0.000000e+00 6.473644e-01 3.526356e-01 0.000000e+00 0.000000e+00 0.000000e+00 0.000000e+00 0.000000e+00 0.000000e+00 0.000000e+00 0.000000e+00 0.000000e+00 0.000000e+00 0.000000e+00 0.000000e+00 0.000000e+00 0.000000e+00 0.000000e+00
 0.000000e+00 0.000000e+00 0.000000e+00 0.000000e+00 6.618430e-01 3.381570e-01 0.000000e+00 0.000000e+00 0.000000e+00 0.000000e+00 0.000000e+00 0.000000e+00 0.000000e+00 0.000000e+00 0.000000e+00 0.000000e+00 0.000000e+00 0.000000e+00 0.000000e+00 0.000000e+00
 0.000000e+00 0.000000e+00 0.000000e+00 0.000000e+00 0.000000e+00 8.202878e-01 1.797122e-01 0.000000e+00 0.000000e+00 0.000000e+00 0.000000e+00 0.000000e+00 0.000000e+00 0.000000e+00 0.000000e+00 0.000000e+00 0.000000e+00 0.000000e+00 0.000000e+00 0.000000e+00
 0.000000e+00 0.000000e+00 0.000000e+00 0.000000e+00 0.000000e+00 0.000000e+00 7.053932e-01 2.946068e-01 0.000000e+00 0.000000e+00 0.000000e+00 0.000000e+00 0.000000e+00 0.000000e+00 0.000000e+00 0.000000e+00 0.000000e+00 0.000000e+00 0.000000e+00 0.000000e+00
 0.000000e+00 0.000000e+00 0.000000e+00 0.000000e+00 0.000000e+00 0.000000e+00 0.000000e+00 7.952608e-01 2.047392e-01 0.000000e+00 0.000000e+00 0.000000e+00 0.000000e+00 0.000000e+00 0.000000e+00 0.000000e+00 0.000000e+00 0.000000e+00 0.000000e+00 0.000000e+00
 0.000000e+00 0.000000e+00 0.000000e+00 0.000000e+00 0.000000e+00 0.000000e+00 0.000000e+00 0.000000e+00 8.077807e-01 1.922193e-01 0.000000e+00 0.000000e+00 0.000000e+00 0.000000e+00 0.000000e+00 0.000000e+00 0.000000e+00 0.000000e+00 0.000000e+00 0.000000e+00
 0.000000e+00 0.000000e+00 0.000000e+00 0.000000e+00 0.000000e+00 0.000000e+00 0.000000e+00 0.000000e+00 0.000000e+00 6.662965e-01 3.337035e-01 0.000000e+00 0.000000e+00 0.000000e+00 0.000000e+00 0.000000e+00 0.000000e+00 0.000000e+00 0.000000e+00 0.000000e+00
 0.000000e+00 0.000000e+00 0.000000e+00 0.000000e+00 0.000000e+00 0.000000e+00 0.000000e+00 0.000000e+00 0.000000e+00 0.000000e+00 5.194972e-01 4.805029e-01 0.000000e+00 0.000000e+00 0.000000e+00 0.000000e+00 0.000000e+00 0.000000e+00 0.000000e+00 0.000000e+00
 0.000000e+00 0.000000e+00 0.000000e+00 0.000000e+00 0.000000e+00 0.000000e+00 0.000000e+00 0.000000e+00 0.000000e+00 0.000000e+00 0.000000e+00 7.043837e-01 2.956163e-01 0.000000e+00 0.000000e+00 0.000000e+00 0.000000e+00 0.000000e+00 0.000000e+00 0.000000e+00
 0.000000e+00 0.000000e+00 0.000000e+00 0.000000e+00 0.000000e+00 0.000000e+00 0.000000e+00 0.000000e+00 0.000000e+00 0.000000e+00 0.000000e+00 0.000000e+00 8.309035e-01 1.690965e-01 0.000000e+00 0.000000e+00 0.000000e+00 0.000000e+00 0.000000e+00 0.000000e+00
 0.000000e+00 0.000000e+00 0.000000e+00 0.000000e+00 0.000000e+00 0.000000e+00 0.000000e+00 0.000000e+00 0.000000e+00 0.000000e+00 0.000000e+00 0.000000e+00 0.000000e+00 8.433287e-01 1.566713e-01 0.000000e+00 0.000000e+00 0.000000e+00 0.000000e+00 0.000000e+00
 0.000000e+00 0.000000e+00 0.000000e+00 0.000000e+00 0.000000e+00 0.000000e+00 0.000000e+00 0.000000e+00 0.000000e+00 0.000000e+00 0.000000e+00 0.000000e+00 0.000000e+00 0.000000e+00 8.166749e-01 1.833251e-01 0.000000e+00 0.000000e+00 0.000000e+00 0.000000e+00
 0.000000e+00 0.000000e+00 0.000000e+00 0.000000e+00 0.000000e+00 0.000000e+00 0.000000e+00 0.000000e+00 0.000000e+00 0.000000e+00 0.000000e+00 0.000000e+00 0.000000e+00 0.000000e+00 0.000000e+00 7.216256e-01 2.783744e-01 0.000000e+00 0.000000e+00 0.000000e+00
 0.000000e+00 0.000000e+00 0.000000e+00 0.000000e+00 0.000000e+00 0.000000e+00 0.000000e+00 0.000000e+00 0.000000e+00 0.000000e+00 0.000000e+00 0.000000e+00 0.000000e+00 0.000000e+00 0.000000e+00 0.000000e+00 7.147807e-01 2.852193e-01 0.000000e+00 0.000000e+00
 0.000000e+00 0.000000e+00 0.000000e+00 0.000000e+00 0.000000e+00 0.000000e+00 0.000000e+00 0.000000e+00 0.000000e+00 0.000000e+00 0.000000e+00 0.000000e+00 0.000000e+00 0.000000e+00 0.000000e+00 0.000000e+00 0.000000e+00 7.857710e-01 2.142290e-01 0.000000e+00
 0.000000e+00 0.000000e+00 0.000000e+00 0.000000e+00 0.000000e+00 0.000000e+00 0.000000e+00 0.000000e+00 0.000000e+00 0.000000e+00 0.000000e+00 0.000000e+00 0.000000e+00 0.000000e+00 0.000000e+00 0.000000e+00 0.000000e+00 0.000000e+00 6.776500e-01 3.223501e-01
 0.000000e+00 0.000000e+00 0.000000e+00 0.000000e+00 0.000000e+00 0.000000e+00 0.000000e+00 0.000000e+00 0.000000e+00 0.000000e+00 0.000000e+00 0.000000e+00 0.000000e+00 0.000000e+00 0.000000e+00 0.000000e+00 0.000000e+00 0.000000e+00 0.000000e+00 0.000000e+00
<ENDHMM>
