~o
<STREAMINFO> 1 39
<VECSIZE> 39<NULLD><MFCC_D_A_0><DIAGC>
~h "enam"
<BEGINHMM>
<NUMSTATES> 20
<STATE> 2
<MEAN> 39
 -1.702512e+01 -5.895190e+00 -1.492803e+00 -3.312138e+00 9.267379e-01 -3.540262e+00 1.047793e+00 -5.723255e+00 5.706817e-02 -7.054616e+00 -9.684696e-01 -6.838748e+00 5.680899e+01 9.625831e-02 -1.662908e-02 2.746175e-02 7.761983e-02 2.096853e-01 1.128573e-01 -1.549811e-02 9.233397e-02 9.561914e-02 -1.023521e-01 -2.539968e-01 2.943732e-02 6.108248e-02 2.019961e-01 -6.649895e-02 -6.324557e-02 -3.590211e-02 -6.637933e-02 -1.931047e-01 -1.736106e-01 7.692057e-02 7.365839e-02 -2.222481e-02 -5.974574e-03 1.844285e-01 1.495296e-01
<VARIANCE> 39
 1.245154e+00 3.156318e+00 6.414460e+00 6.989195e+00 8.929529e+00 9.091254e+00 1.455037e+01 1.322578e+01 1.234632e+01 1.184260e+01 1.149090e+01 1.072227e+01 3.082955e-01 1.900369e-01 5.529646e-01 1.223775e+00 9.362447e-01 1.165294e+00 1.095032e+00 1.451569e+00 1.603584e+00 1.175307e+00 1.452233e+00 1.339459e+00 1.553109e+00 5.978714e-02 1.075278e-01 2.050748e-01 2.761556e-01 2.603435e-01 3.464037e-01 3.335260e-01 3.427534e-01 3.518758e-01 3.977426e-01 3.666627e-01 3.281034e-01 2.787476e-01 6.453595e-02
<GCONST> 7.477140e+01
<STATE> 3
<MEAN> 39
 -1.383500e+01 -7.668140e+00 -3.672741e+00 -4.845658e+00 -6.851225e-01 -7.278351e+00 -2.702756e+00 -4.077054e+00 2.556418e+00 -7.871228e+00 -3.014063e+00 -5.485602e+00 5.933825e+01 2.463507e+00 1.429503e-01 3.757703e-01 2.871876e-01 -6.016589e-01 -1.515108e+00 -1.908108e+00 -1.861999e-01 2.878726e-01 -1.194185e+00 -1.220386e+00 8.013647e-01 1.948482e+00 6.459827e-01 3.507978e-01 3.522273e-01 1.572863e-01 -1.364647e-01 -2.152912e-01 -3.412365e-01 -3.481107e-01 -2.002464e-01 -3.211564e-01 -2.335537e-01 -7.038306e-02 4.725295e-01
<VARIANCE> 39
 1.023744e+01 3.016101e+01 3.396041e+01 3.659953e+01 5.133854e+01 4.676338e+01 3.775828e+01 3.306214e+01 4.518377e+01 3.593640e+01 4.296772e+01 2.815554e+01 6.197713e+00 1.599366e+00 5.164037e+00 3.742244e+00 3.027025e+00 5.605533e+00 5.557616e+00 6.038073e+00 5.439507e+00 5.666011e+00 9.013542e+00 6.010036e+00 2.973917e+00 1.353870e+00 1.629352e-01 4.171556e-01 2.321165e-01 5.176920e-01 8.262398e-01 7.753343e-01 8.218229e-01 8.871986e-01 1.112639e+00 1.052730e+00 7.663577e-01 6.412011e-01 1.873037e-01
<GCONST> 1.265555e+02
<STATE> 4
<MEAN> 39
 -1.200445e+00 -7.039382e+00 4.561305e-01 -3.361588e+00 -2.172897e+00 -1.207593e+01 -1.085766e+01 -5.870395e+00 2.152778e+00 -1.266798e+01 -8.863038e+00 -3.659609e+00 7.036755e+01 2.202158e+00 1.216283e+00 1.011972e+00 2.462235e-01 -6.584254e-01 -9.016396e-01 -8.941663e-01 -1.061900e+00 -2.612408e-01 -2.273857e-01 9.908272e-02 3.189129e-01 1.316930e+00 -6.875952e-01 2.656884e-01 1.285808e-02 -6.182377e-02 1.092566e-01 4.296523e-01 6.551155e-01 -5.071413e-02 -2.159599e-01 4.341567e-01 5.729000e-01 -9.469294e-02 -7.030172e-01
<VARIANCE> 39
 1.053907e+01 6.513791e+01 6.907183e+01 2.979570e+01 8.226060e+01 8.419179e+01 8.967700e+01 9.007217e+01 3.911205e+01 1.567110e+02 6.189974e+01 3.371309e+01 2.451276e+01 2.141759e+00 4.149878e+00 2.182528e+00 3.907597e+00 4.411342e+00 3.972877e+00 4.055323e+00 5.327627e+00 3.731642e+00 5.438811e+00 5.020885e+00 3.646423e+00 2.778459e+00 1.503613e-01 8.701090e-01 4.078954e-01 5.873767e-01 6.266238e-01 6.572608e-01 7.062125e-01 6.381112e-01 5.024678e-01 1.177951e+00 4.800822e-01 4.515784e-01 1.936613e-01
<GCONST> 1.316042e+02
<STATE> 5
<MEAN> 39
 5.074924e-01 4.189632e+00 8.521919e+00 6.455283e-01 -2.913084e+00 -1.182134e+01 -5.244362e+00 -1.005771e+01 -3.979347e+00 -5.515388e+00 2.582546e+00 -5.912670e-01 6.755618e+01 2.480563e-01 8.141850e-01 4.500716e-01 3.907886e-01 -3.488002e-01 -5.143993e-01 -1.079707e-01 -2.610471e-01 -5.097553e-01 -1.893266e-01 6.306001e-01 1.137576e-01 -1.644710e-01 -1.866403e-01 -1.929202e-01 -1.339266e-01 -1.227800e-01 4.954246e-03 4.292431e-02 2.843670e-02 1.557113e-01 1.266513e-01 -4.442307e-02 -8.917179e-02 -6.711177e-02 -5.014263e-02
<VARIANCE> 39
 3.393441e+00 3.259804e+01 2.546700e+01 1.160106e+01 4.012724e+01 4.058910e+01 3.038391e+01 5.280752e+01 4.410715e+01 6.481913e+01 8.037062e+01 2.504188e+01 9.711612e+00 2.464402e-01 9.793985e-01 7.780318e-01 1.031000e+00 1.270386e+00 8.619835e-01 1.209949e+00 1.838061e+00 1.755873e+00 1.906467e+00 1.387124e+00 2.059971e+00 3.571636e-01 6.504292e-02 1.293923e-01 1.371787e-01 1.382771e-01 1.660255e-01 1.830163e-01 1.821936e-01 2.528574e-01 1.651824e-01 2.712739e-01 2.933264e-01 2.304600e-01 2.646732e-02
<GCONST> 9.041808e+01
<STATE> 6
<MEAN> 39
 2.160759e+00 2.297530e+00 2.367945e+00 -3.985245e+00 -6.133736e+00 -1.309923e+01 -1.035175e+01 -9.785207e+00 1.018128e+00 -1.785323e+01 -8.548782e+00 -3.306696e+00 6.855415e+01 3.466837e-02 5.259823e-01 4.096879e-02 -4.069104e-01 -2.432795e-01 3.017235e-01 2.408126e-01 -2.642398e-01 3.650889e-02 4.512455e-01 8.912904e-02 -3.828094e-01 -1.088296e-01 -1.483150e-02 -3.130708e-01 -2.705649e-01 9.565921e-02 2.495333e-01 -4.085600e-02 -2.423925e-01 7.976492e-02 1.993954e-01 2.151407e-01 -5.910345e-02 -1.294569e-01 7.600300e-02
<VARIANCE> 39
 3.160031e+00 1.865315e+01 1.858580e+01 1.793083e+01 2.204276e+01 6.505153e+01 5.703556e+01 7.909656e+01 3.158519e+01 5.478588e+01 9.238335e+01 8.731912e+01 4.184946e+00 8.690107e-02 5.864426e-01 5.853658e-01 9.706389e-01 8.586456e-01 1.190005e+00 1.718869e+00 1.568973e+00 1.950418e+00 1.891964e+00 1.004652e+00 1.786945e+00 5.324009e-02 2.477408e-02 7.709044e-02 1.971023e-01 2.358380e-01 1.634792e-01 2.027306e-01 2.654375e-01 3.729880e-01 4.102597e-01 2.485041e-01 2.049704e-01 2.004140e-01 1.828962e-02
<GCONST> 8.703204e+01
<STATE> 7
<MEAN> 39
 1.743436e+00 3.510066e+00 3.233315e+00 -2.015354e+00 -3.940243e+00 -1.405164e+01 -1.057144e+01 -1.055549e+01 -3.934953e-01 -8.520543e+00 -1.357746e+00 -5.962662e+00 6.799356e+01 3.030535e-01 -2.465785e+00 -2.428958e+00 -9.057323e-01 2.107688e+00 3.681656e-01 -1.049058e+00 1.753343e+00 1.269927e+00 1.233279e+00 -4.761123e-02 -1.090291e+00 1.048935e+00 7.152531e-02 -9.921075e-01 -6.886445e-01 -3.350779e-01 5.642961e-01 3.991479e-01 2.590025e-01 8.012255e-01 9.536033e-03 -4.051689e-01 -4.131657e-01 7.682920e-03 4.145616e-01
<VARIANCE> 39
 3.829423e+00 1.941652e+01 3.792042e+01 2.966508e+01 2.235733e+01 4.045275e+01 4.809141e+01 4.830795e+01 5.372554e+01 7.207174e+01 1.508498e+02 7.575067e+01 5.165457e+00 2.787893e-01 2.497858e+00 2.810903e+00 3.107432e+00 2.611607e+00 3.212682e+00 1.801648e+00 5.688738e+00 4.693039e+00 4.008405e+00 4.160621e+00 5.317683e+00 6.082669e-01 4.863773e-02 1.605327e-01 3.030474e-01 4.061149e-01 3.950775e-01 2.939547e-01 4.444378e-01 6.461763e-01 1.055366e+00 7.788058e-01 7.210860e-01 7.388334e-01 5.029314e-02
<GCONST> 1.144466e+02
<STATE> 8
<MEAN> 39
 2.704861e+00 -1.040903e+01 -7.881431e+00 -5.914421e+00 4.939951e+00 -9.574739e+00 -1.123515e+01 -6.064870e-01 3.868035e+00 -9.898404e+00 -5.826798e+00 -8.351954e+00 7.366534e+01 3.950356e-02 -2.967156e+00 -2.145513e+00 -4.468893e-01 1.723184e+00 1.360018e+00 1.201307e+00 2.020383e+00 -2.317574e-01 -1.034149e+00 -1.176827e+00 -4.671421e-01 1.209118e+00 -1.086298e-01 8.109686e-01 7.481719e-01 2.159154e-01 -6.263078e-01 -9.554497e-02 3.134287e-01 -7.314316e-01 -3.925877e-01 -1.719424e-01 1.670831e-01 2.342885e-01 -3.248630e-01
<VARIANCE> 39
 4.244460e+00 2.540267e+01 5.596420e+01 2.179386e+01 7.234690e+01 4.749977e+01 5.853585e+01 1.363625e+02 8.694025e+01 1.365615e+02 1.222374e+02 3.977903e+01 9.841419e+00 2.774935e-01 2.768315e+00 3.199804e+00 3.215733e+00 4.028277e+00 3.426850e+00 3.122048e+00 4.632136e+00 5.147140e+00 2.850258e+00 6.171319e+00 4.646878e+00 3.948675e-01 5.642227e-02 3.011911e-01 3.990562e-01 3.683032e-01 2.844504e-01 5.591640e-01 7.141271e-01 8.065746e-01 8.728335e-01 7.372409e-01 7.050295e-01 8.125233e-01 4.548390e-02
<GCONST> 1.207548e+02
<STATE> 9
<MEAN> 39
 2.665328e+00 -1.176826e+01 -6.055524e+00 -8.654311e+00 1.177444e+01 -6.263361e+00 -1.131549e+01 2.250644e-01 -2.982203e+00 -9.889945e+00 -2.762476e+00 -1.267350e+01 7.560506e+01 1.827691e-02 9.822234e-01 3.592736e-01 -1.584769e-02 -5.079130e-01 3.446322e-01 -1.146732e-01 -1.824526e+00 -5.853954e-01 -1.804176e-01 3.003595e-01 1.225664e-01 -4.223707e-01 1.210823e-02 4.109583e-01 2.211887e-01 1.176434e-01 -3.382724e-01 -1.838827e-01 -1.524600e-01 -1.555989e-01 -7.128875e-02 4.104593e-02 1.453133e-01 5.631695e-02 -1.985906e-01
<VARIANCE> 39
 2.279857e+00 1.891963e+01 1.015259e+02 2.177993e+01 4.622239e+01 2.984787e+01 5.413014e+01 1.542234e+02 5.133617e+01 1.176710e+02 1.672973e+02 1.954528e+01 8.528432e+00 1.092901e-01 1.814211e+00 1.331059e+00 1.316729e+00 1.637980e+00 1.556768e+00 1.705951e+00 1.803672e+00 2.574207e+00 2.144229e+00 1.784083e+00 1.212245e+00 3.901181e-01 2.094368e-02 1.955354e-01 2.540231e-01 2.031716e-01 3.181358e-01 2.309651e-01 4.953074e-01 5.454829e-01 3.453364e-01 3.401130e-01 4.969738e-01 2.071061e-01 2.920995e-02
<GCONST> 1.005557e+02
<STATE> 10
<MEAN> 39
 2.592954e+00 -1.003841e+01 -9.608907e+00 -5.368944e+00 -8.093795e-01 -4.340007e+00 -5.728453e+00 -1.040909e+01 4.713463e+00 -1.085541e+01 -3.125532e+00 -5.612975e+00 7.328687e+01 4.223886e-02 7.493086e-01 2.701453e-01 -2.009520e-01 -5.233690e-02 2.705655e-01 -1.259271e-02 -9.781988e-01 -5.380836e-01 8.961906e-02 5.905678e-01 1.695420e-01 -3.201672e-01 -1.437239e-02 1.294472e-01 1.367726e-01 3.164950e-02 6.633886e-02 -6.499150e-03 1.246583e-02 -6.170848e-02 -8.285893e-02 -1.326416e-02 -4.339778e-02 2.459608e-02 -4.242329e-02
<VARIANCE> 39
 1.359130e+00 2.781789e+01 2.707682e+01 3.154450e+01 2.407609e+01 5.095332e+01 2.901964e+01 9.181183e+01 5.200562e+01 3.963905e+01 5.454655e+01 3.144235e+01 9.582994e+00 1.115547e-01 7.985356e-01 1.126409e+00 8.254450e-01 1.057175e+00 6.585250e-01 1.427768e+00 2.251407e+00 2.487313e+00 1.108110e+00 1.164211e+00 1.646043e+00 2.046709e-01 2.258953e-02 7.107227e-02 1.262650e-01 1.565101e-01 7.088692e-02 1.402027e-01 1.589338e-01 2.907458e-01 2.622716e-01 2.311552e-01 3.186411e-01 2.026378e-01 1.612581e-02
<GCONST> 8.507580e+01
<STATE> 11
<MEAN> 39
 1.094507e+00 6.726633e-01 -6.559414e+00 -9.831160e+00 2.031995e+00 -6.720397e+00 -1.057294e+01 -1.705498e+01 -1.113123e+01 -1.861039e+01 -1.031495e+01 -1.444520e+01 6.760473e+01 -4.035840e-01 7.458895e-01 9.479221e-01 3.238341e-01 -4.814648e-01 1.348616e-01 8.276001e-02 -5.463302e-01 -7.657231e-01 -4.251701e-03 1.735417e-01 1.816930e-01 -5.347814e-01 -2.979180e-02 -1.726737e-01 -3.562596e-02 1.006915e-01 1.763231e-01 6.754134e-02 3.376971e-02 6.275146e-02 2.090122e-01 3.483556e-02 -8.865939e-02 2.875285e-03 5.365808e-02
<VARIANCE> 39
 4.840442e+00 4.455328e+00 1.198307e+01 1.077687e+01 1.213148e+01 2.374219e+01 2.942902e+01 2.811736e+01 3.090491e+01 4.420625e+01 7.727164e+01 5.021434e+01 4.297413e+00 1.376082e-01 6.448247e-01 8.703592e-01 1.252831e+00 1.647910e+00 1.330987e+00 1.901660e+00 2.371698e+00 1.307418e+00 1.697871e+00 1.356836e+00 1.340819e+00 4.756999e-02 1.190630e-02 8.445519e-02 1.930064e-01 1.414338e-01 2.376579e-01 2.516796e-01 4.484061e-01 4.757970e-01 2.335564e-01 3.498091e-01 2.070694e-01 2.427694e-01 8.173337e-03
<GCONST> 8.207212e+01
<STATE> 12
<MEAN> 39
 1.194298e+00 2.607737e+00 8.951755e-01 -3.692712e+00 2.838291e+00 -2.473767e+00 -6.017734e+00 -1.685885e+01 -6.694834e+00 -9.894211e+00 6.296874e-01 -3.857485e+00 6.743354e+01 -6.232857e-01 6.537616e-01 6.644971e-01 6.600155e-01 2.900005e-01 1.442543e-01 5.959649e-01 1.136492e-01 -1.241690e-01 -1.231631e-01 -4.072519e-01 -9.139342e-02 -6.792423e-01 -1.381946e-01 -1.489251e-01 -1.016117e-01 -2.768626e-02 2.071837e-02 2.207413e-02 3.165897e-02 1.866318e-01 1.861731e-01 7.827871e-02 3.997868e-02 -6.662625e-02 -3.718401e-02
<VARIANCE> 39
 3.956416e+00 1.400531e+01 1.432111e+01 1.081151e+01 1.056653e+01 2.849268e+01 5.199867e+01 2.857113e+01 4.712700e+01 1.818509e+01 4.242283e+01 1.934007e+01 4.253848e+00 2.059748e-01 4.053208e-01 4.425088e-01 6.101752e-01 7.556419e-01 7.750324e-01 1.752511e+00 1.819865e+00 2.246500e+00 1.321063e+00 1.313811e+00 1.430714e+00 7.943028e-02 1.277070e-02 6.554645e-02 7.551022e-02 9.954188e-02 8.427393e-02 1.346978e-01 3.152822e-01 1.997864e-01 3.329900e-01 2.326097e-01 2.082558e-01 2.298383e-01 8.875372e-03
<GCONST> 7.513351e+01
<STATE> 13
<MEAN> 39
 -4.384912e+00 5.642875e+00 4.696900e+00 1.256996e+00 5.279793e+00 -8.420820e-01 -1.845780e+00 -1.547174e+01 -6.828918e+00 -1.093345e+01 -1.730389e+00 -4.648539e+00 6.254095e+01 -7.641938e-01 9.098112e-02 5.932998e-01 6.731749e-01 5.909194e-01 5.523912e-01 3.068927e-01 2.607007e-03 1.536168e-01 -3.724715e-01 -3.595464e-01 -3.081746e-01 -5.265914e-01 6.177522e-03 -1.068450e-01 -7.706369e-02 -2.119422e-01 -4.782688e-02 -1.509512e-01 -1.311091e-01 3.513845e-02 -3.137907e-02 5.381807e-02 6.307355e-02 -1.511272e-01 3.255635e-02
<VARIANCE> 39
 1.769784e+00 8.076701e+00 1.234787e+01 2.696443e+01 1.936660e+01 2.364707e+01 3.710709e+01 2.606770e+01 3.190100e+01 3.283871e+01 5.604056e+01 4.608710e+01 1.340153e+00 2.035144e-01 4.649513e-01 9.005116e-01 9.814256e-01 6.017335e-01 8.610312e-01 1.800301e+00 1.250117e+00 1.771842e+00 1.011344e+00 1.269696e+00 2.266997e+00 6.000447e-02 2.501032e-02 1.011869e-01 1.875599e-01 2.209186e-01 1.407946e-01 1.263103e-01 2.762576e-01 2.663673e-01 3.931540e-01 2.662698e-01 3.232608e-01 4.003895e-01 7.509701e-03
<GCONST> 7.975481e+01
<STATE> 14
<MEAN> 39
 -7.613298e+00 3.047632e+00 2.764812e+00 -2.752694e+00 1.865952e+00 -4.711307e+00 -5.438135e+00 -1.646996e+01 -9.282796e+00 -1.339096e+01 -5.902569e+00 -1.215518e+01 6.099510e+01 -9.819623e-01 -4.503179e-01 -8.249591e-02 -1.103335e-01 -3.924184e-01 -1.472301e-01 8.123519e-01 1.053903e+00 5.751588e-01 8.257010e-01 4.221779e-01 -2.084924e-02 -5.546483e-01 5.895271e-02 -3.917326e-02 -9.156378e-02 2.144027e-02 -2.496546e-02 5.915068e-02 9.974313e-03 5.686174e-03 5.199555e-03 -1.146756e-02 -7.965103e-02 1.291203e-01 4.705586e-02
<VARIANCE> 39
 4.038511e+00 9.011457e+00 1.210748e+01 1.521876e+01 1.753798e+01 2.669110e+01 2.688022e+01 3.544860e+01 5.978503e+01 3.796836e+01 3.905889e+01 3.059409e+01 1.557428e+00 1.331320e-01 4.282374e-01 5.988321e-01 7.878622e-01 7.931572e-01 1.240976e+00 1.470892e+00 1.596467e+00 1.250455e+00 9.398441e-01 1.544819e+00 9.304883e-01 8.192503e-02 2.316004e-02 7.729401e-02 1.174669e-01 9.780996e-02 1.573476e-01 2.211664e-01 2.771090e-01 3.715755e-01 2.113771e-01 2.362205e-01 2.340803e-01 1.792488e-01 5.902839e-03
<GCONST> 7.627324e+01
<STATE> 15
<MEAN> 39
 -1.093719e+01 1.734318e+00 5.314465e+00 2.911825e+00 7.509803e+00 1.427619e+00 2.399652e+00 -8.833346e+00 -3.864892e+00 -9.507079e+00 -1.338263e+00 -6.756709e+00 5.923146e+01 -5.406666e-01 -4.748710e-01 -1.559449e-01 6.435210e-02 -6.792037e-02 -1.537815e-01 2.776116e-01 7.085170e-01 3.245130e-01 9.677098e-03 -3.155183e-01 -2.639651e-01 -2.527343e-01 7.874799e-02 4.059816e-02 -1.544874e-02 -5.633697e-02 -1.048142e-01 -5.783625e-02 -2.662867e-02 -3.994123e-02 -2.593783e-02 2.492520e-03 3.299538e-02 5.086204e-03 3.720889e-02
<VARIANCE> 39
 3.292991e+00 6.995071e+00 1.119319e+01 1.836572e+01 2.951115e+01 2.701770e+01 1.594868e+01 3.154433e+01 3.709061e+01 2.587266e+01 2.048724e+01 1.249843e+01 8.996559e-01 1.938905e-01 3.950542e-01 6.159204e-01 6.883457e-01 1.028794e+00 9.459010e-01 6.703465e-01 1.489802e+00 1.379879e+00 1.312886e+00 1.528841e+00 9.627304e-01 6.976437e-02 2.456913e-02 7.151848e-02 1.257900e-01 1.752199e-01 2.142215e-01 1.990807e-01 1.575029e-01 2.395257e-01 2.346954e-01 2.496049e-01 2.532321e-01 1.318842e-01 8.907767e-03
<GCONST> 7.266194e+01
<STATE> 16
<MEAN> 39
 -1.297907e+01 -6.440427e-01 2.264935e+00 -5.874370e-01 3.311306e+00 -2.248716e+00 1.893556e+00 -9.494658e+00 -5.171481e+00 -1.144965e+01 -3.927419e+00 -8.229317e+00 5.873947e+01 -3.174507e-01 -2.239305e-01 -5.580938e-01 -9.056744e-01 -7.310184e-01 1.321587e-01 2.473475e-01 -1.223939e-01 -3.011438e-01 -3.612231e-01 4.927987e-01 8.770142e-01 -1.326479e-01 2.474775e-02 2.781044e-02 -4.893864e-02 -2.012704e-01 -1.433773e-01 6.910643e-02 1.083516e-01 -4.761239e-03 -5.024456e-03 5.002032e-02 1.926493e-01 2.394982e-02 2.221300e-03
<VARIANCE> 39
 3.776649e+00 5.478893e+00 1.368638e+01 1.617586e+01 1.907169e+01 3.059667e+01 3.036869e+01 6.352769e+01 5.540827e+01 4.023642e+01 3.150664e+01 3.386006e+01 1.530320e+00 1.988098e-01 2.729490e-01 3.493748e-01 6.345857e-01 1.599518e+00 1.917215e+00 1.711763e+00 3.968289e+00 2.239032e+00 1.814799e+00 1.068497e+00 2.259452e+00 2.116760e-01 3.742887e-02 8.583742e-02 6.146380e-02 9.133649e-02 1.627077e-01 3.511150e-01 1.811621e-01 7.745575e-01 4.337304e-01 3.815103e-01 3.260461e-01 7.731743e-01 3.987635e-02
<GCONST> 8.634686e+01
<STATE> 17
<MEAN> 39
 -1.368272e+01 -1.379062e+00 6.984251e-01 -4.942031e+00 -8.994604e-01 -3.167902e+00 1.401020e+00 -9.379995e+00 -4.759027e+00 -1.071988e+01 -1.189318e+00 -7.433324e+00 5.795261e+01 -2.314423e-01 -3.834274e-01 -1.747723e-01 -2.227189e-01 -6.497424e-03 3.980421e-02 4.388569e-01 4.229192e-01 4.481968e-01 9.070999e-01 7.440212e-01 1.374727e-02 -1.067812e-01 -2.963094e-02 -8.995019e-02 5.699250e-02 3.150708e-01 3.692220e-01 8.715341e-02 -8.555496e-02 -6.892299e-02 -3.063203e-02 6.646828e-02 -4.586069e-02 -3.957715e-02 1.063420e-02
<VARIANCE> 39
 1.416715e+00 6.375444e+00 1.046103e+01 1.139264e+01 1.717431e+01 2.971002e+01 4.232012e+01 4.069717e+01 4.136375e+01 3.680245e+01 3.355909e+01 2.849358e+01 5.698601e-01 1.206794e-01 6.312996e-01 7.529492e-01 1.562539e+00 1.588306e+00 2.153798e+00 1.825233e+00 1.929827e+00 2.145069e+00 2.543131e+00 1.817116e+00 2.075059e+00 4.707837e-02 2.752217e-02 1.580448e-01 1.585056e-01 2.128862e-01 2.490595e-01 3.527629e-01 3.888227e-01 3.621646e-01 6.067967e-01 6.681986e-01 4.056430e-01 4.204538e-01 1.024264e-02
<GCONST> 8.554688e+01
<STATE> 18
<MEAN> 39
 -1.514562e+01 -3.102131e+00 1.141449e+00 -1.521690e+00 4.465300e+00 1.446935e+00 4.866350e+00 -5.931000e+00 -1.415183e+00 -6.211481e+00 2.015124e-01 -7.318969e+00 5.745658e+01 -3.747608e-01 -4.646969e-01 -3.605038e-01 5.092606e-02 1.372690e-01 8.915690e-02 -4.078013e-01 -7.507434e-02 -1.071364e-01 -3.912602e-01 -5.038823e-01 -2.645264e-01 -1.617844e-01 2.582761e-02 -2.915601e-02 -1.217731e-01 -9.876496e-02 -1.075354e-01 -1.133020e-01 -8.979844e-02 1.309108e-01 1.078288e-01 -2.108294e-01 -6.060559e-02 8.172456e-02 1.529067e-02
<VARIANCE> 39
 1.388362e+00 2.993403e+00 1.309378e+01 2.148073e+01 1.632533e+01 2.459648e+01 2.361412e+01 2.732380e+01 1.735427e+01 2.543855e+01 1.293042e+01 1.357945e+01 4.451091e-01 1.322129e-01 3.568712e-01 6.630467e-01 9.944505e-01 8.182095e-01 9.952347e-01 1.362459e+00 2.492283e+00 1.001270e+00 1.744324e+00 1.732465e+00 9.930739e-01 4.222730e-02 1.938143e-02 6.672353e-02 1.324928e-01 1.883786e-01 9.539042e-02 2.765516e-01 4.072003e-01 6.475806e-01 1.394247e-01 2.676879e-01 2.241344e-01 1.785341e-01 5.456013e-03
<GCONST> 7.011025e+01
<STATE> 19
<MEAN> 39
 -1.701147e+01 -6.315323e+00 -2.529722e+00 -4.466108e+00 1.081326e+00 -2.745278e+00 1.059267e+00 -6.026258e+00 -1.439031e+00 -8.085732e+00 -3.026397e-01 -7.304317e+00 5.667920e+01 -1.600188e-01 -3.295852e-01 -2.365400e-01 -3.344296e-02 -5.785031e-02 -2.889491e-01 -2.611609e-01 1.941743e-01 3.542122e-01 2.660389e-01 3.064318e-01 3.467625e-01 -6.746652e-02 2.534288e-02 8.155067e-02 8.071113e-02 -9.418502e-03 -3.142730e-03 8.728250e-02 6.236503e-02 -1.716638e-01 -5.982782e-02 1.770767e-01 5.454466e-02 -2.501929e-02 1.099858e-02
<VARIANCE> 39
 2.094777e+00 4.693551e+00 8.930717e+00 1.018931e+01 7.887117e+00 1.643184e+01 2.041086e+01 2.014780e+01 3.788205e+01 2.885527e+01 2.024857e+01 1.293015e+01 6.643894e-01 9.244690e-02 3.431449e-01 7.740027e-01 1.023326e+00 1.075258e+00 1.412589e+00 1.845474e+00 2.610238e+00 1.585945e+00 2.113851e+00 2.205462e+00 1.708819e+00 3.025819e-02 2.572262e-02 8.862045e-02 1.647668e-01 1.652912e-01 1.481142e-01 1.491603e-01 3.799545e-01 5.591413e-01 3.132775e-01 4.368571e-01 5.050013e-01 2.814971e-01 8.185009e-03
<GCONST> 7.506389e+01
<TRANSP> 20
 0.000000e+00 1.000000e+00 0.000000e+00 0.000000e+00 0.000000e+00 0.000000e+00 0.000000e+00 0.000000e+00 0.000000e+00 0.000000e+00 0.000000e+00 0.000000e+00 0.000000e+00 0.000000e+00 0.000000e+00 0.000000e+00 0.000000e+00 0.000000e+00 0.000000e+00 0.000000e+00
 0.000000e+00 8.281544e-01 1.718456e-01 0.000000e+00 0.000000e+00 0.000000e+00 0.000000e+00 0.000000e+00 0.000000e+00 0.000000e+00 0.000000e+00 0.000000e+00 0.000000e+00 0.000000e+00 0.000000e+00 0.000000e+00 0.000000e+00 0.000000e+00 0.000000e+00 0.000000e+00
 0.000000e+00 0.000000e+00 7.214125e-01 2.785875e-01 0.000000e+00 0.000000e+00 0.000000e+00 0.000000e+00 0.000000e+00 0.000000e+00 0.000000e+00 0.000000e+00 0.000000e+00 0.000000e+00 0.000000e+00 0.000000e+00 0.000000e+00 0.000000e+00 0.000000e+00 0.000000e+00
 0.000000e+00 0.000000e+00 0.000000e+00 7.212244e-01 2.787757e-01 0.000000e+00 0.000000e+00 0.000000e+00 0.000000e+00 0.000000e+00 0.000000e+00 0.000000e+00 0.000000e+00 0.000000e+00 0.000000e+00 0.000000e+00 0.000000e+00 0.000000e+00 0.000000e+00 0.000000e+00
 0.000000e+00 0.000000e+00 0.000000e+00 0.000000e+00 7.854065e-01 2.145935e-01 0.000000e+00 0.000000e+00 0.000000e+00 0.000000e+00 0.000000e+00 0.000000e+00 0.000000e+00 0.000000e+00 0.000000e+00 0.000000e+00 0.000000e+00 0.000000e+00 0.000000e+00 0.000000e+00
 0.000000e+00 0.000000e+00 0.000000e+00 0.000000e+00 0.000000e+00 8.003376e-01 1.996625e-01 0.000000e+00 0.000000e+00 0.000000e+00 0.000000e+00 0.000000e+00 0.000000e+00 0.000000e+00 0.000000e+00 0.000000e+00 0.000000e+00 0.000000e+00 0.000000e+00 0.000000e+00
 0.000000e+00 0.000000e+00 0.000000e+00 0.000000e+00 0.000000e+00 0.000000e+00 6.827362e-01 3.172638e-01 0.000000e+00 0.000000e+00 0.000000e+00 0.000000e+00 0.000000e+00 0.000000e+00 0.000000e+00 0.000000e+00 0.000000e+00 0.000000e+00 0.000000e+00 0.000000e+00
 0.000000e+00 0.000000e+00 0.000000e+00 0.000000e+00 0.000000e+00 0.000000e+00 0.000000e+00 6.873508e-01 3.126492e-01 0.000000e+00 0.000000e+00 0.000000e+00 0.000000e+00 0.000000e+00 0.000000e+00 0.000000e+00 0.000000e+00 0.000000e+00 0.000000e+00 0.000000e+00
 0.000000e+00 0.000000e+00 0.000000e+00 0.000000e+00 0.000000e+00 0.000000e+00 0.000000e+00 0.000000e+00 7.823019e-01 2.176982e-01 0.000000e+00 0.000000e+00 0.000000e+00 0.000000e+00 0.000000e+00 0.000000e+00 0.000000e+00 0.000000e+00 0.000000e+00 0.000000e+00
 0.000000e+00 0.000000e+00 0.000000e+00 0.000000e+00 0.000000e+00 0.000000e+00 0.000000e+00 0.000000e+00 0.000000e+00 8.562644e-01 1.437356e-01 0.000000e+00 0.000000e+00 0.000000e+00 0.000000e+00 0.000000e+00 0.000000e+00 0.000000e+00 0.000000e+00 0.000000e+00
 0.000000e+00 0.000000e+00 0.000000e+00 0.000000e+00 0.000000e+00 0.000000e+00 0.000000e+00 0.000000e+00 0.000000e+00 0.000000e+00 7.348324e-01 2.651676e-01 0.000000e+00 0.000000e+00 0.000000e+00 0.000000e+00 0.000000e+00 0.000000e+00 0.000000e+00 0.000000e+00
 0.000000e+00 0.000000e+00 0.000000e+00 0.000000e+00 0.000000e+00 0.000000e+00 0.000000e+00 0.000000e+00 0.000000e+00 0.000000e+00 0.000000e+00 8.387518e-01 1.612482e-01 0.000000e+00 0.000000e+00 0.000000e+00 0.000000e+00 0.000000e+00 0.000000e+00 0.000000e+00
 0.000000e+00 0.000000e+00 0.000000e+00 0.000000e+00 0.000000e+00 0.000000e+00 0.000000e+00 0.000000e+00 0.000000e+00 0.000000e+00 0.000000e+00 0.000000e+00 7.411116e-01 2.588885e-01 0.000000e+00 0.000000e+00 0.000000e+00 0.000000e+00 0.000000e+00 0.000000e+00
 0.000000e+00 0.000000e+00 0.000000e+00 0.000000e+00 0.000000e+00 0.000000e+00 0.000000e+00 0.000000e+00 0.000000e+00 0.000000e+00 0.000000e+00 0.000000e+00 0.000000e+00 7.256045e-01 2.743956e-01 0.000000e+00 0.000000e+00 0.000000e+00 0.000000e+00 0.000000e+00
 0.000000e+00 0.000000e+00 0.000000e+00 0.000000e+00 0.000000e+00 0.000000e+00 0.000000e+00 0.000000e+00 0.000000e+00 0.000000e+00 0.000000e+00 0.000000e+00 0.000000e+00 0.000000e+00 8.299920e-01 1.700080e-01 0.000000e+00 0.000000e+00 0.000000e+00 0.000000e+00
 0.000000e+00 0.000000e+00 0.000000e+00 0.000000e+00 0.000000e+00 0.000000e+00 0.000000e+00 0.000000e+00 0.000000e+00 0.000000e+00 0.000000e+00 0.000000e+00 0.000000e+00 0.000000e+00 0.000000e+00 7.232769e-01 2.767231e-01 0.000000e+00 0.000000e+00 0.000000e+00
 0.000000e+00 0.000000e+00 0.000000e+00 0.000000e+00 0.000000e+00 0.000000e+00 0.000000e+00 0.000000e+00 0.000000e+00 0.000000e+00 0.000000e+00 0.000000e+00 0.000000e+00 0.000000e+00 0.000000e+00 0.000000e+00 7.883876e-01 2.116124e-01 0.000000e+00 0.000000e+00
 0.000000e+00 0.000000e+00 0.000000e+00 0.000000e+00 0.000000e+00 0.000000e+00 0.000000e+00 0.000000e+00 0.000000e+00 0.000000e+00 0.000000e+00 0.000000e+00 0.000000e+00 0.000000e+00 0.000000e+00 0.000000e+00 0.000000e+00 7.535636e-01 2.464364e-01 0.000000e+00
 0.000000e+00 0.000000e+00 0.000000e+00 0.000000e+00 0.000000e+00 0.000000e+00 0.000000e+00 0.000000e+00 0.000000e+00 0.000000e+00 0.000000e+00 0.000000e+00 0.000000e+00 0.000000e+00 0.000000e+00 0.000000e+00 0.000000e+00 0.000000e+00 8.003446e-01 1.996554e-01
 0.000000e+00 0.000000e+00 0.000000e+00 0.000000e+00 0.000000e+00 0.000000e+00 0.000000e+00 0.000000e+00 0.000000e+00 0.000000e+00 0.000000e+00 0.000000e+00 0.000000e+00 0.000000e+00 0.000000e+00 0.000000e+00 0.000000e+00 0.000000e+00 0.000000e+00 0.000000e+00
<ENDHMM>
