~o
<STREAMINFO> 1 39
<VECSIZE> 39<NULLD><MFCC_D_A_0><DIAGC>
~h "hapus"
<BEGINHMM>
<NUMSTATES> 20
<STATE> 2
<MEAN> 39
 -1.745698e+01 -1.119898e+01 -5.630426e+00 -1.284196e+00 5.701221e+00 -4.238034e+00 3.164609e-01 -3.889411e+00 1.682355e+00 -9.132953e+00 1.348667e-01 -2.162632e+00 5.820797e+01 6.336809e-01 -7.918624e-01 -1.067802e+00 3.352947e-01 1.404927e+00 -8.731512e-02 -7.570195e-01 -8.781455e-01 -2.078656e-01 -5.715122e-01 -4.931453e-01 7.247521e-02 7.629123e-01 5.166132e-01 1.490296e-01 -1.776245e-01 -1.491731e-01 1.198471e-01 2.222498e-01 -2.355614e-01 -4.619032e-01 -1.280151e-01 1.171390e-01 -1.455406e-01 -3.014883e-01 2.922835e-01
<VARIANCE> 39
 1.632718e+00 1.354533e+01 1.051741e+01 9.807403e+00 2.339330e+01 1.350471e+01 2.306392e+01 1.545903e+01 1.881862e+01 2.778572e+01 1.993369e+01 3.490302e+01 1.640904e+00 8.955324e-01 1.658983e+00 1.721314e+00 1.027254e+00 1.644757e+00 1.881673e+00 2.076326e+00 2.673929e+00 1.887498e+00 3.443177e+00 2.289525e+00 3.307500e+00 3.358194e-01 1.955626e-01 1.967233e-01 3.345861e-01 2.625900e-01 3.670395e-01 2.113207e-01 2.516806e-01 2.605194e-01 2.989047e-01 4.369802e-01 1.683812e-01 3.782065e-01 8.700108e-02
<GCONST> 9.275360e+01
<STATE> 3
<MEAN> 39
 -1.041246e+01 -1.246252e+01 -1.086970e+01 -1.850563e+00 1.280179e+01 -4.278033e+00 -1.569453e+00 -1.012223e+01 -6.781352e-01 -1.121273e+01 -3.083519e+00 -2.599895e+00 6.440608e+01 2.989347e+00 5.542124e-01 -1.064580e+00 -1.447666e+00 4.745766e-01 6.294006e-01 -6.678600e-01 -1.731435e+00 -8.914436e-01 9.373137e-02 -7.998755e-01 -1.282264e+00 2.161585e+00 1.926012e-01 1.390735e-02 9.794914e-02 -5.318636e-01 -5.287458e-01 1.104414e-01 3.802346e-02 9.851191e-02 3.835284e-02 2.706297e-01 -1.045432e-02 -2.434452e-01 1.848912e-01
<VARIANCE> 39
 2.616169e+01 4.313662e+01 2.652776e+01 2.339593e+01 4.145183e+01 5.687074e+01 6.623095e+01 4.705163e+01 3.564476e+01 7.181578e+01 3.485160e+01 9.267044e+01 1.735767e+01 1.946800e+00 2.457324e+00 5.053327e+00 2.230152e+00 2.229136e+00 3.191165e+00 2.804883e+00 4.639651e+00 3.918179e+00 3.637681e+00 2.082855e+00 3.793736e+00 9.686590e-01 4.040011e-01 6.481953e-01 6.634181e-01 3.111744e-01 3.073244e-01 2.888112e-01 3.776396e-01 8.027405e-01 5.743353e-01 6.126766e-01 4.377539e-01 5.861920e-01 1.624421e-01
<GCONST> 1.221807e+02
<STATE> 4
<MEAN> 39
 6.370406e-01 -9.520937e+00 -1.531293e+01 -1.140580e+01 5.605529e+00 1.646450e+00 -6.345823e+00 -1.859428e+01 -1.280989e+00 -6.252718e+00 -7.037746e+00 -1.115172e+01 7.054351e+01 1.232051e+00 2.748316e-01 -8.724006e-02 -1.587372e+00 -1.316425e+00 3.973019e-01 -1.038160e-01 -5.403746e-01 -1.060190e-01 7.858568e-01 -4.712977e-01 -9.702874e-01 7.927532e-01 -8.654685e-01 2.179152e-01 7.334347e-01 5.926013e-01 -3.020683e-02 -3.267758e-01 3.118481e-01 6.492145e-01 -4.557041e-02 -1.924163e-01 3.157174e-01 3.220518e-01 -6.833184e-01
<VARIANCE> 39
 3.723617e+00 1.544576e+01 2.993551e+01 2.210185e+01 7.328069e+01 9.958733e+01 7.339183e+01 7.374294e+01 5.681808e+01 7.466238e+01 4.253705e+01 1.442501e+01 8.883236e+00 1.369461e+00 1.333184e+00 3.229605e+00 1.971114e+00 1.814134e+00 2.126657e+00 2.075005e+00 5.516629e+00 2.474911e+00 2.696055e+00 2.186934e+00 2.562916e+00 1.280905e+00 8.271129e-02 1.509437e-01 3.103772e-01 3.719639e-01 4.262157e-01 5.027828e-01 3.703174e-01 6.831933e-01 7.062271e-01 4.862525e-01 1.957356e-01 1.874098e-01 3.670219e-02
<GCONST> 1.096459e+02
<STATE> 5
<MEAN> 39
 1.030968e+00 -1.190978e+01 -2.644773e+00 -1.131438e+01 8.148102e+00 -6.202393e-01 -4.618585e+00 -5.652842e+00 -1.209967e+00 -4.368817e+00 1.280854e-01 -1.353031e+01 7.573483e+01 -4.069776e-01 9.754286e-01 9.838968e-01 6.451491e-01 -4.743284e-01 3.909172e-01 -1.080707e-01 4.450814e-03 -9.651209e-02 1.689382e-01 7.057230e-01 1.198438e-02 -8.281081e-01 -3.035527e-01 6.337694e-02 -1.023833e-01 3.635585e-01 2.136022e-01 -5.768941e-02 8.237211e-02 -8.774859e-02 -2.690656e-02 -2.952666e-01 -8.974759e-02 1.671234e-01 -3.264768e-01
<VARIANCE> 39
 1.610356e+00 3.625753e+01 7.742255e+01 9.390299e+00 4.977879e+01 3.442381e+01 2.183807e+01 1.141108e+02 2.590181e+01 3.532217e+01 7.289813e+01 1.196630e+01 2.568725e+01 6.431045e-01 1.069254e+00 1.438551e+00 1.134140e+00 9.166092e-01 1.776779e+00 1.885296e+00 1.666277e+00 1.276711e+00 1.615164e+00 1.052570e+00 1.000876e+00 7.613411e-01 1.030609e-01 1.544383e-01 1.916425e-01 1.205866e-01 1.167456e-01 9.071147e-02 1.567852e-01 2.539648e-01 1.946246e-01 2.269702e-01 3.149186e-01 2.378811e-01 3.691539e-02
<GCONST> 9.199767e+01
<STATE> 6
<MEAN> 39
 -4.773942e+00 -3.552483e+00 -5.003152e+00 -6.803089e+00 4.144739e+00 1.273862e+00 -3.184654e+00 -1.183841e+01 -3.222857e+00 -8.334451e+00 -4.005182e+00 -1.215726e+01 6.466931e+01 -1.141107e+00 4.721319e-01 5.648549e-01 5.402499e-01 -1.070384e-01 -1.927676e-01 6.503592e-01 6.497741e-01 -6.967081e-02 -5.698742e-01 -4.603891e-02 1.740421e-01 -1.024564e+00 6.649090e-02 -1.148300e-01 -8.785033e-02 -7.301759e-02 1.948099e-03 4.604527e-03 8.437688e-03 -2.288343e-02 1.030532e-01 1.136837e-01 1.507008e-02 1.520080e-02 1.093325e-01
<VARIANCE> 39
 4.748106e+00 6.495955e+00 3.870197e+01 2.751169e+01 3.975308e+01 2.357379e+01 2.782561e+01 4.426150e+01 2.511565e+01 5.671501e+01 4.837333e+01 1.706562e+01 5.937031e+00 2.433204e-01 2.911913e-01 1.037742e+00 6.576612e-01 7.112294e-01 1.368608e+00 1.190037e+00 1.501945e+00 1.388605e+00 1.556397e+00 1.462661e+00 1.030996e+00 1.084572e-01 2.241299e-02 3.804516e-02 1.103511e-01 1.329428e-01 1.060032e-01 1.450013e-01 1.774536e-01 1.739693e-01 2.417197e-01 2.783422e-01 1.829640e-01 1.978560e-01 7.194804e-03
<GCONST> 7.838477e+01
<STATE> 7
<MEAN> 39
 -1.088373e+01 -2.738143e+00 -3.379989e+00 -6.177062e+00 7.124093e-01 -2.997262e+00 -9.641746e-01 -1.102287e+01 -4.205283e+00 -1.006383e+01 -2.939030e+00 -9.437288e+00 5.983101e+01 -6.623403e-01 -1.106669e-01 8.475161e-01 8.674834e-01 -1.566892e-01 -7.023570e-01 2.116208e-01 3.285725e-01 -1.015547e-01 -3.439962e-01 4.467663e-02 1.681226e-01 -2.792577e-01 2.369791e-01 2.943888e-02 -1.201159e-01 -9.402962e-02 -1.533272e-01 -1.950006e-01 -2.656700e-01 -6.796290e-02 -2.243272e-02 1.610631e-01 1.778568e-01 2.440875e-01 2.249809e-01
<VARIANCE> 39
 4.846417e+00 3.463129e+00 1.234787e+01 1.609086e+01 1.485487e+01 1.967143e+01 1.512870e+01 1.435693e+01 1.198467e+01 1.731349e+01 1.994723e+01 1.245761e+01 1.517305e+00 1.763832e-01 3.840588e-01 5.678426e-01 6.050899e-01 1.032853e+00 1.202998e+00 1.342700e+00 1.158390e+00 1.262998e+00 1.162013e+00 1.434267e+00 8.102183e-01 1.606553e-01 6.652265e-02 1.210961e-01 1.361201e-01 1.797820e-01 2.211965e-01 2.524470e-01 2.971575e-01 2.134668e-01 2.938842e-01 2.508758e-01 3.262894e-01 2.447934e-01 3.150498e-02
<GCONST> 7.495207e+01
<STATE> 8
<MEAN> 39
 -1.067478e+01 -1.851537e+00 -1.252093e+00 -2.842119e+00 1.430995e-01 -5.953145e+00 -1.950285e+00 -9.075145e+00 -4.174768e+00 -9.530923e+00 -1.146552e+00 -6.398351e+00 6.141179e+01 2.023118e+00 1.548047e+00 -6.533951e-01 -1.879731e+00 -2.366127e+00 -1.994349e+00 -1.875500e+00 -5.799408e-01 -5.790566e-01 9.514217e-01 1.949564e+00 2.545484e+00 1.178904e+00 9.433776e-01 5.230376e-01 -4.021241e-01 -1.119848e+00 -5.656777e-01 -7.733343e-02 -3.129700e-01 -4.488754e-01 -4.247888e-01 -1.785602e-02 1.584056e-01 2.273910e-01 3.404398e-01
<VARIANCE> 39
 9.522393e+00 1.882669e+01 1.606639e+01 2.461695e+01 4.169214e+01 4.638258e+01 4.167750e+01 1.467632e+01 2.487494e+01 2.334574e+01 3.615953e+01 3.385090e+01 4.861615e+00 2.729373e+00 2.648193e+00 1.500284e+00 4.177976e+00 2.943280e+00 2.717918e+00 1.942955e+00 2.523223e+00 4.310371e+00 3.183923e+00 2.000616e+00 3.348024e+00 4.973827e-01 1.618215e-01 3.296064e-01 1.909998e-01 4.276768e-01 5.663220e-01 5.250317e-01 7.040239e-01 4.254833e-01 7.314985e-01 3.942375e-01 5.986450e-01 8.988860e-01 8.106724e-02
<GCONST> 1.109604e+02
<STATE> 9
<MEAN> 39
 1.500370e+00 6.492704e+00 -4.649627e+00 -1.514490e+01 -1.109653e+01 -1.030690e+01 -6.000876e+00 -1.319653e+01 -9.809691e+00 -9.488252e+00 5.315548e+00 1.526235e+00 6.659034e+01 1.894095e+00 4.936972e-01 -1.366821e+00 -2.199887e+00 -4.318462e-01 5.573275e-01 -1.003251e+00 -1.758293e+00 -1.304542e+00 8.748788e-01 1.296497e+00 8.065575e-01 1.123268e+00 -7.311112e-01 -7.019480e-01 7.393630e-02 7.440523e-01 1.105347e+00 4.755298e-01 -8.802515e-02 -3.586037e-02 5.362782e-01 4.221812e-01 -3.496888e-01 -8.419008e-01 -2.377864e-01
<VARIANCE> 39
 4.241338e+00 1.616227e+01 3.296923e+01 3.578840e+01 3.696438e+01 3.140619e+01 2.258359e+01 2.560744e+01 3.746278e+01 3.811915e+01 5.539548e+01 2.529385e+01 2.390025e+00 2.632940e+00 2.431351e+00 1.332492e+00 5.755704e+00 5.875772e+00 3.795154e+00 3.945350e+00 2.450582e+00 3.644849e+00 4.162321e+00 4.953604e+00 4.155610e+00 3.634193e-01 1.587897e-01 2.697571e-01 1.992725e-01 4.667912e-01 4.342144e-01 7.312632e-01 5.778920e-01 6.317979e-01 9.114598e-01 4.567030e-01 9.877312e-01 6.521541e-01 3.558090e-02
<GCONST> 1.134421e+02
<STATE> 10
<MEAN> 39
 2.193968e+00 2.733211e+00 -7.701762e+00 -1.797402e+01 -3.297310e+00 -9.167422e+00 -1.485082e+01 -1.701108e+01 -7.757192e+00 -2.089691e+00 4.796485e+00 -2.562816e+00 6.947482e+01 -2.927507e-01 -3.937598e-01 5.234633e-01 9.369411e-01 1.222102e+00 -1.307429e+00 -1.426363e+00 4.558610e-01 1.596892e+00 3.281416e-01 -1.708934e+00 -1.426390e+00 1.198884e-01 -4.604128e-01 2.405215e-01 5.198743e-01 6.742297e-01 -4.704200e-02 -5.220148e-01 6.066629e-01 4.054698e-01 8.263916e-02 -7.741104e-01 -4.421726e-01 2.001529e-01 -2.490191e-01
<VARIANCE> 39
 1.412075e+00 8.325279e+00 5.901162e+01 5.845564e+01 2.620693e+01 6.771594e+01 4.337549e+01 2.545887e+01 5.894205e+01 8.135963e+01 1.358041e+02 6.407999e+01 4.008980e+00 3.004468e-01 8.911059e-01 1.634958e+00 2.604532e+00 2.272507e+00 3.161054e+00 2.645685e+00 3.387263e+00 2.606439e+00 4.233554e+00 4.174949e+00 3.421067e+00 2.701511e-01 1.310758e-01 1.264996e-01 3.565500e-01 2.612494e-01 3.916683e-01 4.209375e-01 5.756406e-01 7.100551e-01 7.127116e-01 5.563136e-01 9.203471e-01 9.148659e-01 1.498532e-02
<GCONST> 1.092902e+02
<STATE> 11
<MEAN> 39
 -2.343573e+00 4.104296e+00 -3.877414e+00 -9.254743e+00 6.234186e-01 -1.643537e+01 -1.200812e+01 -1.604413e+01 -3.783939e+00 -6.218500e+00 -1.505643e+00 -4.229425e+00 6.775000e+01 -3.131322e+00 1.902855e+00 1.985253e-01 1.703261e+00 2.024597e+00 -2.790496e+00 2.687191e+00 -9.688704e-02 4.779738e-01 -7.039883e-01 -5.925645e-01 4.710655e-01 8.108942e-02 -8.686845e-01 7.076938e-01 -6.033028e-01 -2.719402e-01 1.688032e-01 -3.965216e-01 6.710872e-01 -3.264579e-02 -1.615389e-01 2.954578e-01 3.441840e-01 3.548205e-01 3.225070e-01
<VARIANCE> 39
 1.284435e+01 1.256456e+01 2.144128e+01 4.886269e+01 2.879896e+01 1.014269e+02 4.699372e+01 4.952578e+01 3.801537e+01 6.921056e+01 1.296407e+02 2.853386e+01 4.184301e+00 2.134804e+00 2.103652e+00 2.306707e+00 2.176772e+00 3.115681e+00 2.669769e+00 3.279899e+00 3.136231e+00 1.662994e+00 4.417150e+00 4.844174e+00 2.351868e+00 4.977653e-01 1.303294e-01 1.557578e-01 1.268912e-01 2.108053e-01 5.207480e-01 5.507884e-01 7.345333e-01 6.881822e-01 2.668199e-01 5.317798e-01 8.471653e-01 3.892312e-01 5.405092e-02
<GCONST> 1.128348e+02
<STATE> 12
<MEAN> 39
 -1.862722e+01 1.448232e+01 -7.970725e+00 -4.194111e+00 6.522071e+00 -2.853225e+01 -1.232212e+00 -1.572686e+01 -1.693249e+00 -5.922001e+00 -2.220932e+00 1.313228e-01 7.065372e+01 -3.275120e+00 1.819514e+00 -8.202897e-01 9.133141e-01 5.776531e-01 -1.656889e+00 1.541925e+00 9.278789e-01 1.236340e-01 2.169834e-02 3.513955e-02 8.435434e-01 5.897784e-01 7.444514e-01 -5.297208e-01 2.912712e-01 -3.128434e-02 -3.809034e-01 9.207301e-01 -5.764690e-01 1.975032e-01 -1.231955e-01 -1.330657e-01 5.459140e-02 -4.153329e-01 -1.701180e-01
<VARIANCE> 39
 1.778476e+01 2.744316e+01 9.887465e+00 8.978333e+01 3.073999e+01 5.876785e+01 5.676094e+01 3.356157e+01 5.443136e+01 5.227452e+01 4.556151e+01 4.620897e+01 2.667654e+00 1.921196e+00 1.593662e+00 1.468234e+00 1.272646e+00 3.281399e+00 4.676382e+00 2.987273e+00 2.594263e+00 1.230180e+00 1.650097e+00 2.709263e+00 2.994848e+00 4.381591e-01 1.238891e-01 1.515536e-01 2.398830e-01 2.743969e-01 4.363857e-01 4.349877e-01 3.923897e-01 4.991628e-01 3.021763e-01 4.436475e-01 4.826100e-01 5.249082e-01 3.073100e-02
<GCONST> 1.079406e+02
<STATE> 13
<MEAN> 39
 -2.686697e+01 1.955232e+01 -7.267777e+00 -5.295812e+00 1.105402e+01 -2.572801e+01 3.357152e+00 -1.097778e+01 -4.770276e+00 -5.427628e+00 6.135699e-02 -2.260707e+00 7.185290e+01 -5.364580e-01 1.204679e-01 1.128142e-01 6.877814e-01 1.993009e-01 6.843026e-01 2.584139e-01 5.440938e-01 4.032029e-02 -1.608887e-01 -6.756806e-02 -4.476424e-01 -2.452351e-01 2.093297e-01 -1.369988e-01 7.106484e-03 -5.697794e-02 -5.698157e-02 1.883646e-01 -8.306931e-03 -3.232007e-02 3.389971e-02 4.137494e-02 4.956835e-02 1.008660e-02 -1.117702e-01
<VARIANCE> 39
 6.745034e+00 1.111577e+01 1.886406e+01 2.804023e+01 2.464460e+01 3.141020e+01 6.820287e+01 3.607645e+01 3.887063e+01 9.159368e+01 2.167814e+01 3.140698e+01 3.900849e+00 2.983520e-01 4.883725e-01 5.655889e-01 6.578991e-01 9.418516e-01 2.169576e+00 1.719396e+00 1.438768e+00 2.554384e+00 1.828201e+00 6.645724e-01 1.349020e+00 2.231687e-01 1.011343e-01 8.485006e-02 8.509979e-02 1.073894e-01 1.508498e-01 4.001141e-01 2.894952e-01 3.178694e-01 3.774728e-01 3.735774e-01 1.105706e-01 2.565357e-01 2.938255e-02
<GCONST> 8.772951e+01
<STATE> 14
<MEAN> 39
 -2.344629e+01 1.533330e+01 -7.748011e+00 7.784946e+00 2.463917e+00 -2.375201e+01 1.179293e+00 -1.184705e+01 5.528371e-01 -1.500358e+01 -5.508439e+00 -1.931833e+00 6.785484e+01 -2.930366e-01 -2.127435e-01 1.759505e-01 1.817751e-01 -2.122365e-02 1.468493e+00 5.786453e-01 1.935454e-01 -2.238772e-01 -2.763707e-01 3.062012e-01 -2.236176e-01 -4.918496e-01 3.456220e-02 -1.933950e-01 -8.616775e-02 -1.538462e-01 -1.937413e-02 -1.123735e-01 -6.992112e-02 -1.181588e-01 8.836144e-02 2.255592e-01 1.273546e-01 9.194093e-02 -3.809616e-02
<VARIANCE> 39
 1.007513e+01 2.040721e+01 1.245077e+01 4.282345e+01 5.665301e+01 6.127711e+01 4.627705e+01 1.784084e+01 2.191575e+01 5.188765e+01 2.754109e+01 2.273729e+01 6.097137e+00 9.703273e-02 3.867638e-01 5.895472e-01 6.694878e-01 6.212367e-01 6.753747e-01 1.138932e+00 1.136957e+00 1.074247e+00 2.038112e+00 1.772673e+00 1.913384e+00 6.457123e-02 1.468440e-02 4.668096e-02 1.017482e-01 1.020036e-01 9.869517e-02 1.797798e-01 1.903986e-01 1.806046e-01 3.035380e-01 2.329740e-01 2.741287e-01 2.448606e-01 8.789361e-03
<GCONST> 7.853722e+01
<STATE> 15
<MEAN> 39
 -2.839464e+01 1.450512e+01 -6.561541e+00 -2.098336e+00 9.924002e+00 -1.965771e+01 3.740224e+00 -6.816176e+00 -4.513338e+00 -3.023659e+00 7.836277e-01 -3.064534e+00 6.671055e+01 -4.036904e-02 -8.748142e-01 2.436261e-02 3.363707e-02 -1.197530e-01 3.568267e-01 4.125983e-01 8.191258e-02 4.741422e-01 1.304785e-01 4.083736e-01 -2.270365e-01 -6.674216e-01 1.198186e-01 -1.080886e-01 6.560457e-02 -1.203516e-01 -2.393440e-02 -9.175042e-02 -4.368994e-02 3.764118e-02 8.911770e-02 -2.033377e-02 -1.025695e-01 -1.173220e-01 -2.610167e-02
<VARIANCE> 39
 9.882471e+00 1.891754e+01 1.496698e+01 4.616917e+01 4.969245e+01 3.902352e+01 3.727147e+01 3.552811e+01 3.174983e+01 5.621439e+01 1.546227e+01 2.137621e+01 6.279650e+00 1.782597e-01 2.145822e-01 2.086294e-01 5.742264e-01 3.705353e-01 1.363343e+00 1.133804e+00 1.770918e+00 1.246119e+00 1.526378e+00 5.448680e-01 1.074481e+00 5.532089e-02 2.081700e-02 4.517020e-02 4.281516e-02 1.066411e-01 1.011768e-01 2.826089e-01 2.241852e-01 2.474211e-01 1.726737e-01 1.812053e-01 1.615104e-01 2.122447e-01 9.826818e-03
<GCONST> 7.490620e+01
<STATE> 16
<MEAN> 39
 -2.714646e+01 1.151911e+01 -6.683947e+00 -5.670089e-01 7.973393e+00 -1.700831e+01 6.520996e+00 -7.845517e+00 1.787643e+00 -6.776197e+00 2.238947e+00 -6.703026e+00 6.376175e+01 5.852991e-01 -1.422686e+00 5.306553e-01 -2.725313e-01 -4.186494e-01 5.452882e-01 -3.427709e-01 4.825767e-01 4.378781e-01 1.618064e-02 -3.197689e-01 -3.202402e-01 -8.230384e-01 1.138521e-01 -1.382298e-01 3.381478e-02 1.190612e-01 -6.388630e-04 2.956561e-01 -5.905766e-02 -9.864454e-02 -2.002680e-01 -1.592188e-01 -2.071110e-01 1.334997e-01 -4.929394e-03
<VARIANCE> 39
 5.704978e+00 1.666442e+01 1.726044e+01 2.364189e+01 3.881960e+01 4.912176e+01 3.054815e+01 4.525013e+01 1.935439e+01 4.394395e+01 3.730927e+01 3.231499e+01 3.953052e+00 2.297250e-01 2.700651e-01 7.704001e-01 1.247332e+00 1.242676e+00 1.545151e+00 2.056767e+00 1.192395e+00 7.679914e-01 2.485936e+00 1.073701e+00 1.709559e+00 9.487351e-02 2.599851e-02 3.243961e-02 1.739594e-01 1.171943e-01 1.565568e-01 3.014160e-01 4.646558e-01 3.580976e-01 2.363878e-01 5.924671e-01 1.992793e-01 3.094120e-01 8.567711e-03
<GCONST> 8.454202e+01
<STATE> 17
<MEAN> 39
 -2.326018e+01 3.027768e+00 -4.500274e+00 -4.831758e-01 6.061215e+00 -1.220866e+01 4.613257e+00 -6.237809e+00 5.237977e-01 -7.610352e+00 -7.236978e-01 -5.031981e+00 6.016669e+01 6.002491e-01 -1.578933e+00 2.069514e-01 -9.525598e-03 -2.804149e-01 1.487667e+00 7.959796e-02 -1.056397e-01 7.842005e-02 -3.314476e-01 -4.686143e-01 9.335852e-03 -6.354612e-01 -5.199682e-02 7.116410e-02 -1.561584e-02 -6.330021e-02 -8.639903e-02 -4.466823e-02 1.975450e-02 7.336797e-02 1.613548e-01 1.676422e-01 2.142865e-01 -5.154870e-02 4.579650e-02
<VARIANCE> 39
 6.601363e+00 9.031204e+00 8.302238e+00 2.469387e+01 3.221823e+01 4.261617e+01 2.018275e+01 2.929880e+01 3.358529e+01 3.109507e+01 3.013193e+01 2.307562e+01 9.559793e-01 1.715211e-01 3.523985e-01 6.371838e-01 5.718439e-01 1.096379e+00 1.027999e+00 1.254917e+00 1.552603e+00 1.695660e+00 2.358655e+00 1.531735e+00 1.081594e+00 5.973282e-02 2.005040e-02 5.843313e-02 1.112466e-01 1.425821e-01 1.457809e-01 1.362546e-01 1.641682e-01 3.093663e-01 2.723453e-01 3.525333e-01 2.436758e-01 2.108297e-01 1.101441e-02
<GCONST> 7.657734e+01
<STATE> 18
<MEAN> 39
 -2.027718e+01 -2.734187e+00 -3.248468e+00 -2.340724e+00 3.770616e+00 -7.021321e+00 5.571862e+00 -7.294914e+00 3.043631e+00 -7.252265e+00 -8.454741e-01 -6.046397e+00 5.774930e+01 5.360584e-01 -1.025769e+00 3.326593e-01 -4.689959e-01 -2.496258e-01 1.195996e+00 -2.683222e-01 3.978822e-01 2.021080e-01 1.468030e-01 -7.992893e-02 -7.399706e-01 -4.212412e-01 -1.258256e-02 6.939400e-02 3.106491e-02 6.262160e-02 3.973011e-02 -9.844414e-02 -9.582964e-02 6.219803e-02 -1.096618e-01 -8.560006e-02 -4.058274e-02 -5.828676e-02 2.233049e-02
<VARIANCE> 39
 7.209683e+00 7.702900e+00 8.761767e+00 1.421854e+01 9.259025e+00 2.689790e+01 1.358405e+01 2.549883e+01 8.406093e+00 2.751492e+01 1.800692e+01 1.837600e+01 7.553646e-01 1.854884e-01 3.597725e-01 4.331781e-01 7.051142e-01 1.131791e+00 8.766438e-01 9.794840e-01 1.578914e+00 1.261197e+00 1.485594e+00 1.116786e+00 1.400769e+00 3.201906e-02 3.327602e-02 6.135916e-02 6.862316e-02 8.151142e-02 1.324213e-01 1.378349e-01 1.677484e-01 2.291807e-01 2.309057e-01 2.497706e-01 2.714127e-01 2.664414e-01 6.905866e-03
<GCONST> 6.792120e+01
<STATE> 19
<MEAN> 39
 -1.922532e+01 -6.080481e+00 -1.484126e+00 -1.417211e+00 3.593509e+00 -1.246457e+00 2.803750e+00 -4.930378e+00 5.653468e-01 -8.404400e+00 -1.711616e+00 -9.245182e+00 5.620271e+01 5.910260e-01 -7.365743e-01 2.829470e-01 -2.173049e-01 -2.207022e-01 6.658017e-01 -3.722779e-01 3.190410e-01 -3.658662e-03 4.832797e-02 5.508313e-01 1.831507e-01 -2.447017e-01 7.648368e-02 1.306553e-01 -3.824916e-02 -1.220816e-02 -4.439283e-02 -8.182726e-02 -5.151546e-02 -4.006261e-02 -2.552317e-02 -1.059529e-01 8.620829e-02 1.700500e-01 7.846027e-02
<VARIANCE> 39
 1.067173e+01 4.630296e+00 1.382471e+01 1.923928e+01 5.000508e+01 2.512185e+01 2.770675e+01 1.731532e+01 2.688626e+01 5.205804e+01 5.047231e+01 3.147532e+01 9.258966e-01 3.826967e-01 3.648338e-01 7.723580e-01 1.443092e+00 1.406704e+00 2.114001e+00 1.845768e+00 1.060855e+00 2.554122e+00 2.474045e+00 1.716331e+00 1.258277e+00 7.400941e-02 5.374536e-02 6.403832e-02 1.235568e-01 3.198031e-01 3.497855e-01 3.109061e-01 2.111980e-01 2.411224e-01 3.940887e-01 3.689472e-01 3.348548e-01 3.238347e-01 1.166285e-02
<GCONST> 8.621877e+01
<TRANSP> 20
 0.000000e+00 1.000000e+00 0.000000e+00 0.000000e+00 0.000000e+00 0.000000e+00 0.000000e+00 0.000000e+00 0.000000e+00 0.000000e+00 0.000000e+00 0.000000e+00 0.000000e+00 0.000000e+00 0.000000e+00 0.000000e+00 0.000000e+00 0.000000e+00 0.000000e+00 0.000000e+00
 0.000000e+00 7.369100e-01 2.630900e-01 0.000000e+00 0.000000e+00 0.000000e+00 0.000000e+00 0.000000e+00 0.000000e+00 0.000000e+00 0.000000e+00 0.000000e+00 0.000000e+00 0.000000e+00 0.000000e+00 0.000000e+00 0.000000e+00 0.000000e+00 0.000000e+00 0.000000e+00
 0.000000e+00 0.000000e+00 7.475637e-01 2.524364e-01 0.000000e+00 0.000000e+00 0.000000e+00 0.000000e+00 0.000000e+00 0.000000e+00 0.000000e+00 0.000000e+00 0.000000e+00 0.000000e+00 0.000000e+00 0.000000e+00 0.000000e+00 0.000000e+00 0.000000e+00 0.000000e+00
 0.000000e+00 0.000000e+00 0.000000e+00 7.304272e-01 2.695728e-01 0.000000e+00 0.000000e+00 0.000000e+00 0.000000e+00 0.000000e+00 0.000000e+00 0.000000e+00 0.000000e+00 0.000000e+00 0.000000e+00 0.000000e+00 0.000000e+00 0.000000e+00 0.000000e+00 0.000000e+00
 0.000000e+00 0.000000e+00 0.000000e+00 0.000000e+00 7.235439e-01 2.764561e-01 0.000000e+00 0.000000e+00 0.000000e+00 0.000000e+00 0.000000e+00 0.000000e+00 0.000000e+00 0.000000e+00 0.000000e+00 0.000000e+00 0.000000e+00 0.000000e+00 0.000000e+00 0.000000e+00
 0.000000e+00 0.000000e+00 0.000000e+00 0.000000e+00 0.000000e+00 8.559024e-01 1.440976e-01 0.000000e+00 0.000000e+00 0.000000e+00 0.000000e+00 0.000000e+00 0.000000e+00 0.000000e+00 0.000000e+00 0.000000e+00 0.000000e+00 0.000000e+00 0.000000e+00 0.000000e+00
 0.000000e+00 0.000000e+00 0.000000e+00 0.000000e+00 0.000000e+00 0.000000e+00 7.915727e-01 2.084273e-01 0.000000e+00 0.000000e+00 0.000000e+00 0.000000e+00 0.000000e+00 0.000000e+00 0.000000e+00 0.000000e+00 0.000000e+00 0.000000e+00 0.000000e+00 0.000000e+00
 0.000000e+00 0.000000e+00 0.000000e+00 0.000000e+00 0.000000e+00 0.000000e+00 0.000000e+00 6.925058e-01 3.074942e-01 0.000000e+00 0.000000e+00 0.000000e+00 0.000000e+00 0.000000e+00 0.000000e+00 0.000000e+00 0.000000e+00 0.000000e+00 0.000000e+00 0.000000e+00
 0.000000e+00 0.000000e+00 0.000000e+00 0.000000e+00 0.000000e+00 0.000000e+00 0.000000e+00 0.000000e+00 7.277212e-01 2.722788e-01 0.000000e+00 0.000000e+00 0.000000e+00 0.000000e+00 0.000000e+00 0.000000e+00 0.000000e+00 0.000000e+00 0.000000e+00 0.000000e+00
 0.000000e+00 0.000000e+00 0.000000e+00 0.000000e+00 0.000000e+00 0.000000e+00 0.000000e+00 0.000000e+00 0.000000e+00 7.544217e-01 2.455783e-01 0.000000e+00 0.000000e+00 0.000000e+00 0.000000e+00 0.000000e+00 0.000000e+00 0.000000e+00 0.000000e+00 0.000000e+00
 0.000000e+00 0.000000e+00 0.000000e+00 0.000000e+00 0.000000e+00 0.000000e+00 0.000000e+00 0.000000e+00 0.000000e+00 0.000000e+00 7.216606e-01 2.783395e-01 0.000000e+00 0.000000e+00 0.000000e+00 0.000000e+00 0.000000e+00 0.000000e+00 0.000000e+00 0.000000e+00
 0.000000e+00 0.000000e+00 0.000000e+00 0.000000e+00 0.000000e+00 0.000000e+00 0.000000e+00 0.000000e+00 0.000000e+00 0.000000e+00 0.000000e+00 7.421533e-01 2.578467e-01 0.000000e+00 0.000000e+00 0.000000e+00 0.000000e+00 0.000000e+00 0.000000e+00 0.000000e+00
 0.000000e+00 0.000000e+00 0.000000e+00 0.000000e+00 0.000000e+00 0.000000e+00 0.000000e+00 0.000000e+00 0.000000e+00 0.000000e+00 0.000000e+00 0.000000e+00 8.069440e-01 1.930560e-01 0.000000e+00 0.000000e+00 0.000000e+00 0.000000e+00 0.000000e+00 0.000000e+00
 0.000000e+00 0.000000e+00 0.000000e+00 0.000000e+00 0.000000e+00 0.000000e+00 0.000000e+00 0.000000e+00 0.000000e+00 0.000000e+00 0.000000e+00 0.000000e+00 0.000000e+00 7.638394e-01 2.361606e-01 0.000000e+00 0.000000e+00 0.000000e+00 0.000000e+00 0.000000e+00
 0.000000e+00 0.000000e+00 0.000000e+00 0.000000e+00 0.000000e+00 0.000000e+00 0.000000e+00 0.000000e+00 0.000000e+00 0.000000e+00 0.000000e+00 0.000000e+00 0.000000e+00 0.000000e+00 7.893721e-01 2.106279e-01 0.000000e+00 0.000000e+00 0.000000e+00 0.000000e+00
 0.000000e+00 0.000000e+00 0.000000e+00 0.000000e+00 0.000000e+00 0.000000e+00 0.000000e+00 0.000000e+00 0.000000e+00 0.000000e+00 0.000000e+00 0.000000e+00 0.000000e+00 0.000000e+00 0.000000e+00 7.416388e-01 2.583611e-01 0.000000e+00 0.000000e+00 0.000000e+00
 0.000000e+00 0.000000e+00 0.000000e+00 0.000000e+00 0.000000e+00 0.000000e+00 0.000000e+00 0.000000e+00 0.000000e+00 0.000000e+00 0.000000e+00 0.000000e+00 0.000000e+00 0.000000e+00 0.000000e+00 0.000000e+00 7.623220e-01 2.376781e-01 0.000000e+00 0.000000e+00
 0.000000e+00 0.000000e+00 0.000000e+00 0.000000e+00 0.000000e+00 0.000000e+00 0.000000e+00 0.000000e+00 0.000000e+00 0.000000e+00 0.000000e+00 0.000000e+00 0.000000e+00 0.000000e+00 0.000000e+00 0.000000e+00 0.000000e+00 7.919481e-01 2.080519e-01 0.000000e+00
 0.000000e+00 0.000000e+00 0.000000e+00 0.000000e+00 0.000000e+00 0.000000e+00 0.000000e+00 0.000000e+00 0.000000e+00 0.000000e+00 0.000000e+00 0.000000e+00 0.000000e+00 0.000000e+00 0.000000e+00 0.000000e+00 0.000000e+00 0.000000e+00 7.441591e-01 2.558409e-01
 0.000000e+00 0.000000e+00 0.000000e+00 0.000000e+00 0.000000e+00 0.000000e+00 0.000000e+00 0.000000e+00 0.000000e+00 0.000000e+00 0.000000e+00 0.000000e+00 0.000000e+00 0.000000e+00 0.000000e+00 0.000000e+00 0.000000e+00 0.000000e+00 0.000000e+00 0.000000e+00
<ENDHMM>
