~o
<STREAMINFO> 1 39
<VECSIZE> 39<NULLD><MFCC_D_A_0><DIAGC>
~h "jam"
<BEGINHMM>
<NUMSTATES> 20
<STATE> 2
<MEAN> 39
 -1.681588e+01 -5.729553e+00 -8.607494e-01 -2.003772e+00 3.949703e+00 -3.403127e-01 2.884889e+00 -4.920035e+00 4.625449e-01 -7.994461e+00 -2.269918e+00 -8.106663e+00 5.685476e+01 1.488555e+00 1.913332e+00 1.726495e+00 1.337154e+00 5.836203e-01 -1.746328e-01 -9.202068e-01 -1.463631e+00 -1.831684e+00 -1.286280e+00 -9.739105e-01 -6.458900e-01 5.973303e-01 3.480060e-01 5.754008e-01 4.959464e-01 2.510302e-01 -1.930112e-02 -3.365547e-01 -2.987709e-01 -4.078875e-01 -4.724275e-01 -2.641085e-01 -2.073568e-01 -2.297883e-01 1.852727e-01
<VARIANCE> 39
 4.692386e+00 8.904696e+00 8.752572e+00 1.332583e+01 1.563409e+01 1.305013e+01 2.320329e+01 2.379204e+01 2.047777e+01 1.651271e+01 1.967925e+01 1.682909e+01 8.436087e-01 1.393500e+00 2.924873e+00 2.610344e+00 1.295398e+00 8.508517e-01 1.737008e+00 3.175605e+00 3.347979e+00 4.055008e+00 3.364026e+00 3.286173e+00 2.086167e+00 2.279376e-01 1.544061e-01 2.143009e-01 2.291794e-01 1.715230e-01 1.923689e-01 2.712293e-01 4.494519e-01 4.852568e-01 6.250181e-01 5.303655e-01 3.410928e-01 2.960193e-01 1.732303e-02
<GCONST> 9.312049e+01
<STATE> 3
<MEAN> 39
 -7.411395e+00 6.311922e+00 9.436013e+00 3.799755e+00 4.114534e+00 -4.967483e+00 -3.068128e+00 -1.175764e+01 -7.372381e+00 -1.453471e+01 -6.966880e+00 -1.133942e+01 6.096128e+01 1.897706e-01 1.083401e+00 5.186014e-01 1.509115e-01 4.747612e-01 -8.596064e-01 2.538826e-01 -6.624452e-01 -1.137435e-01 1.308097e-03 -4.291439e-02 1.888056e-02 6.444972e-01 -8.049883e-01 -3.718422e-01 -5.763006e-01 -6.014868e-01 8.368537e-02 -4.299573e-01 4.381332e-01 1.699406e-01 5.088472e-01 4.612342e-01 4.610008e-01 3.403094e-01 1.094911e-01
<VARIANCE> 39
 7.530663e+00 1.013948e+01 8.522830e+00 1.959339e+01 3.348052e+01 4.914934e+01 4.617817e+01 3.136217e+01 5.352212e+01 7.029855e+01 6.705172e+01 4.705156e+01 1.628938e+00 3.864949e+00 2.784949e+00 2.665089e+00 2.043323e+00 1.564450e+00 2.587795e+00 3.004905e+00 2.971572e+00 3.266035e+00 4.700152e+00 2.348657e+00 2.998779e+00 3.685331e-01 1.946119e-01 4.773195e-01 3.536441e-01 4.946475e-01 4.284441e-01 1.074854e+00 4.438588e-01 8.539818e-01 5.727587e-01 7.817767e-01 5.252895e-01 5.267017e-01 1.710855e-01
<GCONST> 1.142165e+02
<STATE> 4
<MEAN> 39
 -1.649236e+01 7.969206e+00 5.480815e+00 -1.405021e+00 1.138774e+01 -1.202437e+01 2.817973e+00 -1.413582e+01 -2.832074e+00 -9.985097e+00 -3.516179e+00 -8.082668e+00 6.526971e+01 -1.421562e+00 1.234870e+00 -1.113197e-01 -2.766289e+00 -1.378253e+00 -5.829201e+00 -7.093666e-01 -3.763976e-01 2.029169e-01 1.296419e+00 3.093934e+00 1.963771e+00 2.517642e+00 1.079911e+00 -6.549494e-01 5.572829e-01 4.940483e-02 -1.976768e+00 -7.780992e-01 -6.422354e-01 1.153196e+00 -5.629250e-01 -1.224608e-01 8.376347e-01 3.228697e-01 3.335837e-01
<VARIANCE> 39
 2.043276e+01 3.492628e+01 3.820020e+01 5.728132e+01 4.373419e+01 7.188167e+01 3.943213e+01 6.495963e+01 6.357554e+01 5.742594e+01 1.016718e+02 5.936372e+01 1.538844e+01 4.066893e+00 1.283531e+00 5.236414e+00 3.781047e+00 1.130561e+01 3.121240e+00 4.385569e+00 8.597559e+00 5.388118e+00 6.583643e+00 8.654551e+00 5.019854e+00 4.055298e-01 5.847169e-01 6.775307e-01 5.948145e-01 1.202799e+00 9.317799e-01 9.350657e-01 4.483004e-01 1.286248e+00 1.511005e+00 8.194340e-01 8.397191e-01 7.926821e-01 1.592707e-01
<GCONST> 1.357712e+02
<STATE> 5
<MEAN> 39
 -1.214462e+01 6.853342e+00 1.179981e+01 -5.518163e+00 -6.891247e+00 -3.102894e+01 -2.151132e+00 -6.774697e+00 -8.151753e+00 -7.604028e+00 1.162189e+01 -7.428768e-01 7.331875e+01 2.864551e+00 -3.373577e+00 1.271624e+00 -5.504347e-02 -5.899185e+00 -3.474808e+00 -4.325458e-01 4.407723e+00 -1.059054e+00 1.236553e-01 2.576110e+00 1.308148e+00 2.397351e+00 3.916171e-01 -1.141943e+00 -7.800885e-01 5.357441e-01 1.026692e+00 1.911090e+00 5.350569e-01 5.496151e-01 5.687620e-01 -2.258250e-01 -1.469408e+00 -8.755355e-01 -3.920546e-01
<VARIANCE> 39
 2.656918e+01 2.726385e+01 7.893999e+01 4.890706e+01 1.297931e+02 2.847638e+01 2.787589e+01 1.353270e+02 2.829116e+01 6.301146e+01 1.824404e+02 5.382670e+01 1.214173e+01 1.198356e+00 2.602098e+00 4.262457e+00 2.513113e+00 7.619076e+00 6.595712e+00 3.705936e+00 5.089725e+00 1.358973e+01 2.615762e+00 6.118559e+00 3.595506e+00 6.698590e-01 7.395886e-01 3.504446e-01 1.049677e+00 7.278550e-01 2.658406e+00 4.263355e-01 3.232490e-01 1.733572e+00 9.680752e-01 8.688343e-01 8.552917e-01 6.014144e-01 6.179722e-02
<GCONST> 1.330753e+02
<STATE> 6
<MEAN> 39
 -5.850750e+00 -4.908805e+00 9.894756e+00 -4.688703e+00 -1.338724e+01 -3.210873e+01 1.659477e-01 5.572803e+00 -6.273119e+00 -8.674695e+00 1.030855e+01 -2.233492e+00 7.737512e+01 1.362965e+00 -3.614499e+00 -2.167242e+00 8.854270e-02 1.219394e+00 1.908343e+00 6.954690e-02 1.852264e+00 1.158128e+00 2.266666e-02 -2.211418e+00 -1.584477e+00 7.548112e-01 -4.133273e-01 4.227041e-01 -6.528470e-01 -1.332825e-01 1.727653e+00 1.192990e+00 -3.020122e-01 -1.386280e+00 9.321388e-02 -3.502568e-03 -9.774725e-01 -6.589715e-01 -4.436308e-01
<VARIANCE> 39
 6.185082e+00 2.013296e+01 9.211247e+01 2.225487e+01 7.069646e+01 5.350724e+01 3.656532e+01 1.018696e+02 7.696108e+01 2.813877e+01 1.867383e+02 4.349835e+01 1.301516e+01 4.366308e-01 9.589522e-01 3.814736e+00 1.906221e+00 4.015440e+00 3.142686e+00 1.584681e+00 5.164567e+00 3.042939e+00 3.598286e+00 1.561950e+00 2.917238e+00 2.143538e-01 5.438150e-02 1.639460e-01 4.882778e-01 2.541662e-01 7.189777e-01 4.229758e-01 3.383542e-01 7.013190e-01 1.013988e+00 2.534547e-01 3.216971e-01 4.246691e-01 4.584755e-02
<GCONST> 1.120907e+02
<STATE> 7
<MEAN> 39
 -2.387945e+00 -1.364555e+01 1.370780e-01 -6.301718e+00 -2.695369e+00 -2.234609e+01 -2.785791e+00 3.553246e+00 -4.188402e+00 -8.134105e+00 -7.248314e-01 -9.720791e+00 7.806242e+01 8.817404e-01 -1.447891e+00 -1.999419e+00 -5.296718e-01 1.979819e+00 3.255651e+00 -5.587662e-01 -8.873113e-01 4.431825e-01 6.025566e-01 -2.297819e+00 -2.475939e+00 -2.798353e-02 -1.143699e-01 6.507611e-01 3.651972e-01 -8.452102e-02 -4.088186e-01 7.827098e-02 -5.205507e-02 -4.542513e-01 -1.032274e-01 3.106462e-01 4.656427e-01 1.091299e-01 -1.841018e-01
<VARIANCE> 39
 3.883757e+00 9.777246e+00 8.200352e+01 7.257749e+00 5.637768e+01 6.588386e+01 4.376856e+01 1.035112e+02 8.363446e+01 3.522622e+01 2.090656e+02 5.579448e+01 9.780834e+00 1.220242e-01 9.148113e-01 9.973941e-01 7.608700e-01 1.483511e+00 2.216028e+00 1.390845e+00 4.301100e+00 1.944117e+00 2.141825e+00 1.623311e+00 1.173893e+00 1.187362e-01 1.844245e-02 6.971207e-02 1.355010e-01 1.546515e-01 1.974780e-01 2.276430e-01 1.674752e-01 4.559380e-01 3.544110e-01 5.157778e-01 2.169946e-01 4.602911e-01 1.668540e-02
<GCONST> 9.413264e+01
<STATE> 8
<MEAN> 39
 7.272155e-02 -1.529116e+01 -4.218670e+00 -8.905602e+00 -1.501758e+00 -7.499482e+00 -4.828068e+00 -2.075180e+00 -3.373197e+00 -1.262458e+00 -2.483409e+00 -1.688589e+01 7.677467e+01 3.698296e-01 4.236145e-01 -6.041538e-01 -4.021245e-01 2.585061e-01 1.554548e+00 -7.027175e-01 -1.335690e+00 6.943766e-01 7.148192e-01 -1.617556e-01 -2.808662e-01 -5.520564e-01 -8.043341e-02 3.168040e-01 2.083253e-01 3.288513e-02 -2.064312e-01 -4.510189e-01 2.411537e-02 8.085705e-02 -5.068206e-02 -1.903740e-01 3.305510e-01 3.181141e-01 -1.074744e-01
<VARIANCE> 39
 2.736063e+00 1.005700e+01 4.711624e+01 7.589226e+00 6.310304e+01 1.336345e+02 3.383686e+01 8.247561e+01 6.911619e+01 1.869995e+01 8.499928e+01 1.938977e+01 8.367299e+00 1.206960e-01 4.713371e-01 3.739504e-01 6.012765e-01 8.288984e-01 1.435133e+00 1.127580e+00 1.167895e+00 1.033070e+00 1.183031e+00 1.221519e+00 1.613430e+00 9.393663e-02 2.078009e-02 4.425917e-02 7.444756e-02 9.044987e-02 1.706340e-01 2.042070e-01 2.026701e-01 3.219649e-01 2.809044e-01 1.464890e-01 1.726962e-01 1.650033e-01 8.640565e-03
<GCONST> 7.956686e+01
<STATE> 9
<MEAN> 39
 1.361514e+00 -1.112446e+01 -6.418629e+00 -1.077860e+01 -5.893353e-02 -5.088320e+00 -7.990138e+00 -7.772758e+00 9.388879e-01 -1.030007e+00 -2.749377e+00 -1.575274e+01 7.376523e+01 5.473607e-02 2.124522e+00 7.688712e-01 2.711309e-01 -4.565549e-01 -1.587306e-01 -4.211299e-01 -1.023631e+00 -5.307555e-01 -3.381735e-01 9.328629e-01 8.471159e-01 -1.222145e+00 -1.289028e-01 2.927487e-01 5.467997e-01 5.284781e-01 9.002822e-02 -3.223088e-01 6.937056e-02 9.987096e-02 -5.612397e-01 -5.288245e-01 -2.566345e-01 2.469235e-01 -7.521655e-02
<VARIANCE> 39
 2.188694e+00 8.256013e+00 5.514965e+01 8.453034e+00 1.953347e+01 9.144659e+01 4.243850e+01 6.766966e+01 4.040068e+01 1.886756e+01 1.189974e+02 1.437606e+01 5.011832e+00 1.033287e-01 3.356272e-01 1.055215e+00 1.077142e+00 2.599766e+00 9.682757e-01 9.871924e-01 3.516767e+00 1.330967e+00 2.029735e+00 1.418501e+00 1.640400e+00 6.960813e-02 2.320539e-02 9.907749e-02 6.542721e-02 8.900096e-02 8.620317e-02 1.372353e-01 1.783954e-01 3.457083e-01 1.951176e-01 5.978830e-01 3.971676e-01 2.825285e-01 1.248035e-02
<GCONST> 8.280349e+01
<STATE> 10
<MEAN> 39
 8.085003e-01 -4.075330e+00 -2.005881e-01 -6.894431e+00 2.982032e-02 -5.167613e+00 -8.097866e+00 -8.942215e+00 -3.599988e+00 -3.736624e+00 -1.049301e+00 -1.315528e+01 7.020018e+01 -1.515729e-01 1.773270e+00 1.173857e+00 8.389110e-01 3.774006e-01 -2.358844e-01 -4.864095e-01 -6.360867e-01 -1.993763e+00 -1.875535e+00 -6.144651e-01 2.386182e-01 -8.545759e-01 -2.620063e-02 -2.329362e-01 -2.127755e-01 -1.187401e-01 1.979777e-01 1.427293e-01 -5.098959e-02 -7.694251e-04 -1.269205e-01 -2.160692e-01 -2.006597e-01 -9.067500e-02 1.376812e-01
<VARIANCE> 39
 2.339003e+00 5.040740e+00 3.712535e+01 1.351296e+01 1.190063e+01 6.196100e+01 4.508735e+01 3.328405e+01 3.283553e+01 3.249812e+01 1.055680e+02 2.409039e+01 2.341742e+00 9.223548e-02 4.403892e-01 1.037601e+00 8.049945e-01 1.595033e+00 1.046157e+00 1.443637e+00 2.874142e+00 1.218932e+00 1.964115e+00 1.377570e+00 2.283667e+00 1.033043e-01 1.274477e-02 4.477806e-02 7.348806e-02 1.590432e-01 1.358110e-01 1.325097e-01 1.645838e-01 1.553467e-01 1.536275e-01 2.416541e-01 2.779112e-01 3.341518e-01 6.928418e-03
<GCONST> 7.800032e+01
<STATE> 11
<MEAN> 39
 3.569728e-01 4.265369e-01 -4.041681e-02 -4.988154e+00 1.893514e+00 -6.207570e+00 -1.029739e+01 -1.357053e+01 -1.073068e+01 -1.272558e+01 -5.957642e+00 -1.351550e+01 6.771844e+01 -2.342115e-01 1.014209e+00 4.214142e-01 5.743227e-01 5.506465e-01 1.167596e-02 -3.214652e-01 -1.078857e+00 -8.514581e-01 -8.033538e-01 1.900681e-01 3.587223e-01 -6.192891e-01 -3.967030e-02 -1.046942e-01 -5.955162e-02 4.144106e-02 8.480665e-03 2.549491e-02 1.332293e-01 1.017021e-02 4.819327e-01 3.960335e-01 1.267360e-01 -4.732531e-02 7.255153e-03
<VARIANCE> 39
 2.988641e+00 4.472287e+00 2.398310e+01 8.419855e+00 2.115736e+01 3.090438e+01 3.238514e+01 5.086710e+01 2.039767e+01 7.012597e+01 1.501597e+02 5.134938e+01 1.492658e+00 1.705878e-01 5.065735e-01 8.642610e-01 7.747362e-01 9.842901e-01 9.452807e-01 8.236843e-01 2.214084e+00 1.499618e+00 1.660726e+00 1.402183e+00 1.855958e+00 4.567906e-02 3.020182e-02 1.107558e-01 1.108388e-01 8.937072e-02 1.207427e-01 2.296700e-01 2.010290e-01 2.462914e-01 2.576414e-01 1.953256e-01 2.429986e-01 3.048571e-01 1.219430e-02
<GCONST> 7.964180e+01
<STATE> 12
<MEAN> 39
 -6.919912e-01 3.768327e+00 1.248639e+00 -2.731255e+00 2.044803e+00 -7.478608e+00 -1.369328e+01 -1.967023e+01 -1.003093e+01 -1.364804e+01 -6.739876e+00 -1.366204e+01 6.528732e+01 -5.555092e-01 6.235145e-01 3.808693e-01 4.359717e-01 5.607410e-01 8.185830e-01 6.376486e-01 -3.189515e-01 2.592013e-01 -4.730518e-01 -7.951099e-02 9.742876e-02 -6.597800e-01 -1.577311e-01 -2.003632e-01 -9.049837e-02 -1.279291e-01 4.035221e-02 1.154809e-01 3.118325e-01 3.618304e-01 1.040439e-01 6.621038e-02 1.278353e-02 6.319251e-02 -3.970756e-02
<VARIANCE> 39
 2.004620e+00 7.102764e+00 2.181465e+01 1.086211e+01 1.322411e+01 1.826471e+01 2.042031e+01 3.018492e+01 2.035069e+01 5.321769e+01 6.460678e+01 4.629362e+01 1.028546e+00 1.145548e-01 2.197823e-01 2.850547e-01 1.028802e+00 5.751928e-01 1.091367e+00 1.651423e+00 9.095415e-01 1.294517e+00 1.177829e+00 1.242779e+00 1.073462e+00 4.614043e-02 1.230423e-02 2.231882e-02 6.953513e-02 1.800898e-01 1.356734e-01 2.066583e-01 2.233032e-01 1.370731e-01 1.653202e-01 3.045637e-01 1.168235e-01 1.410082e-01 3.544934e-03
<GCONST> 6.701952e+01
<STATE> 13
<MEAN> 39
 -3.346545e+00 6.939079e+00 3.268158e+00 -1.191960e+00 1.020820e+01 9.668819e-01 -5.951993e+00 -1.384664e+01 -6.497292e+00 -9.636867e+00 -9.990194e-01 -7.157688e+00 6.258157e+01 -8.087087e-01 3.601608e-01 -2.851137e-01 -3.758734e-02 5.657297e-01 6.118605e-01 3.494696e-01 1.073070e-02 7.681799e-01 9.705004e-02 -4.839594e-01 4.463911e-01 -7.982396e-01 -6.767271e-02 -1.386881e-01 -1.043749e-02 -1.281649e-01 -2.538204e-01 -8.409411e-02 -1.074429e-01 -1.044143e-01 -7.993800e-03 1.694781e-01 -2.584900e-03 -3.279990e-02 1.890158e-02
<VARIANCE> 39
 3.855145e+00 1.287258e+01 2.039299e+01 2.247476e+01 3.451476e+01 3.461381e+01 2.148701e+01 7.722037e+01 2.188204e+01 3.099224e+01 3.943597e+01 3.825621e+01 2.308776e+00 1.738599e-01 4.498329e-01 3.434011e-01 6.478213e-01 1.286526e+00 1.436539e+00 1.213866e+00 9.749842e-01 1.128939e+00 1.204437e+00 1.389423e+00 7.757914e-01 3.577052e-02 9.415551e-03 2.253991e-02 1.001249e-01 1.449144e-01 1.374523e-01 2.601425e-01 2.283850e-01 1.738855e-01 1.562688e-01 2.808569e-01 1.935131e-01 1.942700e-01 4.216472e-03
<GCONST> 7.354344e+01
<STATE> 14
<MEAN> 39
 -6.965484e+00 3.776005e+00 1.820135e+00 -3.154588e+00 2.439511e+00 -4.257469e+00 -7.897658e+00 -1.860520e+01 -9.937077e+00 -1.573891e+01 -9.017247e+00 -1.329813e+01 6.066095e+01 -8.893953e-01 -7.908108e-02 4.638159e-01 3.199829e-01 -1.298466e-01 5.133330e-01 4.731643e-01 -2.684357e-01 1.492573e-01 2.529756e-01 1.254455e-01 9.332498e-02 -5.585166e-01 5.059122e-02 -1.110830e-02 4.135916e-02 1.455496e-01 6.195328e-02 4.109309e-03 4.493463e-02 1.653364e-02 -6.440461e-03 -7.438855e-02 -2.123642e-02 -4.323414e-02 7.024435e-02
<VARIANCE> 39
 2.552168e+00 1.143642e+01 1.160383e+01 1.080316e+01 3.506996e+01 2.627203e+01 2.021041e+01 3.117484e+01 3.285693e+01 6.151924e+01 4.383988e+01 6.085434e+01 1.241534e+00 1.740637e-01 2.723146e-01 4.346669e-01 8.131805e-01 7.679097e-01 1.136601e+00 1.425787e+00 1.533517e+00 1.296564e+00 1.611842e+00 1.254071e+00 1.091504e+00 6.080754e-02 3.053792e-02 6.212078e-02 1.007466e-01 1.688195e-01 1.344416e-01 1.368356e-01 2.921588e-01 3.132858e-01 2.635854e-01 3.845017e-01 2.384342e-01 2.733759e-01 7.849148e-03
<GCONST> 7.708347e+01
<STATE> 15
<MEAN> 39
 -1.091924e+01 2.317421e+00 3.762335e+00 2.681050e-01 4.823894e+00 -1.488846e+00 -4.351822e+00 -1.696814e+01 -8.611053e+00 -1.373957e+01 -6.663970e+00 -1.070998e+01 5.875492e+01 -5.960258e-01 -2.534129e-01 1.296760e-01 1.585606e-01 3.567587e-01 4.467504e-01 7.933801e-01 5.774387e-01 -1.604327e-01 -1.254318e-01 -1.024850e-01 -3.100569e-01 -2.448294e-01 7.549673e-02 3.291167e-02 -4.262365e-02 -1.009368e-01 8.136503e-02 1.685393e-01 4.246397e-02 7.498102e-02 3.041452e-02 2.630182e-02 -1.204765e-01 -1.937024e-01 3.461483e-02
<VARIANCE> 39
 5.639944e+00 2.075420e+01 1.614091e+01 2.265668e+01 2.987747e+01 2.565911e+01 2.151199e+01 3.117670e+01 3.744625e+01 3.912606e+01 1.741782e+01 2.579042e+01 7.648299e-01 1.708743e-01 4.580877e-01 4.753423e-01 8.501511e-01 1.082317e+00 1.204051e+00 1.045201e+00 6.585778e-01 1.860105e+00 2.384290e+00 1.559123e+00 1.698935e+00 4.453279e-02 3.534978e-02 1.106543e-01 1.168490e-01 1.570279e-01 2.008902e-01 2.936932e-01 2.532078e-01 8.268253e-02 4.857406e-01 3.567069e-01 2.461994e-01 1.671246e-01 1.141699e-02
<GCONST> 7.875616e+01
<STATE> 16
<MEAN> 39
 -1.231883e+01 6.709072e+00 4.937711e+00 -1.757698e+00 1.170584e+01 9.295033e+00 -7.056535e-01 -1.736593e+01 -4.586110e+00 -7.582449e+00 -4.611018e+00 -1.135308e+01 5.678919e+01 -6.568355e-01 -6.047307e-01 -1.771489e-01 -4.058843e-01 -1.161073e-01 8.388574e-01 9.621675e-01 3.220255e-01 -7.079485e-03 5.004110e-01 2.463998e-01 -4.900685e-01 -2.462475e-01 3.965272e-02 -1.598817e-01 -1.348768e-01 4.382520e-02 -2.526975e-02 -1.464915e-01 -1.877710e-02 6.388825e-02 3.326047e-02 2.575697e-02 7.314276e-02 2.977121e-01 5.008694e-02
<VARIANCE> 39
 5.586658e+00 1.462284e+01 8.663392e+00 1.795410e+01 4.221443e+01 4.048657e+01 3.057887e+01 6.322487e+01 4.290934e+01 7.993859e+01 3.724321e+01 2.658674e+01 1.233371e+00 1.870188e-01 4.907237e-01 6.930919e-01 1.027051e+00 3.258523e+00 2.598556e+00 1.781664e+00 2.041375e+00 2.793461e+00 1.541711e+00 1.886602e+00 2.103497e+00 5.485855e-02 2.409946e-02 6.580018e-02 8.613294e-02 1.267464e-01 4.503659e-01 2.631391e-01 2.394494e-01 2.872808e-01 4.573535e-01 3.245942e-01 3.025483e-01 2.877385e-01 4.615554e-03
<GCONST> 8.651983e+01
<STATE> 17
<MEAN> 39
 -1.435809e+01 -2.431471e-01 2.751227e+00 -3.759291e-01 8.082169e+00 5.392777e+00 3.907102e+00 -1.115718e+01 -5.988100e+00 -1.293117e+01 -9.112170e+00 -1.461425e+01 5.737639e+01 -3.009718e-01 -4.940012e-01 -5.826792e-01 -9.217291e-02 2.209893e-01 5.408990e-01 8.703820e-01 1.083340e+00 1.345931e+00 9.017847e-01 7.600177e-02 2.170728e-01 -1.353611e-01 -2.021796e-02 -6.220096e-02 -1.061878e-01 -9.569535e-02 -2.277481e-01 -3.575165e-01 -2.850161e-01 1.669687e-01 2.823650e-02 1.506131e-03 2.702027e-01 7.210153e-02 -1.787279e-02
<VARIANCE> 39
 1.270820e+00 6.353280e+00 8.517154e+00 2.472484e+01 1.725012e+01 1.983531e+01 3.356420e+01 3.506567e+01 3.907310e+01 6.441432e+01 7.738863e+01 2.306049e+01 6.463357e-01 1.265301e-01 7.201973e-01 1.133907e+00 9.070510e-01 1.569836e+00 1.216765e+00 1.925463e+00 1.505810e+00 1.172367e+00 2.805132e+00 2.694480e+00 1.135720e+00 4.139027e-02 1.545992e-02 8.563078e-02 1.464981e-01 1.473982e-01 3.866594e-01 1.689828e-01 3.023469e-01 4.589550e-01 3.660267e-01 7.354239e-01 3.761374e-01 1.837881e-01 6.091239e-03
<GCONST> 8.112073e+01
<STATE> 18
<MEAN> 39
 -1.505274e+01 -1.467902e+00 -4.287228e-01 -1.903592e+00 8.734684e+00 6.429019e+00 4.691389e+00 -6.517323e+00 -9.453096e-01 -6.967616e+00 -2.148255e+00 -1.016980e+01 5.690620e+01 -3.137771e-01 -8.200892e-01 -3.473700e-01 -4.364425e-02 -5.975653e-01 -9.910931e-01 -4.231260e-01 7.783522e-01 3.229374e-01 -4.070457e-01 3.783796e-01 7.889175e-01 -6.199851e-02 -5.643971e-02 1.914906e-02 3.227887e-01 1.428468e-01 4.639223e-03 -1.624381e-01 -8.865798e-02 -3.269338e-01 -3.533374e-01 -3.805998e-01 -2.384783e-01 -9.253836e-02 -2.114022e-02
<VARIANCE> 39
 1.258688e+00 5.435160e+00 8.314781e+00 3.016938e+01 1.906597e+01 2.045080e+01 1.799272e+01 3.089494e+01 1.934064e+01 2.013724e+01 4.771215e+01 4.638398e+01 6.352757e-01 1.832461e-01 4.296056e-01 7.555522e-01 9.857649e-01 1.618372e+00 1.224205e+00 8.182231e-01 2.036450e+00 1.466582e+00 1.896599e+00 2.075930e+00 1.580371e+00 5.295198e-02 3.590577e-02 3.545035e-02 1.242551e-01 1.394778e-01 2.767186e-01 2.783607e-01 1.814976e-01 1.849156e-01 2.893895e-01 1.778444e-01 5.008233e-01 4.779877e-01 9.257011e-03
<GCONST> 7.649670e+01
<STATE> 19
<MEAN> 39
 -1.811374e+01 -3.953394e+00 1.684325e+00 5.975073e-01 9.477835e+00 5.142561e+00 4.070837e+00 -7.335450e+00 -3.709930e+00 -1.167430e+01 -6.412610e+00 -1.163139e+01 5.551989e+01 -5.025709e-01 -6.276591e-01 6.191650e-02 2.899106e-01 8.404108e-02 4.899648e-02 4.490742e-01 3.026189e-01 7.218158e-02 1.048807e-01 -2.203809e-01 -3.109435e-01 -1.630049e-01 7.863297e-02 1.003674e-01 -2.377148e-02 -4.452176e-02 1.663937e-02 1.049163e-01 1.649166e-02 -1.211033e-01 3.507378e-02 1.125049e-01 4.609740e-02 1.322206e-02 3.206129e-02
<VARIANCE> 39
 4.033495e+00 1.258682e+01 1.105258e+01 2.859871e+01 3.363242e+01 3.249857e+01 2.545214e+01 2.381347e+01 3.183666e+01 2.641416e+01 2.500863e+01 3.694057e+01 7.935700e-01 2.331010e-01 3.351893e-01 8.173737e-01 6.239535e-01 7.661545e-01 1.741963e+00 1.547434e+00 2.276342e+00 1.765644e+00 2.816419e+00 2.806063e+00 3.280408e+00 5.660379e-02 4.282203e-02 5.789335e-02 1.357647e-01 1.025729e-01 2.276058e-01 4.104434e-01 3.907186e-01 3.192761e-01 3.468665e-01 4.810861e-01 4.558930e-01 6.331778e-01 1.084184e-02
<GCONST> 8.508990e+01
<TRANSP> 20
 0.000000e+00 1.000000e+00 0.000000e+00 0.000000e+00 0.000000e+00 0.000000e+00 0.000000e+00 0.000000e+00 0.000000e+00 0.000000e+00 0.000000e+00 0.000000e+00 0.000000e+00 0.000000e+00 0.000000e+00 0.000000e+00 0.000000e+00 0.000000e+00 0.000000e+00 0.000000e+00
 0.000000e+00 7.330579e-01 2.669421e-01 0.000000e+00 0.000000e+00 0.000000e+00 0.000000e+00 0.000000e+00 0.000000e+00 0.000000e+00 0.000000e+00 0.000000e+00 0.000000e+00 0.000000e+00 0.000000e+00 0.000000e+00 0.000000e+00 0.000000e+00 0.000000e+00 0.000000e+00
 0.000000e+00 0.000000e+00 8.065727e-01 1.934273e-01 0.000000e+00 0.000000e+00 0.000000e+00 0.000000e+00 0.000000e+00 0.000000e+00 0.000000e+00 0.000000e+00 0.000000e+00 0.000000e+00 0.000000e+00 0.000000e+00 0.000000e+00 0.000000e+00 0.000000e+00 0.000000e+00
 0.000000e+00 0.000000e+00 0.000000e+00 6.672393e-01 3.327608e-01 0.000000e+00 0.000000e+00 0.000000e+00 0.000000e+00 0.000000e+00 0.000000e+00 0.000000e+00 0.000000e+00 0.000000e+00 0.000000e+00 0.000000e+00 0.000000e+00 0.000000e+00 0.000000e+00 0.000000e+00
 0.000000e+00 0.000000e+00 0.000000e+00 0.000000e+00 6.358606e-01 3.641394e-01 0.000000e+00 0.000000e+00 0.000000e+00 0.000000e+00 0.000000e+00 0.000000e+00 0.000000e+00 0.000000e+00 0.000000e+00 0.000000e+00 0.000000e+00 0.000000e+00 0.000000e+00 0.000000e+00
 0.000000e+00 0.000000e+00 0.000000e+00 0.000000e+00 0.000000e+00 6.249400e-01 3.750600e-01 0.000000e+00 0.000000e+00 0.000000e+00 0.000000e+00 0.000000e+00 0.000000e+00 0.000000e+00 0.000000e+00 0.000000e+00 0.000000e+00 0.000000e+00 0.000000e+00 0.000000e+00
 0.000000e+00 0.000000e+00 0.000000e+00 0.000000e+00 0.000000e+00 0.000000e+00 7.481918e-01 2.518082e-01 0.000000e+00 0.000000e+00 0.000000e+00 0.000000e+00 0.000000e+00 0.000000e+00 0.000000e+00 0.000000e+00 0.000000e+00 0.000000e+00 0.000000e+00 0.000000e+00
 0.000000e+00 0.000000e+00 0.000000e+00 0.000000e+00 0.000000e+00 0.000000e+00 0.000000e+00 8.184402e-01 1.815598e-01 0.000000e+00 0.000000e+00 0.000000e+00 0.000000e+00 0.000000e+00 0.000000e+00 0.000000e+00 0.000000e+00 0.000000e+00 0.000000e+00 0.000000e+00
 0.000000e+00 0.000000e+00 0.000000e+00 0.000000e+00 0.000000e+00 0.000000e+00 0.000000e+00 0.000000e+00 6.033700e-01 3.966300e-01 0.000000e+00 0.000000e+00 0.000000e+00 0.000000e+00 0.000000e+00 0.000000e+00 0.000000e+00 0.000000e+00 0.000000e+00 0.000000e+00
 0.000000e+00 0.000000e+00 0.000000e+00 0.000000e+00 0.000000e+00 0.000000e+00 0.000000e+00 0.000000e+00 0.000000e+00 7.028606e-01 2.971395e-01 0.000000e+00 0.000000e+00 0.000000e+00 0.000000e+00 0.000000e+00 0.000000e+00 0.000000e+00 0.000000e+00 0.000000e+00
 0.000000e+00 0.000000e+00 0.000000e+00 0.000000e+00 0.000000e+00 0.000000e+00 0.000000e+00 0.000000e+00 0.000000e+00 0.000000e+00 7.432401e-01 2.567599e-01 0.000000e+00 0.000000e+00 0.000000e+00 0.000000e+00 0.000000e+00 0.000000e+00 0.000000e+00 0.000000e+00
 0.000000e+00 0.000000e+00 0.000000e+00 0.000000e+00 0.000000e+00 0.000000e+00 0.000000e+00 0.000000e+00 0.000000e+00 0.000000e+00 0.000000e+00 7.061790e-01 2.938210e-01 0.000000e+00 0.000000e+00 0.000000e+00 0.000000e+00 0.000000e+00 0.000000e+00 0.000000e+00
 0.000000e+00 0.000000e+00 0.000000e+00 0.000000e+00 0.000000e+00 0.000000e+00 0.000000e+00 0.000000e+00 0.000000e+00 0.000000e+00 0.000000e+00 0.000000e+00 7.207764e-01 2.792236e-01 0.000000e+00 0.000000e+00 0.000000e+00 0.000000e+00 0.000000e+00 0.000000e+00
 0.000000e+00 0.000000e+00 0.000000e+00 0.000000e+00 0.000000e+00 0.000000e+00 0.000000e+00 0.000000e+00 0.000000e+00 0.000000e+00 0.000000e+00 0.000000e+00 0.000000e+00 7.273820e-01 2.726180e-01 0.000000e+00 0.000000e+00 0.000000e+00 0.000000e+00 0.000000e+00
 0.000000e+00 0.000000e+00 0.000000e+00 0.000000e+00 0.000000e+00 0.000000e+00 0.000000e+00 0.000000e+00 0.000000e+00 0.000000e+00 0.000000e+00 0.000000e+00 0.000000e+00 0.000000e+00 8.141488e-01 1.858511e-01 0.000000e+00 0.000000e+00 0.000000e+00 0.000000e+00
 0.000000e+00 0.000000e+00 0.000000e+00 0.000000e+00 0.000000e+00 0.000000e+00 0.000000e+00 0.000000e+00 0.000000e+00 0.000000e+00 0.000000e+00 0.000000e+00 0.000000e+00 0.000000e+00 0.000000e+00 7.428488e-01 2.571513e-01 0.000000e+00 0.000000e+00 0.000000e+00
 0.000000e+00 0.000000e+00 0.000000e+00 0.000000e+00 0.000000e+00 0.000000e+00 0.000000e+00 0.000000e+00 0.000000e+00 0.000000e+00 0.000000e+00 0.000000e+00 0.000000e+00 0.000000e+00 0.000000e+00 0.000000e+00 6.824198e-01 3.175802e-01 0.000000e+00 0.000000e+00
 0.000000e+00 0.000000e+00 0.000000e+00 0.000000e+00 0.000000e+00 0.000000e+00 0.000000e+00 0.000000e+00 0.000000e+00 0.000000e+00 0.000000e+00 0.000000e+00 0.000000e+00 0.000000e+00 0.000000e+00 0.000000e+00 0.000000e+00 6.270676e-01 3.729324e-01 0.000000e+00
 0.000000e+00 0.000000e+00 0.000000e+00 0.000000e+00 0.000000e+00 0.000000e+00 0.000000e+00 0.000000e+00 0.000000e+00 0.000000e+00 0.000000e+00 0.000000e+00 0.000000e+00 0.000000e+00 0.000000e+00 0.000000e+00 0.000000e+00 0.000000e+00 7.811648e-01 2.188352e-01
 0.000000e+00 0.000000e+00 0.000000e+00 0.000000e+00 0.000000e+00 0.000000e+00 0.000000e+00 0.000000e+00 0.000000e+00 0.000000e+00 0.000000e+00 0.000000e+00 0.000000e+00 0.000000e+00 0.000000e+00 0.000000e+00 0.000000e+00 0.000000e+00 0.000000e+00 0.000000e+00
<ENDHMM>
