~o
<STREAMINFO> 1 39
<VECSIZE> 39<NULLD><MFCC_D_A_0><DIAGC>
~h "lima"
<BEGINHMM>
<NUMSTATES> 20
<STATE> 2
<MEAN> 39
 -1.737918e+01 -4.667303e+00 8.731048e-01 -2.176300e+00 2.099061e-02 -6.165004e+00 -4.721317e-01 -7.053586e+00 -2.268715e+00 -9.310744e+00 1.232141e+00 -3.478285e+00 5.647096e+01 2.137688e+00 2.059092e+00 1.304208e+00 2.458971e-01 -8.935195e-01 -1.849354e+00 -2.037400e+00 -2.188286e+00 -1.526073e+00 -5.439050e-01 9.169671e-02 -1.528074e-01 1.090866e+00 7.129152e-01 6.026072e-01 5.709712e-01 8.986668e-02 -6.671375e-01 -7.071784e-01 -4.612610e-01 -2.837517e-01 -1.010922e-01 2.584801e-01 4.788612e-02 -2.019379e-02 4.438540e-01
<VARIANCE> 39
 8.655564e+00 8.380333e+00 1.863864e+01 1.390439e+01 1.599978e+01 2.466496e+01 1.608462e+01 2.046190e+01 2.556813e+01 3.625369e+01 2.586164e+01 1.864644e+01 2.327346e+00 2.315296e+00 2.348930e+00 2.836943e+00 2.779427e+00 4.609352e+00 3.820924e+00 3.293746e+00 2.194318e+00 3.437278e+00 4.793601e+00 3.096090e+00 2.309675e+00 6.583477e-01 1.634454e-01 2.712452e-01 3.140400e-01 3.919481e-01 9.021665e-01 3.357408e-01 5.170611e-01 4.245345e-01 4.415462e-01 7.324727e-01 4.498843e-01 4.409254e-01 5.052293e-02
<GCONST> 1.064509e+02
<STATE> 3
<MEAN> 39
 -5.764727e+00 7.048938e+00 1.015470e+01 -3.648039e-01 -7.234069e+00 -1.663610e+01 -1.136253e+01 -1.626797e+01 -7.188929e+00 -8.441350e+00 2.500214e+00 -3.109149e+00 6.253782e+01 2.236185e+00 1.381726e+00 2.348523e+00 4.152063e-01 -3.000167e+00 -2.330464e+00 -1.221489e+00 -7.879236e-01 -1.431891e-01 1.156795e+00 9.079341e-01 4.459589e-01 1.709008e+00 -6.861481e-01 -1.021768e+00 -5.000579e-02 -1.597549e-01 -4.590235e-01 6.385910e-01 1.137161e+00 6.881976e-01 1.871293e-01 1.629791e-01 -2.954819e-02 2.487206e-02 -1.047818e-01
<VARIANCE> 39
 8.528350e+00 1.148516e+01 1.869096e+01 2.062340e+01 4.166228e+01 1.968499e+01 3.324830e+01 1.811736e+01 2.323995e+01 4.735650e+01 7.231179e+01 4.339372e+01 4.035696e+00 1.804772e+00 4.243876e+00 2.585494e+00 4.320920e+00 8.053881e+00 4.028024e+00 7.372596e+00 6.648673e+00 2.596002e+00 5.973039e+00 3.904450e+00 3.337760e+00 5.411725e-01 1.060057e-01 2.340722e-01 3.300362e-01 5.551547e-01 9.457205e-01 6.080252e-01 9.516153e-01 7.055713e-01 8.138534e-01 1.293752e+00 7.310454e-01 4.240453e-01 2.924432e-02
<GCONST> 1.172952e+02
<STATE> 4
<MEAN> 39
 -3.723929e+00 1.958041e+00 2.035089e+01 4.406346e+00 -2.144122e+01 -2.057981e+01 -3.887274e+00 -1.154393e+01 -9.489104e+00 -2.440105e+00 9.160415e+00 -1.664494e+00 6.828153e+01 -2.106962e-01 -1.222041e+00 2.655569e+00 -1.119044e+00 -3.163449e+00 1.417918e+00 4.822173e-01 -2.036450e-02 -6.519215e-01 1.638691e+00 3.415608e-01 -8.709905e-01 1.183117e+00 -4.014333e-01 2.544155e-01 -4.017734e-01 -8.232440e-01 1.413261e+00 1.200791e+00 -8.662134e-01 -2.841015e-01 2.545303e-01 -1.174571e-01 -3.581036e-01 -3.684799e-01 -3.876681e-01
<VARIANCE> 39
 2.346086e+00 4.039536e+01 4.955355e+01 6.214330e+01 1.538320e+02 4.434333e+01 3.620181e+01 7.988125e+01 1.033131e+02 9.033926e+01 8.645966e+01 6.618754e+01 5.955477e+00 4.812795e-01 1.642310e+00 1.965469e+00 3.828808e+00 1.026777e+01 5.566817e+00 8.079430e+00 5.286145e+00 5.382712e+00 5.533429e+00 2.442957e+00 3.673665e+00 4.517589e-01 1.154218e-01 4.058011e-01 2.923068e-01 5.206292e-01 1.066943e+00 8.575501e-01 1.039840e+00 7.163803e-01 7.689193e-01 1.137171e+00 6.197983e-01 4.876462e-01 7.105142e-02
<GCONST> 1.257114e+02
<STATE> 5
<MEAN> 39
 -5.689017e+00 1.368914e+00 2.562395e+01 -4.162972e+00 -2.353147e+01 -1.092754e+01 -1.028632e+01 -1.407541e+01 -7.961398e+00 -4.338953e-02 6.169221e+00 -5.845608e+00 7.003686e+01 -1.828505e-01 2.817085e-01 8.675415e-01 -1.536626e+00 3.006242e-01 1.612474e+00 -9.446701e-01 -1.758185e-01 -5.460367e-01 -1.254115e-01 -4.748506e-01 -4.614192e-01 2.373291e-01 1.689244e-01 8.263698e-02 -6.641347e-01 6.940845e-01 4.170878e-01 -6.929506e-01 4.890283e-01 1.740532e-03 -3.112287e-01 -3.682866e-01 9.132471e-02 2.548551e-01 -2.700151e-01
<VARIANCE> 39
 6.594308e+00 4.273991e+01 8.319937e+01 7.920879e+01 2.186302e+02 4.217487e+01 1.088155e+01 1.142088e+02 8.041151e+01 7.633727e+01 9.813793e+01 1.001847e+02 5.200881e+00 3.316192e-01 5.424243e-01 1.141977e+00 2.514141e+00 3.020556e+00 2.079278e+00 3.550410e+00 3.472596e+00 1.526234e+00 2.366881e+00 2.905266e+00 2.015157e+00 1.254838e-01 5.039101e-02 1.263817e-01 9.450120e-02 3.019353e-01 4.757676e-01 7.321802e-01 2.535413e-01 8.514857e-01 2.561662e-01 6.655893e-01 2.493074e-01 4.859148e-01 2.108386e-02
<GCONST> 1.076557e+02
<STATE> 6
<MEAN> 39
 -4.406728e+00 6.318594e+00 2.431559e+01 -4.806439e+00 -1.385882e+01 -1.330504e+01 -9.910059e+00 -1.325284e+01 -1.543728e+01 -2.698111e+00 8.985205e+00 -8.159292e+00 6.778217e+01 2.536048e-01 5.364109e-03 -3.228942e-01 5.599403e-01 -2.985433e-01 1.351535e-01 9.646475e-01 -8.709758e-01 -2.059420e-01 3.678081e-01 2.000451e-01 -3.058387e-01 -1.552743e-01 4.764711e-02 2.691033e-02 -4.147716e-01 4.632535e-01 4.494922e-01 -1.840035e-01 7.805649e-02 1.124438e-01 1.146151e-01 -2.233309e-01 1.110413e-01 1.669540e-01 -1.482105e-01
<VARIANCE> 39
 8.782115e+00 1.660091e+01 9.442056e+01 5.354764e+01 1.530492e+02 2.228937e+01 2.616850e+01 1.600438e+02 8.447245e+01 7.705437e+01 1.469396e+02 5.770905e+01 3.318479e+00 1.402016e-01 1.778622e-01 7.943369e-01 1.627661e+00 1.584731e+00 2.125754e+00 1.317080e+00 1.596738e+00 2.023131e+00 1.685134e+00 1.475207e+00 1.581945e+00 8.598595e-02 2.590403e-02 4.566134e-02 1.627660e-01 2.241588e-01 7.021429e-01 1.784520e-01 4.346051e-01 5.672360e-01 2.316171e-01 3.908699e-01 5.705581e-01 2.939845e-01 1.569436e-02
<GCONST> 9.696232e+01
<STATE> 7
<MEAN> 39
 -4.077082e+00 1.734162e+00 1.991296e+01 4.925693e-01 -2.073514e+01 -1.257263e+01 -5.837564e+00 -1.925535e+01 -8.914611e+00 -2.620406e+00 4.513288e+00 -4.596567e+00 6.747119e+01 3.504399e-01 4.733902e-01 -1.921085e+00 5.819765e-01 3.296580e+00 8.000007e-01 6.160584e-01 -3.452801e-01 -5.752096e-01 -8.341911e-01 1.069212e-01 1.100598e-01 -7.013486e-01 8.532729e-03 -2.048839e-02 -1.669763e-01 -2.083713e-01 3.034146e-01 4.150006e-01 -1.412185e-01 -4.039783e-01 -1.228732e-01 6.130560e-02 -1.103623e-01 -5.354427e-02 5.907350e-02
<VARIANCE> 39
 4.070228e+00 2.597150e+01 4.803704e+01 4.861695e+01 1.155387e+02 1.408446e+01 3.300900e+01 6.480157e+01 1.669647e+01 1.928380e+01 6.798040e+01 6.542831e+01 5.155689e+00 1.965317e-01 3.479205e-01 6.062091e-01 1.251624e+00 2.224286e+00 2.222556e+00 1.967937e+00 3.631869e+00 1.471973e+00 2.495148e+00 9.548259e-01 1.599176e+00 1.323608e-01 2.908342e-02 5.361152e-02 1.163679e-01 1.656893e-01 5.156173e-01 3.171167e-01 2.485466e-01 3.140250e-01 3.650551e-01 4.331996e-01 2.424213e-01 2.494262e-01 4.394625e-02
<GCONST> 9.273118e+01
<STATE> 8
<MEAN> 39
 -9.636288e-01 6.112172e+00 9.053483e+00 -3.847525e+00 -5.345169e+00 -6.398700e+00 -6.015510e+00 -2.025486e+01 -1.315150e+01 -7.789349e+00 4.932551e+00 -1.912497e+00 6.608004e+01 3.291240e-01 -3.295272e-01 -1.585896e+00 3.273984e-02 1.834831e+00 1.330711e+00 6.955069e-02 -1.123067e+00 -5.794586e-01 -9.252779e-01 1.940803e-01 1.062322e+00 5.526300e-02 2.931180e-02 -8.851308e-02 -8.483126e-02 -2.945364e-01 -2.528040e-01 -1.262484e-01 -6.913860e-02 2.000238e-01 8.685446e-02 1.271397e-01 1.615346e-01 -7.470178e-02 1.118549e-01
<VARIANCE> 39
 8.667031e+00 8.894363e+00 9.756441e+01 5.648913e+01 3.192732e+01 1.757925e+01 1.170354e+01 4.475720e+01 2.774597e+01 2.681063e+01 4.190193e+01 3.456085e+01 2.258149e+00 1.875930e-01 4.052291e-01 7.615815e-01 8.809202e-01 1.168933e+00 9.774923e-01 7.100435e-01 1.779215e+00 1.865261e+00 1.091896e+00 3.441039e+00 1.810978e+00 6.740308e-02 3.761952e-02 4.346700e-02 1.256159e-01 1.123060e-01 1.345701e-01 2.675352e-01 1.152733e-01 2.441799e-01 2.413784e-01 2.553479e-01 3.911171e-01 2.789903e-01 1.207478e-02
<GCONST> 8.217755e+01
<STATE> 9
<MEAN> 39
 -1.102919e+00 4.758348e+00 9.169699e+00 2.487846e-01 -2.046526e+00 -3.601606e+00 -3.451958e+00 -2.415885e+01 -1.752851e+01 -8.770531e+00 7.710958e+00 -8.103076e-01 6.609709e+01 7.361781e-01 -1.039926e-01 -2.675264e+00 -1.723771e+00 7.630059e-01 4.389223e-01 -1.402219e-01 4.013258e-01 4.111436e-01 7.709768e-01 4.351922e-01 -3.768251e-01 2.922018e-01 1.459192e-01 -3.969052e-01 -5.908683e-01 -7.210820e-01 -3.004135e-01 -8.952389e-02 -2.104956e-01 8.582684e-01 9.968853e-01 7.659647e-01 4.720905e-02 -6.767848e-01 2.389162e-01
<VARIANCE> 39
 3.446355e+00 1.469556e+01 3.757391e+01 2.928002e+01 2.606252e+01 1.917166e+01 2.750359e+01 3.716328e+01 2.347700e+01 3.148963e+01 4.389669e+01 4.608371e+01 1.242899e+00 1.639912e-01 4.581427e-01 8.900437e-01 1.844177e+00 1.244533e+00 8.208618e-01 7.007326e-01 2.266754e+00 2.740451e+00 1.243564e+00 2.441143e+00 2.439170e+00 1.043514e-01 1.387219e-02 1.161345e-01 1.519293e-01 2.497462e-01 3.077462e-01 3.783065e-01 2.674620e-01 2.814025e-01 2.499291e-01 3.005919e-01 5.387096e-01 3.394884e-01 1.239615e-02
<GCONST> 8.620796e+01
<STATE> 10
<MEAN> 39
 1.065802e+00 2.787867e+00 9.815111e-02 -7.871696e+00 -2.446710e+00 -3.118603e+00 -6.160903e+00 -2.178926e+01 -1.117545e+01 -3.053466e+00 8.935719e+00 -4.698287e+00 6.760947e+01 8.854467e-01 -1.835399e+00 -3.937537e+00 -2.558513e+00 1.268732e+00 1.092613e+00 -7.112116e-01 1.804092e+00 2.453411e+00 1.566640e+00 4.408763e-02 -1.862553e+00 9.258336e-01 -1.474952e-01 -6.104141e-01 -6.426486e-02 1.802284e-01 4.190673e-01 1.595208e-01 -1.373690e-01 4.219110e-01 6.936929e-01 -7.714532e-02 -8.675708e-01 -4.788605e-01 1.325887e-01
<VARIANCE> 39
 3.341309e+00 1.202640e+01 3.587290e+01 1.928870e+01 2.756361e+01 1.904643e+01 2.628875e+01 8.510712e+01 3.781983e+01 3.537048e+01 3.827599e+01 6.315084e+01 2.055639e+00 3.633137e-01 1.404769e+00 2.741066e+00 4.226512e+00 1.367272e+00 3.038913e+00 3.282493e+00 2.997921e+00 3.931575e+00 3.199504e+00 2.547931e+00 3.577826e+00 3.190940e-01 5.062645e-02 1.598690e-01 3.838644e-01 5.471239e-01 1.039510e-01 2.065980e-01 5.722306e-01 8.016528e-01 5.221938e-01 4.797412e-01 5.795852e-01 7.917067e-01 3.898912e-02
<GCONST> 1.042789e+02
<STATE> 11
<MEAN> 39
 2.959104e+00 -3.950660e+00 -9.927733e+00 -1.380249e+01 3.109206e+00 1.110255e+00 -7.289130e+00 -1.610441e+01 -4.318007e+00 8.987601e-01 5.218519e+00 -1.163024e+01 7.055312e+01 1.111088e-01 -2.696930e+00 -2.443481e+00 -7.081282e-01 2.203294e+00 9.724182e-01 -1.088763e+00 1.900052e+00 3.338454e+00 5.356954e-01 -2.580184e+00 -2.045245e+00 9.079417e-01 -3.863511e-01 1.805574e-01 1.082280e+00 8.788735e-01 -1.703469e-01 -4.505742e-01 -1.151238e-01 -2.044714e-01 -1.928722e-01 -6.183333e-01 -3.877457e-01 5.257133e-01 -2.296208e-01
<VARIANCE> 39
 1.422063e+00 1.954170e+01 4.575097e+01 8.789981e+00 4.602895e+01 1.180332e+01 2.463637e+01 6.941899e+01 3.790947e+01 2.206186e+01 5.716385e+01 4.810417e+01 4.157010e+00 3.662777e-01 1.978077e+00 2.406105e+00 2.221745e+00 1.331366e+00 2.153190e+00 2.273235e+00 2.382530e+00 2.260286e+00 3.298902e+00 2.574409e+00 3.576805e+00 3.928230e-01 2.980869e-02 2.021052e-01 2.448813e-01 2.349605e-01 1.641811e-01 2.324577e-01 3.975286e-01 3.763781e-01 6.548485e-01 4.452729e-01 4.328321e-01 5.678142e-01 1.750582e-02
<GCONST> 9.839149e+01
<STATE> 12
<MEAN> 39
 1.791396e+00 -1.054885e+01 -1.052537e+01 -1.147344e+01 9.279704e+00 9.189252e-01 -1.361598e+01 -1.148453e+01 4.582315e+00 -2.287042e+00 -2.743802e+00 -1.245508e+01 7.264622e+01 -6.220900e-01 -1.394458e+00 4.025398e-01 6.562531e-01 4.645155e-01 -1.371569e-01 -1.117196e+00 6.626801e-01 1.933340e+00 -1.264689e+00 -2.357917e+00 -2.541645e-01 1.799615e-01 -1.850825e-01 7.752061e-01 5.762135e-01 9.216127e-02 -6.731220e-01 -2.004679e-01 4.691997e-01 -3.205126e-01 -8.788527e-01 -3.878407e-01 4.337848e-01 2.714466e-01 -4.219132e-01
<VARIANCE> 39
 2.380476e+00 1.519552e+01 6.206121e+01 1.539888e+01 2.857157e+01 2.586812e+01 5.125858e+01 1.131513e+02 3.608719e+01 4.247533e+01 8.272563e+01 3.286834e+01 8.291649e+00 9.599507e-02 1.128778e+00 1.506091e+00 9.790068e-01 1.929819e+00 1.107569e+00 1.940438e+00 1.625229e+00 2.518398e+00 3.096364e+00 1.564717e+00 3.490710e+00 3.194621e-01 5.224634e-02 1.554370e-01 2.838538e-01 1.064777e-01 1.721509e-01 1.766000e-01 3.971404e-01 3.863560e-01 4.267813e-01 5.592430e-01 2.932894e-01 5.451274e-01 4.974856e-02
<GCONST> 9.749490e+01
<STATE> 13
<MEAN> 39
 -4.518134e-01 -1.197841e+01 -6.175823e+00 -1.021696e+01 6.851408e+00 1.957570e-02 -1.398942e+01 -7.229895e+00 4.594496e+00 -6.475591e+00 -4.585087e+00 -1.441307e+01 7.213585e+01 -1.046463e+00 6.938345e-01 2.901918e-01 7.410318e-01 -5.004199e-01 -6.548620e-01 8.468018e-01 2.546448e-01 -4.563791e-01 -1.002424e+00 -7.492320e-01 -3.000782e-01 -1.262009e+00 -1.389730e-01 5.152599e-01 5.247640e-02 -1.116687e-01 -1.270111e-01 -1.080251e-01 2.640891e-01 -5.225031e-02 -5.267922e-01 1.463879e-01 4.385445e-01 1.177163e-01 -3.325844e-01
<VARIANCE> 39
 4.295973e+00 1.654351e+01 8.602634e+01 2.191717e+01 1.805664e+01 4.492025e+01 4.662825e+01 1.314959e+02 6.811696e+01 3.491792e+01 9.387173e+01 3.596404e+01 9.335974e+00 1.544560e-01 7.702814e-01 8.098491e-01 5.269217e-01 1.280599e+00 6.380952e-01 7.300521e-01 2.085579e+00 1.397197e+00 1.062397e+00 9.209617e-01 7.885250e-01 2.722611e-01 2.791313e-02 7.482366e-02 2.534083e-01 1.606716e-01 2.409095e-01 1.809815e-01 2.063413e-01 3.485660e-01 4.217398e-01 2.680721e-01 3.846008e-01 2.898387e-01 3.059980e-02
<GCONST> 9.004915e+01
<STATE> 14
<MEAN> 39
 -4.158996e+00 -5.863458e+00 -7.407883e+00 -8.377677e+00 4.349858e+00 -2.127844e+00 -8.809190e+00 -1.078830e+01 2.162472e+00 -8.212998e+00 -6.687114e+00 -1.306552e+01 6.574160e+01 -1.098944e+00 9.929195e-01 6.342748e-01 1.294597e-01 -4.374702e-01 -6.155356e-01 4.173458e-01 -5.653209e-03 -9.274542e-01 -3.839315e-01 2.803802e-01 9.731795e-02 -1.183261e+00 1.284426e-02 -1.604872e-01 1.008131e-02 3.088089e-02 7.067178e-02 2.205536e-02 -1.071049e-01 -1.254923e-01 -3.549508e-02 9.704915e-02 1.965480e-01 1.274574e-01 1.032047e-01
<VARIANCE> 39
 4.691910e+00 1.112554e+01 2.995440e+01 1.284342e+01 9.960706e+00 2.454974e+01 2.532881e+01 4.204089e+01 2.245459e+01 1.634522e+01 5.240879e+01 1.561414e+01 1.921801e+00 1.532066e-01 3.529980e-01 7.742195e-01 6.133751e-01 1.043859e+00 8.904696e-01 7.001140e-01 2.955816e+00 2.110329e+00 1.430853e+00 1.808381e+00 9.918104e-01 1.180090e-01 1.978953e-02 4.245184e-02 4.229224e-02 1.024976e-01 1.753582e-01 1.223525e-01 6.994841e-02 3.432995e-01 2.852022e-01 2.123393e-01 1.673591e-01 1.208541e-01 1.464976e-02
<GCONST> 7.284302e+01
<STATE> 15
<MEAN> 39
 -8.009669e+00 -3.626259e+00 -6.447159e+00 -8.069772e+00 2.741896e+00 -5.000356e+00 -7.999644e+00 -1.209289e+01 -1.358109e+00 -7.835726e+00 -3.519083e+00 -1.105147e+01 6.195756e+01 -9.090735e-01 3.499931e-01 7.102754e-01 8.144841e-01 4.737920e-01 1.985632e-01 6.350576e-01 1.590723e-01 -4.771265e-01 -3.129881e-01 2.340618e-01 2.559741e-01 -7.137911e-01 1.164539e-01 1.229457e-02 1.042895e-01 1.745278e-01 1.644781e-01 2.322527e-01 1.833015e-01 1.354662e-01 6.577265e-02 -1.189026e-01 -1.357538e-01 -5.089871e-02 1.048614e-01
<VARIANCE> 39
 3.304151e+00 5.938965e+00 9.729836e+00 6.647786e+00 6.863672e+00 1.773712e+01 1.755313e+01 1.219878e+01 1.555885e+01 1.550245e+01 2.010814e+01 1.808720e+01 1.291589e+00 1.571347e-01 1.811333e-01 6.386239e-01 5.389652e-01 1.011601e+00 1.130115e+00 1.518250e+00 9.737278e-01 7.019300e-01 7.138550e-01 1.266189e+00 8.719989e-01 6.798687e-02 2.347504e-02 4.174424e-02 7.500767e-02 5.615264e-02 1.603226e-01 1.802022e-01 1.747739e-01 2.227578e-01 1.797786e-01 1.393451e-01 8.013087e-02 1.676433e-01 5.776225e-03
<GCONST> 6.090950e+01
<STATE> 16
<MEAN> 39
 -1.046889e+01 -1.408672e+00 -2.568081e+00 -3.633101e+00 6.876710e+00 -2.268739e+00 -5.050020e+00 -9.831396e+00 -2.807801e+00 -1.193516e+01 -5.325871e+00 -1.201497e+01 5.991143e+01 -7.368919e-01 2.137676e-01 7.072861e-01 5.327538e-01 3.764357e-02 1.353917e-01 1.028107e+00 1.000396e+00 -2.306623e-01 -5.516575e-01 7.178147e-02 1.645708e-01 -5.302258e-01 -2.527542e-02 -1.724621e-01 -1.842042e-01 -2.613170e-01 -2.719491e-01 -9.225085e-02 7.343878e-02 7.610588e-02 1.674939e-01 1.896159e-01 6.612896e-02 1.004630e-01 1.847714e-02
<VARIANCE> 39
 2.896247e+00 8.672430e+00 1.097293e+01 4.924892e+00 1.154419e+01 6.691382e+00 1.941459e+01 1.906771e+01 1.918194e+01 2.241805e+01 1.876025e+01 1.516463e+01 1.516281e+00 8.064442e-02 2.347133e-01 5.232087e-01 5.830761e-01 1.077993e+00 8.652204e-01 1.832473e+00 1.082176e+00 6.886793e-01 1.516521e+00 1.314853e+00 8.391415e-01 3.338609e-02 1.636713e-02 1.877843e-02 6.059004e-02 5.508247e-02 1.506732e-01 1.490570e-01 2.396607e-01 2.166184e-01 1.581911e-01 1.863514e-01 2.357353e-01 1.552528e-01 7.137029e-03
<GCONST> 6.116661e+01
<STATE> 17
<MEAN> 39
 -1.303509e+01 -2.232944e+00 -1.213244e+00 -3.134760e+00 4.188261e+00 -8.732767e-01 2.275041e+00 -3.814742e+00 -1.198217e+00 -1.014465e+01 -3.134173e+00 -9.197796e+00 5.832211e+01 -6.589175e-01 -5.276678e-01 -8.496526e-02 1.654580e-01 -2.181831e-01 4.827416e-02 9.131061e-01 4.247153e-01 -1.016597e-01 -7.622266e-02 -1.675590e-01 2.456434e-01 -3.446777e-01 1.344271e-02 -6.479734e-02 -4.545974e-02 3.353141e-02 1.371170e-01 5.778271e-02 -1.656650e-01 -2.765694e-01 -1.657047e-01 -2.219892e-02 4.863293e-02 -3.515479e-02 4.813775e-02
<VARIANCE> 39
 1.562052e+00 5.207567e+00 1.071767e+01 9.280519e+00 1.157902e+01 1.327542e+01 1.973568e+01 2.087591e+01 1.458444e+01 2.091254e+01 1.606441e+01 1.307955e+01 7.803096e-01 1.240625e-01 2.888492e-01 5.234726e-01 4.805425e-01 1.021340e+00 7.184202e-01 1.095500e+00 9.974886e-01 2.196510e+00 2.537262e+00 6.491709e-01 7.025379e-01 5.800339e-02 1.350271e-02 5.882479e-02 1.246213e-01 7.139213e-02 1.817235e-01 1.315750e-01 1.113021e-01 1.974764e-01 2.829486e-01 4.632529e-01 1.807132e-01 1.550283e-01 6.831745e-03
<GCONST> 6.340060e+01
<STATE> 18
<MEAN> 39
 -1.508612e+01 -5.688194e+00 -2.825206e+00 -2.575622e+00 6.398998e+00 -3.096828e+00 -1.637269e+00 -8.790021e+00 -4.144814e+00 -1.091901e+01 -3.180389e+00 -8.564415e+00 5.796783e+01 -6.707805e-01 -6.331788e-01 -1.115057e-01 6.227504e-01 6.082840e-01 6.345223e-01 2.289197e-01 -2.044239e-02 -3.793268e-02 3.261340e-01 7.928324e-01 5.634843e-01 -3.111392e-01 -1.992485e-03 2.613784e-02 3.233008e-02 2.650033e-02 -2.248716e-02 7.467876e-02 4.324830e-02 4.639474e-02 2.319417e-02 -5.560506e-02 -3.998106e-02 -7.292530e-02 -2.364690e-02
<VARIANCE> 39
 1.626716e+00 1.286772e+01 8.405415e+00 7.398284e+00 2.487920e+01 2.802469e+01 4.399022e+01 2.822807e+01 1.339746e+01 2.318061e+01 1.643378e+01 1.654640e+01 1.901127e+00 5.337029e-02 7.131115e-01 7.371855e-01 3.117692e-01 2.202470e+00 1.667365e+00 3.479563e+00 1.259358e+00 1.752231e+00 1.703455e+00 9.870136e-01 1.330712e+00 1.327503e-01 9.693657e-03 1.289149e-01 8.968524e-02 1.377149e-01 5.236868e-01 2.510169e-01 6.895139e-01 1.112963e-01 2.101740e-01 5.102555e-01 2.649821e-01 1.997432e-01 2.199710e-02
<GCONST> 7.722894e+01
<STATE> 19
<MEAN> 39
 -1.722442e+01 -5.665747e+00 -1.666067e+00 -1.942408e+00 5.621145e+00 6.242011e-01 4.833249e+00 -6.114505e+00 -4.122451e+00 -1.183907e+01 -3.721896e+00 -8.868823e+00 5.642895e+01 -5.025647e-01 -2.364484e-01 1.544542e-01 -1.769002e-01 -3.751234e-01 -3.568009e-02 3.827992e-01 -1.428223e-01 -5.098364e-01 -5.445790e-01 -7.700221e-01 -2.247220e-01 -2.323265e-01 1.132007e-01 3.508750e-02 1.335771e-02 -4.514744e-03 -5.067001e-04 -4.039649e-03 -7.290477e-02 1.204493e-01 6.460653e-02 -3.178282e-02 -2.259541e-01 -1.305022e-01 6.874493e-02
<VARIANCE> 39
 2.070719e+00 8.277972e+00 9.260260e+00 8.339679e+00 1.301372e+01 1.642391e+01 5.091034e+01 1.817912e+01 2.590951e+01 1.387143e+01 2.889465e+01 1.788606e+01 9.400294e-01 1.884582e-01 2.845162e-01 5.248626e-01 6.591929e-01 7.835135e-01 9.612525e-01 1.830352e+00 1.214792e+00 9.405771e-01 1.346821e+00 2.545012e+00 1.805636e+00 6.687715e-02 1.673851e-02 4.256025e-02 7.641327e-02 1.732812e-01 1.940513e-01 2.472288e-01 3.611013e-01 1.912294e-01 2.633619e-01 2.405663e-01 4.928735e-01 4.366244e-01 6.934393e-03
<GCONST> 7.216814e+01
<TRANSP> 20
 0.000000e+00 1.000000e+00 0.000000e+00 0.000000e+00 0.000000e+00 0.000000e+00 0.000000e+00 0.000000e+00 0.000000e+00 0.000000e+00 0.000000e+00 0.000000e+00 0.000000e+00 0.000000e+00 0.000000e+00 0.000000e+00 0.000000e+00 0.000000e+00 0.000000e+00 0.000000e+00
 0.000000e+00 7.142602e-01 2.857397e-01 0.000000e+00 0.000000e+00 0.000000e+00 0.000000e+00 0.000000e+00 0.000000e+00 0.000000e+00 0.000000e+00 0.000000e+00 0.000000e+00 0.000000e+00 0.000000e+00 0.000000e+00 0.000000e+00 0.000000e+00 0.000000e+00 0.000000e+00
 0.000000e+00 0.000000e+00 7.272331e-01 2.727669e-01 0.000000e+00 0.000000e+00 0.000000e+00 0.000000e+00 0.000000e+00 0.000000e+00 0.000000e+00 0.000000e+00 0.000000e+00 0.000000e+00 0.000000e+00 0.000000e+00 0.000000e+00 0.000000e+00 0.000000e+00 0.000000e+00
 0.000000e+00 0.000000e+00 0.000000e+00 5.721194e-01 4.278806e-01 0.000000e+00 0.000000e+00 0.000000e+00 0.000000e+00 0.000000e+00 0.000000e+00 0.000000e+00 0.000000e+00 0.000000e+00 0.000000e+00 0.000000e+00 0.000000e+00 0.000000e+00 0.000000e+00 0.000000e+00
 0.000000e+00 0.000000e+00 0.000000e+00 0.000000e+00 5.360978e-01 4.639022e-01 0.000000e+00 0.000000e+00 0.000000e+00 0.000000e+00 0.000000e+00 0.000000e+00 0.000000e+00 0.000000e+00 0.000000e+00 0.000000e+00 0.000000e+00 0.000000e+00 0.000000e+00 0.000000e+00
 0.000000e+00 0.000000e+00 0.000000e+00 0.000000e+00 0.000000e+00 6.928833e-01 3.071167e-01 0.000000e+00 0.000000e+00 0.000000e+00 0.000000e+00 0.000000e+00 0.000000e+00 0.000000e+00 0.000000e+00 0.000000e+00 0.000000e+00 0.000000e+00 0.000000e+00 0.000000e+00
 0.000000e+00 0.000000e+00 0.000000e+00 0.000000e+00 0.000000e+00 0.000000e+00 6.945127e-01 3.054873e-01 0.000000e+00 0.000000e+00 0.000000e+00 0.000000e+00 0.000000e+00 0.000000e+00 0.000000e+00 0.000000e+00 0.000000e+00 0.000000e+00 0.000000e+00 0.000000e+00
 0.000000e+00 0.000000e+00 0.000000e+00 0.000000e+00 0.000000e+00 0.000000e+00 0.000000e+00 7.255662e-01 2.744338e-01 0.000000e+00 0.000000e+00 0.000000e+00 0.000000e+00 0.000000e+00 0.000000e+00 0.000000e+00 0.000000e+00 0.000000e+00 0.000000e+00 0.000000e+00
 0.000000e+00 0.000000e+00 0.000000e+00 0.000000e+00 0.000000e+00 0.000000e+00 0.000000e+00 0.000000e+00 4.787589e-01 5.212411e-01 0.000000e+00 0.000000e+00 0.000000e+00 0.000000e+00 0.000000e+00 0.000000e+00 0.000000e+00 0.000000e+00 0.000000e+00 0.000000e+00
 0.000000e+00 0.000000e+00 0.000000e+00 0.000000e+00 0.000000e+00 0.000000e+00 0.000000e+00 0.000000e+00 0.000000e+00 5.718875e-01 4.281125e-01 0.000000e+00 0.000000e+00 0.000000e+00 0.000000e+00 0.000000e+00 0.000000e+00 0.000000e+00 0.000000e+00 0.000000e+00
 0.000000e+00 0.000000e+00 0.000000e+00 0.000000e+00 0.000000e+00 0.000000e+00 0.000000e+00 0.000000e+00 0.000000e+00 0.000000e+00 5.691149e-01 4.308851e-01 0.000000e+00 0.000000e+00 0.000000e+00 0.000000e+00 0.000000e+00 0.000000e+00 0.000000e+00 0.000000e+00
 0.000000e+00 0.000000e+00 0.000000e+00 0.000000e+00 0.000000e+00 0.000000e+00 0.000000e+00 0.000000e+00 0.000000e+00 0.000000e+00 0.000000e+00 5.726742e-01 4.273258e-01 0.000000e+00 0.000000e+00 0.000000e+00 0.000000e+00 0.000000e+00 0.000000e+00 0.000000e+00
 0.000000e+00 0.000000e+00 0.000000e+00 0.000000e+00 0.000000e+00 0.000000e+00 0.000000e+00 0.000000e+00 0.000000e+00 0.000000e+00 0.000000e+00 0.000000e+00 5.992045e-01 4.007955e-01 0.000000e+00 0.000000e+00 0.000000e+00 0.000000e+00 0.000000e+00 0.000000e+00
 0.000000e+00 0.000000e+00 0.000000e+00 0.000000e+00 0.000000e+00 0.000000e+00 0.000000e+00 0.000000e+00 0.000000e+00 0.000000e+00 0.000000e+00 0.000000e+00 0.000000e+00 7.394878e-01 2.605122e-01 0.000000e+00 0.000000e+00 0.000000e+00 0.000000e+00 0.000000e+00
 0.000000e+00 0.000000e+00 0.000000e+00 0.000000e+00 0.000000e+00 0.000000e+00 0.000000e+00 0.000000e+00 0.000000e+00 0.000000e+00 0.000000e+00 0.000000e+00 0.000000e+00 0.000000e+00 7.321794e-01 2.678206e-01 0.000000e+00 0.000000e+00 0.000000e+00 0.000000e+00
 0.000000e+00 0.000000e+00 0.000000e+00 0.000000e+00 0.000000e+00 0.000000e+00 0.000000e+00 0.000000e+00 0.000000e+00 0.000000e+00 0.000000e+00 0.000000e+00 0.000000e+00 0.000000e+00 0.000000e+00 7.345617e-01 2.654383e-01 0.000000e+00 0.000000e+00 0.000000e+00
 0.000000e+00 0.000000e+00 0.000000e+00 0.000000e+00 0.000000e+00 0.000000e+00 0.000000e+00 0.000000e+00 0.000000e+00 0.000000e+00 0.000000e+00 0.000000e+00 0.000000e+00 0.000000e+00 0.000000e+00 0.000000e+00 6.765076e-01 3.234924e-01 0.000000e+00 0.000000e+00
 0.000000e+00 0.000000e+00 0.000000e+00 0.000000e+00 0.000000e+00 0.000000e+00 0.000000e+00 0.000000e+00 0.000000e+00 0.000000e+00 0.000000e+00 0.000000e+00 0.000000e+00 0.000000e+00 0.000000e+00 0.000000e+00 0.000000e+00 5.538635e-01 4.461365e-01 0.000000e+00
 0.000000e+00 0.000000e+00 0.000000e+00 0.000000e+00 0.000000e+00 0.000000e+00 0.000000e+00 0.000000e+00 0.000000e+00 0.000000e+00 0.000000e+00 0.000000e+00 0.000000e+00 0.000000e+00 0.000000e+00 0.000000e+00 0.000000e+00 0.000000e+00 7.144422e-01 2.855578e-01
 0.000000e+00 0.000000e+00 0.000000e+00 0.000000e+00 0.000000e+00 0.000000e+00 0.000000e+00 0.000000e+00 0.000000e+00 0.000000e+00 0.000000e+00 0.000000e+00 0.000000e+00 0.000000e+00 0.000000e+00 0.000000e+00 0.000000e+00 0.000000e+00 0.000000e+00 0.000000e+00
<ENDHMM>
