~o
<STREAMINFO> 1 39
<VECSIZE> 39<NULLD><MFCC_D_A_0><DIAGC>
~h "nyalakan"
<BEGINHMM>
<NUMSTATES> 20
<STATE> 2
<MEAN> 39
 -1.458027e+01 -5.598619e+00 5.343606e-01 -2.814627e+00 -6.204773e-01 -2.649639e+00 -1.659525e+00 -4.658393e+00 -1.238837e+00 -7.500104e+00 1.129423e+00 -7.222651e+00 5.705013e+01 1.708533e+00 2.135085e+00 1.545632e+00 2.494485e-01 -6.076114e-01 -1.442141e+00 -9.375001e-01 -9.468800e-01 -1.205422e+00 -8.130881e-01 -3.126224e-01 -1.411144e-01 1.062361e+00 5.688077e-01 2.721747e-01 2.638328e-01 -3.483694e-01 -7.796289e-01 -8.959070e-01 -4.045061e-01 8.359341e-02 -3.641329e-01 -2.031874e-02 2.037499e-01 1.200489e-02 4.505468e-01
<VARIANCE> 39
 9.238431e+00 1.338944e+01 1.578273e+01 6.924208e+00 1.313015e+01 2.193437e+01 2.173833e+01 2.162626e+01 2.131967e+01 2.754732e+01 2.469732e+01 1.503758e+01 2.304547e+00 2.001947e+00 2.135583e+00 2.048184e+00 1.046700e+00 2.163801e+00 4.163562e+00 4.146323e+00 3.104982e+00 2.972864e+00 3.863972e+00 3.246317e+00 2.115151e+00 6.893047e-01 1.823381e-01 3.859577e-01 2.266961e-01 1.803048e-01 3.627678e-01 3.462616e-01 4.748527e-01 6.659639e-01 5.783725e-01 8.152573e-01 6.587151e-01 2.920524e-01 6.313667e-02
<GCONST> 1.028578e+02
<STATE> 3
<MEAN> 39
 -3.615816e+00 2.295854e+00 7.628809e+00 -7.192883e+00 -1.049773e+01 -1.460622e+01 -5.744399e+00 -3.983382e+00 -8.575194e+00 -1.059242e+01 3.707280e+00 -7.210250e+00 6.521073e+01 1.625633e+00 -1.122958e+00 4.575998e-01 -9.352803e-01 -2.362632e+00 -2.101068e+00 1.142859e+00 2.911180e+00 -1.272606e+00 -1.066210e+00 4.933660e-01 3.732888e-01 2.284929e+00 -4.926719e-01 -1.280137e+00 -6.881498e-01 3.246545e-01 5.356962e-01 6.555266e-01 5.083102e-01 5.619726e-01 4.825250e-01 -3.360525e-01 -5.124584e-01 2.201593e-02 -4.288212e-02
<VARIANCE> 39
 7.030838e+00 2.424740e+01 5.889436e+01 4.423766e+01 4.035938e+01 3.737457e+01 4.324710e+01 1.437805e+02 4.467477e+01 6.650494e+01 1.140214e+02 2.832659e+01 1.170722e+01 1.871414e+00 7.767181e+00 3.798887e+00 4.408249e+00 5.308419e+00 5.987434e+00 6.660236e+00 1.005556e+01 6.085237e+00 6.889875e+00 7.902279e+00 4.390094e+00 5.140783e-01 1.385884e-01 4.450960e-01 2.535270e-01 1.042210e+00 1.090321e+00 9.342239e-01 1.419127e+00 2.012760e+00 9.765051e-01 9.439086e-01 1.198653e+00 8.448400e-01 9.107853e-02
<GCONST> 1.335337e+02
<STATE> 4
<MEAN> 39
 -9.790721e-01 -1.153005e+01 3.689113e+00 -4.393274e+00 -1.068426e+01 -1.657777e+01 -1.193663e+00 8.732796e+00 -7.626355e+00 -1.691378e+01 -8.686160e-01 -6.371863e+00 7.328142e+01 4.890485e-01 -2.228336e+00 -1.962159e+00 4.437719e-01 2.204074e+00 1.515737e+00 -1.595304e+00 -6.900467e-01 1.857954e+00 -3.815879e-01 -2.272296e+00 -8.668266e-01 9.378036e-01 -1.130457e-02 7.039993e-01 -1.980588e-01 -3.942917e-01 5.945755e-01 6.564725e-01 -6.482861e-01 -1.283294e+00 3.125002e-01 8.255810e-01 2.173224e-01 -3.939484e-01 -4.218867e-01
<VARIANCE> 39
 5.336046e+00 1.277684e+01 1.065203e+02 1.766066e+01 4.607740e+01 6.981868e+01 6.524279e+01 2.219418e+02 6.700169e+01 9.257421e+01 1.203783e+02 4.646079e+01 5.828657e+00 1.900530e-01 1.399103e+00 1.038792e+00 2.143048e+00 2.169054e+00 2.952562e+00 3.396899e+00 7.863685e+00 2.695351e+00 3.737053e+00 1.747319e+00 3.424672e+00 3.990848e-01 5.500794e-02 8.194034e-02 3.146518e-01 2.615113e-01 8.459041e-01 6.423252e-01 9.717752e-01 9.884769e-01 9.473349e-01 4.399606e-01 8.449534e-01 4.262871e-01 2.074039e-02
<GCONST> 1.136968e+02
<STATE> 5
<MEAN> 39
 1.211306e+00 -1.479507e+01 -1.516595e+00 -7.699991e+00 8.232358e-01 -7.961545e+00 -7.926507e+00 5.055617e+00 -2.524457e+00 -3.859120e+00 2.354147e-01 -1.442262e+01 7.499075e+01 4.366629e-01 6.630724e-01 -1.255466e+00 -1.007254e+00 1.020184e+00 1.870724e+00 -8.937963e-01 -2.377914e+00 6.129361e-01 1.466361e+00 2.270913e-01 -4.377981e-01 -2.029305e-01 -2.087275e-02 3.078186e-01 2.592399e-01 -1.372101e-02 -4.402227e-01 -2.165101e-01 3.177800e-01 2.420035e-01 -2.986634e-01 -9.369584e-02 3.161054e-01 3.030419e-01 -9.986577e-02
<VARIANCE> 39
 4.002652e+00 1.187418e+01 3.722147e+01 2.024608e+01 7.791225e+01 3.595815e+01 1.762309e+01 1.421629e+02 4.934853e+01 1.266157e+02 6.387800e+01 6.368443e+01 4.368238e+00 1.718397e-01 7.629294e-01 8.813666e-01 5.090100e-01 2.192334e+00 1.424904e+00 1.000838e+00 2.149962e+00 2.053100e+00 1.193716e+00 1.797979e+00 1.714947e+00 5.506957e-02 2.133480e-02 1.725276e-01 6.720809e-02 1.211036e-01 1.542601e-01 1.850251e-01 1.264210e-01 2.272821e-01 3.637412e-01 2.672270e-01 3.283576e-01 3.073682e-01 1.416729e-02
<GCONST> 8.824524e+01
<STATE> 6
<MEAN> 39
 1.910783e+00 -1.185322e+01 -1.213052e+01 -1.009580e+01 -8.693587e-01 1.245613e-01 -8.805923e+00 -1.545470e+01 1.653722e+00 -1.083081e+01 -1.125106e+01 -1.116541e+01 7.224794e+01 4.838569e-02 1.241304e-01 -6.671352e-01 -2.712758e-02 4.938942e-01 1.173197e-01 2.481288e-01 -5.033999e-01 2.133853e-01 9.293815e-01 -1.927976e-01 -3.624416e-01 -1.490702e-01 -1.274735e-01 1.142056e-02 1.769888e-01 1.247436e-01 -8.474653e-02 -3.056164e-01 5.316892e-02 2.452469e-01 -4.360461e-02 -4.309759e-02 -2.889149e-02 -7.086939e-02 -5.493888e-02
<VARIANCE> 39
 2.783875e+00 6.288516e+00 2.299009e+01 1.671311e+01 5.155653e+01 7.287187e+01 4.200403e+01 7.789061e+01 1.980684e+01 9.876524e+01 9.037807e+01 6.604225e+01 4.513661e+00 1.645046e-01 6.055311e-01 9.018516e-01 1.228799e+00 1.247379e+00 2.077587e+00 1.047896e+00 2.310002e+00 1.530360e+00 2.604017e+00 1.497983e+00 1.871036e+00 1.299210e-01 3.036442e-02 1.405227e-01 1.352063e-01 1.952403e-01 1.860252e-01 2.665634e-01 1.460133e-01 2.674168e-01 3.307226e-01 3.961993e-01 2.092486e-01 2.308985e-01 3.770428e-02
<GCONST> 9.092190e+01
<STATE> 7
<MEAN> 39
 1.625436e+00 -1.083942e+01 -2.990593e+00 -9.777188e+00 8.426057e+00 -3.702271e+00 -1.200413e+01 8.695774e-01 -1.494070e-01 -2.158844e-01 -9.443275e-02 -1.642883e+01 7.442815e+01 -5.327099e-01 4.379524e-01 5.052384e-01 3.431366e-01 5.753756e-02 -9.554729e-02 2.218999e-01 -1.447124e-01 -9.673320e-02 -5.100492e-01 -2.477221e-01 -2.931646e-01 -5.309769e-01 -1.516235e-01 7.921635e-02 5.794685e-02 9.589095e-02 3.879752e-02 1.403521e-01 1.221702e-01 -5.935449e-02 -1.070613e-01 -2.735146e-01 1.635453e-02 1.050644e-01 -1.572011e-01
<VARIANCE> 39
 3.975532e+00 1.267345e+01 6.784933e+01 4.531853e+01 3.962162e+01 6.621601e+01 1.875946e+01 1.130968e+02 4.490098e+01 5.136258e+01 7.681061e+01 4.952166e+01 9.086399e+00 3.594035e-01 1.124993e+00 7.753844e-01 1.276605e+00 1.096756e+00 2.327838e+00 1.032301e+00 1.400587e+00 1.467598e+00 1.639783e+00 1.775148e+00 1.566071e+00 8.981628e-01 6.400537e-02 1.258049e-01 1.322034e-01 1.519279e-01 1.895312e-01 3.740100e-01 2.024232e-01 2.444967e-01 2.804924e-01 3.173071e-01 3.799389e-01 3.036806e-01 6.513127e-02
<GCONST> 9.784535e+01
<STATE> 8
<MEAN> 39
 -5.353049e+00 -6.026387e+00 -6.405753e+00 -6.808748e+00 2.775835e+00 -1.480237e+00 -4.263964e+00 -1.046675e+01 -7.556629e-01 -8.025771e+00 -6.826112e+00 -1.505352e+01 6.497170e+01 -1.048903e+00 5.579907e-01 2.546270e-01 1.665905e-01 2.308981e-01 1.284661e-01 6.531323e-01 5.521799e-01 -2.736322e-01 -8.985421e-01 -2.842597e-01 1.298902e-01 -9.698845e-01 8.154792e-02 -2.191135e-01 -1.495829e-01 3.543008e-02 5.269682e-02 -2.781061e-01 -1.061627e-01 2.299853e-01 2.431608e-01 8.500443e-02 -1.552618e-01 1.211852e-01 1.977474e-01
<VARIANCE> 39
 8.697688e+00 7.181425e+00 2.534508e+01 2.571676e+01 2.981089e+01 2.776439e+01 2.268836e+01 6.355292e+01 2.122214e+01 4.794867e+01 4.825077e+01 2.348932e+01 6.282022e+00 2.246961e-01 3.304625e-01 8.003283e-01 7.227874e-01 1.158380e+00 1.415048e+00 1.409741e+00 1.891318e+00 1.477881e+00 1.434356e+00 1.529889e+00 1.147928e+00 1.823224e-01 3.940110e-02 7.039053e-02 9.817041e-02 2.409216e-01 2.522284e-01 5.049654e-01 4.461313e-01 2.809526e-01 3.211336e-01 3.376558e-01 3.380845e-01 2.097747e-01 2.521609e-02
<GCONST> 8.770193e+01
<STATE> 9
<MEAN> 39
 -8.839869e+00 -7.561788e+00 -8.710783e+00 -3.341618e+00 5.943028e+00 -8.524009e+00 -5.337487e+00 -3.423556e+00 3.621784e+00 -1.185946e+01 -9.065666e+00 -1.158618e+01 6.392237e+01 3.307149e-01 -1.045678e+00 -5.096293e-01 6.144853e-01 -1.333126e-01 -2.242496e+00 -8.663064e-01 1.291649e+00 1.493080e+00 9.782028e-01 -1.107440e-01 9.015546e-01 8.424827e-01 6.102732e-01 -2.617027e-01 -8.647473e-03 -4.000858e-01 -5.108775e-01 2.096398e-01 -1.180220e-01 -3.206183e-01 -1.636492e-01 5.578545e-01 1.952562e-01 -9.960382e-02 5.115828e-01
<VARIANCE> 39
 6.860222e+00 1.433439e+01 2.736244e+01 3.994728e+01 3.036979e+01 7.275003e+01 3.700624e+01 7.853201e+01 3.794067e+01 2.596745e+01 5.128661e+01 3.547047e+01 6.671730e+00 2.064187e+00 1.150036e+00 1.566920e+00 4.007407e+00 5.736885e+00 5.908613e+00 6.042860e+00 4.424996e+00 4.539600e+00 4.910170e+00 4.561978e+00 4.218391e+00 1.121911e+00 1.745386e-01 2.405894e-01 3.764719e-01 7.432987e-01 1.204179e+00 1.486082e+00 1.231822e+00 9.577140e-01 1.357389e+00 7.464975e-01 7.884072e-01 1.227003e+00 1.255387e-01
<GCONST> 1.251302e+02
<STATE> 10
<MEAN> 39
 -1.700030e+00 -1.294337e+01 -8.320980e+00 -6.979136e+00 -1.159219e-01 -1.514065e+01 -8.618168e+00 5.679382e-01 3.799582e+00 -4.281941e+00 -8.105665e+00 -1.138353e+01 7.204904e+01 2.072095e+00 -1.840481e+00 -9.610347e-02 -1.440663e+00 -1.949810e+00 4.756432e-01 4.077663e-01 -4.054627e-01 -2.166520e+00 6.033822e-01 -2.479254e-01 -3.578581e-02 2.603712e+00 -4.315363e-01 1.012399e-01 5.505162e-02 2.221776e-01 3.437390e-01 5.823959e-01 6.153166e-01 -2.130465e-01 -6.918281e-01 -8.637011e-01 -2.940629e-01 2.415476e-01 -2.968593e-01
<VARIANCE> 39
 7.491817e+00 1.740230e+01 8.451917e+01 1.964614e+01 8.000983e+01 1.021893e+02 4.104130e+01 1.455058e+02 6.124489e+01 4.116641e+01 9.160392e+01 5.033271e+01 1.691564e+01 1.181221e+00 1.857154e+00 2.308917e+00 2.948835e+00 9.759404e+00 9.468422e+00 3.379096e+00 4.292732e+00 5.651174e+00 7.875063e+00 3.901567e+00 8.690409e+00 7.276376e-01 1.964345e-01 2.619745e-01 3.350966e-01 3.898870e-01 9.358535e-01 8.038483e-01 6.078163e-01 4.519723e-01 1.081933e+00 6.757042e-01 5.638490e-01 8.261477e-01 2.112187e-01
<GCONST> 1.284580e+02
<STATE> 11
<MEAN> 39
 -5.783091e-02 -1.778801e+01 -1.024167e+01 -6.177631e+00 -7.046723e+00 -6.958680e+00 -3.380888e+00 -5.548487e+00 -6.231524e-01 -6.312345e+00 -1.219859e+01 -6.459392e+00 7.584900e+01 -5.392195e-02 -5.326253e-01 7.372268e-01 1.052551e-01 -5.808066e-01 8.516345e-02 2.250774e-01 3.295455e-01 -8.064733e-01 -1.046566e+00 -7.135810e-02 3.902155e-01 2.450188e-01 -2.271972e-01 5.679055e-01 3.532502e-01 1.677759e-01 1.901692e-01 -3.355563e-01 -3.678149e-01 3.304518e-01 3.406910e-01 -1.451140e-01 1.885234e-01 -3.131161e-01 -4.613496e-01
<VARIANCE> 39
 4.440929e+00 1.995994e+01 4.232180e+01 3.162623e+01 1.415688e+02 2.528363e+02 3.719447e+01 1.033423e+02 1.030212e+02 8.611167e+01 4.278268e+01 3.576442e+01 9.939159e+00 1.761409e-01 8.326114e-01 9.511782e-01 6.799652e-01 1.570337e+00 2.679643e+00 1.415233e+00 2.018148e+00 2.058893e+00 2.617294e+00 1.610966e+00 1.407092e+00 2.576999e-01 1.229341e-01 1.560458e-01 1.455624e-01 2.469350e-01 4.464027e-01 4.518766e-01 2.005521e-01 3.133742e-01 5.148839e-01 6.044012e-01 2.271092e-01 3.755152e-01 5.573716e-02
<GCONST> 1.039351e+02
<STATE> 12
<MEAN> 39
 -5.479761e-01 -1.504913e+01 -1.900519e+00 -6.535111e+00 -3.926625e+00 -1.110127e+01 -7.094725e+00 2.744249e+00 -1.982832e+00 -8.148054e+00 -7.671815e+00 -1.060937e+01 7.494108e+01 8.719493e-02 2.236250e+00 1.063422e+00 7.086971e-01 5.690829e-01 -5.998050e-01 -5.043480e-01 -6.606324e-01 2.204678e-01 -3.672376e-01 5.084054e-01 -2.224246e-01 -1.095186e+00 1.915304e-03 3.936670e-01 -5.604556e-02 1.717427e-01 7.541823e-02 2.022655e-01 -5.477862e-03 -6.541424e-01 -7.620765e-02 5.904275e-02 1.123313e-01 1.259505e-01 -1.769158e-01
<VARIANCE> 39
 6.764289e+00 1.602830e+01 3.266251e+01 1.996153e+01 6.618372e+01 1.333707e+02 3.093862e+01 7.102051e+01 5.954761e+01 4.679600e+01 3.906151e+01 7.213707e+01 9.486944e+00 1.579896e-01 8.574867e-01 1.482215e+00 1.228500e+00 2.251189e+00 1.643923e+00 1.465219e+00 4.188297e+00 2.243311e+00 1.695026e+00 6.292588e-01 1.410599e+00 1.932112e-01 1.744464e-02 1.544106e-01 1.292408e-01 1.655279e-01 1.793568e-01 1.889409e-01 1.951164e-01 5.185655e-01 3.859260e-01 2.744134e-01 9.465708e-02 2.512059e-01 3.739989e-02
<GCONST> 9.433828e+01
<STATE> 13
<MEAN> 39
 -3.011892e-02 -3.709019e+00 1.137003e+00 -2.729299e+00 -1.417533e+00 -1.270901e+01 -8.025121e+00 -6.408235e+00 -3.692502e+00 -1.083454e+01 -5.906351e+00 -9.038571e+00 6.936978e+01 -1.379676e-01 1.970369e+00 6.403799e-01 4.670010e-01 1.280686e-01 1.694262e-01 -3.150500e-01 -1.367211e+00 -6.988580e-01 -1.006451e+00 4.364637e-03 2.112097e-01 -9.371248e-01 -6.999464e-02 -3.021916e-01 -1.639847e-01 -2.156713e-01 1.206083e-02 6.948856e-02 1.106230e-01 3.103904e-01 8.394016e-02 -1.839264e-02 -2.161518e-01 -3.650624e-02 1.073921e-01
<VARIANCE> 39
 4.098614e+00 8.711515e+00 2.291801e+01 1.332793e+01 2.266606e+01 6.214782e+01 3.279835e+01 3.985602e+01 5.314742e+01 5.952826e+01 4.760345e+01 3.607105e+01 4.276333e+00 8.751877e-02 5.378374e-01 4.885182e-01 8.249217e-01 1.545991e+00 1.595987e+00 1.055113e+00 3.003866e+00 1.697277e+00 1.307046e+00 1.114912e+00 1.738773e+00 9.498818e-02 1.455176e-02 6.611545e-02 5.559715e-02 1.514087e-01 1.337023e-01 1.853166e-01 1.998264e-01 3.024108e-01 3.154824e-01 2.683604e-01 1.503410e-01 1.505304e-01 1.749236e-02
<GCONST> 8.102640e+01
<STATE> 14
<MEAN> 39
 -1.159286e+00 2.699636e+00 8.170515e-01 -4.465265e+00 -3.605690e+00 -1.464624e+01 -9.851712e+00 -1.198464e+01 -7.835952e+00 -1.776306e+01 -1.004947e+01 -9.355625e+00 6.568000e+01 -6.139514e-01 7.101437e-01 4.030806e-01 -1.080374e-01 -1.080434e-01 5.029191e-01 1.962492e-01 -6.077290e-01 4.938627e-02 5.822462e-01 4.767649e-01 1.883980e-01 -6.912231e-01 -9.591988e-02 -2.083904e-01 -9.392041e-02 -2.230326e-02 -1.745740e-03 6.721292e-02 1.672147e-01 7.208788e-02 1.234003e-04 1.437714e-01 7.523768e-02 -3.065776e-02 6.933366e-03
<VARIANCE> 39
 2.691999e+00 4.831931e+00 9.021717e+00 9.528501e+00 1.714831e+01 1.667488e+01 2.173408e+01 1.485862e+01 1.600333e+01 3.847141e+01 3.663852e+01 1.511977e+01 2.129633e+00 1.142338e-01 3.388077e-01 7.022002e-01 8.119642e-01 1.127469e+00 1.394549e+00 8.717804e-01 7.947498e-01 8.696145e-01 2.164875e+00 1.849743e+00 1.329471e+00 4.670191e-02 2.272844e-02 3.997876e-02 6.635024e-02 1.079708e-01 1.422520e-01 2.135766e-01 1.213584e-01 1.208889e-01 2.348281e-01 5.743428e-01 4.240527e-01 2.882485e-01 7.053682e-03
<GCONST> 6.964862e+01
<STATE> 15
<MEAN> 39
 -4.159638e+00 4.180177e+00 3.411113e+00 -1.942363e+00 -3.487994e-03 -7.190532e+00 -3.778528e+00 -8.767859e+00 -3.431903e+00 -1.290769e+01 -6.961451e+00 -7.893148e+00 6.312848e+01 -6.645383e-01 3.617147e-01 2.591019e-01 3.948276e-01 8.851193e-01 1.135434e+00 1.089640e+00 4.319764e-01 -1.576910e-02 -5.566294e-01 -5.252898e-01 -4.442481e-01 -5.958673e-01 -7.317169e-02 -1.633225e-01 -5.744736e-03 4.832999e-02 1.208488e-01 -4.192153e-02 -4.062641e-02 7.136334e-02 8.165781e-02 4.071489e-02 -1.217804e-02 -9.048070e-02 1.772899e-02
<VARIANCE> 39
 2.073354e+00 6.165659e+00 8.037647e+00 2.957885e+01 5.638118e+01 4.176123e+01 1.574761e+01 2.533221e+01 4.320615e+01 4.275778e+01 3.206594e+01 2.619127e+01 1.655819e+00 2.316538e-01 3.892883e-01 6.564482e-01 8.442771e-01 1.020528e+00 1.435479e+00 1.235874e+00 9.837767e-01 1.139255e+00 1.654585e+00 1.618136e+00 9.142216e-01 7.129196e-02 4.146150e-02 5.013657e-02 1.116785e-01 1.762303e-01 2.105094e-01 4.044135e-01 3.036879e-01 2.580517e-01 1.903137e-01 2.892412e-01 3.477288e-01 1.550844e-01 1.261693e-02
<GCONST> 7.886774e+01
<STATE> 16
<MEAN> 39
 -9.146808e+00 2.714286e+00 3.618914e+00 -2.411316e+00 -8.603707e-01 -8.518649e+00 -5.758055e+00 -1.448402e+01 -8.763124e+00 -1.715308e+01 -1.012080e+01 -1.251557e+01 5.999419e+01 -7.409307e-01 -4.775255e-01 -1.304488e-01 1.150424e-01 6.354093e-01 4.759773e-01 -1.844604e-01 -1.375345e-01 4.287337e-01 7.419227e-01 5.744495e-01 3.893921e-02 -4.058895e-01 4.601615e-02 -2.792645e-02 -4.802109e-02 -1.514043e-02 -2.165324e-02 4.496129e-04 -4.168459e-02 9.430835e-03 4.272272e-02 9.354974e-02 7.644533e-02 8.844955e-02 3.951906e-02
<VARIANCE> 39
 3.731379e+00 4.500633e+00 4.858180e+00 1.499865e+01 2.504204e+01 1.572446e+01 1.715771e+01 1.903267e+01 3.381127e+01 2.327242e+01 2.001260e+01 2.071593e+01 1.346840e+00 1.983794e-01 2.230100e-01 3.739685e-01 7.762088e-01 4.708907e-01 9.358023e-01 9.938195e-01 6.381661e-01 1.117686e+00 1.678194e+00 1.354399e+00 1.434019e+00 7.299429e-02 1.980668e-02 6.313216e-02 7.881176e-02 1.408042e-01 1.069784e-01 1.427003e-01 2.587308e-01 1.332666e-01 2.368136e-01 2.418203e-01 2.210143e-01 2.899680e-01 5.512645e-03
<GCONST> 6.704675e+01
<STATE> 17
<MEAN> 39
 -1.146447e+01 1.948611e+00 2.853233e+00 2.288788e-01 8.120847e+00 1.341977e+00 1.078523e+00 -6.875430e+00 -1.494642e+00 -8.738238e+00 -1.553208e+00 -8.087029e+00 5.855442e+01 -5.643294e-01 -3.191009e-01 -4.529610e-02 1.074021e-01 3.488896e-02 4.204842e-01 4.343016e-01 -3.496608e-01 -6.356557e-01 2.029720e-01 1.844127e-01 -5.206407e-01 -2.870804e-01 4.387535e-02 -2.691636e-02 6.142427e-02 4.845848e-02 -5.566585e-02 -2.586540e-02 3.359367e-02 -6.062483e-02 -1.172789e-01 -1.287854e-01 -7.193027e-02 -5.380978e-02 4.046127e-02
<VARIANCE> 39
 4.211315e+00 1.072567e+01 7.547816e+00 1.357602e+01 3.601135e+01 2.720980e+01 3.650043e+01 5.148047e+01 2.906994e+01 1.694783e+01 2.366522e+01 1.945876e+01 1.338346e+00 2.352729e-01 4.884528e-01 9.597343e-01 1.496272e+00 2.426344e+00 1.411159e+00 1.695926e+00 1.361047e+00 2.233145e+00 1.314368e+00 1.503399e+00 1.649072e+00 6.718455e-02 5.003732e-02 5.234029e-02 1.554928e-01 2.897136e-01 4.018569e-01 2.019968e-01 2.282471e-01 3.270096e-01 4.808554e-01 2.707353e-01 2.342583e-01 2.862221e-01 1.087660e-02
<GCONST> 8.330325e+01
<STATE> 18
<MEAN> 39
 -1.474870e+01 -1.110825e+00 3.590168e+00 8.143548e-01 6.669764e+00 1.842135e+00 1.859064e+00 -1.155116e+01 -9.453121e+00 -1.468640e+01 -9.003168e+00 -1.610457e+01 5.726954e+01 -4.983178e-01 -5.808501e-01 -2.408306e-01 9.764396e-02 2.186496e-01 3.619107e-01 4.030280e-01 2.837926e-01 8.357284e-02 -1.014189e-01 1.122855e-01 2.174897e-01 -1.929796e-01 4.403983e-02 -1.605620e-02 -1.131951e-01 -6.822500e-02 -1.147113e-02 -5.388523e-02 -9.487709e-02 6.591625e-02 1.175663e-01 1.035562e-01 1.693630e-01 2.573103e-01 2.631510e-02
<VARIANCE> 39
 6.392038e+00 1.583834e+01 1.901057e+01 7.937561e+00 1.384775e+01 2.018450e+01 3.432137e+01 5.231083e+01 2.241944e+01 2.079796e+01 2.277536e+01 1.491843e+01 2.180987e+00 8.738901e-02 3.122954e-01 1.146506e+00 8.269574e-01 7.179432e-01 1.111540e+00 1.992688e+00 2.992779e+00 1.972532e+00 1.816916e+00 2.094936e+00 2.003767e+00 2.821350e-02 2.357118e-02 5.597428e-02 2.029841e-01 1.833770e-01 1.793486e-01 2.583708e-01 4.536651e-01 6.050295e-01 2.788109e-01 2.720788e-01 3.422008e-01 3.081215e-01 6.709996e-03
<GCONST> 8.012003e+01
<STATE> 19
<MEAN> 39
 -1.570529e+01 -4.128911e+00 -3.201629e-01 -1.112748e+00 5.063605e+00 3.506601e-01 4.296141e-01 -1.041148e+01 -4.215525e+00 -8.352136e+00 -1.441663e+00 -8.261260e+00 5.722725e+01 -1.586539e-01 -1.322878e-01 -1.220318e-01 -2.917980e-01 -3.125574e-01 -5.112531e-02 3.934657e-01 6.830907e-01 4.971717e-01 3.214960e-01 4.761405e-01 4.095136e-01 -7.960393e-02 1.853088e-02 3.423409e-02 2.466288e-02 -9.137148e-02 -9.546082e-02 -3.845080e-03 1.253113e-01 1.068680e-01 6.356080e-02 -4.919992e-02 -1.242110e-01 -1.417593e-01 -6.102127e-03
<VARIANCE> 39
 2.492624e+00 6.129363e+00 1.341442e+01 1.868588e+01 2.210716e+01 2.813383e+01 2.493624e+01 4.416295e+01 3.730836e+01 2.300418e+01 2.189062e+01 1.664793e+01 9.983510e-01 1.316099e-01 4.060375e-01 8.463668e-01 5.449896e-01 9.932032e-01 1.702666e+00 2.322124e+00 2.117882e+00 2.000954e+00 1.209553e+00 1.637917e+00 1.833877e+00 4.174383e-02 2.478608e-02 1.079878e-01 1.737712e-01 1.582143e-01 1.704202e-01 2.668047e-01 3.292584e-01 4.217111e-01 5.509900e-01 2.303647e-01 2.566628e-01 2.700973e-01 7.109496e-03
<GCONST> 7.897768e+01
<TRANSP> 20
 0.000000e+00 1.000000e+00 0.000000e+00 0.000000e+00 0.000000e+00 0.000000e+00 0.000000e+00 0.000000e+00 0.000000e+00 0.000000e+00 0.000000e+00 0.000000e+00 0.000000e+00 0.000000e+00 0.000000e+00 0.000000e+00 0.000000e+00 0.000000e+00 0.000000e+00 0.000000e+00
 0.000000e+00 7.206665e-01 2.793335e-01 0.000000e+00 0.000000e+00 0.000000e+00 0.000000e+00 0.000000e+00 0.000000e+00 0.000000e+00 0.000000e+00 0.000000e+00 0.000000e+00 0.000000e+00 0.000000e+00 0.000000e+00 0.000000e+00 0.000000e+00 0.000000e+00 0.000000e+00
 0.000000e+00 0.000000e+00 7.779426e-01 2.220574e-01 0.000000e+00 0.000000e+00 0.000000e+00 0.000000e+00 0.000000e+00 0.000000e+00 0.000000e+00 0.000000e+00 0.000000e+00 0.000000e+00 0.000000e+00 0.000000e+00 0.000000e+00 0.000000e+00 0.000000e+00 0.000000e+00
 0.000000e+00 0.000000e+00 0.000000e+00 7.481371e-01 2.518629e-01 0.000000e+00 0.000000e+00 0.000000e+00 0.000000e+00 0.000000e+00 0.000000e+00 0.000000e+00 0.000000e+00 0.000000e+00 0.000000e+00 0.000000e+00 0.000000e+00 0.000000e+00 0.000000e+00 0.000000e+00
 0.000000e+00 0.000000e+00 0.000000e+00 0.000000e+00 7.490303e-01 2.509697e-01 0.000000e+00 0.000000e+00 0.000000e+00 0.000000e+00 0.000000e+00 0.000000e+00 0.000000e+00 0.000000e+00 0.000000e+00 0.000000e+00 0.000000e+00 0.000000e+00 0.000000e+00 0.000000e+00
 0.000000e+00 0.000000e+00 0.000000e+00 0.000000e+00 0.000000e+00 8.638527e-01 1.361474e-01 0.000000e+00 0.000000e+00 0.000000e+00 0.000000e+00 0.000000e+00 0.000000e+00 0.000000e+00 0.000000e+00 0.000000e+00 0.000000e+00 0.000000e+00 0.000000e+00 0.000000e+00
 0.000000e+00 0.000000e+00 0.000000e+00 0.000000e+00 0.000000e+00 0.000000e+00 8.098637e-01 1.901363e-01 0.000000e+00 0.000000e+00 0.000000e+00 0.000000e+00 0.000000e+00 0.000000e+00 0.000000e+00 0.000000e+00 0.000000e+00 0.000000e+00 0.000000e+00 0.000000e+00
 0.000000e+00 0.000000e+00 0.000000e+00 0.000000e+00 0.000000e+00 0.000000e+00 0.000000e+00 8.468435e-01 1.531566e-01 0.000000e+00 0.000000e+00 0.000000e+00 0.000000e+00 0.000000e+00 0.000000e+00 0.000000e+00 0.000000e+00 0.000000e+00 0.000000e+00 0.000000e+00
 0.000000e+00 0.000000e+00 0.000000e+00 0.000000e+00 0.000000e+00 0.000000e+00 0.000000e+00 0.000000e+00 7.929408e-01 2.070592e-01 0.000000e+00 0.000000e+00 0.000000e+00 0.000000e+00 0.000000e+00 0.000000e+00 0.000000e+00 0.000000e+00 0.000000e+00 0.000000e+00
 0.000000e+00 0.000000e+00 0.000000e+00 0.000000e+00 0.000000e+00 0.000000e+00 0.000000e+00 0.000000e+00 0.000000e+00 6.569840e-01 3.430161e-01 0.000000e+00 0.000000e+00 0.000000e+00 0.000000e+00 0.000000e+00 0.000000e+00 0.000000e+00 0.000000e+00 0.000000e+00
 0.000000e+00 0.000000e+00 0.000000e+00 0.000000e+00 0.000000e+00 0.000000e+00 0.000000e+00 0.000000e+00 0.000000e+00 0.000000e+00 7.702036e-01 2.297964e-01 0.000000e+00 0.000000e+00 0.000000e+00 0.000000e+00 0.000000e+00 0.000000e+00 0.000000e+00 0.000000e+00
 0.000000e+00 0.000000e+00 0.000000e+00 0.000000e+00 0.000000e+00 0.000000e+00 0.000000e+00 0.000000e+00 0.000000e+00 0.000000e+00 0.000000e+00 7.453026e-01 2.546974e-01 0.000000e+00 0.000000e+00 0.000000e+00 0.000000e+00 0.000000e+00 0.000000e+00 0.000000e+00
 0.000000e+00 0.000000e+00 0.000000e+00 0.000000e+00 0.000000e+00 0.000000e+00 0.000000e+00 0.000000e+00 0.000000e+00 0.000000e+00 0.000000e+00 0.000000e+00 7.643737e-01 2.356263e-01 0.000000e+00 0.000000e+00 0.000000e+00 0.000000e+00 0.000000e+00 0.000000e+00
 0.000000e+00 0.000000e+00 0.000000e+00 0.000000e+00 0.000000e+00 0.000000e+00 0.000000e+00 0.000000e+00 0.000000e+00 0.000000e+00 0.000000e+00 0.000000e+00 0.000000e+00 7.844113e-01 2.155888e-01 0.000000e+00 0.000000e+00 0.000000e+00 0.000000e+00 0.000000e+00
 0.000000e+00 0.000000e+00 0.000000e+00 0.000000e+00 0.000000e+00 0.000000e+00 0.000000e+00 0.000000e+00 0.000000e+00 0.000000e+00 0.000000e+00 0.000000e+00 0.000000e+00 0.000000e+00 7.643753e-01 2.356248e-01 0.000000e+00 0.000000e+00 0.000000e+00 0.000000e+00
 0.000000e+00 0.000000e+00 0.000000e+00 0.000000e+00 0.000000e+00 0.000000e+00 0.000000e+00 0.000000e+00 0.000000e+00 0.000000e+00 0.000000e+00 0.000000e+00 0.000000e+00 0.000000e+00 0.000000e+00 8.086671e-01 1.913329e-01 0.000000e+00 0.000000e+00 0.000000e+00
 0.000000e+00 0.000000e+00 0.000000e+00 0.000000e+00 0.000000e+00 0.000000e+00 0.000000e+00 0.000000e+00 0.000000e+00 0.000000e+00 0.000000e+00 0.000000e+00 0.000000e+00 0.000000e+00 0.000000e+00 0.000000e+00 8.198330e-01 1.801671e-01 0.000000e+00 0.000000e+00
 0.000000e+00 0.000000e+00 0.000000e+00 0.000000e+00 0.000000e+00 0.000000e+00 0.000000e+00 0.000000e+00 0.000000e+00 0.000000e+00 0.000000e+00 0.000000e+00 0.000000e+00 0.000000e+00 0.000000e+00 0.000000e+00 0.000000e+00 8.340607e-01 1.659393e-01 0.000000e+00
 0.000000e+00 0.000000e+00 0.000000e+00 0.000000e+00 0.000000e+00 0.000000e+00 0.000000e+00 0.000000e+00 0.000000e+00 0.000000e+00 0.000000e+00 0.000000e+00 0.000000e+00 0.000000e+00 0.000000e+00 0.000000e+00 0.000000e+00 0.000000e+00 8.110491e-01 1.889509e-01
 0.000000e+00 0.000000e+00 0.000000e+00 0.000000e+00 0.000000e+00 0.000000e+00 0.000000e+00 0.000000e+00 0.000000e+00 0.000000e+00 0.000000e+00 0.000000e+00 0.000000e+00 0.000000e+00 0.000000e+00 0.000000e+00 0.000000e+00 0.000000e+00 0.000000e+00 0.000000e+00
<ENDHMM>
