~o
<STREAMINFO> 1 39
<VECSIZE> 39<NULLD><MFCC_D_A_0><DIAGC>
~h "satu"
<BEGINHMM>
<NUMSTATES> 20
<STATE> 2
<MEAN> 39
 -1.876157e+01 -5.102911e+00 -3.403307e+00 -3.913864e+00 1.447513e-01 -7.327607e+00 2.635547e+00 -7.125443e+00 2.001576e+00 -6.791793e+00 2.416818e+00 -3.615663e+00 5.729405e+01 -1.058404e+00 1.481099e+00 -9.811411e-01 6.907552e-01 6.423229e-01 -7.993695e-01 1.231472e+00 -7.367555e-01 1.224014e+00 -1.597379e-01 7.755395e-01 -3.559319e-02 5.886458e-01 -3.147705e-01 5.205011e-01 -3.692591e-01 2.616169e-01 4.529468e-02 -1.103264e-01 2.904924e-01 -2.195755e-01 2.669994e-01 7.331239e-02 -2.866571e-02 -2.206343e-01 1.745046e-01
<VARIANCE> 39
 3.493087e+00 1.365704e+01 1.472871e+01 1.193000e+01 1.460769e+01 1.798113e+01 1.983118e+01 2.192487e+01 1.877003e+01 1.292092e+01 2.448584e+01 1.704258e+01 1.379950e+00 1.001482e+00 2.226325e+00 1.677036e+00 1.315419e+00 1.547801e+00 1.562568e+00 1.850757e+00 3.219042e+00 2.199465e+00 2.455196e+00 2.256183e+00 2.179410e+00 2.806925e-01 1.188447e-01 1.954248e-01 2.171910e-01 1.604353e-01 2.430582e-01 2.340694e-01 3.631122e-01 4.734298e-01 3.280093e-01 4.107698e-01 2.821653e-01 3.333417e-01 1.845255e-02
<GCONST> 9.036575e+01
<STATE> 3
<MEAN> 39
 -2.717117e+01 7.182286e+00 -1.142233e+01 1.722656e+00 1.847455e+00 -1.147279e+01 1.027746e+01 -1.213265e+01 9.118341e+00 -5.754457e+00 4.854519e+00 -3.284404e+00 6.153084e+01 -1.231969e+00 1.572652e+00 -1.246377e+00 7.252290e-01 4.758734e-01 -3.729960e-01 9.459142e-01 -3.436960e-01 4.095445e-01 5.288633e-01 1.642627e-02 -2.345580e-02 6.941723e-01 5.907310e-01 -6.289423e-01 4.270358e-01 -4.686441e-01 -4.161640e-02 1.825723e-01 -4.684184e-01 3.710986e-01 -5.501944e-01 -9.800429e-02 -2.907684e-01 -6.025984e-02 -1.352752e-01
<VARIANCE> 39
 1.082351e+01 2.580663e+01 2.932729e+01 2.085588e+01 1.877436e+01 3.084543e+01 3.052511e+01 2.524640e+01 2.161080e+01 2.428207e+01 3.935904e+01 2.821050e+01 3.784059e+00 1.179306e+00 1.974737e+00 1.652711e+00 1.793307e+00 1.108086e+00 1.514867e+00 2.801413e+00 1.865235e+00 2.217601e+00 2.396275e+00 1.811938e+00 1.278886e+00 1.846624e-01 1.560639e-01 1.731538e-01 1.712471e-01 2.676353e-01 3.069124e-01 2.241861e-01 4.893657e-01 3.120866e-01 2.758911e-01 4.657113e-01 4.680213e-01 2.336022e-01 2.634164e-02
<GCONST> 9.711404e+01
<STATE> 4
<MEAN> 39
 -2.459344e+01 5.930120e+00 -1.160746e+01 -1.274896e+00 3.486431e+00 -1.257791e+01 8.704497e+00 -1.172875e+01 6.310902e+00 -5.840867e+00 1.771469e+00 -4.583294e+00 6.287553e+01 3.613697e+00 -7.695107e-01 -2.184321e-01 -1.982015e+00 -7.552672e-01 -9.823018e-02 -2.514776e+00 1.218655e-01 -8.875196e-01 -2.866147e-01 -1.817277e+00 -1.072627e+00 1.206641e+00 1.202518e+00 -3.155252e-01 -2.860572e-01 -3.700544e-01 -2.658988e-01 1.141882e-01 -6.261871e-01 -8.834025e-03 1.270475e-01 2.372183e-02 -4.484083e-01 -2.592722e-01 5.849357e-01
<VARIANCE> 39
 3.371978e+01 2.552909e+01 3.090742e+01 2.730276e+01 2.105597e+01 3.575554e+01 3.523162e+01 2.371067e+01 2.476853e+01 3.666033e+01 3.570757e+01 2.861318e+01 6.686528e+00 4.597036e+00 1.477024e+00 2.319476e+00 1.622848e+00 2.933946e+00 3.044935e+00 5.476152e+00 1.667956e+00 1.736316e+00 2.853702e+00 7.046415e+00 2.228361e+00 1.426009e+00 3.995313e-01 2.721123e-01 4.232543e-01 3.512784e-01 5.686131e-01 7.578277e-01 9.374885e-01 5.103365e-01 4.975223e-01 4.935105e-01 5.996934e-01 4.186949e-01 1.276360e-01
<GCONST> 1.159684e+02
<STATE> 5
<MEAN> 39
 -5.459632e+00 1.134198e+00 -1.586307e+01 -9.142375e+00 1.402543e+00 -1.082162e+01 -1.894220e+00 -9.857027e+00 4.791850e+00 -5.359658e+00 -6.268470e+00 -9.967812e+00 7.297137e+01 3.380964e+00 -2.570012e+00 -6.222913e-01 -9.148943e-01 4.723140e-01 1.129270e+00 -1.249028e+00 4.323755e-01 -1.215293e-01 2.225885e-02 -1.242440e+00 -5.267904e-01 2.066137e+00 -1.102971e+00 -1.175769e-01 3.846656e-01 6.994634e-01 2.963757e-01 1.940235e-01 6.589823e-01 -1.977857e-02 -2.247148e-02 -6.368884e-02 5.702518e-01 3.557540e-01 -5.614786e-01
<VARIANCE> 39
 1.153978e+01 2.749216e+01 3.521238e+01 2.438704e+01 4.241261e+01 6.676069e+01 7.832915e+01 8.426850e+01 4.056138e+01 1.152658e+02 1.468910e+02 3.025903e+01 2.154412e+01 3.537327e+00 2.092399e+00 4.438643e+00 2.492365e+00 3.129776e+00 4.248646e+00 5.121107e+00 7.598952e+00 3.709783e+00 3.707613e+00 4.549562e+00 3.307110e+00 1.773019e+00 1.335022e-01 4.035063e-01 3.672182e-01 2.200713e-01 3.990369e-01 7.783599e-01 7.839536e-01 6.379291e-01 4.358787e-01 6.477464e-01 6.495864e-01 3.925599e-01 1.639991e-01
<GCONST> 1.256768e+02
<STATE> 6
<MEAN> 39
 -3.121381e-01 -8.197451e+00 -1.089994e+01 -7.919555e+00 4.888859e+00 -8.953416e+00 -3.220469e+00 -5.364688e+00 1.807932e+00 -5.424600e+00 -5.328329e+00 -1.075884e+01 7.569994e+01 3.889808e-01 -2.891247e-01 8.203521e-01 1.281457e-01 -2.228346e-01 -7.310445e-02 -6.667531e-01 7.367900e-02 -2.006447e-01 1.901151e-01 -1.213949e-01 -3.479097e-03 -4.529389e-01 -3.117169e-01 4.715396e-01 2.193118e-01 2.793675e-02 -1.147474e-01 -1.715408e-01 -5.617685e-02 -5.090559e-02 -4.327693e-02 6.372807e-02 1.772155e-01 1.450740e-02 -3.699552e-01
<VARIANCE> 39
 3.912076e+00 2.870020e+01 8.991972e+01 2.173945e+01 5.902649e+01 3.670790e+01 8.562156e+01 1.575301e+02 6.917596e+01 6.985210e+01 1.346610e+02 2.935917e+01 2.138947e+01 1.933317e-01 1.056051e+00 1.081784e+00 7.264853e-01 8.513572e-01 8.878110e-01 1.699829e+00 1.052308e+00 1.234535e+00 1.711227e+00 1.588067e+00 7.744660e-01 4.408342e-01 5.311284e-02 1.007305e-01 2.358726e-01 1.731578e-01 1.993717e-01 2.316434e-01 2.940077e-01 3.595389e-01 2.990545e-01 2.196749e-01 3.815840e-01 1.991977e-01 2.175758e-02
<GCONST> 9.672437e+01
<STATE> 7
<MEAN> 39
 -2.012251e+00 -4.975095e+00 -4.938524e+00 -6.580740e+00 2.885205e+00 -6.875536e+00 -6.166834e+00 -5.539225e+00 3.311714e-01 -4.627694e+00 -4.778050e+00 -1.052863e+01 6.836650e+01 -7.758113e-01 4.758231e-01 8.860148e-01 4.625499e-01 -1.082636e-01 5.148812e-01 2.127850e-01 1.397343e-01 -7.353756e-01 -5.640813e-01 3.377355e-01 -2.872122e-02 -1.489205e+00 -1.476854e-01 -1.727589e-01 -1.394547e-01 -8.867966e-02 -5.424097e-03 5.490420e-02 2.170694e-01 1.317929e-01 -1.087461e-02 -2.595779e-02 1.530931e-02 -3.992524e-02 2.989641e-02
<VARIANCE> 39
 4.580420e+00 1.724291e+01 6.707779e+01 1.686471e+01 2.877460e+01 3.215776e+01 5.383888e+01 9.294643e+01 4.020834e+01 6.224179e+01 7.403484e+01 3.891595e+01 9.474053e+00 3.738750e-01 4.742738e-01 1.334613e+00 8.057758e-01 7.744169e-01 1.472889e+00 1.534188e+00 1.789365e+00 2.130685e+00 1.100580e+00 2.713238e+00 1.113467e+00 2.212570e-01 8.090534e-02 4.628697e-02 7.208250e-02 1.511618e-01 7.372694e-02 1.870335e-01 2.041772e-01 2.217332e-01 3.135104e-01 2.922187e-01 2.349123e-01 1.546956e-01 3.718022e-02
<GCONST> 8.991646e+01
<STATE> 8
<MEAN> 39
 -7.374095e+00 -4.386941e+00 -5.244256e+00 -7.360671e+00 6.542892e-01 -6.284577e+00 -3.893507e+00 -9.453906e+00 -1.758190e+00 -8.876954e+00 -5.046639e+00 -9.896742e+00 6.185331e+01 -7.473504e-01 -1.570870e-01 1.056734e+00 -1.910544e-01 1.196866e-01 1.317701e-01 4.324914e-01 4.433107e-01 -3.762703e-01 -2.520108e-01 1.895893e-01 -1.480338e-01 -7.975550e-01 6.218605e-02 5.165755e-02 -3.354703e-02 -2.129813e-03 2.965779e-02 -1.342717e-01 7.030363e-02 -7.444695e-02 2.055823e-01 6.133245e-02 -5.856267e-02 8.277167e-02 1.481426e-01
<VARIANCE> 39
 5.061784e+00 4.975161e+00 1.353618e+01 1.116319e+01 1.284782e+01 1.057236e+01 2.467158e+01 1.770984e+01 2.312276e+01 2.339180e+01 3.671399e+01 2.197699e+01 4.328963e+00 2.327397e-01 3.476951e-01 4.892199e-01 6.040106e-01 9.576572e-01 7.416326e-01 1.525249e+00 9.792358e-01 1.335329e+00 1.701081e+00 2.037518e+00 1.567101e+00 1.000239e-01 2.970771e-02 3.468407e-02 6.682070e-02 1.545243e-01 1.654803e-01 2.171007e-01 3.015987e-01 1.914185e-01 2.009118e-01 2.468643e-01 3.759949e-01 3.019252e-01 1.622218e-02
<GCONST> 7.443877e+01
<STATE> 9
<MEAN> 39
 -9.735939e+00 -4.244349e+00 9.227431e-02 -7.089455e+00 1.772888e+00 -5.935361e+00 -9.269009e-01 -5.075716e+00 -1.219463e+00 -8.183308e+00 -3.984331e+00 -1.077141e+01 5.948697e+01 -7.411793e-01 1.091212e-01 -2.137616e-01 -1.508736e-01 1.934587e-01 -2.040881e+00 2.607368e-01 -5.765710e-01 9.432616e-01 1.081539e+00 9.434675e-01 1.200603e+00 4.970637e-01 4.544777e-01 1.671497e-01 -3.771160e-01 -3.218184e-01 4.537132e-02 -1.082915e+00 -8.735703e-01 -7.703460e-01 -1.101224e-01 5.842378e-01 2.563385e-01 4.993860e-01 7.510237e-01
<VARIANCE> 39
 7.443245e+00 8.408909e+00 1.131338e+01 1.567292e+01 2.479688e+01 1.036982e+01 3.072256e+01 3.128234e+01 2.571480e+01 2.265509e+01 1.688920e+01 4.267759e+01 2.352380e+00 4.233699e-01 6.969270e-01 2.074171e+00 2.249239e+00 6.707903e+00 5.542112e+00 3.498630e+00 5.471953e+00 2.453065e+00 4.360070e+00 2.774026e+00 4.043030e+00 9.875867e-01 2.635677e-01 2.458818e-01 6.865693e-01 3.039190e-01 1.040512e+00 5.039799e-01 8.573817e-01 8.392582e-01 6.466824e-01 7.160383e-01 7.472990e-01 1.202631e+00 7.209671e-02
<GCONST> 1.100901e+02
<STATE> 10
<MEAN> 39
 -8.534976e+00 -2.763689e+00 -1.910719e+00 -1.024187e+01 3.363135e+00 -1.958553e+01 -6.920346e+00 -1.154036e+01 2.896430e-01 -1.472973e+00 -3.488575e-01 -3.884728e+00 6.604056e+01 2.427719e+00 1.104768e+00 -4.205754e-01 -1.773660e+00 1.551532e-01 -2.790684e+00 -3.706569e+00 -2.921605e+00 -1.331465e+00 2.867983e+00 1.322827e+00 1.248369e+00 2.678597e+00 6.624432e-01 1.713685e-01 5.155943e-02 -1.866206e-01 -1.263666e-01 1.455854e+00 -1.884691e-01 -3.546300e-02 -9.615234e-01 -2.033760e-01 3.054091e-02 -2.604626e-01 -7.201903e-02
<VARIANCE> 39
 2.696148e+01 1.822594e+01 3.704504e+01 2.610746e+01 5.726703e+01 6.905537e+01 1.041085e+02 1.132281e+02 6.617572e+01 5.824731e+01 7.125208e+01 3.593877e+01 2.215836e+01 1.937077e+00 3.405970e+00 7.133693e+00 2.307668e+00 6.131011e+00 8.384276e+00 6.467263e+00 9.570498e+00 6.396578e+00 6.113098e+00 5.712692e+00 7.424400e+00 6.128100e-01 5.217084e-01 3.647161e-01 8.146556e-01 6.199640e-01 1.030075e+00 1.141035e+00 1.328368e+00 1.393569e+00 6.662974e-01 1.335660e+00 6.058680e-01 5.970868e-01 3.671879e-01
<GCONST> 1.375862e+02
<STATE> 11
<MEAN> 39
 -8.836179e-02 7.300045e-01 -1.773705e+00 -1.519477e+01 2.422499e+00 -1.622079e+01 -1.648215e+01 -1.939228e+01 -7.630260e+00 4.631774e+00 2.782649e+00 -3.166057e+00 7.150085e+01 1.551081e+00 8.010661e-01 -6.509468e-01 -9.578783e-01 -2.400008e-01 2.574934e+00 -6.843792e-01 -1.024925e+00 -2.620064e+00 2.483643e-01 1.166981e+00 9.806845e-01 4.830506e-01 -5.614864e-01 -1.396239e-01 -1.614100e-01 1.625093e-01 -7.275811e-02 4.959889e-01 9.453887e-01 8.343120e-01 2.763655e-01 -8.448290e-01 -3.137163e-01 -6.968474e-02 -5.755605e-01
<VARIANCE> 39
 4.938347e+00 3.239414e+01 8.742403e+01 1.673464e+01 7.899920e+01 6.325773e+01 1.444037e+02 2.470678e+02 7.313386e+01 4.646981e+01 1.098378e+02 4.824231e+01 1.095691e+01 2.184325e+00 1.507354e+00 1.557834e+00 1.504482e+00 1.397749e+00 1.608607e+00 2.694660e+00 4.357275e+00 1.641791e+00 4.693104e+00 1.721333e+00 1.673736e+00 4.470253e-01 2.173761e-01 2.582336e-01 5.377984e-01 3.020287e-01 4.560424e-01 9.356259e-01 5.260301e-01 1.357012e+00 4.732705e-01 6.785287e-01 8.134015e-01 3.788947e-01 1.046162e-01
<GCONST> 1.192946e+02
<STATE> 12
<MEAN> 39
 1.523312e+00 2.238260e+00 -4.388731e+00 -1.922438e+01 3.944620e+00 -9.364728e+00 -1.789247e+01 -1.710571e+01 -1.485544e+01 3.441826e+00 6.443357e+00 -3.628382e+00 7.112322e+01 9.510808e-02 5.149321e-01 -3.702447e-01 -2.334103e-01 -8.918436e-01 5.316499e-01 9.932485e-01 9.436845e-02 -1.620272e-01 -1.017055e+00 5.016191e-01 4.057282e-01 -6.112786e-01 -1.818475e-01 -2.561249e-02 2.011990e-01 1.923452e-01 -8.982112e-02 -2.619887e-01 8.669267e-02 8.589925e-02 2.470085e-01 -6.799591e-02 -1.836649e-01 -1.308369e-01 -8.223007e-02
<VARIANCE> 39
 3.090370e+00 2.795665e+01 6.182394e+01 1.348780e+01 4.650223e+01 4.254173e+01 9.058340e+01 1.022688e+02 3.763398e+01 3.658912e+01 5.696964e+01 5.499864e+01 8.558453e+00 3.382025e-01 4.025459e-01 7.023008e-01 9.696009e-01 8.985783e-01 1.670500e+00 1.280593e+00 2.802783e+00 1.610919e+00 2.207896e+00 2.133710e+00 2.311652e+00 1.436971e-01 7.217585e-02 8.298972e-02 9.297320e-02 1.100151e-01 8.175290e-02 1.947759e-01 2.212201e-01 3.045302e-01 1.782675e-01 4.634438e-01 2.889562e-01 4.937883e-01 2.211311e-02
<GCONST> 9.245086e+01
<STATE> 13
<MEAN> 39
 2.234161e+00 6.492933e+00 -6.190223e+00 -1.787463e+01 -8.396870e+00 -9.139086e+00 -4.457847e+00 -1.612525e+01 -1.304080e+01 -8.908649e+00 4.486836e+00 1.661655e+00 6.680859e+01 -3.480244e-01 9.488553e-02 2.581149e-01 1.298501e-01 -7.029887e-01 4.074795e-01 4.802536e-01 6.502848e-01 -6.183790e-02 -8.069996e-01 -7.157444e-01 -1.550258e-01 -3.640475e-01 -1.835086e-01 -1.471907e-01 9.069030e-02 2.228874e-01 1.705682e-01 -1.254469e-01 -8.485235e-02 -3.920720e-02 1.710020e-01 1.691235e-01 8.659621e-02 1.052140e-02 -5.628176e-02
<VARIANCE> 39
 2.012042e+00 5.109597e+00 1.286702e+01 1.105208e+01 2.372769e+01 2.515906e+01 2.225519e+01 3.976373e+01 1.783488e+01 4.038234e+01 2.113894e+01 3.127731e+01 7.847736e-01 2.571191e-01 3.809095e-01 6.172100e-01 9.061480e-01 1.008947e+00 1.057412e+00 9.364440e-01 1.621487e+00 1.804968e+00 1.458686e+00 1.612032e+00 1.729930e+00 9.365519e-02 4.145632e-02 3.670707e-02 1.090929e-01 1.715753e-01 1.667211e-01 2.170324e-01 1.853848e-01 2.555607e-01 3.363486e-01 3.566342e-01 2.383402e-01 3.902586e-01 1.084361e-02
<GCONST> 7.632198e+01
<STATE> 14
<MEAN> 39
 -2.251612e+00 5.108838e+00 -2.305700e+00 -1.326799e+01 -6.687317e+00 -7.840072e+00 -6.131962e+00 -1.426176e+01 -1.131106e+01 -7.559813e+00 4.678658e+00 2.227017e+00 6.414636e+01 -8.266352e-01 -1.085395e-01 1.247005e+00 1.583611e+00 4.910048e-01 -2.461130e-01 1.578086e-01 1.022108e-03 3.308010e-01 -6.193384e-01 -1.238189e-01 -3.376869e-01 -6.374195e-01 3.417340e-02 1.994948e-02 1.267724e-01 6.195397e-02 1.299055e-01 1.747799e-02 -3.200993e-02 -8.607960e-02 -5.363378e-02 4.748311e-02 2.891414e-02 -2.185433e-01 4.266559e-02
<VARIANCE> 39
 5.215536e+00 9.004913e+00 2.359510e+01 2.478753e+01 2.897025e+01 1.839422e+01 3.255217e+01 3.186245e+01 1.633521e+01 2.738689e+01 1.606409e+01 4.352967e+01 1.798137e+00 3.362938e-01 4.381873e-01 3.417193e-01 5.740240e-01 1.702422e+00 1.686327e+00 2.150247e+00 2.273837e+00 9.863545e-01 1.644074e+00 1.315160e+00 9.861513e-01 1.042375e-01 3.175414e-02 4.284157e-02 6.199401e-02 1.385022e-01 2.057136e-01 3.290659e-01 2.880068e-01 3.550089e-01 2.070829e-01 1.966002e-01 2.288678e-01 2.094726e-01 1.269194e-02
<GCONST> 7.900454e+01
<STATE> 15
<MEAN> 39
 -4.603383e+00 5.901068e+00 4.765931e+00 -4.792316e+00 -2.045161e+00 -8.153894e+00 -4.937435e+00 -1.503639e+01 -9.047276e+00 -8.431731e+00 3.031732e+00 -8.647609e-01 6.216162e+01 -8.867869e-01 -4.366851e-01 3.553864e-01 8.298680e-01 -1.335581e-01 -3.134198e-01 2.529818e-01 4.040175e-02 6.073455e-01 -7.247939e-02 -2.292058e-02 -3.493636e-01 -4.830566e-01 -5.747957e-02 -1.788788e-01 -3.183006e-01 -2.678222e-01 -1.993069e-01 -6.317326e-02 -4.356812e-02 2.578658e-03 -6.035505e-02 -5.046994e-02 -2.912856e-02 1.408056e-01 1.365458e-02
<VARIANCE> 39
 3.607384e+00 7.339727e+00 1.785721e+01 2.605324e+01 2.124429e+01 8.514460e+00 3.176103e+01 2.739670e+01 2.472811e+01 1.441904e+01 2.619415e+01 5.470406e+01 8.729628e-01 2.393282e-01 4.383457e-01 8.573930e-01 8.791413e-01 9.786332e-01 7.484306e-01 1.351388e+00 1.322572e+00 1.964641e+00 1.508557e+00 1.246045e+00 2.294400e+00 4.608911e-02 2.605833e-02 5.847199e-02 7.333519e-02 8.114929e-02 1.296567e-01 2.052944e-01 2.341239e-01 2.988566e-01 3.696029e-01 2.353435e-01 3.187466e-01 2.375525e-01 7.048325e-03
<GCONST> 7.498799e+01
<STATE> 16
<MEAN> 39
 -8.810190e+00 9.957281e-01 -3.677283e-01 -8.366333e+00 -6.194584e+00 -9.623540e+00 -5.211454e+00 -1.493287e+01 -8.171597e+00 -1.062513e+01 3.196611e+00 -2.447753e+00 6.041069e+01 -8.149493e-01 -4.805841e-01 2.483032e-01 6.776105e-01 3.892136e-01 3.148994e-01 1.233000e-01 6.281053e-03 3.514670e-01 -1.489814e-01 -2.674954e-01 -1.689094e-02 -4.746579e-01 1.055565e-01 1.337873e-01 7.365292e-02 6.022097e-02 1.141292e-01 1.252525e-01 3.664149e-02 4.742054e-02 1.748676e-02 7.396060e-02 -1.007409e-01 4.266993e-02 4.862498e-02
<VARIANCE> 39
 2.320101e+00 5.384226e+00 1.379712e+01 2.132377e+01 1.324738e+01 1.391125e+01 1.537102e+01 1.639995e+01 1.480925e+01 1.200343e+01 1.217875e+01 2.747728e+01 9.786435e-01 6.117307e-02 2.761118e-01 6.313337e-01 7.570633e-01 7.460976e-01 8.265041e-01 7.904359e-01 7.565402e-01 1.887914e+00 1.532940e+00 9.202979e-01 1.365532e+00 2.263551e-02 1.869760e-02 1.966123e-02 8.985637e-02 1.300020e-01 1.526116e-01 1.603834e-01 1.598489e-01 1.710319e-01 2.634878e-01 2.827718e-01 1.548492e-01 3.291871e-01 5.629107e-03
<GCONST> 6.287001e+01
<STATE> 17
<MEAN> 39
 -1.143977e+01 1.767156e+00 4.737183e+00 -2.630416e+00 -3.793287e+00 -9.137947e+00 -4.565662e+00 -1.686476e+01 -1.028648e+01 -1.261916e+01 1.354201e+00 -3.291454e-01 5.845916e+01 -6.488911e-01 -3.798004e-01 -1.067132e-02 1.916168e-01 2.928753e-02 4.078123e-03 1.606781e-01 7.192856e-01 1.807187e-01 -4.125052e-01 -5.584283e-01 -4.790635e-01 -2.757160e-01 1.358492e-02 -5.973338e-02 -1.014686e-01 -1.396939e-01 2.108366e-02 5.886902e-02 1.177135e-01 1.861916e-01 1.710001e-01 9.572794e-02 2.329739e-02 -8.388107e-02 3.149679e-02
<VARIANCE> 39
 3.650859e+00 6.472655e+00 9.088793e+00 1.179691e+01 4.125079e+01 1.307791e+01 2.363427e+01 2.893533e+01 3.272073e+01 2.070258e+01 1.749344e+01 4.262165e+01 1.213746e+00 9.962357e-02 2.935826e-01 5.503750e-01 1.096952e+00 9.495978e-01 8.722919e-01 1.506832e+00 2.209518e+00 6.229861e-01 1.630176e+00 2.025507e+00 2.036957e+00 3.804719e-02 1.597429e-02 5.194454e-02 7.616000e-02 1.552418e-01 1.449814e-01 1.598362e-01 3.041132e-01 2.119455e-01 1.725543e-01 3.192319e-01 2.672101e-01 3.132951e-01 6.384199e-03
<GCONST> 7.232910e+01
<STATE> 18
<MEAN> 39
 -1.410765e+01 -1.708869e+00 2.030599e+00 -2.751982e+00 -1.032268e+00 -7.504409e+00 -2.301902e+00 -8.270925e+00 -9.732476e-01 -8.559211e+00 -2.860320e-02 -5.191974e+00 5.783532e+01 -3.928315e-01 -3.664915e-01 -6.712314e-02 5.310902e-02 3.902763e-01 3.605310e-01 5.551109e-01 5.289916e-01 5.449492e-01 2.617699e-01 -8.905048e-03 4.501862e-02 -1.528807e-01 4.330694e-03 -1.797860e-02 -3.489564e-02 7.273076e-03 -1.136777e-02 5.034937e-02 2.168824e-02 -8.588538e-02 -1.844629e-01 -9.717777e-02 3.152709e-02 5.394282e-02 -3.756992e-03
<VARIANCE> 39
 2.350014e+00 5.513673e+00 7.448846e+00 9.686213e+00 1.361895e+01 1.478143e+01 2.443737e+01 2.687813e+01 3.457428e+01 2.014290e+01 1.570214e+01 1.610473e+01 4.423791e-01 1.903607e-01 3.509043e-01 5.444928e-01 6.468478e-01 8.728436e-01 1.352852e+00 1.842224e+00 9.803718e-01 1.995419e+00 1.159196e+00 1.572308e+00 1.342148e+00 3.073579e-02 3.051048e-02 4.949013e-02 9.329866e-02 1.243098e-01 1.403354e-01 2.566136e-01 3.377930e-01 2.058126e-01 3.818882e-01 2.337919e-01 3.424470e-01 2.726191e-01 4.591696e-03
<GCONST> 6.957061e+01
<STATE> 19
<MEAN> 39
 -1.671529e+01 -3.889840e+00 1.668851e+00 -2.695558e+00 -6.130158e-01 -4.991070e+00 1.032468e+00 -7.844425e+00 -4.820117e+00 -1.235474e+01 -1.360303e+00 -3.047902e+00 5.658145e+01 -4.125925e-01 -4.225010e-01 -2.793874e-01 1.772731e-01 4.219606e-01 5.529267e-01 5.697567e-01 5.106844e-01 -1.370771e-01 -8.551680e-02 -1.351875e-01 8.876561e-02 -1.620110e-01 7.452504e-02 6.391069e-02 -1.890860e-02 5.344687e-02 -1.448342e-02 -1.897585e-01 -3.555390e-01 -1.465078e-01 1.665071e-01 1.842294e-01 7.161568e-02 -6.020400e-02 3.547845e-02
<VARIANCE> 39
 3.353358e+00 5.180517e+00 8.719874e+00 1.882668e+01 2.230716e+01 1.413133e+01 3.190275e+01 2.823905e+01 2.967588e+01 4.051275e+01 2.966118e+01 3.872288e+01 1.102500e+00 1.064907e-01 2.255090e-01 5.053748e-01 7.569391e-01 1.169479e+00 7.830275e-01 1.674762e+00 1.361422e+00 2.095959e+00 2.301622e+00 1.523794e+00 2.083266e+00 4.990353e-02 1.544657e-02 3.759106e-02 1.043791e-01 1.772011e-01 2.135631e-01 1.438656e-01 2.900780e-01 2.412468e-01 4.455513e-01 5.031075e-01 5.640686e-01 6.216664e-01 8.549790e-03
<GCONST> 7.731373e+01
<TRANSP> 20
 0.000000e+00 1.000000e+00 0.000000e+00 0.000000e+00 0.000000e+00 0.000000e+00 0.000000e+00 0.000000e+00 0.000000e+00 0.000000e+00 0.000000e+00 0.000000e+00 0.000000e+00 0.000000e+00 0.000000e+00 0.000000e+00 0.000000e+00 0.000000e+00 0.000000e+00 0.000000e+00
 0.000000e+00 7.640774e-01 2.359226e-01 0.000000e+00 0.000000e+00 0.000000e+00 0.000000e+00 0.000000e+00 0.000000e+00 0.000000e+00 0.000000e+00 0.000000e+00 0.000000e+00 0.000000e+00 0.000000e+00 0.000000e+00 0.000000e+00 0.000000e+00 0.000000e+00 0.000000e+00
 0.000000e+00 0.000000e+00 7.838252e-01 2.161749e-01 0.000000e+00 0.000000e+00 0.000000e+00 0.000000e+00 0.000000e+00 0.000000e+00 0.000000e+00 0.000000e+00 0.000000e+00 0.000000e+00 0.000000e+00 0.000000e+00 0.000000e+00 0.000000e+00 0.000000e+00 0.000000e+00
 0.000000e+00 0.000000e+00 0.000000e+00 7.370338e-01 2.629662e-01 0.000000e+00 0.000000e+00 0.000000e+00 0.000000e+00 0.000000e+00 0.000000e+00 0.000000e+00 0.000000e+00 0.000000e+00 0.000000e+00 0.000000e+00 0.000000e+00 0.000000e+00 0.000000e+00 0.000000e+00
 0.000000e+00 0.000000e+00 0.000000e+00 0.000000e+00 7.215664e-01 2.784336e-01 0.000000e+00 0.000000e+00 0.000000e+00 0.000000e+00 0.000000e+00 0.000000e+00 0.000000e+00 0.000000e+00 0.000000e+00 0.000000e+00 0.000000e+00 0.000000e+00 0.000000e+00 0.000000e+00
 0.000000e+00 0.000000e+00 0.000000e+00 0.000000e+00 0.000000e+00 8.138245e-01 1.861755e-01 0.000000e+00 0.000000e+00 0.000000e+00 0.000000e+00 0.000000e+00 0.000000e+00 0.000000e+00 0.000000e+00 0.000000e+00 0.000000e+00 0.000000e+00 0.000000e+00 0.000000e+00
 0.000000e+00 0.000000e+00 0.000000e+00 0.000000e+00 0.000000e+00 0.000000e+00 7.930104e-01 2.069897e-01 0.000000e+00 0.000000e+00 0.000000e+00 0.000000e+00 0.000000e+00 0.000000e+00 0.000000e+00 0.000000e+00 0.000000e+00 0.000000e+00 0.000000e+00 0.000000e+00
 0.000000e+00 0.000000e+00 0.000000e+00 0.000000e+00 0.000000e+00 0.000000e+00 0.000000e+00 8.393021e-01 1.606979e-01 0.000000e+00 0.000000e+00 0.000000e+00 0.000000e+00 0.000000e+00 0.000000e+00 0.000000e+00 0.000000e+00 0.000000e+00 0.000000e+00 0.000000e+00
 0.000000e+00 0.000000e+00 0.000000e+00 0.000000e+00 0.000000e+00 0.000000e+00 0.000000e+00 0.000000e+00 6.649110e-01 3.350890e-01 0.000000e+00 0.000000e+00 0.000000e+00 0.000000e+00 0.000000e+00 0.000000e+00 0.000000e+00 0.000000e+00 0.000000e+00 0.000000e+00
 0.000000e+00 0.000000e+00 0.000000e+00 0.000000e+00 0.000000e+00 0.000000e+00 0.000000e+00 0.000000e+00 0.000000e+00 6.664003e-01 3.335998e-01 0.000000e+00 0.000000e+00 0.000000e+00 0.000000e+00 0.000000e+00 0.000000e+00 0.000000e+00 0.000000e+00 0.000000e+00
 0.000000e+00 0.000000e+00 0.000000e+00 0.000000e+00 0.000000e+00 0.000000e+00 0.000000e+00 0.000000e+00 0.000000e+00 0.000000e+00 6.623684e-01 3.376316e-01 0.000000e+00 0.000000e+00 0.000000e+00 0.000000e+00 0.000000e+00 0.000000e+00 0.000000e+00 0.000000e+00
 0.000000e+00 0.000000e+00 0.000000e+00 0.000000e+00 0.000000e+00 0.000000e+00 0.000000e+00 0.000000e+00 0.000000e+00 0.000000e+00 0.000000e+00 8.228476e-01 1.771524e-01 0.000000e+00 0.000000e+00 0.000000e+00 0.000000e+00 0.000000e+00 0.000000e+00 0.000000e+00
 0.000000e+00 0.000000e+00 0.000000e+00 0.000000e+00 0.000000e+00 0.000000e+00 0.000000e+00 0.000000e+00 0.000000e+00 0.000000e+00 0.000000e+00 0.000000e+00 8.057827e-01 1.942173e-01 0.000000e+00 0.000000e+00 0.000000e+00 0.000000e+00 0.000000e+00 0.000000e+00
 0.000000e+00 0.000000e+00 0.000000e+00 0.000000e+00 0.000000e+00 0.000000e+00 0.000000e+00 0.000000e+00 0.000000e+00 0.000000e+00 0.000000e+00 0.000000e+00 0.000000e+00 7.538859e-01 2.461141e-01 0.000000e+00 0.000000e+00 0.000000e+00 0.000000e+00 0.000000e+00
 0.000000e+00 0.000000e+00 0.000000e+00 0.000000e+00 0.000000e+00 0.000000e+00 0.000000e+00 0.000000e+00 0.000000e+00 0.000000e+00 0.000000e+00 0.000000e+00 0.000000e+00 0.000000e+00 7.283012e-01 2.716988e-01 0.000000e+00 0.000000e+00 0.000000e+00 0.000000e+00
 0.000000e+00 0.000000e+00 0.000000e+00 0.000000e+00 0.000000e+00 0.000000e+00 0.000000e+00 0.000000e+00 0.000000e+00 0.000000e+00 0.000000e+00 0.000000e+00 0.000000e+00 0.000000e+00 0.000000e+00 7.452222e-01 2.547779e-01 0.000000e+00 0.000000e+00 0.000000e+00
 0.000000e+00 0.000000e+00 0.000000e+00 0.000000e+00 0.000000e+00 0.000000e+00 0.000000e+00 0.000000e+00 0.000000e+00 0.000000e+00 0.000000e+00 0.000000e+00 0.000000e+00 0.000000e+00 0.000000e+00 0.000000e+00 7.918541e-01 2.081459e-01 0.000000e+00 0.000000e+00
 0.000000e+00 0.000000e+00 0.000000e+00 0.000000e+00 0.000000e+00 0.000000e+00 0.000000e+00 0.000000e+00 0.000000e+00 0.000000e+00 0.000000e+00 0.000000e+00 0.000000e+00 0.000000e+00 0.000000e+00 0.000000e+00 0.000000e+00 8.195696e-01 1.804304e-01 0.000000e+00
 0.000000e+00 0.000000e+00 0.000000e+00 0.000000e+00 0.000000e+00 0.000000e+00 0.000000e+00 0.000000e+00 0.000000e+00 0.000000e+00 0.000000e+00 0.000000e+00 0.000000e+00 0.000000e+00 0.000000e+00 0.000000e+00 0.000000e+00 0.000000e+00 6.903485e-01 3.096515e-01
 0.000000e+00 0.000000e+00 0.000000e+00 0.000000e+00 0.000000e+00 0.000000e+00 0.000000e+00 0.000000e+00 0.000000e+00 0.000000e+00 0.000000e+00 0.000000e+00 0.000000e+00 0.000000e+00 0.000000e+00 0.000000e+00 0.000000e+00 0.000000e+00 0.000000e+00 0.000000e+00
<ENDHMM>
