~o
<STREAMINFO> 1 39
<VECSIZE> 39<NULLD><MFCC_D_A_0><DIAGC>
~h "alarm"
<BEGINHMM>
<NUMSTATES> 5
<STATE> 2
<MEAN> 39
 -9.302472e+00 -1.217921e+01 -8.796673e+00 -6.116196e+00 2.921135e+00 -2.900669e+00 -1.753042e+00 -9.383297e+00 1.039553e+00 -7.776865e+00 -4.649892e+00 -9.933960e+00 6.507590e+01 2.217597e+00 -1.190675e+00 -1.327481e+00 -5.630651e-01 2.768762e-01 4.741816e-01 -7.452248e-01 -5.497333e-01 1.002458e-01 -2.459154e-01 -1.011708e+00 -7.717994e-01 2.361724e+00 -1.898086e-02 7.491609e-02 1.299657e-01 1.875909e-02 -1.372330e-01 -4.666991e-02 -8.753548e-02 6.278963e-02 -1.258837e-01 5.135198e-02 5.890893e-02 8.231719e-02 1.280137e-02
<VARIANCE> 39
 5.636400e+01 3.289605e+01 6.117603e+01 2.237508e+01 5.481134e+01 4.503128e+01 7.068422e+01 8.074451e+01 5.706564e+01 5.851177e+01 4.476363e+01 2.622961e+01 6.586424e+01 2.737370e+00 2.836489e+00 4.403513e+00 2.666813e+00 4.984735e+00 3.409472e+00 4.149526e+00 7.916482e+00 4.014791e+00 4.984706e+00 4.179445e+00 2.753418e+00 2.824169e+00 7.069010e-01 7.241460e-01 8.733127e-01 4.061453e-01 7.858088e-01 5.698245e-01 6.709478e-01 1.170619e+00 6.753999e-01 6.774861e-01 6.369808e-01 6.051314e-01 7.841299e-01
<GCONST> 1.348400e+02
<STATE> 3
<MEAN> 39
 1.346704e+00 -1.004418e+01 -8.710070e+00 -8.966595e+00 3.695358e-01 -5.097666e+00 -7.130202e+00 -7.512286e+00 -1.132125e-01 -4.676478e+00 -4.346619e+00 -1.241075e+01 7.356107e+01 -1.180896e-02 4.539410e-01 3.208578e-01 1.073879e-01 -1.439270e-01 -2.371375e-01 -2.367916e-02 -2.998072e-02 -1.304605e-01 -3.205241e-02 8.109693e-02 -1.402855e-02 -2.303456e-01 -2.891683e-02 2.979609e-02 1.796262e-02 2.395744e-02 4.844578e-02 1.083402e-02 1.055936e-02 -2.283399e-02 2.274794e-03 -4.033724e-02 -5.738861e-03 -5.947751e-03 -3.901068e-02
<VARIANCE> 39
 4.475212e+00 2.587368e+01 8.276299e+01 3.936509e+01 8.433154e+01 6.693022e+01 6.279051e+01 1.441393e+02 4.127702e+01 7.614713e+01 1.136841e+02 3.766972e+01 1.388057e+01 2.516695e-01 1.659577e+00 1.417650e+00 1.312685e+00 1.614853e+00 1.765656e+00 1.350228e+00 2.042057e+00 1.843176e+00 2.474274e+00 1.626499e+00 1.767851e+00 3.601934e-01 4.630380e-02 1.884133e-01 1.966751e-01 1.938068e-01 2.376648e-01 2.839961e-01 2.164588e-01 3.100122e-01 2.918426e-01 4.320950e-01 2.713280e-01 2.953767e-01 6.064370e-02
<GCONST> 1.038718e+02
<STATE> 4
<MEAN> 39
 -1.072304e+01 3.051132e+00 7.248806e+00 8.565056e-01 -6.622888e-01 -8.432809e+00 -4.046501e+00 -1.103650e+01 -6.323026e+00 -1.239215e+01 -3.269731e+00 -9.167639e+00 5.923334e+01 -5.604594e-01 -7.237210e-02 2.428754e-01 2.003002e-01 1.216869e-01 9.588320e-02 1.498607e-01 1.156056e-01 3.773008e-02 1.807412e-02 1.866789e-01 3.089587e-01 -3.613813e-01 3.401089e-03 -6.612793e-02 -5.880341e-02 -3.068779e-02 -2.172565e-02 -9.414052e-03 6.886312e-03 2.468570e-02 3.131289e-02 3.119949e-02 -1.021626e-03 7.764761e-03 1.766385e-02
<VARIANCE> 39
 3.724899e+01 1.552259e+01 3.434065e+01 3.190296e+01 3.695094e+01 4.092833e+01 4.591117e+01 4.742693e+01 4.358900e+01 4.619513e+01 4.958728e+01 3.638492e+01 1.328387e+01 2.219601e-01 6.820872e-01 1.123649e+00 9.495051e-01 1.390902e+00 1.529690e+00 1.547813e+00 2.114506e+00 1.840170e+00 1.817890e+00 1.667072e+00 1.790433e+00 1.071562e-01 3.016249e-02 7.783712e-02 1.540349e-01 1.757732e-01 2.310542e-01 2.555903e-01 2.630548e-01 3.514005e-01 3.155474e-01 3.411837e-01 2.935101e-01 3.301577e-01 8.352802e-03
<GCONST> 9.369886e+01
<TRANSP> 5
 0.000000e+00 1.000000e+00 0.000000e+00 0.000000e+00 0.000000e+00
 0.000000e+00 8.782958e-01 1.217042e-01 0.000000e+00 0.000000e+00
 0.000000e+00 0.000000e+00 9.732989e-01 2.670112e-02 0.000000e+00
 0.000000e+00 0.000000e+00 0.000000e+00 9.688296e-01 3.117038e-02
 0.000000e+00 0.000000e+00 0.000000e+00 0.000000e+00 0.000000e+00
<ENDHMM>
