~o
<STREAMINFO> 1 39
<VECSIZE> 39<NULLD><MFCC_D_A_0><DIAGC>
~h "dua"
<BEGINHMM>
<NUMSTATES> 20
<STATE> 2
<MEAN> 39
 -1.702722e+01 -6.431088e+00 -2.690776e+00 -4.391511e+00 2.631170e-01 -4.943515e+00 -7.010110e-01 -6.296732e+00 -1.419971e-01 -7.168867e+00 -4.776210e-01 -6.733684e+00 5.663266e+01 1.122801e+00 1.496614e+00 1.457357e+00 9.779155e-01 4.830967e-01 -1.085015e-01 -6.460139e-01 -9.376616e-01 -1.274125e+00 -1.546537e+00 -1.653816e+00 -1.365012e+00 4.478494e-01 4.526449e-01 5.439132e-01 5.848731e-01 4.432503e-01 1.745099e-02 -2.680167e-01 -2.306737e-01 -3.105050e-01 -3.627664e-01 -3.890389e-01 -1.857606e-01 -1.152323e-01 2.126825e-01
<VARIANCE> 39
 2.195482e+00 4.763467e+00 6.301383e+00 7.060956e+00 9.206613e+00 8.989629e+00 1.153821e+01 1.294273e+01 1.656513e+01 1.351072e+01 1.435607e+01 2.169589e+01 3.946598e-01 1.098679e+00 1.965981e+00 2.605410e+00 2.200053e+00 1.214112e+00 1.295081e+00 1.792850e+00 3.110672e+00 4.013961e+00 3.321841e+00 2.824382e+00 2.786814e+00 2.145502e-01 1.105493e-01 1.212707e-01 1.543325e-01 2.100947e-01 1.508920e-01 3.434723e-01 2.824839e-01 4.556025e-01 4.472566e-01 4.773209e-01 4.824845e-01 4.561454e-01 2.635178e-02
<GCONST> 8.582102e+01
<STATE> 3
<MEAN> 39
 -8.438576e+00 4.866041e+00 9.352251e+00 4.512787e+00 3.875942e+00 -5.880438e+00 -3.850517e+00 -1.184430e+01 -7.429191e+00 -1.554777e+01 -7.131087e+00 -1.145572e+01 6.034156e+01 1.897401e+00 1.636572e+00 1.710436e+00 1.354603e+00 -2.857192e-03 -1.088335e+00 -1.416220e+00 -9.713700e-01 -4.965668e-01 -1.618974e-01 3.637879e-01 3.785445e-01 1.074733e+00 -1.358361e-01 -6.862839e-01 -7.815199e-01 -6.490790e-01 -5.349690e-01 -3.852367e-01 -5.568295e-01 -6.229128e-02 5.309272e-01 1.062390e+00 9.622331e-01 7.405448e-01 1.212368e-01
<VARIANCE> 39
 6.652933e+00 8.871078e+00 1.066522e+01 9.678635e+00 1.211323e+01 2.555462e+01 2.724993e+01 2.078133e+01 2.218628e+01 2.296753e+01 3.018417e+01 2.428416e+01 1.467223e+00 1.188139e+00 2.875945e+00 3.381055e+00 2.308569e+00 2.124787e+00 4.630484e+00 3.362371e+00 2.631543e+00 4.693107e+00 5.277160e+00 3.937260e+00 3.648571e+00 3.468258e-01 1.083661e-01 2.948314e-01 3.484312e-01 1.850115e-01 4.937941e-01 7.147939e-01 5.883068e-01 7.295600e-01 1.132835e+00 9.368840e-01 4.056163e-01 5.215606e-01 5.310979e-02
<GCONST> 1.057442e+02
<STATE> 4
<MEAN> 39
 -3.502638e+00 3.719068e+00 9.927860e+00 4.642119e+00 -1.330860e+00 -1.477301e+01 -1.338146e+01 -1.502646e+01 -7.717435e+00 -9.564423e+00 2.819057e-01 -5.828564e+00 6.515724e+01 1.663173e+00 -5.036513e-01 -1.015256e+00 -1.172406e+00 -2.065403e+00 -2.135492e+00 -3.415168e+00 -2.158626e+00 -2.817867e-01 3.153860e+00 2.917545e+00 1.015745e+00 1.627053e+00 -1.568329e-01 -2.354701e-02 -7.366806e-01 -7.483415e-01 1.423676e-01 8.177328e-01 4.271808e-01 -1.899817e-01 -1.164855e-01 4.073580e-01 2.764373e-01 -1.829491e-01 -2.148837e-01
<VARIANCE> 39
 4.559787e+00 1.982387e+01 2.845194e+01 2.144641e+01 4.511064e+01 7.455250e+01 5.188444e+01 1.153162e+02 3.138094e+01 1.941919e+01 5.860518e+01 4.245991e+01 1.088473e+01 4.967847e-01 2.401572e+00 3.717541e+00 1.929243e+00 5.175826e+00 6.565876e+00 5.009078e+00 7.069474e+00 7.164962e+00 5.029750e+00 3.576473e+00 5.437114e+00 5.247487e-01 1.652614e-01 4.719732e-01 2.844068e-01 4.664225e-01 7.176235e-01 1.371285e+00 6.984150e-01 8.448935e-01 7.186235e-01 5.005913e-01 6.933414e-01 3.490623e-01 1.033010e-01
<GCONST> 1.213528e+02
<STATE> 5
<MEAN> 39
 5.224417e-01 4.299682e+00 3.948510e+00 -1.956828e+00 -3.719269e+00 -1.548081e+01 -2.046828e+01 -2.150261e+01 -7.801923e+00 -1.899826e-01 7.987360e+00 -6.169559e+00 6.798242e+01 1.070496e+00 8.509002e-01 -1.853726e+00 -2.416571e+00 8.461543e-02 1.454865e+00 -2.222466e-01 -1.667500e+00 -1.046023e+00 1.496070e+00 2.245195e+00 1.151791e+00 2.738148e-01 -3.566303e-01 1.697278e-01 1.889186e-01 1.018139e-01 5.760410e-01 8.465806e-01 1.489473e+00 8.203767e-01 -3.558695e-01 -1.446709e+00 -8.860289e-01 -2.455341e-02 -4.233328e-01
<VARIANCE> 39
 3.099500e+00 2.846275e+01 4.595466e+01 9.601588e+00 3.889939e+01 4.688041e+01 5.367182e+01 1.065897e+02 6.344813e+01 3.278535e+01 7.938647e+01 7.052777e+01 9.982214e+00 2.854987e-01 4.698026e-01 1.227855e+00 7.239165e-01 1.840164e+00 4.050185e+00 3.400644e+00 2.382053e+00 2.256997e+00 3.611017e+00 3.908550e+00 1.417286e+00 2.568359e-01 4.469103e-02 2.478936e-01 2.800733e-01 1.955182e-01 6.881827e-01 6.550794e-01 4.133253e-01 6.622821e-01 9.726785e-01 7.949003e-01 7.550426e-01 7.698933e-01 3.536565e-02
<GCONST> 1.077613e+02
<STATE> 6
<MEAN> 39
 1.718434e+00 6.658761e+00 -4.177836e-02 -7.014588e+00 -2.756997e+00 -7.809941e+00 -1.378698e+01 -2.402748e+01 -1.183230e+01 -3.490385e+00 9.395793e+00 -5.263522e-01 6.699422e+01 1.256333e-01 4.225718e-01 -5.819947e-01 -1.090865e+00 -1.831760e-01 8.595610e-01 1.932991e+00 9.551676e-01 -9.702975e-01 -2.333963e+00 -9.493197e-01 5.203381e-01 -2.115135e-01 -1.759638e-01 -8.692031e-02 3.020025e-01 3.077038e-01 -3.002158e-01 -3.966058e-01 1.550394e-01 4.905982e-01 2.051839e-01 -2.525559e-01 -4.944596e-01 -1.810454e-01 -3.163450e-02
<VARIANCE> 39
 1.074097e+00 8.375205e+00 3.552375e+01 1.301778e+01 2.395045e+01 2.819186e+01 4.992767e+01 4.411332e+01 1.553480e+01 3.831929e+01 3.799076e+01 3.172622e+01 2.358300e+00 1.450714e-01 1.930410e-01 6.897949e-01 7.405386e-01 1.901233e+00 2.593305e+00 1.961948e+00 2.706804e+00 1.817615e+00 2.762046e+00 3.208322e+00 3.771051e+00 5.162017e-02 5.535422e-02 3.351269e-02 2.023043e-01 1.156638e-01 1.684290e-01 2.759357e-01 3.292618e-01 3.475398e-01 2.329433e-01 8.812827e-01 7.711285e-01 4.240385e-01 1.456508e-02
<GCONST> 8.651328e+01
<STATE> 7
<MEAN> 39
 1.476561e+00 8.319847e+00 8.581207e-01 -8.843765e+00 -5.575871e+00 -7.830364e+00 -6.936406e+00 -1.661460e+01 -1.331937e+01 -9.183457e+00 6.772275e+00 1.009284e+00 6.639230e+01 1.700476e-01 1.010986e-01 -5.478404e-01 -7.481011e-01 -4.347144e-01 4.527909e-01 8.604586e-01 4.738838e-01 5.677989e-02 -3.313739e-01 -7.596484e-02 5.864936e-01 4.533962e-02 5.284331e-02 -9.060884e-02 -7.926861e-02 -6.867214e-02 1.007779e-01 7.250414e-02 -2.276483e-01 -2.465213e-01 1.009777e-01 3.529284e-01 2.964603e-01 2.265873e-02 6.904694e-02
<VARIANCE> 39
 4.229772e+00 8.274954e+00 1.545203e+01 1.399708e+01 3.986266e+01 2.862779e+01 2.333824e+01 2.983766e+01 3.438813e+01 2.387658e+01 3.566356e+01 3.291457e+01 5.105282e+00 1.500491e-01 2.728508e-01 6.871390e-01 6.779053e-01 7.029660e-01 1.329130e+00 1.321760e+00 2.185601e+00 1.765443e+00 9.412526e-01 1.089959e+00 1.621560e+00 6.749430e-02 1.693159e-02 4.022080e-02 1.081102e-01 7.697430e-02 1.181648e-01 2.531902e-01 1.806162e-01 3.127037e-01 2.969436e-01 2.544183e-01 2.522223e-01 3.536300e-01 4.324655e-03
<GCONST> 7.611146e+01
<STATE> 8
<MEAN> 39
 2.996221e+00 7.333717e+00 -5.264528e+00 -1.535438e+01 -7.364399e+00 -5.387612e+00 -5.602013e+00 -1.828856e+01 -1.127904e+01 -6.933120e+00 8.464290e+00 3.348187e+00 6.724237e+01 2.873620e-01 -8.412536e-01 -1.416052e+00 -9.619119e-01 6.950262e-01 1.265131e+00 -6.439240e-02 -1.011104e+00 4.565409e-01 2.359073e+00 1.210372e+00 -6.832145e-01 4.212663e-01 -9.374225e-02 -3.397082e-01 -1.363011e-01 3.028610e-01 2.294508e-01 -5.329144e-03 -3.413848e-01 -5.371286e-02 5.029215e-01 5.826735e-01 -2.496338e-01 -8.693080e-01 6.506286e-02
<VARIANCE> 39
 2.710579e+00 8.121494e+00 2.046111e+01 1.389113e+01 3.537160e+01 2.413830e+01 1.929885e+01 3.114534e+01 3.801113e+01 3.980557e+01 2.009714e+01 2.465945e+01 1.439236e+00 1.096923e-01 3.688968e-01 7.176079e-01 7.252143e-01 8.403415e-01 1.516726e+00 1.729858e+00 2.834540e+00 1.728807e+00 1.230428e+00 1.969888e+00 2.989008e+00 6.129042e-02 2.133269e-02 4.994452e-02 1.645717e-01 1.084959e-01 2.143683e-01 2.180171e-01 2.620190e-01 4.525634e-01 3.354003e-01 3.823315e-01 4.269128e-01 4.413072e-01 1.124154e-02
<GCONST> 8.089006e+01
<STATE> 9
<MEAN> 39
 3.872538e+00 2.526997e+00 -8.979173e+00 -1.519659e+01 -2.354362e+00 2.918822e-01 -8.377285e+00 -2.210753e+01 -9.128784e+00 2.513167e+00 1.078129e+01 -4.691958e+00 6.972549e+01 2.214048e-02 -2.058316e+00 -1.068024e+00 3.433119e-01 6.365666e-01 3.219843e-01 -1.561451e+00 3.791339e-01 3.386856e+00 2.819374e+00 -8.021964e-01 -3.717381e+00 7.464935e-01 -4.972028e-02 -2.565325e-01 3.617860e-01 2.896932e-01 -1.010856e-01 -3.228325e-01 -9.518549e-02 6.539878e-01 5.943612e-01 -7.160558e-01 -7.740840e-01 -1.767747e-01 6.042324e-02
<VARIANCE> 39
 2.846732e+00 1.375716e+01 5.874546e+01 1.799052e+01 2.872406e+01 3.934269e+01 1.510351e+01 2.814142e+01 4.483324e+01 3.146975e+01 1.812363e+01 2.025885e+01 3.698093e+00 1.612654e-01 8.021208e-01 1.545526e+00 3.181583e-01 1.966412e+00 2.799137e+00 1.698062e+00 4.900544e+00 3.067808e+00 2.902792e+00 2.158085e+00 2.025981e+00 1.682947e-01 2.758535e-02 1.705593e-01 1.324282e-01 9.407330e-02 1.264996e-01 1.891134e-01 2.898005e-01 5.485324e-01 5.579997e-01 5.487144e-01 5.204002e-01 5.588088e-01 3.435193e-02
<GCONST> 9.169870e+01
<STATE> 10
<MEAN> 39
 3.902159e+00 -4.908130e+00 -1.132246e+01 -1.349053e+01 4.092379e-01 -3.451102e+00 -1.311555e+01 -1.611114e+01 2.649473e+00 5.248159e+00 3.009063e+00 -1.398697e+01 7.158834e+01 -2.690435e-01 -2.070042e+00 1.820408e-01 3.685341e-01 -7.776569e-02 -1.144213e-01 -7.092518e-02 1.883292e+00 2.003851e+00 -7.567521e-02 -3.052676e+00 -1.802921e+00 6.478431e-01 -1.095292e-01 1.772790e-01 3.861652e-01 -1.820313e-01 -3.188287e-01 1.035936e-01 5.250087e-01 1.589470e-02 -7.518277e-01 -4.460996e-01 -2.074922e-01 5.255824e-01 -4.970041e-02
<VARIANCE> 39
 5.163855e+00 2.474364e+01 7.990107e+01 1.740015e+01 2.501009e+01 3.921184e+01 1.897834e+01 4.787085e+01 2.596577e+01 2.375180e+01 1.062995e+02 3.107530e+01 8.449048e+00 2.630019e-01 1.160956e+00 9.782808e-01 8.932245e-01 1.027766e+00 1.432860e+00 1.604852e+00 3.894232e+00 3.760000e+00 2.060288e+00 3.927902e+00 1.891117e+00 2.518617e-01 3.008988e-02 1.003179e-01 7.218642e-02 1.052513e-01 1.500227e-01 1.244420e-01 1.615070e-01 3.889295e-01 4.196147e-01 4.121854e-01 7.323135e-01 4.001727e-01 1.193656e-02
<GCONST> 9.285641e+01
<STATE> 11
<MEAN> 39
 2.451616e+00 -1.160165e+01 -8.763652e+00 -1.384149e+01 -1.229635e+00 -4.238575e+00 -9.829166e+00 -7.548894e+00 4.744434e+00 2.077351e+00 -8.060521e+00 -1.809073e+01 7.400708e+01 -2.869880e-01 -7.439164e-01 4.272361e-01 -1.007482e-02 -1.871868e-01 -1.588930e-01 4.794438e-01 1.057930e+00 -6.694001e-02 -9.793271e-01 -1.405774e+00 -1.389465e-01 2.807039e-01 -8.518180e-03 1.962887e-01 -1.429659e-01 4.372794e-02 1.632213e-01 -2.523422e-02 -7.558931e-02 -1.329850e-01 -2.413854e-01 -2.506671e-01 2.121664e-01 3.261047e-01 -1.206251e-01
<VARIANCE> 39
 1.981984e+00 3.046789e+01 1.343681e+02 1.754539e+01 1.825701e+01 3.056873e+01 2.557452e+01 1.010106e+02 3.059985e+01 3.320156e+01 1.127522e+02 3.199373e+01 1.474476e+01 1.321479e-01 4.467336e-01 8.290758e-01 4.316923e-01 8.581688e-01 7.661411e-01 7.695754e-01 2.059232e+00 1.052211e+00 1.634851e+00 1.417906e+00 1.699119e+00 1.752214e-01 3.341672e-02 1.019556e-01 1.474801e-01 5.991684e-02 7.571228e-02 9.745378e-02 1.120651e-01 3.937024e-01 1.636049e-01 2.279421e-01 3.628511e-01 3.005196e-01 2.024192e-02
<GCONST> 8.354813e+01
<STATE> 12
<MEAN> 39
 -7.996207e-02 -7.425290e+00 -9.315654e+00 -1.689685e+01 -1.103017e+01 1.171319e+01 -6.128388e+00 -1.913202e+01 7.958009e+00 4.005420e+00 -7.130068e+00 -1.022573e+01 7.256059e+01 -5.823414e-01 -9.906520e-01 -1.931803e-01 -4.704948e-01 -1.487711e-01 8.054741e-01 -3.988889e-01 3.464292e-01 7.279885e-01 -7.847949e-01 -1.258532e+00 4.877044e-01 -1.644816e-02 -6.845886e-02 2.363844e-01 4.507722e-02 1.014827e-01 2.435323e-01 -3.952011e-01 -3.300598e-02 7.957976e-02 -2.540736e-01 -3.776245e-02 2.871049e-01 -1.163172e-02 -2.041972e-01
<VARIANCE> 39
 3.425797e+00 4.397692e+01 5.592051e+01 2.450135e+01 5.947120e+01 1.822485e+02 2.179218e+01 1.474998e+02 4.039320e+01 3.204881e+01 4.413040e+01 3.588120e+01 1.162181e+01 3.187957e-01 1.654845e+00 1.127185e+00 8.497850e-01 1.980317e+00 5.236590e+00 1.682829e+00 2.472295e+00 4.146521e+00 1.533578e+00 2.383642e+00 1.620311e+00 4.993533e-01 5.144693e-02 3.115946e-01 2.833402e-01 2.069283e-01 3.404626e-01 7.453409e-01 5.123067e-01 5.594389e-01 4.639460e-01 1.920276e-01 2.575766e-01 2.806353e-01 7.906690e-02
<GCONST> 1.066825e+02
<STATE> 13
<MEAN> 39
 -8.233932e-01 -1.406270e+01 -5.678497e+00 -1.229860e+01 4.053262e-01 -5.942767e+00 -1.071603e+01 -1.865238e+00 -8.984061e-02 -6.995310e+00 -9.071822e+00 -1.492719e+01 7.353056e+01 -6.472614e-01 1.039435e+00 -2.492049e-02 6.204669e-01 3.454520e-01 -6.621982e-01 3.559907e-01 -3.460258e-01 -1.810280e-01 -6.954784e-01 -1.859383e-01 2.860853e-01 -1.127756e+00 -5.679311e-02 2.937786e-01 1.999700e-01 1.288572e-01 -1.319336e-01 7.085670e-02 2.081555e-01 -7.282564e-02 2.140111e-01 1.874023e-01 1.875136e-01 -1.934189e-03 -1.707409e-01
<VARIANCE> 39
 2.562960e+00 2.541997e+01 9.020250e+01 2.097446e+01 3.593491e+01 9.457829e+01 1.934906e+01 9.487791e+01 7.781587e+01 2.135127e+01 6.783671e+01 2.024650e+01 1.620109e+01 1.762039e-01 1.157412e+00 1.630796e+00 3.655007e-01 6.802105e-01 1.306857e+00 1.573635e+00 2.670220e+00 2.501951e+00 1.542193e+00 1.099857e+00 1.773285e+00 2.818035e-01 4.127080e-02 1.604136e-01 5.505083e-02 6.342012e-02 1.532713e-01 3.365017e-01 2.313496e-01 4.698129e-01 3.943466e-01 2.075088e-01 2.685728e-01 3.675242e-01 4.544961e-02
<GCONST> 9.266460e+01
<STATE> 14
<MEAN> 39
 -3.470850e+00 -6.673686e+00 -7.452940e+00 -1.175493e+01 -3.452257e+00 1.740080e-01 -5.933247e+00 -1.279982e+01 5.499759e+00 -6.367842e+00 -1.523135e+01 -1.299084e+01 6.750028e+01 -7.641200e-01 7.389112e-01 7.922472e-01 1.052237e+00 8.879903e-01 -1.194693e+00 2.578094e-01 6.000980e-01 -1.068160e+00 -1.539686e+00 4.250847e-01 2.153385e-01 -1.085054e+00 1.141720e-02 -1.139510e-01 -1.563955e-01 -1.041055e-01 -2.036162e-01 4.999031e-02 2.063632e-02 -1.594982e-02 -5.033345e-02 1.168999e-01 3.135653e-01 4.884756e-02 3.955635e-02
<VARIANCE> 39
 7.705034e+00 1.063150e+01 2.086712e+01 2.430064e+01 3.707044e+01 9.563728e+01 1.840865e+01 6.717845e+01 3.071066e+01 4.798668e+01 7.321696e+01 2.868988e+01 4.145623e+00 9.743518e-02 3.639959e-01 2.730376e-01 5.694268e-01 1.787816e+00 2.490901e+00 1.874314e+00 1.505075e+00 1.035675e+00 1.120354e+00 1.796494e+00 1.250799e+00 7.335249e-02 1.535389e-02 4.756410e-02 3.008960e-02 8.613791e-02 2.107650e-01 1.257073e-01 4.149997e-01 3.390244e-01 1.041310e-01 1.676041e-01 2.635696e-01 1.167717e-01 7.085256e-03
<GCONST> 7.840043e+01
<STATE> 15
<MEAN> 39
 -5.275082e+00 -6.019179e+00 -4.718944e+00 -8.473454e+00 -1.364944e-01 -7.557544e+00 -5.601611e+00 -3.698502e+00 3.563773e-01 -9.896674e+00 -7.966346e+00 -1.192095e+01 6.544263e+01 -6.901875e-01 7.666923e-01 2.119800e-02 1.413513e-01 -3.140516e-01 3.013250e-01 1.164154e+00 -2.234075e-01 3.533375e-01 -2.255684e-01 2.528347e-01 4.110965e-01 -9.684070e-01 1.474311e-02 -1.100248e-01 -4.997465e-02 -4.635973e-02 4.080850e-02 6.685370e-02 -3.061629e-02 2.736054e-02 9.712259e-02 1.372655e-02 -1.449409e-01 -4.501645e-02 9.035626e-02
<VARIANCE> 39
 2.403300e+00 6.507784e+00 3.823176e+01 2.104379e+01 7.506691e+00 3.601968e+01 2.371509e+01 3.807715e+01 2.474798e+01 1.993544e+01 3.156751e+01 1.221641e+01 3.569366e+00 1.081635e-01 3.407686e-01 4.460855e-01 4.570473e-01 8.413405e-01 1.054218e+00 9.587016e-01 1.367872e+00 1.627986e+00 4.383225e-01 1.725467e+00 8.669698e-01 6.323597e-02 1.494094e-02 4.913094e-02 6.010746e-02 7.387865e-02 9.934273e-02 1.419356e-01 1.406147e-01 1.286205e-01 2.823403e-01 1.220289e-01 1.860718e-01 1.318353e-01 5.907281e-03
<GCONST> 6.640051e+01
<STATE> 16
<MEAN> 39
 -9.568848e+00 -5.800579e+00 -7.543110e+00 -1.037564e+01 -2.161425e+00 -4.019683e+00 -1.665684e+00 -7.203043e+00 2.561465e+00 -9.364065e+00 -8.329382e+00 -1.097596e+01 6.157882e+01 -8.216065e-01 4.832291e-02 3.509735e-01 7.686710e-01 3.359581e-01 6.302690e-02 4.597689e-01 7.014439e-01 -2.955658e-01 -2.615566e-01 7.640054e-01 2.636054e-01 -6.305326e-01 1.039936e-02 -4.319698e-02 4.017950e-02 1.066266e-01 1.555083e-01 7.760957e-02 -1.476943e-01 -3.042447e-02 -1.395294e-02 2.468954e-01 1.438469e-01 1.440148e-01 4.992254e-02
<VARIANCE> 39
 7.911287e+00 6.887708e+00 1.541549e+01 8.386084e+00 7.612993e+00 1.999103e+01 8.196529e+00 2.223341e+01 1.404416e+01 1.417433e+01 2.798522e+01 1.986153e+01 2.644792e+00 1.201588e-01 4.205967e-01 6.828151e-01 2.945306e-01 9.019222e-01 1.236266e+00 5.173289e-01 1.285872e+00 7.212547e-01 1.140594e+00 1.572392e+00 1.170934e+00 2.724224e-02 1.366373e-02 7.061428e-02 9.173144e-02 5.657224e-02 1.307141e-01 1.240864e-01 1.089710e-01 1.145219e-01 1.377558e-01 8.383995e-02 1.192142e-01 1.627261e-01 2.342961e-03
<GCONST> 6.010900e+01
<STATE> 17
<MEAN> 39
 -1.015785e+01 -2.231186e+00 -2.548016e+00 -4.562157e+00 4.710895e-01 -5.371881e+00 -8.994266e-01 -4.624459e+00 1.463845e+00 -1.128299e+01 -6.850389e+00 -7.646694e+00 6.029378e+01 -6.840186e-01 2.288043e-01 3.312932e-01 1.696119e-01 -6.855844e-02 -1.129742e-01 3.900559e-01 2.325453e-01 -3.265982e-01 4.514521e-01 9.857267e-01 8.077855e-01 -5.711344e-01 -1.172230e-03 -1.005142e-01 -7.080485e-02 -1.746575e-01 -1.458412e-01 -5.387509e-02 2.396297e-02 -1.203807e-02 -4.118943e-02 2.595332e-02 1.171082e-03 -7.736367e-02 3.068961e-02
<VARIANCE> 39
 6.587440e+00 9.804391e+00 8.675665e+00 9.612421e+00 8.543721e+00 2.104041e+01 2.219741e+01 1.893917e+01 1.457057e+01 2.117794e+01 2.124048e+01 1.869521e+01 2.199449e+00 1.673055e-01 3.729219e-01 6.875719e-01 4.881428e-01 7.254477e-01 1.941268e+00 1.443264e+00 1.300579e+00 1.002158e+00 6.839025e-01 9.620855e-01 1.039854e+00 5.706048e-02 2.071426e-02 5.559463e-02 1.138483e-01 4.541469e-02 9.842546e-02 3.240509e-01 1.817829e-01 1.852657e-01 1.574595e-01 2.084884e-01 2.381777e-01 1.114766e-01 5.620002e-03
<GCONST> 6.677682e+01
<STATE> 18
<MEAN> 39
 -1.474828e+01 -5.937467e+00 -5.130384e+00 -7.490979e+00 -1.181265e+00 -5.248354e+00 -4.028051e-01 -5.284420e+00 1.536550e-01 -7.748042e+00 -1.844436e+00 -7.835613e+00 5.803107e+01 -6.241419e-01 -1.758702e-01 2.196185e-03 -2.277118e-01 -2.971142e-01 -4.465002e-02 3.363810e-01 -1.991176e-01 -3.666678e-01 -4.925538e-02 5.289751e-01 2.910208e-01 -3.350811e-01 4.084488e-02 1.715389e-02 1.208151e-02 -4.422886e-02 1.622159e-02 1.241892e-01 8.984725e-02 -5.781874e-02 -3.021897e-02 -1.299198e-01 -1.085583e-01 -5.705789e-02 1.937089e-02
<VARIANCE> 39
 3.141355e+00 7.666653e+00 1.221848e+01 1.015797e+01 1.012142e+01 1.867114e+01 1.150413e+01 1.927119e+01 1.911819e+01 1.918807e+01 1.900692e+01 2.665544e+01 7.635937e-01 8.323630e-02 2.134807e-01 5.743917e-01 5.142466e-01 6.783333e-01 1.580314e+00 9.391975e-01 2.192491e+00 1.163392e+00 1.849119e+00 1.870786e+00 9.963608e-01 3.147880e-02 1.266669e-02 2.274848e-02 8.457306e-02 1.470526e-01 1.160068e-01 1.628191e-01 1.876479e-01 4.394872e-01 2.056416e-01 3.505268e-01 2.936997e-01 1.970076e-01 7.726386e-03
<GCONST> 6.631181e+01
<STATE> 19
<MEAN> 39
 -1.525461e+01 -3.194356e+00 -1.981737e+00 -5.838252e+00 -1.035421e+00 -4.246980e+00 4.846287e+00 -3.654817e+00 -2.324667e+00 -1.016870e+01 -1.058388e+00 -3.736288e+00 5.691945e+01 -4.501018e-01 -1.640764e-01 3.160824e-01 2.656977e-01 3.271661e-01 9.956591e-01 1.510604e+00 6.296006e-01 -5.529286e-01 -3.088959e-01 2.119714e-01 4.289937e-01 -2.886353e-01 4.406726e-02 -1.998625e-02 1.604996e-02 1.377201e-01 1.203359e-01 2.332188e-01 1.120200e-01 2.942814e-01 2.502848e-01 6.669536e-02 4.480516e-02 7.008665e-02 5.558648e-02
<VARIANCE> 39
 4.230536e+00 1.952463e+01 2.549317e+01 1.196268e+01 1.911332e+01 2.784098e+01 3.650261e+01 3.665952e+01 2.134757e+01 1.159743e+01 1.015845e+01 4.160253e+01 9.527018e-01 2.788604e-01 4.310899e-01 7.422885e-01 1.352619e+00 1.714258e+00 1.231780e+00 1.028936e+00 1.607476e+00 1.315887e+00 1.969246e+00 1.458824e+00 1.567412e+00 8.326114e-02 3.412365e-02 7.915063e-02 1.740492e-01 2.198013e-01 2.656868e-01 2.745264e-01 2.740401e-01 2.788623e-01 2.421052e-01 4.977097e-01 2.495621e-01 5.010462e-01 6.372341e-03
<GCONST> 8.160842e+01
<TRANSP> 20
 0.000000e+00 1.000000e+00 0.000000e+00 0.000000e+00 0.000000e+00 0.000000e+00 0.000000e+00 0.000000e+00 0.000000e+00 0.000000e+00 0.000000e+00 0.000000e+00 0.000000e+00 0.000000e+00 0.000000e+00 0.000000e+00 0.000000e+00 0.000000e+00 0.000000e+00 0.000000e+00
 0.000000e+00 7.444369e-01 2.555632e-01 0.000000e+00 0.000000e+00 0.000000e+00 0.000000e+00 0.000000e+00 0.000000e+00 0.000000e+00 0.000000e+00 0.000000e+00 0.000000e+00 0.000000e+00 0.000000e+00 0.000000e+00 0.000000e+00 0.000000e+00 0.000000e+00 0.000000e+00
 0.000000e+00 0.000000e+00 7.390172e-01 2.609828e-01 0.000000e+00 0.000000e+00 0.000000e+00 0.000000e+00 0.000000e+00 0.000000e+00 0.000000e+00 0.000000e+00 0.000000e+00 0.000000e+00 0.000000e+00 0.000000e+00 0.000000e+00 0.000000e+00 0.000000e+00 0.000000e+00
 0.000000e+00 0.000000e+00 0.000000e+00 6.151760e-01 3.848240e-01 0.000000e+00 0.000000e+00 0.000000e+00 0.000000e+00 0.000000e+00 0.000000e+00 0.000000e+00 0.000000e+00 0.000000e+00 0.000000e+00 0.000000e+00 0.000000e+00 0.000000e+00 0.000000e+00 0.000000e+00
 0.000000e+00 0.000000e+00 0.000000e+00 0.000000e+00 5.971732e-01 4.028268e-01 0.000000e+00 0.000000e+00 0.000000e+00 0.000000e+00 0.000000e+00 0.000000e+00 0.000000e+00 0.000000e+00 0.000000e+00 0.000000e+00 0.000000e+00 0.000000e+00 0.000000e+00 0.000000e+00
 0.000000e+00 0.000000e+00 0.000000e+00 0.000000e+00 0.000000e+00 6.862089e-01 3.137911e-01 0.000000e+00 0.000000e+00 0.000000e+00 0.000000e+00 0.000000e+00 0.000000e+00 0.000000e+00 0.000000e+00 0.000000e+00 0.000000e+00 0.000000e+00 0.000000e+00 0.000000e+00
 0.000000e+00 0.000000e+00 0.000000e+00 0.000000e+00 0.000000e+00 0.000000e+00 8.397176e-01 1.602824e-01 0.000000e+00 0.000000e+00 0.000000e+00 0.000000e+00 0.000000e+00 0.000000e+00 0.000000e+00 0.000000e+00 0.000000e+00 0.000000e+00 0.000000e+00 0.000000e+00
 0.000000e+00 0.000000e+00 0.000000e+00 0.000000e+00 0.000000e+00 0.000000e+00 0.000000e+00 7.195643e-01 2.804357e-01 0.000000e+00 0.000000e+00 0.000000e+00 0.000000e+00 0.000000e+00 0.000000e+00 0.000000e+00 0.000000e+00 0.000000e+00 0.000000e+00 0.000000e+00
 0.000000e+00 0.000000e+00 0.000000e+00 0.000000e+00 0.000000e+00 0.000000e+00 0.000000e+00 0.000000e+00 5.975565e-01 4.024436e-01 0.000000e+00 0.000000e+00 0.000000e+00 0.000000e+00 0.000000e+00 0.000000e+00 0.000000e+00 0.000000e+00 0.000000e+00 0.000000e+00
 0.000000e+00 0.000000e+00 0.000000e+00 0.000000e+00 0.000000e+00 0.000000e+00 0.000000e+00 0.000000e+00 0.000000e+00 6.931460e-01 3.068540e-01 0.000000e+00 0.000000e+00 0.000000e+00 0.000000e+00 0.000000e+00 0.000000e+00 0.000000e+00 0.000000e+00 0.000000e+00
 0.000000e+00 0.000000e+00 0.000000e+00 0.000000e+00 0.000000e+00 0.000000e+00 0.000000e+00 0.000000e+00 0.000000e+00 0.000000e+00 7.853255e-01 2.146745e-01 0.000000e+00 0.000000e+00 0.000000e+00 0.000000e+00 0.000000e+00 0.000000e+00 0.000000e+00 0.000000e+00
 0.000000e+00 0.000000e+00 0.000000e+00 0.000000e+00 0.000000e+00 0.000000e+00 0.000000e+00 0.000000e+00 0.000000e+00 0.000000e+00 0.000000e+00 6.250660e-01 3.749340e-01 0.000000e+00 0.000000e+00 0.000000e+00 0.000000e+00 0.000000e+00 0.000000e+00 0.000000e+00
 0.000000e+00 0.000000e+00 0.000000e+00 0.000000e+00 0.000000e+00 0.000000e+00 0.000000e+00 0.000000e+00 0.000000e+00 0.000000e+00 0.000000e+00 0.000000e+00 7.097867e-01 2.902133e-01 0.000000e+00 0.000000e+00 0.000000e+00 0.000000e+00 0.000000e+00 0.000000e+00
 0.000000e+00 0.000000e+00 0.000000e+00 0.000000e+00 0.000000e+00 0.000000e+00 0.000000e+00 0.000000e+00 0.000000e+00 0.000000e+00 0.000000e+00 0.000000e+00 0.000000e+00 6.584113e-01 3.415887e-01 0.000000e+00 0.000000e+00 0.000000e+00 0.000000e+00 0.000000e+00
 0.000000e+00 0.000000e+00 0.000000e+00 0.000000e+00 0.000000e+00 0.000000e+00 0.000000e+00 0.000000e+00 0.000000e+00 0.000000e+00 0.000000e+00 0.000000e+00 0.000000e+00 0.000000e+00 6.984136e-01 3.015865e-01 0.000000e+00 0.000000e+00 0.000000e+00 0.000000e+00
 0.000000e+00 0.000000e+00 0.000000e+00 0.000000e+00 0.000000e+00 0.000000e+00 0.000000e+00 0.000000e+00 0.000000e+00 0.000000e+00 0.000000e+00 0.000000e+00 0.000000e+00 0.000000e+00 0.000000e+00 7.095227e-01 2.904773e-01 0.000000e+00 0.000000e+00 0.000000e+00
 0.000000e+00 0.000000e+00 0.000000e+00 0.000000e+00 0.000000e+00 0.000000e+00 0.000000e+00 0.000000e+00 0.000000e+00 0.000000e+00 0.000000e+00 0.000000e+00 0.000000e+00 0.000000e+00 0.000000e+00 0.000000e+00 7.641038e-01 2.358963e-01 0.000000e+00 0.000000e+00
 0.000000e+00 0.000000e+00 0.000000e+00 0.000000e+00 0.000000e+00 0.000000e+00 0.000000e+00 0.000000e+00 0.000000e+00 0.000000e+00 0.000000e+00 0.000000e+00 0.000000e+00 0.000000e+00 0.000000e+00 0.000000e+00 0.000000e+00 7.635728e-01 2.364272e-01 0.000000e+00
 0.000000e+00 0.000000e+00 0.000000e+00 0.000000e+00 0.000000e+00 0.000000e+00 0.000000e+00 0.000000e+00 0.000000e+00 0.000000e+00 0.000000e+00 0.000000e+00 0.000000e+00 0.000000e+00 0.000000e+00 0.000000e+00 0.000000e+00 0.000000e+00 6.268119e-01 3.731880e-01
 0.000000e+00 0.000000e+00 0.000000e+00 0.000000e+00 0.000000e+00 0.000000e+00 0.000000e+00 0.000000e+00 0.000000e+00 0.000000e+00 0.000000e+00 0.000000e+00 0.000000e+00 0.000000e+00 0.000000e+00 0.000000e+00 0.000000e+00 0.000000e+00 0.000000e+00 0.000000e+00
<ENDHMM>
