~o
<STREAMINFO> 1 39
<VECSIZE> 39<NULLD><MFCC_D_A_0><DIAGC>
~h "hapus"
<BEGINHMM>
<NUMSTATES> 5
<STATE> 2
<MEAN> 39
 -7.308960e+00 -7.476101e+00 -6.410484e+00 -6.132982e+00 5.499831e+00 -1.499651e+00 -2.510026e+00 -1.030216e+01 -1.971032e+00 -8.551200e+00 -2.913614e+00 -8.838190e+00 6.483402e+01 2.963836e-01 2.956056e-01 7.981855e-02 -5.656210e-02 -1.373477e-01 -1.027783e-01 -1.303182e-01 -2.136873e-01 -2.057252e-01 -5.187344e-02 -2.193570e-02 -6.361505e-02 1.650750e-01 7.801139e-02 8.770820e-02 2.306422e-03 -8.845199e-02 -1.187665e-01 -5.662211e-02 -5.684224e-02 -2.315275e-02 -2.429854e-02 5.696097e-02 6.980238e-02 6.785897e-02 2.933375e-02
<VARIANCE> 39
 4.375892e+01 3.378092e+01 4.933893e+01 3.286343e+01 5.182192e+01 4.410971e+01 4.010165e+01 6.432048e+01 3.123997e+01 5.042295e+01 4.434463e+01 4.654147e+01 3.920967e+01 2.745799e+00 1.450321e+00 2.543017e+00 2.166582e+00 2.036256e+00 2.172655e+00 2.171014e+00 3.170431e+00 2.089922e+00 2.540346e+00 2.152265e+00 2.731676e+00 1.706695e+00 3.650949e-01 2.445260e-01 3.573106e-01 4.288319e-01 3.320278e-01 2.791097e-01 3.272150e-01 4.735489e-01 4.098010e-01 4.053126e-01 3.005870e-01 3.730916e-01 1.664691e-01
<GCONST> 1.167887e+02
<STATE> 3
<MEAN> 39
 -5.066067e+00 6.800777e+00 -5.770201e+00 -1.106937e+01 -1.552966e+00 -1.566072e+01 -8.148951e+00 -1.491733e+01 -5.724184e+00 -5.842897e+00 1.597773e+00 -1.469054e+00 6.832951e+01 -8.512520e-01 1.027745e+00 -3.966133e-01 6.108747e-02 5.120696e-01 -1.382937e+00 1.722634e-01 -2.064444e-01 1.256365e-01 1.418098e-01 -1.250953e-01 3.196519e-01 5.570717e-01 -2.215725e-01 -6.446630e-02 5.834240e-02 1.864713e-01 1.701397e-01 1.324984e-01 1.474078e-01 8.993840e-02 4.091400e-02 -9.486956e-02 -1.135221e-01 -1.703896e-01 -7.390768e-02
<VARIANCE> 39
 8.445048e+01 4.224199e+01 3.524800e+01 8.803609e+01 7.257304e+01 1.241775e+02 7.196736e+01 3.644963e+01 5.498139e+01 6.415910e+01 9.743284e+01 4.497870e+01 8.515865e+00 7.204664e+00 2.745550e+00 2.295696e+00 5.918379e+00 5.544333e+00 4.982575e+00 6.303133e+00 3.933738e+00 3.691847e+00 3.958015e+00 5.475997e+00 4.677062e+00 6.190529e-01 5.940505e-01 4.734991e-01 3.970650e-01 5.978284e-01 7.342238e-01 8.672197e-01 8.252652e-01 6.647897e-01 6.435657e-01 6.854299e-01 8.789597e-01 8.659817e-01 9.255636e-02
<GCONST> 1.339100e+02
<STATE> 4
<MEAN> 39
 -2.415464e+01 8.103910e+00 -5.395959e+00 -7.528918e-01 6.503981e+00 -1.552465e+01 3.996955e+00 -8.108670e+00 -4.700473e-01 -7.548892e+00 -8.205134e-01 -4.768517e+00 6.365263e+01 1.902189e-01 -7.989073e-01 2.244123e-01 2.593063e-03 -1.556834e-01 9.269437e-01 7.008477e-02 2.897048e-01 1.403302e-01 -4.515617e-02 6.452092e-02 -2.561095e-01 -5.041627e-01 6.570621e-02 -4.190506e-02 -2.462467e-03 -3.347699e-02 -2.645464e-02 3.646854e-03 -4.523623e-02 -1.013965e-02 4.467846e-03 1.524909e-02 1.728967e-02 1.828942e-02 -6.474324e-03
<VARIANCE> 39
 1.905944e+01 9.552731e+01 1.803261e+01 4.186396e+01 4.637641e+01 1.065659e+02 3.751963e+01 3.557908e+01 3.409582e+01 6.284747e+01 3.237463e+01 3.149797e+01 3.177528e+01 4.085256e-01 6.649062e-01 5.740020e-01 9.462957e-01 9.882695e-01 1.549952e+00 1.559366e+00 1.462418e+00 1.661011e+00 2.025994e+00 1.274399e+00 1.445094e+00 1.220416e-01 4.125381e-02 6.969756e-02 9.920616e-02 1.424945e-01 1.577878e-01 2.705078e-01 2.436647e-01 2.720218e-01 2.964639e-01 3.422095e-01 2.409244e-01 2.664736e-01 1.562277e-02
<GCONST> 9.345538e+01
<TRANSP> 5
 0.000000e+00 1.000000e+00 0.000000e+00 0.000000e+00 0.000000e+00
 0.000000e+00 9.652902e-01 3.470984e-02 0.000000e+00 0.000000e+00
 0.000000e+00 0.000000e+00 9.403254e-01 5.967462e-02 0.000000e+00
 0.000000e+00 0.000000e+00 0.000000e+00 9.674079e-01 3.259208e-02
 0.000000e+00 0.000000e+00 0.000000e+00 0.000000e+00 0.000000e+00
<ENDHMM>
