~o
<STREAMINFO> 1 39
<VECSIZE> 39<NULLD><MFCC_D_A_0><DIAGC>
~h "pasang"
<BEGINHMM>
<NUMSTATES> 5
<STATE> 2
<MEAN> 39
 -1.009594e+01 8.858395e-01 -1.148513e+01 -3.147181e+00 4.463455e+00 -7.006150e+00 -8.520242e-01 -9.075947e+00 1.714695e+00 -8.622061e+00 -3.321707e+00 -9.748311e+00 6.913008e+01 4.266354e-01 -4.355176e-02 -4.211648e-01 -3.161642e-02 4.134886e-02 -1.301835e-01 -2.093565e-01 -5.484302e-02 1.045756e-01 -7.293882e-03 -1.620255e-01 -9.710319e-02 5.667708e-01 -1.664958e-03 -5.113873e-02 3.061750e-02 1.708236e-02 3.674142e-02 3.272258e-02 -1.257291e-02 -5.062952e-03 -1.842643e-02 -2.793100e-02 6.545367e-03 1.092085e-02 -1.666217e-02
<VARIANCE> 39
 1.054873e+02 9.986364e+01 5.075964e+01 6.132143e+01 6.588132e+01 4.976568e+01 6.039871e+01 6.743224e+01 3.156473e+01 7.620732e+01 8.365330e+01 2.489336e+01 3.373177e+01 7.438119e+00 4.975225e+00 3.267736e+00 3.622395e+00 2.630313e+00 3.334036e+00 3.917207e+00 3.523267e+00 2.646113e+00 3.684839e+00 3.110458e+00 2.078727e+00 1.612627e+00 8.102834e-01 3.990437e-01 5.885109e-01 5.354164e-01 4.071877e-01 5.308125e-01 5.878515e-01 5.847018e-01 5.251955e-01 5.388124e-01 5.181912e-01 3.376570e-01 2.423344e-01
<GCONST> 1.305287e+02
<STATE> 3
<MEAN> 39
 2.036721e-01 -5.529863e+00 -4.070044e+00 -1.031314e+01 3.296717e+00 -7.932137e+00 -1.005888e+01 -9.097854e+00 -3.575733e+00 -9.953503e+00 -5.673775e+00 -1.004867e+01 6.944500e+01 4.464220e-03 3.924771e-01 1.191686e+00 -4.097618e-02 1.305753e-01 1.535383e-01 7.886678e-02 -2.235368e-01 -6.256734e-01 -3.151738e-01 -7.426930e-02 -8.061326e-02 -7.397845e-01 -7.030582e-02 8.854766e-02 1.067046e-02 3.938205e-02 -4.801175e-02 -4.546385e-02 7.025111e-02 4.709826e-03 2.076233e-02 3.822913e-02 -2.855121e-02 -2.355760e-02 -3.142582e-02
<VARIANCE> 39
 8.886142e+00 2.029626e+01 1.032563e+02 3.802966e+01 4.527267e+01 7.302142e+01 4.894844e+01 1.292309e+02 8.519801e+01 8.391710e+01 6.861234e+01 3.018708e+01 3.186388e+01 3.868299e-01 7.034345e-01 7.732669e-01 1.283316e+00 1.635326e+00 1.780321e+00 1.873505e+00 2.028679e+00 3.535963e+00 1.608953e+00 2.301866e+00 1.547474e+00 1.157162e-01 3.563686e-02 1.123257e-01 1.047253e-01 1.155667e-01 2.025872e-01 2.231259e-01 2.636625e-01 3.164561e-01 5.371650e-01 2.942802e-01 3.440417e-01 2.216605e-01 1.689005e-02
<GCONST> 9.990799e+01
<STATE> 4
<MEAN> 39
 -1.160554e+01 -1.263662e+00 7.974562e+00 -8.888448e-01 2.265672e+00 -6.308250e+00 -2.027780e+00 -8.987745e+00 -9.565811e+00 -1.492445e+01 -7.955532e+00 -7.318896e+00 5.756333e+01 -6.286949e-01 -1.587021e-01 -9.156436e-02 3.051099e-01 -1.172274e-01 3.317218e-03 2.174265e-01 2.613029e-01 1.267120e-01 2.053053e-03 1.009727e-01 2.338794e-01 -2.327480e-01 1.609327e-02 -1.984324e-02 -5.022699e-02 -2.587720e-02 4.419736e-03 -1.122404e-02 -4.095592e-02 5.564868e-04 3.515844e-02 -4.197070e-03 2.394458e-02 -7.275931e-03 2.295182e-02
<VARIANCE> 39
 2.279047e+01 1.062563e+01 2.903505e+01 2.211480e+01 4.526299e+01 4.167296e+01 4.909570e+01 8.273694e+01 5.973539e+01 6.520517e+01 4.200143e+01 6.435812e+01 4.219013e+00 2.215988e-01 4.576936e-01 7.901187e-01 1.079577e+00 1.393955e+00 1.716875e+00 2.120721e+00 1.665698e+00 2.315249e+00 2.165749e+00 2.090171e+00 1.844782e+00 7.672592e-02 2.810691e-02 7.609388e-02 1.128266e-01 1.695848e-01 2.366655e-01 2.886254e-01 3.939856e-01 2.368673e-01 4.095208e-01 3.723772e-01 3.838577e-01 3.539887e-01 1.014076e-02
<GCONST> 9.354710e+01
<TRANSP> 5
 0.000000e+00 1.000000e+00 0.000000e+00 0.000000e+00 0.000000e+00
 0.000000e+00 9.698169e-01 3.018313e-02 0.000000e+00 0.000000e+00
 0.000000e+00 0.000000e+00 9.490547e-01 5.094537e-02 0.000000e+00
 0.000000e+00 0.000000e+00 0.000000e+00 9.583158e-01 4.168417e-02
 0.000000e+00 0.000000e+00 0.000000e+00 0.000000e+00 0.000000e+00
<ENDHMM>
