~o
<STREAMINFO> 1 39
<VECSIZE> 39<NULLD><MFCC_D_A_0><DIAGC>
~h "satu"
<BEGINHMM>
<NUMSTATES> 5
<STATE> 2
<MEAN> 39
 -1.399687e+01 -5.965553e-02 -1.007507e+01 -4.769973e+00 1.347615e+00 -9.184214e+00 1.496131e+00 -1.122456e+01 4.221824e+00 -7.734631e+00 -2.628283e+00 -6.219207e+00 6.344731e+01 2.366722e-01 1.923745e-01 -1.062378e-01 -1.126627e-01 9.129640e-02 -5.292103e-02 -9.182280e-02 -1.239012e-02 -2.280751e-02 2.586500e-03 -9.798593e-02 -2.628719e-01 2.343326e-01 9.826030e-02 -3.808218e-02 3.974955e-02 -4.295593e-02 -1.215325e-02 -2.210929e-02 -5.472695e-02 2.561374e-02 -2.139916e-02 4.577017e-02 -1.526628e-02 -4.304098e-02 4.361172e-02
<VARIANCE> 39
 1.102546e+02 3.954283e+01 4.858539e+01 3.421422e+01 1.760635e+01 3.694832e+01 7.247089e+01 2.712007e+01 3.807793e+01 4.031194e+01 9.890398e+01 2.763126e+01 2.596017e+01 5.049861e+00 2.336969e+00 2.716512e+00 2.201156e+00 1.510430e+00 1.979402e+00 4.277402e+00 2.198199e+00 2.504067e+00 2.244095e+00 4.165135e+00 1.860679e+00 1.314256e+00 5.405413e-01 3.057160e-01 3.329622e-01 3.222373e-01 3.015805e-01 3.686538e-01 6.307220e-01 3.972732e-01 3.941698e-01 3.746926e-01 5.596631e-01 3.539090e-01 1.493174e-01
<GCONST> 1.186338e+02
<STATE> 3
<MEAN> 39
 -2.984082e+00 -3.289304e+00 -2.390876e+00 -1.119376e+01 3.986200e+00 -1.095252e+01 -8.947682e+00 -8.255290e+00 -5.464898e+00 -4.224936e-02 1.121068e+00 -8.221790e+00 7.012984e+01 6.945817e-01 2.299793e-01 -7.529170e-02 -5.513015e-01 -1.196021e-01 -4.627909e-02 -5.067295e-01 -6.152346e-01 -7.041026e-01 2.344059e-01 4.802346e-01 5.985454e-01 2.805575e-01 -9.264742e-02 5.120137e-02 -3.416716e-02 3.314859e-02 -5.349551e-02 9.003772e-02 8.811580e-02 1.882495e-02 -2.776476e-02 -1.118024e-01 -3.769177e-02 3.119707e-02 -9.608064e-02
<VARIANCE> 39
 2.409255e+01 4.476101e+01 5.294591e+01 4.558639e+01 6.027802e+01 6.544053e+01 1.446022e+02 1.821787e+02 8.063645e+01 5.922080e+01 6.258776e+01 6.270157e+01 4.524273e+01 2.653177e+00 2.648106e+00 2.437882e+00 1.777690e+00 3.175657e+00 6.346074e+00 5.134871e+00 5.910442e+00 3.543120e+00 5.223878e+00 2.825375e+00 3.223072e+00 2.608998e+00 4.319279e-01 2.536878e-01 3.868276e-01 3.348787e-01 4.661750e-01 1.092015e+00 8.450063e-01 9.323823e-01 5.905313e-01 7.998520e-01 4.863291e-01 5.246246e-01 2.777069e-01
<GCONST> 1.328193e+02
<STATE> 4
<MEAN> 39
 -7.397243e+00 2.211646e+00 1.635574e-01 -8.121584e+00 -3.979436e+00 -8.184261e+00 -4.352186e+00 -1.371738e+01 -8.411910e+00 -9.287688e+00 2.500932e+00 -1.174782e+00 6.133038e+01 -5.885943e-01 -2.578902e-01 2.515123e-01 4.983608e-01 3.650389e-02 1.557608e-01 3.671962e-01 3.880871e-01 2.891682e-01 -2.764580e-01 -2.617659e-01 -1.631506e-01 -3.745123e-01 -1.011918e-02 -2.749518e-02 -9.745187e-03 1.419405e-02 3.544230e-02 -1.413156e-02 -3.239639e-02 -1.010816e-02 2.969721e-02 4.062918e-02 4.914301e-03 -2.227296e-02 1.287782e-02
<VARIANCE> 39
 4.512055e+01 1.896946e+01 3.068497e+01 5.377287e+01 3.231749e+01 1.754540e+01 3.480776e+01 4.328573e+01 4.184649e+01 3.305123e+01 2.600432e+01 4.209728e+01 1.488582e+01 2.349142e-01 4.055799e-01 7.662562e-01 1.034560e+00 1.300913e+00 1.146836e+00 1.547757e+00 1.585044e+00 1.643287e+00 1.705620e+00 1.602779e+00 1.759066e+00 9.040145e-02 3.314538e-02 5.221226e-02 1.076614e-01 1.592790e-01 1.706311e-01 2.174765e-01 2.722645e-01 2.518249e-01 3.188228e-01 3.094684e-01 3.008980e-01 3.518925e-01 8.947978e-03
<GCONST> 8.912781e+01
<TRANSP> 5
 0.000000e+00 1.000000e+00 0.000000e+00 0.000000e+00 0.000000e+00
 0.000000e+00 9.615669e-01 3.843308e-02 0.000000e+00 0.000000e+00
 0.000000e+00 0.000000e+00 9.498515e-01 5.014849e-02 0.000000e+00
 0.000000e+00 0.000000e+00 0.000000e+00 9.684606e-01 3.153939e-02
 0.000000e+00 0.000000e+00 0.000000e+00 0.000000e+00 0.000000e+00
<ENDHMM>
