~o
<STREAMINFO> 1 39
<VECSIZE> 39<NULLD><MFCC_D_A_0><DIAGC>
~h "sepuluh"
<BEGINHMM>
<NUMSTATES> 5
<STATE> 2
<MEAN> 39
 -1.292383e+01 2.084416e+00 -5.445765e+00 -5.684503e+00 1.417367e+00 -8.977265e+00 3.352841e-01 -9.948663e+00 4.669592e-01 -6.450957e+00 1.374913e+00 -6.001567e+00 6.345241e+01 7.043018e-01 3.929051e-01 -2.872600e-03 -4.603732e-01 -3.862898e-01 -8.152345e-02 -3.232611e-01 -3.129265e-01 -4.230022e-01 -1.249904e-01 1.577138e-01 2.025107e-01 3.514789e-01 2.300698e-02 -1.201015e-02 6.610029e-03 -8.558781e-03 2.597703e-02 5.550667e-02 -2.649061e-03 -4.169119e-02 -7.547019e-02 3.028539e-02 4.045943e-02 7.038988e-03 9.625454e-03
<VARIANCE> 39
 1.147946e+02 3.882851e+01 3.135535e+01 4.613155e+01 7.552496e+01 5.241974e+01 8.074649e+01 6.696249e+01 4.641003e+01 6.886198e+01 3.234089e+01 2.706047e+01 2.798603e+01 5.229002e+00 3.287360e+00 2.007761e+00 3.454992e+00 3.430857e+00 3.737370e+00 5.125860e+00 4.283456e+00 3.365109e+00 4.148145e+00 3.018776e+00 2.743611e+00 1.512749e+00 7.569049e-01 4.820525e-01 3.025226e-01 5.823762e-01 6.017664e-01 5.725818e-01 8.719931e-01 7.051806e-01 5.328656e-01 6.947010e-01 5.261564e-01 4.723247e-01 2.007464e-01
<GCONST> 1.297089e+02
<STATE> 3
<MEAN> 39
 2.744044e+00 3.626931e+00 -3.220591e+00 -1.267968e+01 -2.863042e+00 -3.694108e+00 -1.208400e+01 -2.054989e+01 -1.442040e+01 -3.613631e+00 1.016027e+01 -3.139963e+00 6.799609e+01 -2.674698e-01 -5.468174e-02 7.051574e-02 3.940766e-01 3.797242e-01 -2.298799e-04 -3.553068e-02 -1.371503e-01 3.355178e-02 8.854005e-02 6.798068e-02 -9.511415e-02 -1.343910e-01 -5.956466e-02 -1.531406e-02 2.471567e-02 5.337365e-02 -1.012442e-02 -6.851979e-02 9.989585e-03 8.644613e-02 1.060249e-01 -5.540531e-02 -9.997869e-02 -2.427804e-02 -4.110325e-02
<VARIANCE> 39
 6.396322e+00 1.535075e+01 4.681171e+01 4.102224e+01 6.225621e+01 4.199810e+01 6.583361e+01 5.911683e+01 5.277252e+01 6.015433e+01 5.299170e+01 4.867639e+01 5.386493e+00 2.943689e-01 6.507137e-01 1.139756e+00 2.318337e+00 1.351844e+00 1.908019e+00 2.131324e+00 2.763082e+00 2.757281e+00 3.124815e+00 2.211276e+00 2.741899e+00 2.229972e-01 3.553674e-02 9.328642e-02 1.819229e-01 3.242599e-01 2.337057e-01 3.361304e-01 3.461121e-01 3.559817e-01 4.489761e-01 4.722400e-01 3.111113e-01 4.816418e-01 2.081553e-02
<GCONST> 1.015582e+02
<STATE> 4
<MEAN> 39
 -1.270268e+01 -2.419103e+00 5.411485e-01 -1.163051e+00 4.346538e+00 -2.441132e+00 -1.980746e+00 -1.177408e+01 -6.760623e+00 -1.151322e+01 -1.471173e+00 -6.151494e+00 5.880057e+01 -6.743443e-01 -4.634775e-01 2.852727e-03 3.058348e-01 2.552372e-01 2.641789e-01 4.764342e-01 4.964088e-01 3.658758e-01 -1.717541e-01 -5.509524e-01 -3.624008e-01 -3.482538e-01 3.969534e-02 1.475434e-02 -2.956806e-02 -5.094579e-02 -1.497441e-02 2.598201e-02 1.439750e-03 -6.043592e-03 -1.913718e-02 5.752320e-03 1.446721e-02 -1.748540e-03 2.601317e-02
<VARIANCE> 39
 2.544367e+01 1.748011e+01 1.142702e+01 1.912587e+01 3.287690e+01 3.527386e+01 4.087508e+01 4.466081e+01 3.203793e+01 3.513562e+01 4.554873e+01 4.252522e+01 6.457254e+00 1.907363e-01 2.745394e-01 5.333691e-01 8.344455e-01 1.078575e+00 1.250796e+00 1.257757e+00 1.636503e+00 1.381402e+00 1.391686e+00 1.282724e+00 1.508043e+00 6.005995e-02 2.399901e-02 4.769813e-02 9.028010e-02 1.448183e-01 1.825158e-01 2.004824e-01 2.213537e-01 2.952118e-01 2.353094e-01 2.418204e-01 2.108184e-01 3.118001e-01 7.361731e-03
<GCONST> 8.230502e+01
<TRANSP> 5
 0.000000e+00 1.000000e+00 0.000000e+00 0.000000e+00 0.000000e+00
 0.000000e+00 9.691086e-01 3.089130e-02 0.000000e+00 0.000000e+00
 0.000000e+00 0.000000e+00 9.641603e-01 3.583974e-02 0.000000e+00
 0.000000e+00 0.000000e+00 0.000000e+00 9.585791e-01 4.142091e-02
 0.000000e+00 0.000000e+00 0.000000e+00 0.000000e+00 0.000000e+00
<ENDHMM>
