~o
<STREAMINFO> 1 39
<VECSIZE> 39<NULLD><MFCC_D_A_0><DIAGC>
~h "sil"
<BEGINHMM>
<NUMSTATES> 5
<STATE> 2
<MEAN> 39
 -1.735223e+01 -7.535885e+00 -6.564738e-01 -3.555912e+00 4.262740e+00 7.971323e-01 4.527542e+00 -3.063153e+00 -3.482382e-01 -8.318658e+00 -1.705648e+00 -7.322270e+00 5.572478e+01 -1.938974e-01 -1.986589e-01 -3.954620e-02 -5.013147e-02 -4.065670e-02 -8.300129e-02 2.743418e-03 1.736910e-01 1.609756e-01 1.065969e-01 5.045070e-02 -1.674937e-03 -3.052119e-02 1.980058e-02 2.813026e-02 -1.463197e-02 1.518252e-02 -1.397860e-02 -2.648948e-02 -3.995458e-02 -3.402113e-02 -1.395597e-02 1.451068e-02 8.461050e-03 9.629827e-03 -4.617640e-02
<VARIANCE> 39
 3.248512e+01 3.575536e+01 3.577583e+01 4.739802e+01 5.757751e+01 8.432566e+01 8.260806e+01 6.461201e+01 6.671276e+01 5.635126e+01 4.757444e+01 3.677647e+01 1.078718e+01 4.607307e-01 5.952115e-01 8.799770e-01 1.408610e+00 1.846955e+00 2.202690e+00 2.287418e+00 2.504561e+00 2.479483e+00 2.531908e+00 2.172243e+00 1.851525e+00 7.760299e-01 4.632881e-02 8.788262e-02 1.460693e-01 2.331470e-01 3.139864e-01 3.697009e-01 4.011025e-01 4.320951e-01 4.485696e-01 4.459350e-01 3.885216e-01 3.415793e-01 1.892440e-01
<GCONST> 1.082801e+02
<STATE> 3
<MEAN> 39
 -1.860640e+01 -7.672699e+00 -2.035971e+00 -2.840414e+00 3.610501e+00 -1.298223e-02 4.483309e+00 -3.088741e+00 2.156999e-01 -7.722939e+00 -1.195113e+00 -7.055646e+00 5.586311e+01 7.350570e-03 -2.390213e-02 -5.138360e-02 -4.420931e-02 -1.249214e-01 -1.611420e-01 -1.441118e-01 -5.166410e-02 6.545302e-02 1.132254e-01 1.243106e-01 9.455907e-02 1.514193e-02 1.199679e-02 1.461483e-02 2.446244e-03 -9.742484e-03 -1.516218e-02 -2.312486e-02 -2.843149e-02 -2.904104e-02 -9.401946e-03 -4.660041e-03 -7.957797e-04 -5.194149e-04 6.501422e-03
<VARIANCE> 39
 4.034315e+00 8.242262e+00 1.286728e+01 1.799298e+01 2.378517e+01 3.006250e+01 3.144598e+01 3.236687e+01 3.393279e+01 3.429037e+01 3.412356e+01 2.967757e+01 9.263104e-01 2.169029e-01 4.415617e-01 7.356274e-01 1.111353e+00 1.627545e+00 1.882299e+00 2.082981e+00 2.281076e+00 2.352822e+00 2.377706e+00 2.087499e+00 1.825075e+00 5.377005e-02 3.656005e-02 7.721818e-02 1.379891e-01 2.086535e-01 2.950887e-01 3.342881e-01 3.740044e-01 4.220863e-01 4.365631e-01 4.549454e-01 3.892196e-01 3.446803e-01 9.241764e-03
<GCONST> 8.640493e+01
<STATE> 4
<MEAN> 39
 -1.750688e+01 -6.902744e+00 -2.698691e+00 -4.497146e+00 4.573904e-01 -4.295336e+00 6.036636e-01 -5.635162e+00 1.757438e-01 -6.788470e+00 2.708855e-01 -5.893783e+00 5.660050e+01 -3.715555e-03 -8.516555e-03 -1.189206e-02 -1.251523e-02 -2.218714e-02 -4.068972e-02 -3.265231e-02 -1.648395e-02 4.834050e-03 7.120744e-03 -4.531804e-03 4.338438e-03 9.784425e-04 8.266138e-04 1.495869e-03 3.361461e-03 7.075270e-03 8.629108e-03 1.039280e-02 8.738775e-03 3.472598e-03 2.389333e-03 -3.945023e-04 -2.729764e-03 -2.477001e-03 9.554925e-04
<VARIANCE> 39
 1.422117e+00 2.787815e+00 4.884682e+00 6.969541e+00 8.951473e+00 1.107254e+01 1.311206e+01 1.423929e+01 1.470511e+01 1.384614e+01 1.282230e+01 1.174700e+01 3.741917e-01 1.295623e-01 2.747228e-01 4.739276e-01 6.634389e-01 8.830318e-01 1.122447e+00 1.317392e+00 1.418991e+00 1.479629e+00 1.413555e+00 1.311126e+00 1.193833e+00 3.278560e-02 2.592658e-02 5.600455e-02 9.602340e-02 1.336703e-01 1.776923e-01 2.251339e-01 2.663713e-01 2.880207e-01 3.005071e-01 2.854579e-01 2.652178e-01 2.382418e-01 6.725746e-03
<GCONST> 6.275227e+01
<TRANSP> 5
 0.000000e+00 1.000000e+00 0.000000e+00 0.000000e+00 0.000000e+00
 0.000000e+00 8.464572e-01 1.535428e-01 0.000000e+00 0.000000e+00
 0.000000e+00 0.000000e+00 9.258986e-01 7.410145e-02 0.000000e+00
 0.000000e+00 0.000000e+00 0.000000e+00 9.638135e-01 3.618653e-02
 0.000000e+00 0.000000e+00 0.000000e+00 0.000000e+00 0.000000e+00
<ENDHMM>
