~o
<STREAMINFO> 1 39
<VECSIZE> 39<NULLD><MFCC_D_A_0><DIAGC>
~h "jam"
<BEGINHMM>
<NUMSTATES> 20
<STATE> 2
<MEAN> 39
 -1.681593e+01 -5.729622e+00 -8.607191e-01 -2.003610e+00 3.949901e+00 -3.402004e-01 2.885067e+00 -4.919912e+00 4.625095e-01 -7.994576e+00 -2.270063e+00 -8.106702e+00 5.685474e+01 1.488594e+00 1.913370e+00 1.726540e+00 1.337182e+00 5.836201e-01 -1.746071e-01 -9.201685e-01 -1.463642e+00 -1.831684e+00 -1.286244e+00 -9.738911e-01 -6.458979e-01 5.973475e-01 3.480177e-01 5.754108e-01 4.959548e-01 2.510277e-01 -1.931414e-02 -3.365371e-01 -2.987730e-01 -4.078836e-01 -4.724169e-01 -2.640920e-01 -2.073298e-01 -2.297730e-01 1.852731e-01
<VARIANCE> 39
 4.692422e+00 8.904732e+00 8.752658e+00 1.332667e+01 1.563549e+01 1.305118e+01 2.320447e+01 2.379338e+01 2.047776e+01 1.651274e+01 1.967813e+01 1.682890e+01 8.436067e-01 1.393556e+00 2.925011e+00 2.610469e+00 1.295406e+00 8.508785e-01 1.736989e+00 3.175640e+00 3.347988e+00 4.054832e+00 3.364047e+00 3.286169e+00 2.086091e+00 2.279441e-01 1.544021e-01 2.143082e-01 2.291798e-01 1.715230e-01 1.923685e-01 2.712357e-01 4.494491e-01 4.852740e-01 6.249905e-01 5.303565e-01 3.410957e-01 2.960137e-01 1.732225e-02
<GCONST> 9.312088e+01
<STATE> 3
<MEAN> 39
 -7.411456e+00 6.311908e+00 9.436131e+00 3.800051e+00 4.114869e+00 -4.967134e+00 -3.067761e+00 -1.175747e+01 -7.372209e+00 -1.453466e+01 -6.966825e+00 -1.133933e+01 6.096126e+01 1.897628e-01 1.083436e+00 5.186179e-01 1.509113e-01 4.747763e-01 -8.596579e-01 2.538423e-01 -6.624786e-01 -1.137625e-01 1.318314e-03 -4.291620e-02 1.890442e-02 6.445166e-01 -8.050113e-01 -3.718571e-01 -5.763122e-01 -6.015030e-01 8.369324e-02 -4.299555e-01 4.381411e-01 1.699759e-01 5.088369e-01 4.612274e-01 4.609843e-01 3.402824e-01 1.094889e-01
<VARIANCE> 39
 7.529973e+00 1.013828e+01 8.522799e+00 1.959429e+01 3.348242e+01 4.915152e+01 4.618017e+01 3.136302e+01 5.352333e+01 7.029688e+01 6.705014e+01 4.705225e+01 1.628824e+00 3.865026e+00 2.784955e+00 2.665106e+00 2.043297e+00 1.564411e+00 2.587805e+00 3.004889e+00 2.971580e+00 3.265980e+00 4.700112e+00 2.348558e+00 2.998726e+00 3.685282e-01 1.946167e-01 4.773093e-01 3.536399e-01 4.946398e-01 4.284300e-01 1.074780e+00 4.438493e-01 8.539560e-01 5.727372e-01 7.817528e-01 5.252672e-01 5.267143e-01 1.710805e-01
<GCONST> 1.142160e+02
<STATE> 4
<MEAN> 39
 -1.649248e+01 7.969541e+00 5.481193e+00 -1.404927e+00 1.138796e+01 -1.202429e+01 2.818333e+00 -1.413529e+01 -2.832069e+00 -9.984973e+00 -3.515976e+00 -8.082843e+00 6.526986e+01 -1.421635e+00 1.234810e+00 -1.112669e-01 -2.766352e+00 -1.378304e+00 -5.829081e+00 -7.093431e-01 -3.761706e-01 2.029072e-01 1.296364e+00 3.094011e+00 1.963591e+00 2.517622e+00 1.079925e+00 -6.549675e-01 5.573038e-01 4.944113e-02 -1.976789e+00 -7.781012e-01 -6.422545e-01 1.153165e+00 -5.629017e-01 -1.224838e-01 8.376862e-01 3.228821e-01 3.335839e-01
<VARIANCE> 39
 2.043314e+01 3.492303e+01 3.819625e+01 5.728000e+01 4.373390e+01 7.187700e+01 3.943442e+01 6.495940e+01 6.357792e+01 5.742476e+01 1.016707e+02 5.936421e+01 1.538767e+01 4.066901e+00 1.283505e+00 5.236072e+00 3.780846e+00 1.130549e+01 3.121257e+00 4.385632e+00 8.597438e+00 5.387970e+00 6.583158e+00 8.654758e+00 5.020450e+00 4.055319e-01 5.847445e-01 6.774998e-01 5.947593e-01 1.202783e+00 9.317624e-01 9.349899e-01 4.483091e-01 1.286187e+00 1.510937e+00 8.193776e-01 8.397184e-01 7.926741e-01 1.592654e-01
<GCONST> 1.357704e+02
<STATE> 5
<MEAN> 39
 -1.214487e+01 6.853336e+00 1.180035e+01 -5.517995e+00 -6.891338e+00 -3.102888e+01 -2.150827e+00 -6.773913e+00 -8.151600e+00 -7.604123e+00 1.162261e+01 -7.432061e-01 7.331891e+01 2.864551e+00 -3.373603e+00 1.271677e+00 -5.498740e-02 -5.899247e+00 -3.474846e+00 -4.325884e-01 4.407674e+00 -1.058920e+00 1.236736e-01 2.576258e+00 1.308128e+00 2.397377e+00 3.916331e-01 -1.141929e+00 -7.801026e-01 5.357361e-01 1.026720e+00 1.911095e+00 5.350311e-01 5.495806e-01 5.687856e-01 -2.257868e-01 -1.469430e+00 -8.755166e-01 -3.920483e-01
<VARIANCE> 39
 2.656875e+01 2.726237e+01 7.893551e+01 4.890455e+01 1.297909e+02 2.847553e+01 2.787358e+01 1.353280e+02 2.829020e+01 6.300504e+01 1.824409e+02 5.382841e+01 1.214193e+01 1.198386e+00 2.601995e+00 4.262421e+00 2.513002e+00 7.619279e+00 6.595913e+00 3.705859e+00 5.089481e+00 1.358933e+01 2.615675e+00 6.118562e+00 3.595466e+00 6.698596e-01 7.395909e-01 3.504268e-01 1.049667e+00 7.278430e-01 2.658411e+00 4.263659e-01 3.232227e-01 1.733549e+00 9.680325e-01 8.687797e-01 8.553358e-01 6.014474e-01 6.180098e-02
<GCONST> 1.330748e+02
<STATE> 6
<MEAN> 39
 -5.850890e+00 -4.909006e+00 9.894987e+00 -4.688616e+00 -1.338718e+01 -3.210843e+01 1.659007e-01 5.573270e+00 -6.272476e+00 -8.674508e+00 1.030907e+01 -2.233907e+00 7.737534e+01 1.362978e+00 -3.614555e+00 -2.167293e+00 8.847187e-02 1.219442e+00 1.908453e+00 6.948984e-02 1.852270e+00 1.158202e+00 2.274334e-02 -2.211404e+00 -1.584509e+00 7.548252e-01 -4.133379e-01 4.227057e-01 -6.528435e-01 -1.333171e-01 1.727650e+00 1.193016e+00 -3.020043e-01 -1.386314e+00 9.315120e-02 -3.496629e-03 -9.774923e-01 -6.589724e-01 -4.436348e-01
<VARIANCE> 39
 6.184829e+00 2.013314e+01 9.210936e+01 2.225444e+01 7.069602e+01 5.350689e+01 3.656462e+01 1.018673e+02 7.695908e+01 2.813680e+01 1.867355e+02 4.349815e+01 1.301479e+01 4.366196e-01 9.589700e-01 3.814702e+00 1.906233e+00 4.015235e+00 3.142791e+00 1.584633e+00 5.164541e+00 3.042944e+00 3.598067e+00 1.561908e+00 2.917193e+00 2.143529e-01 5.438114e-02 1.639469e-01 4.882879e-01 2.541632e-01 7.190104e-01 4.229892e-01 3.383434e-01 7.013146e-01 1.013996e+00 2.534508e-01 3.216941e-01 4.246450e-01 4.584619e-02
<GCONST> 1.120902e+02
<STATE> 7
<MEAN> 39
 -2.388103e+00 -1.364579e+01 1.375399e-01 -6.301849e+00 -2.695389e+00 -2.234551e+01 -2.786006e+00 3.553554e+00 -4.188071e+00 -8.133883e+00 -7.240475e-01 -9.721177e+00 7.806266e+01 8.817313e-01 -1.447906e+00 -1.999398e+00 -5.297294e-01 1.979823e+00 3.255780e+00 -5.588394e-01 -8.875121e-01 4.431171e-01 6.025441e-01 -2.297822e+00 -2.475895e+00 -2.798735e-02 -1.143641e-01 6.507739e-01 3.652011e-01 -8.449759e-02 -4.088288e-01 7.825498e-02 -5.203831e-02 -4.542450e-01 -1.032245e-01 3.106270e-01 4.656441e-01 1.091570e-01 -1.841053e-01
<VARIANCE> 39
 3.883712e+00 9.777467e+00 8.200219e+01 7.257843e+00 5.637888e+01 6.588559e+01 4.376943e+01 1.035099e+02 8.363000e+01 3.522619e+01 2.090625e+02 5.579540e+01 9.781315e+00 1.220151e-01 9.148434e-01 9.973509e-01 7.608940e-01 1.483418e+00 2.216219e+00 1.390769e+00 4.301245e+00 1.944250e+00 2.141697e+00 1.623262e+00 1.173868e+00 1.187354e-01 1.844168e-02 6.971347e-02 1.354980e-01 1.546566e-01 1.974677e-01 2.276523e-01 1.674789e-01 4.559666e-01 3.544194e-01 5.157478e-01 2.169902e-01 4.602904e-01 1.668480e-02
<GCONST> 9.413259e+01
<STATE> 8
<MEAN> 39
 7.260271e-02 -1.529150e+01 -4.218218e+00 -8.905812e+00 -1.502063e+00 -7.498331e+00 -4.828195e+00 -2.075671e+00 -3.372596e+00 -1.262126e+00 -2.482680e+00 -1.688590e+01 7.677491e+01 3.698482e-01 4.236246e-01 -6.041319e-01 -4.020951e-01 2.584822e-01 1.554547e+00 -7.026672e-01 -1.335657e+00 6.943643e-01 7.148306e-01 -1.617608e-01 -2.807983e-01 -5.520625e-01 -8.042904e-02 3.168084e-01 2.083219e-01 3.289127e-02 -2.064105e-01 -4.510310e-01 2.412470e-02 8.090933e-02 -5.067541e-02 -1.903675e-01 3.305416e-01 3.181006e-01 -1.074733e-01
<VARIANCE> 39
 2.736002e+00 1.005762e+01 4.711814e+01 7.589658e+00 6.310915e+01 1.336360e+02 3.383619e+01 8.247585e+01 6.911457e+01 1.870044e+01 8.499554e+01 1.938940e+01 8.367475e+00 1.206999e-01 4.713722e-01 3.739541e-01 6.012374e-01 8.289233e-01 1.435176e+00 1.127533e+00 1.167922e+00 1.033169e+00 1.183073e+00 1.221473e+00 1.613496e+00 9.393351e-02 2.078059e-02 4.425756e-02 7.445027e-02 9.044463e-02 1.706548e-01 2.042119e-01 2.026662e-01 3.219687e-01 2.809434e-01 1.464982e-01 1.727006e-01 1.650077e-01 8.640040e-03
<GCONST> 7.956756e+01
<STATE> 9
<MEAN> 39
 1.361502e+00 -1.112451e+01 -6.418017e+00 -1.077863e+01 -5.896627e-02 -5.087339e+00 -7.990155e+00 -7.772463e+00 9.393095e-01 -1.029609e+00 -2.748622e+00 -1.575258e+01 7.376536e+01 5.474535e-02 2.124556e+00 7.688602e-01 2.711576e-01 -4.564382e-01 -1.587516e-01 -4.210479e-01 -1.023462e+00 -5.307361e-01 -3.381483e-01 9.328256e-01 8.470994e-01 -1.222152e+00 -1.289116e-01 2.927229e-01 5.467708e-01 5.284676e-01 9.001533e-02 -3.223161e-01 6.939451e-02 9.982093e-02 -5.612454e-01 -5.288201e-01 -2.566472e-01 2.469140e-01 -7.521569e-02
<VARIANCE> 39
 2.188624e+00 8.256161e+00 5.515302e+01 8.453595e+00 1.953482e+01 9.145154e+01 4.243552e+01 6.767056e+01 4.039780e+01 1.886877e+01 1.189955e+02 1.437619e+01 5.011944e+00 1.033325e-01 3.356114e-01 1.055170e+00 1.077093e+00 2.600130e+00 9.682866e-01 9.871890e-01 3.516683e+00 1.330983e+00 2.029738e+00 1.418457e+00 1.640336e+00 6.960937e-02 2.320518e-02 9.907789e-02 6.543176e-02 8.899424e-02 8.620784e-02 1.372306e-01 1.783859e-01 3.457097e-01 1.951192e-01 5.978643e-01 3.971632e-01 2.825202e-01 1.248042e-02
<GCONST> 8.280355e+01
<STATE> 10
<MEAN> 39
 8.084482e-01 -4.075369e+00 -2.000319e-01 -6.894381e+00 3.020620e-02 -5.166480e+00 -8.097235e+00 -8.941660e+00 -3.599600e+00 -3.736171e+00 -1.048639e+00 -1.315507e+01 7.020028e+01 -1.515796e-01 1.773246e+00 1.173804e+00 8.388876e-01 3.774163e-01 -2.359585e-01 -4.863114e-01 -6.360152e-01 -1.993819e+00 -1.875544e+00 -6.144659e-01 2.386225e-01 -8.545687e-01 -2.620739e-02 -2.329367e-01 -2.127719e-01 -1.187510e-01 1.979442e-01 1.427161e-01 -5.103430e-02 -8.058849e-04 -1.269376e-01 -2.160767e-01 -2.006260e-01 -9.065558e-02 1.376780e-01
<VARIANCE> 39
 2.339129e+00 5.041020e+00 3.712623e+01 1.351409e+01 1.190119e+01 6.196015e+01 4.508589e+01 3.328418e+01 3.283359e+01 3.249808e+01 1.055614e+02 2.409099e+01 2.341774e+00 9.223487e-02 4.403780e-01 1.037659e+00 8.049751e-01 1.595077e+00 1.046113e+00 1.443594e+00 2.874154e+00 1.218857e+00 1.964071e+00 1.377480e+00 2.283564e+00 1.033053e-01 1.274446e-02 4.478125e-02 7.348726e-02 1.590475e-01 1.358182e-01 1.325063e-01 1.645761e-01 1.553529e-01 1.536202e-01 2.416529e-01 2.778951e-01 3.341663e-01 6.928435e-03
<GCONST> 7.800026e+01
<STATE> 11
<MEAN> 39
 3.569096e-01 4.265558e-01 -4.007997e-02 -4.988143e+00 1.893694e+00 -6.207187e+00 -1.029732e+01 -1.357041e+01 -1.073074e+01 -1.272520e+01 -5.956686e+00 -1.351495e+01 6.771847e+01 -2.342136e-01 1.014216e+00 4.213568e-01 5.743349e-01 5.506347e-01 1.162037e-02 -3.215095e-01 -1.078938e+00 -8.514256e-01 -8.033107e-01 1.900263e-01 3.588119e-01 -6.193010e-01 -3.966108e-02 -1.046786e-01 -5.954187e-02 4.145459e-02 8.485883e-03 2.551699e-02 1.332438e-01 1.019200e-02 4.819605e-01 3.960348e-01 1.267102e-01 -4.733710e-02 7.254824e-03
<VARIANCE> 39
 2.988771e+00 4.472337e+00 2.398407e+01 8.420096e+00 2.115756e+01 3.090571e+01 3.238663e+01 5.086788e+01 2.039658e+01 7.012419e+01 1.501573e+02 5.134764e+01 1.492714e+00 1.705814e-01 5.065855e-01 8.642775e-01 7.747716e-01 9.843003e-01 9.453173e-01 8.236804e-01 2.214160e+00 1.499653e+00 1.660692e+00 1.402123e+00 1.855987e+00 4.567912e-02 3.020122e-02 1.107587e-01 1.108499e-01 8.937013e-02 1.207500e-01 2.296801e-01 2.010232e-01 2.462855e-01 2.576488e-01 1.953260e-01 2.429967e-01 3.048511e-01 1.219469e-02
<GCONST> 7.964223e+01
<STATE> 12
<MEAN> 39
 -6.919913e-01 3.768397e+00 1.248760e+00 -2.731242e+00 2.044893e+00 -7.478389e+00 -1.369324e+01 -1.967009e+01 -1.003082e+01 -1.364775e+01 -6.739552e+00 -1.366179e+01 6.528732e+01 -5.554919e-01 6.235299e-01 3.808681e-01 4.360239e-01 5.607647e-01 8.186143e-01 6.377005e-01 -3.189514e-01 2.592388e-01 -4.730355e-01 -7.953303e-02 9.740273e-02 -6.597836e-01 -1.577281e-01 -2.003646e-01 -9.049498e-02 -1.279151e-01 4.037310e-02 1.154973e-01 3.118369e-01 3.618361e-01 1.040412e-01 6.620339e-02 1.278662e-02 6.318147e-02 -3.970879e-02
<VARIANCE> 39
 2.004712e+00 7.103175e+00 2.181635e+01 1.086226e+01 1.322477e+01 1.826546e+01 2.042181e+01 3.018829e+01 2.035008e+01 5.321784e+01 6.460863e+01 4.629432e+01 1.028536e+00 1.145528e-01 2.197883e-01 2.850503e-01 1.028827e+00 5.752174e-01 1.091393e+00 1.651393e+00 9.094964e-01 1.294517e+00 1.177822e+00 1.242786e+00 1.073410e+00 4.614321e-02 1.230446e-02 2.231784e-02 6.953450e-02 1.800900e-01 1.356828e-01 2.066698e-01 2.233050e-01 1.370724e-01 1.653165e-01 3.045635e-01 1.168224e-01 1.410070e-01 3.545108e-03
<GCONST> 6.702014e+01
<STATE> 13
<MEAN> 39
 -3.346366e+00 6.939387e+00 3.268451e+00 -1.191694e+00 1.020806e+01 9.667904e-01 -5.951947e+00 -1.384678e+01 -6.497352e+00 -9.636612e+00 -9.988483e-01 -7.157326e+00 6.258159e+01 -8.086856e-01 3.601961e-01 -2.851097e-01 -3.759174e-02 5.657409e-01 6.118899e-01 3.494922e-01 1.075330e-02 7.682027e-01 9.705931e-02 -4.840329e-01 4.463294e-01 -7.982454e-01 -6.768055e-02 -1.386918e-01 -1.044856e-02 -1.281729e-01 -2.538069e-01 -8.407546e-02 -1.074532e-01 -1.044519e-01 -7.998299e-03 1.694663e-01 -2.575294e-03 -3.279784e-02 1.889995e-02
<VARIANCE> 39
 3.854556e+00 1.287334e+01 2.039365e+01 2.247499e+01 3.451189e+01 3.461286e+01 2.148748e+01 7.722707e+01 2.187989e+01 3.099140e+01 3.943420e+01 3.825535e+01 2.308602e+00 1.738489e-01 4.498074e-01 3.434393e-01 6.477948e-01 1.286527e+00 1.436680e+00 1.213825e+00 9.750242e-01 1.128953e+00 1.204424e+00 1.389378e+00 7.757579e-01 3.577238e-02 9.414439e-03 2.254117e-02 1.001313e-01 1.449223e-01 1.374633e-01 2.601514e-01 2.283894e-01 1.738820e-01 1.562735e-01 2.808644e-01 1.935128e-01 1.942690e-01 4.216310e-03
<GCONST> 7.354338e+01
<STATE> 14
<MEAN> 39
 -6.968459e+00 3.772245e+00 1.818265e+00 -3.154508e+00 2.440852e+00 -4.253622e+00 -7.893034e+00 -1.859984e+01 -9.930696e+00 -1.573661e+01 -9.010398e+00 -1.329378e+01 6.066057e+01 -8.896704e-01 -8.049224e-02 4.618908e-01 3.198123e-01 -1.302434e-01 5.122654e-01 4.750392e-01 -2.666888e-01 1.498207e-01 2.541054e-01 1.274925e-01 9.436803e-02 -5.584581e-01 5.066044e-02 -1.094062e-02 4.154398e-02 1.452408e-01 6.174184e-02 3.631185e-03 4.427508e-02 1.656564e-02 -6.766381e-03 -7.464977e-02 -2.213965e-02 -4.363525e-02 7.022471e-02
<VARIANCE> 39
 2.552886e+00 1.142091e+01 1.158377e+01 1.078614e+01 3.502356e+01 2.625117e+01 2.023469e+01 3.113110e+01 3.283123e+01 6.142458e+01 4.380555e+01 6.077482e+01 1.239844e+00 1.738773e-01 2.731318e-01 4.361337e-01 8.119191e-01 7.677179e-01 1.136155e+00 1.428003e+00 1.533377e+00 1.296417e+00 1.610803e+00 1.259351e+00 1.091382e+00 6.072007e-02 3.050143e-02 6.213133e-02 1.005650e-01 1.686956e-01 1.341947e-01 1.370128e-01 2.920898e-01 3.128441e-01 2.633061e-01 3.839735e-01 2.388703e-01 2.732529e-01 7.839956e-03
<GCONST> 7.706952e+01
<STATE> 15
<MEAN> 39
 -1.091945e+01 2.327977e+00 3.768102e+00 2.746295e-01 4.841961e+00 -1.485862e+00 -4.354245e+00 -1.696295e+01 -8.599136e+00 -1.373737e+01 -6.668769e+00 -1.070680e+01 5.875217e+01 -5.962316e-01 -2.518472e-01 1.326047e-01 1.584620e-01 3.561598e-01 4.469617e-01 7.932876e-01 5.749297e-01 -1.633573e-01 -1.277470e-01 -1.037098e-01 -3.122163e-01 -2.449146e-01 7.534896e-02 3.262625e-02 -4.317685e-02 -1.013310e-01 8.115490e-02 1.698834e-01 4.345855e-02 7.478733e-02 2.956487e-02 2.677432e-02 -1.189594e-01 -1.932648e-01 3.453727e-02
<VARIANCE> 39
 5.639449e+00 2.081688e+01 1.613386e+01 2.265034e+01 3.011698e+01 2.565728e+01 2.148702e+01 3.124432e+01 3.764417e+01 3.914400e+01 1.741608e+01 2.580985e+01 7.629753e-01 1.709633e-01 4.578447e-01 4.782050e-01 8.502327e-01 1.082846e+00 1.203753e+00 1.043532e+00 6.615000e-01 1.862477e+00 2.383549e+00 1.553307e+00 1.697907e+00 4.453603e-02 3.535076e-02 1.106189e-01 1.169464e-01 1.570734e-01 2.010828e-01 2.938361e-01 2.531495e-01 8.279321e-02 4.866434e-01 3.566398e-01 2.466267e-01 1.670184e-01 1.141636e-02
<GCONST> 7.878321e+01
<STATE> 16
<MEAN> 39
 -1.232347e+01 6.704617e+00 4.936521e+00 -1.765304e+00 1.169643e+01 9.311470e+00 -6.953017e-01 -1.737709e+01 -4.599370e+00 -7.573870e+00 -4.603835e+00 -1.135890e+01 5.678714e+01 -6.560423e-01 -6.064693e-01 -1.804571e-01 -4.068735e-01 -1.150135e-01 8.402345e-01 9.610670e-01 3.242746e-01 -3.732663e-03 5.031508e-01 2.466407e-01 -4.887673e-01 -2.457785e-01 3.975418e-02 -1.599314e-01 -1.345568e-01 4.458433e-02 -2.500925e-02 -1.482809e-01 -1.961462e-02 6.426791e-02 3.483552e-02 2.546782e-02 7.206685e-02 2.981371e-01 5.019013e-02
<VARIANCE> 39
 5.582525e+00 1.463507e+01 8.676331e+00 1.794424e+01 4.216409e+01 4.040478e+01 3.056756e+01 6.324112e+01 4.282238e+01 8.000050e+01 3.727473e+01 2.659655e+01 1.233296e+00 1.869076e-01 4.900310e-01 6.873780e-01 1.028076e+00 3.263237e+00 2.601239e+00 1.784052e+00 2.042027e+00 2.791082e+00 1.539341e+00 1.889918e+00 2.106194e+00 5.483944e-02 2.412472e-02 6.587899e-02 8.617668e-02 1.266069e-01 4.509720e-01 2.617986e-01 2.393556e-01 2.876167e-01 4.565900e-01 3.250231e-01 3.022755e-01 2.881247e-01 4.614823e-03
<GCONST> 8.651121e+01
<STATE> 17
<MEAN> 39
 -1.435824e+01 -2.433807e-01 2.750913e+00 -3.759459e-01 8.082078e+00 5.392573e+00 3.907293e+00 -1.115682e+01 -5.987623e+00 -1.293094e+01 -9.112229e+00 -1.461381e+01 5.737632e+01 -3.009553e-01 -4.939213e-01 -5.825916e-01 -9.207772e-02 2.208441e-01 5.407561e-01 8.704752e-01 1.083497e+00 1.346027e+00 9.017831e-01 7.580870e-02 2.169611e-01 -1.353625e-01 -2.021370e-02 -6.218864e-02 -1.061595e-01 -9.570026e-02 -2.277027e-01 -3.575299e-01 -2.850455e-01 1.669439e-01 2.816183e-02 1.492728e-03 2.702352e-01 7.210589e-02 -1.786907e-02
<VARIANCE> 39
 1.270906e+00 6.353428e+00 8.517242e+00 2.472471e+01 1.725034e+01 1.983865e+01 3.356196e+01 3.506196e+01 3.907674e+01 6.442500e+01 7.739558e+01 2.306356e+01 6.464165e-01 1.265346e-01 7.202306e-01 1.133941e+00 9.070636e-01 1.569608e+00 1.216698e+00 1.925647e+00 1.505707e+00 1.172330e+00 2.805314e+00 2.694378e+00 1.135585e+00 4.139610e-02 1.546409e-02 8.563621e-02 1.465100e-01 1.474106e-01 3.867084e-01 1.690003e-01 3.023697e-01 4.589621e-01 3.660305e-01 7.354518e-01 3.761306e-01 1.837950e-01 6.091251e-03
<GCONST> 8.112231e+01
<STATE> 18
<MEAN> 39
 -1.505276e+01 -1.467581e+00 -4.285384e-01 -1.903638e+00 8.734772e+00 6.429279e+00 4.691371e+00 -6.517842e+00 -9.456227e-01 -6.967391e+00 -2.147866e+00 -1.016914e+01 5.690615e+01 -3.137705e-01 -8.201273e-01 -3.473586e-01 -4.358904e-02 -5.974844e-01 -9.911469e-01 -4.231102e-01 7.783605e-01 3.228790e-01 -4.071042e-01 3.783386e-01 7.889832e-01 -6.198793e-02 -5.644244e-02 1.913088e-02 3.227638e-01 1.428389e-01 4.651631e-03 -1.624260e-01 -8.868848e-02 -3.269435e-01 -3.533195e-01 -3.805839e-01 -2.384152e-01 -9.255167e-02 -2.113816e-02
<VARIANCE> 39
 1.258655e+00 5.435555e+00 8.314568e+00 3.017069e+01 1.906776e+01 2.045175e+01 1.798973e+01 3.089397e+01 1.933954e+01 2.013927e+01 4.770874e+01 4.638594e+01 6.353334e-01 1.832331e-01 4.295939e-01 7.556531e-01 9.857146e-01 1.618260e+00 1.224327e+00 8.181287e-01 2.036300e+00 1.466731e+00 1.896551e+00 2.075649e+00 1.580434e+00 5.294810e-02 3.590440e-02 3.544852e-02 1.242592e-01 1.394706e-01 2.766837e-01 2.783959e-01 1.814874e-01 1.849035e-01 2.893949e-01 1.778421e-01 5.007907e-01 4.780107e-01 9.257970e-03
<GCONST> 7.649638e+01
<STATE> 19
<MEAN> 39
 -1.811380e+01 -3.953456e+00 1.684435e+00 5.978087e-01 9.478121e+00 5.142612e+00 4.070760e+00 -7.335759e+00 -3.710169e+00 -1.167441e+01 -6.412498e+00 -1.163111e+01 5.551989e+01 -5.025706e-01 -6.276757e-01 6.185276e-02 2.898720e-01 8.402327e-02 4.899509e-02 4.490460e-01 3.026189e-01 7.217394e-02 1.048490e-01 -2.204453e-01 -3.110860e-01 -1.630016e-01 7.863212e-02 1.003710e-01 -2.377167e-02 -4.453359e-02 1.661424e-02 1.049112e-01 1.649814e-02 -1.210955e-01 3.507374e-02 1.125071e-01 4.609651e-02 1.322000e-02 3.205949e-02
<VARIANCE> 39
 4.033451e+00 1.258655e+01 1.105203e+01 2.859873e+01 3.363201e+01 3.250080e+01 2.545355e+01 2.381339e+01 3.183539e+01 2.641412e+01 2.500980e+01 3.694174e+01 7.936019e-01 2.330880e-01 3.352116e-01 8.173845e-01 6.239285e-01 7.661152e-01 1.741958e+00 1.547513e+00 2.276311e+00 1.765603e+00 2.816433e+00 2.806041e+00 3.280528e+00 5.660636e-02 4.281836e-02 5.789445e-02 1.357646e-01 1.025714e-01 2.275995e-01 4.104622e-01 3.907390e-01 3.192706e-01 3.468589e-01 4.810851e-01 4.559136e-01 6.332284e-01 1.084235e-02
<GCONST> 8.509013e+01
<TRANSP> 20
 0.000000e+00 1.000000e+00 0.000000e+00 0.000000e+00 0.000000e+00 0.000000e+00 0.000000e+00 0.000000e+00 0.000000e+00 0.000000e+00 0.000000e+00 0.000000e+00 0.000000e+00 0.000000e+00 0.000000e+00 0.000000e+00 0.000000e+00 0.000000e+00 0.000000e+00 0.000000e+00
 0.000000e+00 7.330575e-01 2.669425e-01 0.000000e+00 0.000000e+00 0.000000e+00 0.000000e+00 0.000000e+00 0.000000e+00 0.000000e+00 0.000000e+00 0.000000e+00 0.000000e+00 0.000000e+00 0.000000e+00 0.000000e+00 0.000000e+00 0.000000e+00 0.000000e+00 0.000000e+00
 0.000000e+00 0.000000e+00 8.065745e-01 1.934255e-01 0.000000e+00 0.000000e+00 0.000000e+00 0.000000e+00 0.000000e+00 0.000000e+00 0.000000e+00 0.000000e+00 0.000000e+00 0.000000e+00 0.000000e+00 0.000000e+00 0.000000e+00 0.000000e+00 0.000000e+00 0.000000e+00
 0.000000e+00 0.000000e+00 0.000000e+00 6.672398e-01 3.327602e-01 0.000000e+00 0.000000e+00 0.000000e+00 0.000000e+00 0.000000e+00 0.000000e+00 0.000000e+00 0.000000e+00 0.000000e+00 0.000000e+00 0.000000e+00 0.000000e+00 0.000000e+00 0.000000e+00 0.000000e+00
 0.000000e+00 0.000000e+00 0.000000e+00 0.000000e+00 6.358624e-01 3.641376e-01 0.000000e+00 0.000000e+00 0.000000e+00 0.000000e+00 0.000000e+00 0.000000e+00 0.000000e+00 0.000000e+00 0.000000e+00 0.000000e+00 0.000000e+00 0.000000e+00 0.000000e+00 0.000000e+00
 0.000000e+00 0.000000e+00 0.000000e+00 0.000000e+00 0.000000e+00 6.249415e-01 3.750586e-01 0.000000e+00 0.000000e+00 0.000000e+00 0.000000e+00 0.000000e+00 0.000000e+00 0.000000e+00 0.000000e+00 0.000000e+00 0.000000e+00 0.000000e+00 0.000000e+00 0.000000e+00
 0.000000e+00 0.000000e+00 0.000000e+00 0.000000e+00 0.000000e+00 0.000000e+00 7.481908e-01 2.518093e-01 0.000000e+00 0.000000e+00 0.000000e+00 0.000000e+00 0.000000e+00 0.000000e+00 0.000000e+00 0.000000e+00 0.000000e+00 0.000000e+00 0.000000e+00 0.000000e+00
 0.000000e+00 0.000000e+00 0.000000e+00 0.000000e+00 0.000000e+00 0.000000e+00 0.000000e+00 8.184426e-01 1.815574e-01 0.000000e+00 0.000000e+00 0.000000e+00 0.000000e+00 0.000000e+00 0.000000e+00 0.000000e+00 0.000000e+00 0.000000e+00 0.000000e+00 0.000000e+00
 0.000000e+00 0.000000e+00 0.000000e+00 0.000000e+00 0.000000e+00 0.000000e+00 0.000000e+00 0.000000e+00 6.033735e-01 3.966265e-01 0.000000e+00 0.000000e+00 0.000000e+00 0.000000e+00 0.000000e+00 0.000000e+00 0.000000e+00 0.000000e+00 0.000000e+00 0.000000e+00
 0.000000e+00 0.000000e+00 0.000000e+00 0.000000e+00 0.000000e+00 0.000000e+00 0.000000e+00 0.000000e+00 0.000000e+00 7.028665e-01 2.971336e-01 0.000000e+00 0.000000e+00 0.000000e+00 0.000000e+00 0.000000e+00 0.000000e+00 0.000000e+00 0.000000e+00 0.000000e+00
 0.000000e+00 0.000000e+00 0.000000e+00 0.000000e+00 0.000000e+00 0.000000e+00 0.000000e+00 0.000000e+00 0.000000e+00 0.000000e+00 7.432472e-01 2.567528e-01 0.000000e+00 0.000000e+00 0.000000e+00 0.000000e+00 0.000000e+00 0.000000e+00 0.000000e+00 0.000000e+00
 0.000000e+00 0.000000e+00 0.000000e+00 0.000000e+00 0.000000e+00 0.000000e+00 0.000000e+00 0.000000e+00 0.000000e+00 0.000000e+00 0.000000e+00 7.061657e-01 2.938342e-01 0.000000e+00 0.000000e+00 0.000000e+00 0.000000e+00 0.000000e+00 0.000000e+00 0.000000e+00
 0.000000e+00 0.000000e+00 0.000000e+00 0.000000e+00 0.000000e+00 0.000000e+00 0.000000e+00 0.000000e+00 0.000000e+00 0.000000e+00 0.000000e+00 0.000000e+00 7.207883e-01 2.792117e-01 0.000000e+00 0.000000e+00 0.000000e+00 0.000000e+00 0.000000e+00 0.000000e+00
 0.000000e+00 0.000000e+00 0.000000e+00 0.000000e+00 0.000000e+00 0.000000e+00 0.000000e+00 0.000000e+00 0.000000e+00 0.000000e+00 0.000000e+00 0.000000e+00 0.000000e+00 7.277561e-01 2.722439e-01 0.000000e+00 0.000000e+00 0.000000e+00 0.000000e+00 0.000000e+00
 0.000000e+00 0.000000e+00 0.000000e+00 0.000000e+00 0.000000e+00 0.000000e+00 0.000000e+00 0.000000e+00 0.000000e+00 0.000000e+00 0.000000e+00 0.000000e+00 0.000000e+00 0.000000e+00 8.142049e-01 1.857951e-01 0.000000e+00 0.000000e+00 0.000000e+00 0.000000e+00
 0.000000e+00 0.000000e+00 0.000000e+00 0.000000e+00 0.000000e+00 0.000000e+00 0.000000e+00 0.000000e+00 0.000000e+00 0.000000e+00 0.000000e+00 0.000000e+00 0.000000e+00 0.000000e+00 0.000000e+00 7.424236e-01 2.575764e-01 0.000000e+00 0.000000e+00 0.000000e+00
 0.000000e+00 0.000000e+00 0.000000e+00 0.000000e+00 0.000000e+00 0.000000e+00 0.000000e+00 0.000000e+00 0.000000e+00 0.000000e+00 0.000000e+00 0.000000e+00 0.000000e+00 0.000000e+00 0.000000e+00 0.000000e+00 6.823778e-01 3.176222e-01 0.000000e+00 0.000000e+00
 0.000000e+00 0.000000e+00 0.000000e+00 0.000000e+00 0.000000e+00 0.000000e+00 0.000000e+00 0.000000e+00 0.000000e+00 0.000000e+00 0.000000e+00 0.000000e+00 0.000000e+00 0.000000e+00 0.000000e+00 0.000000e+00 0.000000e+00 6.270671e-01 3.729329e-01 0.000000e+00
 0.000000e+00 0.000000e+00 0.000000e+00 0.000000e+00 0.000000e+00 0.000000e+00 0.000000e+00 0.000000e+00 0.000000e+00 0.000000e+00 0.000000e+00 0.000000e+00 0.000000e+00 0.000000e+00 0.000000e+00 0.000000e+00 0.000000e+00 0.000000e+00 7.811708e-01 2.188292e-01
 0.000000e+00 0.000000e+00 0.000000e+00 0.000000e+00 0.000000e+00 0.000000e+00 0.000000e+00 0.000000e+00 0.000000e+00 0.000000e+00 0.000000e+00 0.000000e+00 0.000000e+00 0.000000e+00 0.000000e+00 0.000000e+00 0.000000e+00 0.000000e+00 0.000000e+00 0.000000e+00
<ENDHMM>
