~o
<STREAMINFO> 1 39
<VECSIZE> 39<NULLD><MFCC_D_A_0><DIAGC>
~h "lima"
<BEGINHMM>
<NUMSTATES> 20
<STATE> 2
<MEAN> 39
 -1.737925e+01 -4.667296e+00 8.731760e-01 -2.176221e+00 2.094744e-02 -6.165140e+00 -4.720524e-01 -7.053520e+00 -2.268731e+00 -9.310796e+00 1.232141e+00 -3.478229e+00 5.647093e+01 2.137678e+00 2.059081e+00 1.304155e+00 2.458385e-01 -8.935670e-01 -1.849347e+00 -2.037379e+00 -2.188296e+00 -1.526128e+00 -5.440038e-01 9.165658e-02 -1.528457e-01 1.090859e+00 7.129182e-01 6.026146e-01 5.709564e-01 8.986273e-02 -6.671157e-01 -7.071641e-01 -4.612718e-01 -2.837569e-01 -1.010785e-01 2.584706e-01 4.785740e-02 -2.020576e-02 4.438484e-01
<VARIANCE> 39
 8.655689e+00 8.380554e+00 1.863919e+01 1.390477e+01 1.600026e+01 2.466584e+01 1.608502e+01 2.046154e+01 2.556811e+01 3.625486e+01 2.586253e+01 1.864660e+01 2.327405e+00 2.315319e+00 2.348949e+00 2.836893e+00 2.779389e+00 4.609215e+00 3.820983e+00 3.293777e+00 2.194293e+00 3.437301e+00 4.793450e+00 3.096181e+00 2.309696e+00 6.583397e-01 1.634495e-01 2.712436e-01 3.140389e-01 3.919391e-01 9.021227e-01 3.357501e-01 5.170609e-01 4.245264e-01 4.415526e-01 7.324938e-01 4.498928e-01 4.409320e-01 5.052176e-02
<GCONST> 1.064512e+02
<STATE> 3
<MEAN> 39
 -5.764750e+00 7.048940e+00 1.015458e+01 -3.648337e-01 -7.234193e+00 -1.663610e+01 -1.136239e+01 -1.626801e+01 -7.189002e+00 -8.441679e+00 2.499917e+00 -3.109181e+00 6.253778e+01 2.236172e+00 1.381728e+00 2.348454e+00 4.151742e-01 -3.000071e+00 -2.330424e+00 -1.221560e+00 -7.880055e-01 -1.431383e-01 1.156769e+00 9.078628e-01 4.459558e-01 1.708975e+00 -6.861418e-01 -1.021751e+00 -4.999772e-02 -1.597487e-01 -4.589899e-01 6.385624e-01 1.137119e+00 6.881979e-01 1.871579e-01 1.629922e-01 -2.954718e-02 2.487954e-02 -1.047841e-01
<VARIANCE> 39
 8.528517e+00 1.148484e+01 1.869070e+01 2.062410e+01 4.166139e+01 1.968507e+01 3.324640e+01 1.811724e+01 2.323984e+01 4.735544e+01 7.231307e+01 4.339585e+01 4.035684e+00 1.804797e+00 4.243848e+00 2.585432e+00 4.320943e+00 8.053417e+00 4.027928e+00 7.372008e+00 6.648913e+00 2.595957e+00 5.973301e+00 3.904582e+00 3.337825e+00 5.411494e-01 1.060073e-01 2.340715e-01 3.300468e-01 5.551556e-01 9.456832e-01 6.080176e-01 9.515342e-01 7.055889e-01 8.138348e-01 1.293794e+00 7.310829e-01 4.240576e-01 2.924304e-02
<GCONST> 1.172950e+02
<STATE> 4
<MEAN> 39
 -3.723912e+00 1.958206e+00 2.035062e+01 4.406316e+00 -2.144095e+01 -2.058015e+01 -3.887633e+00 -1.154384e+01 -9.488855e+00 -2.440760e+00 9.159952e+00 -1.664419e+00 6.828140e+01 -2.106654e-01 -1.222015e+00 2.655511e+00 -1.119079e+00 -3.163424e+00 1.417848e+00 4.822040e-01 -2.034389e-02 -6.519366e-01 1.638633e+00 3.415565e-01 -8.709556e-01 1.183104e+00 -4.014207e-01 2.544071e-01 -4.017743e-01 -8.232294e-01 1.413218e+00 1.200809e+00 -8.661434e-01 -2.841285e-01 2.544810e-01 -1.174214e-01 -3.580601e-01 -3.684862e-01 -3.876601e-01
<VARIANCE> 39
 2.346074e+00 4.039515e+01 4.955433e+01 6.214743e+01 1.538287e+02 4.434066e+01 3.620311e+01 7.988724e+01 1.033102e+02 9.034275e+01 8.646309e+01 6.618779e+01 5.955546e+00 4.812540e-01 1.642302e+00 1.965466e+00 3.828826e+00 1.026739e+01 5.566902e+00 8.078686e+00 5.286489e+00 5.382499e+00 5.533724e+00 2.443023e+00 3.673535e+00 4.517529e-01 1.154181e-01 4.057974e-01 2.922955e-01 5.206541e-01 1.066948e+00 8.575087e-01 1.039780e+00 7.163728e-01 7.688867e-01 1.137177e+00 6.198473e-01 4.876292e-01 7.104976e-02
<GCONST> 1.257113e+02
<STATE> 5
<MEAN> 39
 -5.688874e+00 1.369124e+00 2.562343e+01 -4.163233e+00 -2.353113e+01 -1.092785e+01 -1.028636e+01 -1.407563e+01 -7.961395e+00 -4.362603e-02 6.168809e+00 -5.845745e+00 7.003673e+01 -1.828269e-01 2.816755e-01 8.675209e-01 -1.536583e+00 3.005716e-01 1.612478e+00 -9.445977e-01 -1.758694e-01 -5.460654e-01 -1.253573e-01 -4.747993e-01 -4.614224e-01 2.373320e-01 1.689130e-01 8.263420e-02 -6.641236e-01 6.941035e-01 4.170919e-01 -6.929308e-01 4.890106e-01 1.735507e-03 -3.112178e-01 -3.682899e-01 9.132408e-02 2.548328e-01 -2.700197e-01
<VARIANCE> 39
 6.594420e+00 4.274000e+01 8.320007e+01 7.921045e+01 2.186244e+02 4.217653e+01 1.088207e+01 1.142172e+02 8.041225e+01 7.633995e+01 9.814465e+01 1.001855e+02 5.201094e+00 3.316149e-01 5.424451e-01 1.142014e+00 2.514105e+00 3.020557e+00 2.079268e+00 3.550442e+00 3.472377e+00 1.526240e+00 2.366914e+00 2.905400e+00 2.015210e+00 1.254874e-01 5.039051e-02 1.263809e-01 9.450001e-02 3.019353e-01 4.757625e-01 7.321986e-01 2.535395e-01 8.515162e-01 2.561771e-01 6.655954e-01 2.493195e-01 4.859159e-01 2.108421e-02
<GCONST> 1.076563e+02
<STATE> 6
<MEAN> 39
 -4.406517e+00 6.318641e+00 2.431500e+01 -4.806063e+00 -1.385915e+01 -1.330554e+01 -9.909777e+00 -1.325295e+01 -1.543736e+01 -2.698662e+00 8.985295e+00 -8.159097e+00 6.778200e+01 2.535956e-01 5.361426e-03 -3.228652e-01 5.599115e-01 -2.985602e-01 1.352050e-01 9.646810e-01 -8.709769e-01 -2.060018e-01 3.678772e-01 2.000871e-01 -3.058771e-01 -1.552645e-01 4.763905e-02 2.691984e-02 -4.147608e-01 4.632411e-01 4.495133e-01 -1.839969e-01 7.802700e-02 1.124555e-01 1.146058e-01 -2.233558e-01 1.110291e-01 1.669712e-01 -1.482084e-01
<VARIANCE> 39
 8.781827e+00 1.660045e+01 9.441628e+01 5.354771e+01 1.530407e+02 2.228651e+01 2.616852e+01 1.600504e+02 8.447518e+01 7.705695e+01 1.469477e+02 5.770792e+01 3.318187e+00 1.402018e-01 1.778647e-01 7.943408e-01 1.627676e+00 1.584780e+00 2.125709e+00 1.316991e+00 1.596647e+00 2.023079e+00 1.685048e+00 1.475277e+00 1.581957e+00 8.598436e-02 2.590415e-02 4.566083e-02 1.627665e-01 2.241526e-01 7.021278e-01 1.784550e-01 4.346017e-01 5.671855e-01 2.316330e-01 3.908460e-01 5.705991e-01 2.939751e-01 1.569476e-02
<GCONST> 9.696189e+01
<STATE> 7
<MEAN> 39
 -4.076628e+00 1.735773e+00 1.991066e+01 4.906458e-01 -2.073468e+01 -1.257192e+01 -5.837994e+00 -1.925947e+01 -8.914931e+00 -2.619079e+00 4.510471e+00 -4.597754e+00 6.747029e+01 3.506331e-01 4.732233e-01 -1.921382e+00 5.815829e-01 3.296573e+00 8.001102e-01 6.158272e-01 -3.451625e-01 -5.752453e-01 -8.338986e-01 1.069909e-01 1.097507e-01 -7.010546e-01 8.527307e-03 -2.061154e-02 -1.670187e-01 -2.082976e-01 3.033690e-01 4.148154e-01 -1.413196e-01 -4.040475e-01 -1.228653e-01 6.126587e-02 -1.101554e-01 -5.339529e-02 5.911651e-02
<VARIANCE> 39
 4.069493e+00 2.597105e+01 4.803401e+01 4.861372e+01 1.154968e+02 1.408268e+01 3.299917e+01 6.482274e+01 1.669225e+01 1.928537e+01 6.797944e+01 6.541235e+01 5.156426e+00 1.966348e-01 3.479351e-01 6.064162e-01 1.251868e+00 2.223490e+00 2.221960e+00 1.967375e+00 3.630839e+00 1.471465e+00 2.494740e+00 9.546164e-01 1.599123e+00 1.326132e-01 2.907819e-02 5.365015e-02 1.163330e-01 1.656875e-01 5.154683e-01 3.171211e-01 2.484956e-01 3.139458e-01 3.649360e-01 4.330921e-01 2.425051e-01 2.494419e-01 4.394091e-02
<GCONST> 9.273036e+01
<STATE> 8
<MEAN> 39
 -9.630956e-01 6.112040e+00 9.052195e+00 -3.847079e+00 -5.341856e+00 -6.398117e+00 -6.015291e+00 -2.025215e+01 -1.315252e+01 -7.792063e+00 4.934791e+00 -1.910809e+00 6.608034e+01 3.289235e-01 -3.295836e-01 -1.585502e+00 3.293630e-02 1.834473e+00 1.330765e+00 6.951670e-02 -1.123351e+00 -5.794171e-01 -9.255505e-01 1.940357e-01 1.062831e+00 5.521034e-02 2.932496e-02 -8.842815e-02 -8.477829e-02 -2.946309e-01 -2.529084e-01 -1.262361e-01 -6.902950e-02 2.002526e-01 8.691539e-02 1.272058e-01 1.614169e-01 -7.485681e-02 1.118330e-01
<VARIANCE> 39
 8.668002e+00 8.896514e+00 9.758493e+01 5.650489e+01 3.188732e+01 1.758116e+01 1.170596e+01 4.474022e+01 2.775227e+01 2.679079e+01 4.189756e+01 3.455900e+01 2.258279e+00 1.874912e-01 4.053221e-01 7.611852e-01 8.809403e-01 1.168622e+00 9.777001e-01 7.102206e-01 1.779422e+00 1.865746e+00 1.091895e+00 3.441935e+00 1.810293e+00 6.740811e-02 3.762723e-02 4.344685e-02 1.256343e-01 1.122826e-01 1.345505e-01 2.676035e-01 1.152599e-01 2.440500e-01 2.414271e-01 2.553867e-01 3.911551e-01 2.789855e-01 1.207578e-02
<GCONST> 8.217583e+01
<STATE> 9
<MEAN> 39
 -1.102875e+00 4.758530e+00 9.169596e+00 2.487160e-01 -2.046472e+00 -3.601858e+00 -3.452291e+00 -2.415891e+01 -1.752855e+01 -8.770671e+00 7.710814e+00 -8.103346e-01 6.609705e+01 7.361626e-01 -1.040219e-01 -2.675259e+00 -1.723776e+00 7.630281e-01 4.389125e-01 -1.402590e-01 4.013502e-01 4.111809e-01 7.710184e-01 4.352139e-01 -3.768288e-01 2.922107e-01 1.459176e-01 -3.969148e-01 -5.908835e-01 -7.210772e-01 -3.003944e-01 -8.949569e-02 -2.104775e-01 8.582477e-01 9.968700e-01 7.659660e-01 4.721324e-02 -6.767789e-01 2.389148e-01
<VARIANCE> 39
 3.446357e+00 1.469537e+01 3.757473e+01 2.928040e+01 2.606206e+01 1.917146e+01 2.750391e+01 3.716518e+01 2.347767e+01 3.149101e+01 4.389632e+01 4.608648e+01 1.242885e+00 1.639818e-01 4.581338e-01 8.900614e-01 1.844200e+00 1.244512e+00 8.208598e-01 7.007087e-01 2.266768e+00 2.740338e+00 1.243526e+00 2.441192e+00 2.438955e+00 1.043500e-01 1.387219e-02 1.161406e-01 1.519291e-01 2.497446e-01 3.077410e-01 3.783124e-01 2.674704e-01 2.813978e-01 2.499282e-01 3.006038e-01 5.387231e-01 3.394836e-01 1.239613e-02
<GCONST> 8.620802e+01
<STATE> 10
<MEAN> 39
 1.065737e+00 2.787885e+00 9.809297e-02 -7.871724e+00 -2.446751e+00 -3.118829e+00 -6.161218e+00 -2.178959e+01 -1.117556e+01 -3.053457e+00 8.935565e+00 -4.698474e+00 6.760941e+01 8.854416e-01 -1.835443e+00 -3.937599e+00 -2.558486e+00 1.268778e+00 1.092700e+00 -7.111291e-01 1.804049e+00 2.453367e+00 1.566637e+00 4.406488e-02 -1.862558e+00 9.258292e-01 -1.474868e-01 -6.104169e-01 -6.428676e-02 1.802295e-01 4.190663e-01 1.595351e-01 -1.373324e-01 4.219171e-01 6.937087e-01 -7.713910e-02 -8.676034e-01 -4.788608e-01 1.325921e-01
<VARIANCE> 39
 3.341259e+00 1.202623e+01 3.587365e+01 1.928872e+01 2.756207e+01 1.904638e+01 2.628853e+01 8.511111e+01 3.782033e+01 3.537146e+01 3.827533e+01 6.315165e+01 2.055589e+00 3.633045e-01 1.404764e+00 2.741144e+00 4.226428e+00 1.367293e+00 3.038936e+00 3.282509e+00 2.997806e+00 3.931602e+00 3.199571e+00 2.548054e+00 3.577815e+00 3.190741e-01 5.062589e-02 1.598630e-01 3.838774e-01 5.471292e-01 1.039518e-01 2.066031e-01 5.721937e-01 8.016687e-01 5.221739e-01 4.797381e-01 5.795981e-01 7.916723e-01 3.898782e-02
<GCONST> 1.042788e+02
<STATE> 11
<MEAN> 39
 2.959079e+00 -3.950710e+00 -9.927927e+00 -1.380243e+01 3.109284e+00 1.110196e+00 -7.289175e+00 -1.610470e+01 -4.318212e+00 8.987137e-01 5.218215e+00 -1.163035e+01 7.055310e+01 1.111287e-01 -2.696947e+00 -2.443528e+00 -7.081007e-01 2.203348e+00 9.724520e-01 -1.088701e+00 1.900058e+00 3.338523e+00 5.357655e-01 -2.580233e+00 -2.045282e+00 9.079628e-01 -3.863500e-01 1.805592e-01 1.082288e+00 8.788742e-01 -1.703411e-01 -4.505946e-01 -1.151512e-01 -2.044689e-01 -1.928367e-01 -6.183147e-01 -3.877448e-01 5.257167e-01 -2.296186e-01
<VARIANCE> 39
 1.422062e+00 1.954280e+01 4.575248e+01 8.789867e+00 4.602704e+01 1.180361e+01 2.463482e+01 6.941805e+01 3.790865e+01 2.206220e+01 5.716488e+01 4.810633e+01 4.156960e+00 3.662787e-01 1.977986e+00 2.406132e+00 2.221740e+00 1.331412e+00 2.153247e+00 2.272981e+00 2.382627e+00 2.260291e+00 3.299006e+00 2.574482e+00 3.576856e+00 3.928083e-01 2.980921e-02 2.021102e-01 2.448825e-01 2.349527e-01 1.641818e-01 2.324592e-01 3.975273e-01 3.763846e-01 6.548575e-01 4.452735e-01 4.328398e-01 5.678343e-01 1.750664e-02
<GCONST> 9.839165e+01
<STATE> 12
<MEAN> 39
 1.791487e+00 -1.054849e+01 -1.052630e+01 -1.147304e+01 9.279687e+00 9.192990e-01 -1.361571e+01 -1.148572e+01 4.583257e+00 -2.287328e+00 -2.744357e+00 -1.245449e+01 7.264584e+01 -6.220997e-01 -1.394502e+00 4.025036e-01 6.562217e-01 4.646592e-01 -1.371092e-01 -1.117360e+00 6.625990e-01 1.933508e+00 -1.264596e+00 -2.357967e+00 -2.541814e-01 1.799612e-01 -1.850989e-01 7.751759e-01 5.762471e-01 9.215362e-02 -6.731403e-01 -2.005034e-01 4.691436e-01 -3.204977e-01 -8.789057e-01 -3.878573e-01 4.337611e-01 2.714616e-01 -4.219073e-01
<VARIANCE> 39
 2.380402e+00 1.519503e+01 6.205358e+01 1.539760e+01 2.857168e+01 2.586662e+01 5.125966e+01 1.131393e+02 3.607499e+01 4.247410e+01 8.272815e+01 3.286391e+01 8.290198e+00 9.599541e-02 1.128811e+00 1.506028e+00 9.790818e-01 1.929708e+00 1.107610e+00 1.940377e+00 1.625326e+00 2.518303e+00 3.096428e+00 1.564826e+00 3.490931e+00 3.194622e-01 5.224480e-02 1.554468e-01 2.838441e-01 1.064762e-01 1.721517e-01 1.766004e-01 3.971587e-01 3.863815e-01 4.267689e-01 5.593120e-01 2.933101e-01 5.451786e-01 4.975434e-02
<GCONST> 9.749454e+01
<STATE> 13
<MEAN> 39
 -4.518007e-01 -1.197867e+01 -6.175983e+00 -1.021726e+01 6.851843e+00 1.918348e-02 -1.398967e+01 -7.229767e+00 4.593846e+00 -6.474802e+00 -4.585051e+00 -1.441353e+01 7.213605e+01 -1.046427e+00 6.937490e-01 2.901965e-01 7.409899e-01 -5.004811e-01 -6.548810e-01 8.468137e-01 2.547705e-01 -4.563770e-01 -1.002544e+00 -7.492827e-01 -3.000429e-01 -1.261928e+00 -1.389616e-01 5.152963e-01 5.249422e-02 -1.116561e-01 -1.270400e-01 -1.079959e-01 2.641372e-01 -5.225445e-02 -5.267946e-01 1.463538e-01 4.385701e-01 1.176949e-01 -3.325912e-01
<VARIANCE> 39
 4.295793e+00 1.654314e+01 8.602215e+01 2.191759e+01 1.805709e+01 4.491888e+01 4.662698e+01 1.315011e+02 6.812965e+01 3.492554e+01 9.387538e+01 3.596722e+01 9.336693e+00 1.544805e-01 7.703763e-01 8.098399e-01 5.268527e-01 1.280536e+00 6.380271e-01 7.300116e-01 2.085538e+00 1.397185e+00 1.062628e+00 9.209546e-01 7.885922e-01 2.723595e-01 2.791498e-02 7.483540e-02 2.533862e-01 1.606587e-01 2.409038e-01 1.809768e-01 2.063635e-01 3.485734e-01 4.217441e-01 2.680949e-01 3.845907e-01 2.898377e-01 3.059762e-02
<GCONST> 9.005033e+01
<STATE> 14
<MEAN> 39
 -4.159043e+00 -5.863627e+00 -7.408140e+00 -8.377731e+00 4.349934e+00 -2.127887e+00 -8.809242e+00 -1.078854e+01 2.162416e+00 -8.213052e+00 -6.687613e+00 -1.306584e+01 6.574160e+01 -1.098933e+00 9.929311e-01 6.342944e-01 1.294735e-01 -4.375221e-01 -6.155221e-01 4.173616e-01 -5.628278e-03 -9.274601e-01 -3.839286e-01 2.804243e-01 9.731381e-02 -1.183260e+00 1.284140e-02 -1.604916e-01 1.007582e-02 3.088120e-02 7.067848e-02 2.205513e-02 -1.070963e-01 -1.254783e-01 -3.548510e-02 9.706090e-02 1.965662e-01 1.274643e-01 1.032039e-01
<VARIANCE> 39
 4.692094e+00 1.112579e+01 2.995258e+01 1.284327e+01 9.960672e+00 2.454994e+01 2.532922e+01 4.204130e+01 2.245420e+01 1.634487e+01 5.240878e+01 1.561372e+01 1.921806e+00 1.531979e-01 3.529871e-01 7.742016e-01 6.134021e-01 1.043841e+00 8.904973e-01 7.000969e-01 2.955919e+00 2.110366e+00 1.430741e+00 1.808423e+00 9.918473e-01 1.180148e-01 1.978948e-02 4.245199e-02 4.229186e-02 1.025010e-01 1.753626e-01 1.223509e-01 6.994963e-02 3.432928e-01 2.851991e-01 2.123187e-01 1.673557e-01 1.208526e-01 1.464956e-02
<GCONST> 7.284287e+01
<STATE> 15
<MEAN> 39
 -8.011423e+00 -3.627460e+00 -6.446209e+00 -8.068686e+00 2.742452e+00 -4.999622e+00 -7.999215e+00 -1.209220e+01 -1.358156e+00 -7.836653e+00 -3.519728e+00 -1.105225e+01 6.195716e+01 -9.089740e-01 3.499667e-01 7.101205e-01 8.145171e-01 4.734446e-01 1.982067e-01 6.354872e-01 1.589479e-01 -4.775586e-01 -3.132490e-01 2.335624e-01 2.559802e-01 -7.138635e-01 1.164874e-01 1.223434e-02 1.043264e-01 1.744061e-01 1.645032e-01 2.319805e-01 1.831096e-01 1.353999e-01 6.565461e-02 -1.190203e-01 -1.357800e-01 -5.092686e-02 1.048906e-01
<VARIANCE> 39
 3.310979e+00 5.939645e+00 9.728152e+00 6.647642e+00 6.861780e+00 1.773180e+01 1.754750e+01 1.219542e+01 1.555250e+01 1.550366e+01 2.011287e+01 1.808426e+01 1.291560e+00 1.571283e-01 1.810614e-01 6.385105e-01 5.387813e-01 1.011613e+00 1.129995e+00 1.518207e+00 9.733962e-01 7.021009e-01 7.143292e-01 1.266472e+00 8.716907e-01 6.797780e-02 2.346753e-02 4.174616e-02 7.497781e-02 5.616676e-02 1.602780e-01 1.803331e-01 1.748026e-01 2.226859e-01 1.798449e-01 1.393220e-01 8.013037e-02 1.675832e-01 5.780409e-03
<GCONST> 6.090969e+01
<STATE> 16
<MEAN> 39
 -1.046834e+01 -1.407523e+00 -2.568375e+00 -3.633426e+00 6.876424e+00 -2.268671e+00 -5.048627e+00 -9.830744e+00 -2.808010e+00 -1.193457e+01 -5.324636e+00 -1.201381e+01 5.991108e+01 -7.368755e-01 2.136562e-01 7.074118e-01 5.325949e-01 3.775445e-02 1.355696e-01 1.027910e+00 1.000652e+00 -2.303951e-01 -5.516320e-01 7.206843e-02 1.646919e-01 -5.300450e-01 -2.535191e-02 -1.724850e-01 -1.843001e-01 -2.612964e-01 -2.719651e-01 -9.211070e-02 7.350943e-02 7.607318e-02 1.675244e-01 1.898022e-01 6.610719e-02 1.005369e-01 1.846568e-02
<VARIANCE> 39
 2.895455e+00 8.666698e+00 1.097674e+01 4.930302e+00 1.155199e+01 6.692275e+00 1.941923e+01 1.907348e+01 1.918522e+01 2.242418e+01 1.876523e+01 1.517031e+01 1.516144e+00 8.066691e-02 2.347846e-01 5.232205e-01 5.831223e-01 1.078047e+00 8.652332e-01 1.832525e+00 1.082014e+00 6.883972e-01 1.516172e+00 1.314715e+00 8.393448e-01 3.334118e-02 1.635332e-02 1.877415e-02 6.057288e-02 5.511705e-02 1.507566e-01 1.490169e-01 2.396672e-01 2.166780e-01 1.581492e-01 1.862580e-01 2.358009e-01 1.552584e-01 7.138182e-03
<GCONST> 6.116779e+01
<STATE> 17
<MEAN> 39
 -1.303553e+01 -2.232516e+00 -1.212146e+00 -3.133320e+00 4.189224e+00 -8.724383e-01 2.276231e+00 -3.814322e+00 -1.198325e+00 -1.014552e+01 -3.135480e+00 -9.198162e+00 5.832171e+01 -6.589922e-01 -5.277473e-01 -8.505911e-02 1.653636e-01 -2.181540e-01 4.841933e-02 9.129492e-01 4.247998e-01 -1.014045e-01 -7.590841e-02 -1.672946e-01 2.454276e-01 -3.446786e-01 1.343683e-02 -6.473700e-02 -4.548641e-02 3.349116e-02 1.369721e-01 5.778616e-02 -1.656502e-01 -2.765430e-01 -1.656018e-01 -2.220707e-02 4.876696e-02 -3.516673e-02 4.807806e-02
<VARIANCE> 39
 1.562091e+00 5.206968e+00 1.071373e+01 9.273854e+00 1.157760e+01 1.327851e+01 1.973628e+01 2.087901e+01 1.458687e+01 2.091122e+01 1.605961e+01 1.308138e+01 7.797912e-01 1.240695e-01 2.888761e-01 5.235711e-01 4.805900e-01 1.021569e+00 7.184894e-01 1.095701e+00 9.976356e-01 2.196507e+00 2.537352e+00 6.492206e-01 7.026251e-01 5.801738e-02 1.350431e-02 5.883449e-02 1.246395e-01 7.140535e-02 1.816998e-01 1.316048e-01 1.113263e-01 1.975171e-01 2.829649e-01 4.633230e-01 1.806798e-01 1.550519e-01 6.820139e-03
<GCONST> 6.340013e+01
<STATE> 18
<MEAN> 39
 -1.508617e+01 -5.688410e+00 -2.825357e+00 -2.575785e+00 6.398980e+00 -3.097158e+00 -1.637778e+00 -8.790281e+00 -4.145132e+00 -1.091904e+01 -3.180201e+00 -8.564517e+00 5.796790e+01 -6.707636e-01 -6.331345e-01 -1.114932e-01 6.227461e-01 6.082659e-01 6.344279e-01 2.288241e-01 -2.046903e-02 -3.789125e-02 3.261011e-01 7.928222e-01 5.635619e-01 -3.111378e-01 -1.988630e-03 2.613216e-02 3.232572e-02 2.651495e-02 -2.249167e-02 7.469913e-02 4.328604e-02 4.638404e-02 2.321071e-02 -5.560304e-02 -4.001848e-02 -7.291467e-02 -2.364708e-02
<VARIANCE> 39
 1.626708e+00 1.286847e+01 8.405238e+00 7.397445e+00 2.488063e+01 2.802390e+01 4.398978e+01 2.822865e+01 1.339711e+01 2.318028e+01 1.643508e+01 1.654630e+01 1.901189e+00 5.336861e-02 7.131851e-01 7.372094e-01 3.117689e-01 2.202689e+00 1.667447e+00 3.479803e+00 1.259360e+00 1.752084e+00 1.703503e+00 9.870543e-01 1.330636e+00 1.327638e-01 9.693239e-03 1.289259e-01 8.969097e-02 1.377078e-01 5.237275e-01 2.510194e-01 6.896026e-01 1.112882e-01 2.101837e-01 5.102632e-01 2.649954e-01 1.997675e-01 2.199954e-02
<GCONST> 7.722984e+01
<STATE> 19
<MEAN> 39
 -1.722448e+01 -5.665884e+00 -1.666150e+00 -1.942408e+00 5.621201e+00 6.240009e-01 4.832851e+00 -6.114736e+00 -4.122284e+00 -1.183902e+01 -3.721885e+00 -8.868741e+00 5.642896e+01 -5.025454e-01 -2.364351e-01 1.544629e-01 -1.768878e-01 -3.751289e-01 -3.568065e-02 3.828072e-01 -1.428024e-01 -5.098124e-01 -5.445806e-01 -7.700199e-01 -2.246968e-01 -2.323233e-01 1.132043e-01 3.507809e-02 1.335716e-02 -4.512126e-03 -4.971812e-04 -4.029316e-03 -7.290597e-02 1.204466e-01 6.459858e-02 -3.175878e-02 -2.259323e-01 -1.305082e-01 6.874889e-02
<VARIANCE> 39
 2.070648e+00 8.278510e+00 9.261041e+00 8.339791e+00 1.301397e+01 1.642376e+01 5.091164e+01 1.818001e+01 2.590741e+01 1.387058e+01 2.889288e+01 1.788667e+01 9.400321e-01 1.884663e-01 2.845213e-01 5.248669e-01 6.592180e-01 7.835041e-01 9.612827e-01 1.830467e+00 1.214825e+00 9.405625e-01 1.346839e+00 2.544883e+00 1.805725e+00 6.688154e-02 1.673898e-02 4.256361e-02 7.641494e-02 1.732887e-01 1.940569e-01 2.472370e-01 3.611152e-01 1.912457e-01 2.633571e-01 2.405690e-01 4.928638e-01 4.366378e-01 6.934593e-03
<GCONST> 7.216885e+01
<TRANSP> 20
 0.000000e+00 1.000000e+00 0.000000e+00 0.000000e+00 0.000000e+00 0.000000e+00 0.000000e+00 0.000000e+00 0.000000e+00 0.000000e+00 0.000000e+00 0.000000e+00 0.000000e+00 0.000000e+00 0.000000e+00 0.000000e+00 0.000000e+00 0.000000e+00 0.000000e+00 0.000000e+00
 0.000000e+00 7.142608e-01 2.857392e-01 0.000000e+00 0.000000e+00 0.000000e+00 0.000000e+00 0.000000e+00 0.000000e+00 0.000000e+00 0.000000e+00 0.000000e+00 0.000000e+00 0.000000e+00 0.000000e+00 0.000000e+00 0.000000e+00 0.000000e+00 0.000000e+00 0.000000e+00
 0.000000e+00 0.000000e+00 7.272378e-01 2.727622e-01 0.000000e+00 0.000000e+00 0.000000e+00 0.000000e+00 0.000000e+00 0.000000e+00 0.000000e+00 0.000000e+00 0.000000e+00 0.000000e+00 0.000000e+00 0.000000e+00 0.000000e+00 0.000000e+00 0.000000e+00 0.000000e+00
 0.000000e+00 0.000000e+00 0.000000e+00 5.721096e-01 4.278904e-01 0.000000e+00 0.000000e+00 0.000000e+00 0.000000e+00 0.000000e+00 0.000000e+00 0.000000e+00 0.000000e+00 0.000000e+00 0.000000e+00 0.000000e+00 0.000000e+00 0.000000e+00 0.000000e+00 0.000000e+00
 0.000000e+00 0.000000e+00 0.000000e+00 0.000000e+00 5.360868e-01 4.639132e-01 0.000000e+00 0.000000e+00 0.000000e+00 0.000000e+00 0.000000e+00 0.000000e+00 0.000000e+00 0.000000e+00 0.000000e+00 0.000000e+00 0.000000e+00 0.000000e+00 0.000000e+00 0.000000e+00
 0.000000e+00 0.000000e+00 0.000000e+00 0.000000e+00 0.000000e+00 6.928895e-01 3.071105e-01 0.000000e+00 0.000000e+00 0.000000e+00 0.000000e+00 0.000000e+00 0.000000e+00 0.000000e+00 0.000000e+00 0.000000e+00 0.000000e+00 0.000000e+00 0.000000e+00 0.000000e+00
 0.000000e+00 0.000000e+00 0.000000e+00 0.000000e+00 0.000000e+00 0.000000e+00 6.945958e-01 3.054042e-01 0.000000e+00 0.000000e+00 0.000000e+00 0.000000e+00 0.000000e+00 0.000000e+00 0.000000e+00 0.000000e+00 0.000000e+00 0.000000e+00 0.000000e+00 0.000000e+00
 0.000000e+00 0.000000e+00 0.000000e+00 0.000000e+00 0.000000e+00 0.000000e+00 0.000000e+00 7.254936e-01 2.745064e-01 0.000000e+00 0.000000e+00 0.000000e+00 0.000000e+00 0.000000e+00 0.000000e+00 0.000000e+00 0.000000e+00 0.000000e+00 0.000000e+00 0.000000e+00
 0.000000e+00 0.000000e+00 0.000000e+00 0.000000e+00 0.000000e+00 0.000000e+00 0.000000e+00 0.000000e+00 4.787552e-01 5.212449e-01 0.000000e+00 0.000000e+00 0.000000e+00 0.000000e+00 0.000000e+00 0.000000e+00 0.000000e+00 0.000000e+00 0.000000e+00 0.000000e+00
 0.000000e+00 0.000000e+00 0.000000e+00 0.000000e+00 0.000000e+00 0.000000e+00 0.000000e+00 0.000000e+00 0.000000e+00 5.718813e-01 4.281188e-01 0.000000e+00 0.000000e+00 0.000000e+00 0.000000e+00 0.000000e+00 0.000000e+00 0.000000e+00 0.000000e+00 0.000000e+00
 0.000000e+00 0.000000e+00 0.000000e+00 0.000000e+00 0.000000e+00 0.000000e+00 0.000000e+00 0.000000e+00 0.000000e+00 0.000000e+00 5.691110e-01 4.308890e-01 0.000000e+00 0.000000e+00 0.000000e+00 0.000000e+00 0.000000e+00 0.000000e+00 0.000000e+00 0.000000e+00
 0.000000e+00 0.000000e+00 0.000000e+00 0.000000e+00 0.000000e+00 0.000000e+00 0.000000e+00 0.000000e+00 0.000000e+00 0.000000e+00 0.000000e+00 5.726645e-01 4.273355e-01 0.000000e+00 0.000000e+00 0.000000e+00 0.000000e+00 0.000000e+00 0.000000e+00 0.000000e+00
 0.000000e+00 0.000000e+00 0.000000e+00 0.000000e+00 0.000000e+00 0.000000e+00 0.000000e+00 0.000000e+00 0.000000e+00 0.000000e+00 0.000000e+00 0.000000e+00 5.992213e-01 4.007787e-01 0.000000e+00 0.000000e+00 0.000000e+00 0.000000e+00 0.000000e+00 0.000000e+00
 0.000000e+00 0.000000e+00 0.000000e+00 0.000000e+00 0.000000e+00 0.000000e+00 0.000000e+00 0.000000e+00 0.000000e+00 0.000000e+00 0.000000e+00 0.000000e+00 0.000000e+00 7.394886e-01 2.605114e-01 0.000000e+00 0.000000e+00 0.000000e+00 0.000000e+00 0.000000e+00
 0.000000e+00 0.000000e+00 0.000000e+00 0.000000e+00 0.000000e+00 0.000000e+00 0.000000e+00 0.000000e+00 0.000000e+00 0.000000e+00 0.000000e+00 0.000000e+00 0.000000e+00 0.000000e+00 7.322848e-01 2.677152e-01 0.000000e+00 0.000000e+00 0.000000e+00 0.000000e+00
 0.000000e+00 0.000000e+00 0.000000e+00 0.000000e+00 0.000000e+00 0.000000e+00 0.000000e+00 0.000000e+00 0.000000e+00 0.000000e+00 0.000000e+00 0.000000e+00 0.000000e+00 0.000000e+00 0.000000e+00 7.345038e-01 2.654963e-01 0.000000e+00 0.000000e+00 0.000000e+00
 0.000000e+00 0.000000e+00 0.000000e+00 0.000000e+00 0.000000e+00 0.000000e+00 0.000000e+00 0.000000e+00 0.000000e+00 0.000000e+00 0.000000e+00 0.000000e+00 0.000000e+00 0.000000e+00 0.000000e+00 0.000000e+00 6.764507e-01 3.235493e-01 0.000000e+00 0.000000e+00
 0.000000e+00 0.000000e+00 0.000000e+00 0.000000e+00 0.000000e+00 0.000000e+00 0.000000e+00 0.000000e+00 0.000000e+00 0.000000e+00 0.000000e+00 0.000000e+00 0.000000e+00 0.000000e+00 0.000000e+00 0.000000e+00 0.000000e+00 5.538617e-01 4.461383e-01 0.000000e+00
 0.000000e+00 0.000000e+00 0.000000e+00 0.000000e+00 0.000000e+00 0.000000e+00 0.000000e+00 0.000000e+00 0.000000e+00 0.000000e+00 0.000000e+00 0.000000e+00 0.000000e+00 0.000000e+00 0.000000e+00 0.000000e+00 0.000000e+00 0.000000e+00 7.144219e-01 2.855781e-01
 0.000000e+00 0.000000e+00 0.000000e+00 0.000000e+00 0.000000e+00 0.000000e+00 0.000000e+00 0.000000e+00 0.000000e+00 0.000000e+00 0.000000e+00 0.000000e+00 0.000000e+00 0.000000e+00 0.000000e+00 0.000000e+00 0.000000e+00 0.000000e+00 0.000000e+00 0.000000e+00
<ENDHMM>
