~o
<STREAMINFO> 1 39
<VECSIZE> 39<NULLD><MFCC_D_A_0><DIAGC>
~h "pasang"
<BEGINHMM>
<NUMSTATES> 20
<STATE> 2
<MEAN> 39
 -1.540942e+01 -5.796721e+00 -2.566196e+00 -5.059947e+00 -3.183238e-01 -5.357810e+00 -1.674821e-01 -6.815741e+00 -4.158116e-01 -7.315750e+00 -5.530779e-01 -7.059738e+00 5.824580e+01 2.117540e+00 3.859355e-01 -1.075902e+00 -1.288229e+00 -3.467886e-02 4.067225e-01 -3.361575e-01 -9.132913e-01 -1.352979e-01 5.781066e-01 4.616253e-01 -8.832849e-01 1.530337e+00 8.366656e-01 -4.496166e-02 -5.586571e-01 -3.704779e-01 2.305547e-01 3.212616e-01 -2.584173e-01 -5.107005e-01 -8.763961e-03 1.314555e-01 2.711811e-02 -2.885185e-01 5.747818e-01
<VARIANCE> 39
 6.379775e+00 6.211586e+00 8.612565e+00 1.875799e+01 1.565656e+01 1.308069e+01 1.939938e+01 2.363024e+01 1.773067e+01 1.581400e+01 1.493446e+01 8.515756e+00 3.887293e+00 3.897560e+00 1.001262e+00 3.527591e+00 3.676940e+00 2.950384e+00 2.459148e+00 3.384194e+00 4.129074e+00 1.263839e+00 2.357134e+00 2.236893e+00 1.699944e+00 1.899408e+00 2.891391e-01 2.125694e-01 4.372761e-01 4.039000e-01 3.628522e-01 4.405905e-01 5.177536e-01 4.914511e-01 3.138784e-01 4.171845e-01 4.702320e-01 2.136578e-01 1.379252e-01
<GCONST> 1.013058e+02
<STATE> 3
<MEAN> 39
 3.252740e-01 -6.250157e+00 -1.358311e+01 -1.369420e+01 2.132779e+00 1.901862e-01 -4.243236e+00 -1.553515e+01 -1.568769e+00 -3.881577e+00 -1.029586e+00 -1.362278e+01 6.918114e+01 2.574556e+00 -7.667782e-01 -1.558450e+00 2.574907e-02 1.252623e+00 1.652533e-01 -1.066075e+00 -8.377416e-01 7.903969e-01 -2.810791e-01 -1.578942e+00 -8.353244e-01 2.023634e+00 -1.042124e+00 -9.704040e-02 8.095938e-01 9.695877e-01 4.705096e-02 -6.814944e-01 2.284598e-01 8.419090e-01 4.118497e-01 -5.722294e-01 -4.403024e-01 5.511422e-01 -6.178706e-01
<VARIANCE> 39
 1.211937e+01 2.066107e+01 4.097539e+01 2.587570e+01 6.756231e+01 4.250209e+01 7.045723e+01 6.153868e+01 2.087453e+01 6.040929e+01 5.133764e+01 1.985294e+01 1.237369e+01 3.835384e+00 1.192339e+00 5.082253e+00 3.900369e+00 2.002934e+00 4.640092e+00 2.956100e+00 6.742037e+00 3.093161e+00 4.843709e+00 4.100301e+00 2.824099e+00 1.779392e+00 2.104190e-01 2.146121e-01 4.914298e-01 4.599285e-01 4.401432e-01 3.098761e-01 6.951621e-01 5.675341e-01 4.875474e-01 3.513936e-01 6.843014e-01 3.909980e-01 1.050625e-01
<GCONST> 1.197040e+02
<STATE> 4
<MEAN> 39
 2.035567e+00 -7.553518e+00 -9.281272e+00 -6.871199e+00 8.735609e+00 -5.166602e+00 -5.206583e+00 -6.018220e+00 3.789857e+00 -6.196650e+00 -3.756190e+00 -1.164919e+01 7.292921e+01 -4.186889e-01 3.883337e-01 8.058467e-01 6.882403e-01 5.675204e-01 -8.560706e-01 9.068301e-02 1.159599e+00 -5.024888e-02 -8.402307e-01 -3.658632e-01 4.077112e-01 -1.088638e-01 -3.734194e-01 3.185855e-01 1.148716e-01 1.623495e-02 -1.212831e-01 8.052140e-02 2.415600e-01 -7.481579e-02 -2.414560e-01 -8.912827e-02 2.382470e-01 9.863704e-02 -2.367141e-01
<VARIANCE> 39
 4.249999e+00 3.291704e+01 5.945766e+01 2.403930e+01 8.120613e+01 4.734426e+01 3.605919e+01 1.111915e+02 2.216447e+01 1.143729e+02 4.987267e+01 1.943846e+01 1.604880e+01 2.720386e-01 6.988772e-01 1.069903e+00 1.448030e+00 1.691676e+00 9.602638e-01 1.866518e+00 1.392085e+00 2.386664e+00 2.479939e+00 1.749058e+00 7.379061e-01 2.083041e-01 1.108507e-01 1.107998e-01 3.269325e-01 2.953855e-01 2.627027e-01 2.107603e-01 2.475091e-01 3.474973e-01 4.017911e-01 4.268608e-01 2.350231e-01 1.889843e-01 4.042642e-02
<GCONST> 9.843674e+01
<STATE> 5
<MEAN> 39
 -5.860912e+00 -2.141114e+00 -9.154619e+00 -2.792980e+00 8.793089e+00 -8.463024e+00 -2.780964e+00 -8.858950e+00 1.139666e+00 -1.451832e+01 -9.302961e+00 -8.562493e+00 6.965439e+01 -3.421409e+00 2.881700e+00 -8.719745e-01 2.002886e+00 3.071102e-02 -2.009055e-01 1.607124e+00 -5.156111e-01 5.353368e-02 -4.643207e-01 2.975754e-01 7.605014e-01 -1.251899e-01 -5.039241e-01 5.632008e-01 -6.679656e-01 9.937089e-02 -2.165460e-01 2.104376e-01 1.645922e-01 -3.358728e-01 -1.083951e-02 3.990577e-01 3.292668e-01 -1.943384e-01 1.772623e-01
<VARIANCE> 39
 3.263799e+01 3.291758e+01 3.551264e+01 3.581984e+01 3.763621e+01 4.210875e+01 2.638820e+01 7.602364e+01 3.517517e+01 1.315095e+02 1.051766e+02 3.026548e+01 9.016179e+00 1.570568e+00 2.934175e+00 4.125069e+00 1.818184e+00 1.528246e+00 3.255645e+00 1.455547e+00 2.812217e+00 2.465739e+00 6.916867e+00 2.472484e+00 2.640355e+00 2.769506e-01 3.325419e-01 3.301172e-01 3.425885e-01 3.491192e-01 2.457188e-01 3.992278e-01 1.944324e-01 4.833923e-01 5.388252e-01 8.031628e-01 3.885911e-01 3.613658e-01 2.736784e-02
<GCONST> 1.140484e+02
<STATE> 6
<MEAN> 39
 -2.161937e+01 1.333611e+01 -1.486145e+01 5.666643e+00 5.993471e+00 -7.203213e+00 4.969288e+00 -1.001306e+01 2.114412e+00 -1.254728e+01 -2.152507e+00 -8.942038e+00 6.971645e+01 -1.656267e+00 1.336260e+00 -1.214228e-01 5.564678e-01 1.367946e-03 -1.981463e-01 7.865285e-01 1.137659e-01 -2.656747e-01 1.559824e-01 5.694383e-01 3.314826e-02 -3.131241e-01 5.675364e-01 -6.320635e-01 4.232391e-01 -4.297123e-01 5.511285e-02 -1.178504e-01 -2.582487e-01 1.711190e-01 -6.795622e-02 1.452972e-01 -7.970612e-02 -2.944002e-02 -1.174854e-01
<VARIANCE> 39
 1.010747e+01 2.166158e+01 2.183091e+01 3.008174e+01 5.752846e+01 1.516068e+01 3.330543e+01 4.337444e+01 3.313466e+01 4.250094e+01 7.260973e+01 2.347853e+01 9.251629e+00 1.309990e+00 1.945281e+00 1.692630e+00 1.707375e+00 1.224995e+00 1.480131e+00 1.180686e+00 1.506578e+00 2.084855e+00 1.880902e+00 2.127769e+00 1.063552e+00 1.607139e-01 1.099603e-01 1.093470e-01 1.826565e-01 2.006961e-01 2.247517e-01 2.234668e-01 2.588564e-01 2.289110e-01 4.284828e-01 3.353407e-01 2.810379e-01 1.739248e-01 2.189703e-02
<GCONST> 9.571458e+01
<STATE> 7
<MEAN> 39
 -2.495131e+01 1.309284e+01 -1.204188e+01 4.162945e+00 7.702040e+00 -1.027084e+01 6.232500e+00 -8.227892e+00 -1.059304e+00 -1.080113e+01 -1.907663e+00 -8.077326e+00 6.721066e+01 1.907154e+00 -1.351081e+00 5.846305e-01 -1.636165e+00 -1.265930e+00 -1.154894e+00 -1.407848e+00 2.754179e-01 4.718568e-01 1.143613e+00 1.687153e-01 -2.447821e-01 -1.516412e-01 1.430521e+00 -5.202217e-01 -4.808032e-01 -6.120175e-01 -5.642009e-01 -1.589410e-01 -9.821869e-01 -1.550258e-01 6.023515e-01 1.628517e-01 -3.853058e-01 -1.629348e-01 5.901443e-01
<VARIANCE> 39
 6.600531e+00 1.735757e+01 2.416426e+01 1.775095e+01 5.972689e+01 1.928926e+01 2.395005e+01 4.652097e+01 2.277316e+01 2.246546e+01 8.559560e+01 1.963988e+01 8.243982e+00 3.435189e+00 1.092856e+00 1.048445e+00 9.936276e-01 1.340775e+00 2.557133e+00 3.036938e+00 1.830452e+00 2.221448e+00 2.281157e+00 1.903074e+00 1.506554e+00 5.371672e-01 9.587503e-02 1.260421e-01 3.239211e-01 1.349190e-01 1.721363e-01 6.835964e-01 3.577386e-01 4.934604e-01 3.269816e-01 4.868038e-01 7.265424e-01 3.048674e-01 1.133837e-01
<GCONST> 1.017428e+02
<STATE> 8
<MEAN> 39
 -1.131748e+01 7.868956e+00 -1.400108e+01 -4.564272e+00 -1.317279e-02 -1.507612e+01 -4.392103e+00 -9.028242e+00 5.092509e+00 -5.572102e+00 -3.905699e+00 -9.899632e+00 7.046553e+01 4.813159e+00 -3.034736e+00 -1.792640e+00 -2.424068e+00 -1.339554e+00 -4.980160e-01 -3.260888e+00 -1.263983e-01 1.353970e+00 4.912416e-01 -1.831664e+00 -6.443465e-01 2.235667e+00 -4.624815e-01 -5.684103e-01 -2.225513e-01 6.075462e-01 7.077771e-01 8.006966e-01 6.186159e-01 3.486277e-02 -5.494193e-01 -6.110734e-01 -1.149450e-01 1.390248e-01 1.812314e-01
<VARIANCE> 39
 3.128221e+01 1.758569e+01 2.299106e+01 2.458218e+01 4.139406e+01 4.499639e+01 5.814435e+01 3.495262e+01 1.708404e+01 1.669935e+01 1.181640e+02 2.346323e+01 1.449683e+01 1.029610e+00 2.132731e+00 2.590422e+00 1.702171e+00 3.118890e+00 8.460305e+00 4.512366e+00 3.396542e+00 3.137202e+00 4.410111e+00 4.234157e+00 2.794953e+00 4.798666e-01 6.001434e-01 1.803254e-01 3.737527e-01 2.913826e-01 4.250319e-01 7.153056e-01 7.505901e-01 7.450983e-01 4.068672e-01 3.689992e-01 5.872481e-01 4.017275e-01 2.396076e-01
<GCONST> 1.173809e+02
<STATE> 9
<MEAN> 39
 -3.573408e+00 -4.053343e+00 -1.767617e+01 -5.837086e+00 1.513341e+00 -1.029877e+01 -6.504302e+00 -8.597713e+00 4.253256e+00 -8.519598e+00 -7.666746e+00 -1.012561e+01 7.550220e+01 1.098861e+00 -3.137355e+00 -1.629557e-01 4.018858e-01 7.020268e-01 1.691483e+00 7.516412e-02 -2.589008e-01 -1.088156e+00 -5.819116e-01 1.155966e-01 1.263607e-01 6.135489e-01 -7.709478e-01 5.493035e-01 5.951033e-01 2.712205e-01 1.098256e-01 5.695701e-02 4.038371e-01 -1.304764e-01 -2.820841e-01 7.604253e-02 4.422022e-01 5.680625e-02 -5.400584e-01
<VARIANCE> 39
 5.532893e+00 1.631561e+01 3.630892e+01 2.145163e+01 3.211217e+01 6.825504e+01 8.377280e+01 8.654168e+01 3.467951e+01 6.756907e+01 1.525103e+02 2.753297e+01 1.451090e+01 5.734016e-01 1.656909e+00 1.491683e+00 6.707773e-01 3.927393e+00 2.147673e+00 1.381904e+00 4.995659e+00 2.360672e+00 2.579905e+00 1.516073e+00 1.885603e+00 5.362653e-01 1.870046e-01 2.088481e-01 1.950715e-01 3.267183e-01 5.545353e-01 5.941062e-01 5.286304e-01 5.527538e-01 5.105840e-01 3.839090e-01 3.969889e-01 3.857121e-01 4.369524e-02
<GCONST> 1.094706e+02
<STATE> 10
<MEAN> 39
 -9.620790e-01 -1.112380e+01 -1.414766e+01 -5.683480e+00 2.580432e+00 -9.993684e+00 -7.635624e+00 -5.483782e+00 1.111771e+00 -5.279018e+00 -2.257766e+00 -1.226611e+01 7.606003e+01 3.857255e-01 -4.312692e-01 1.061652e+00 -6.296488e-01 2.341627e-02 2.738796e-01 -9.289446e-01 -4.372483e-02 4.405941e-01 6.171244e-02 -4.130436e-01 -1.335821e-01 -4.010316e-01 -1.775362e-02 5.121384e-01 2.007624e-01 -1.728905e-01 -4.800109e-02 -7.220005e-02 -9.842221e-02 6.260804e-02 1.107887e-01 -9.186347e-02 -9.994520e-02 -1.917311e-02 -1.552386e-01
<VARIANCE> 39
 3.167089e+00 1.386891e+01 8.157076e+01 3.121671e+01 6.964796e+01 8.713418e+01 7.876323e+01 1.451379e+02 5.746820e+01 6.400565e+01 1.224641e+02 3.494925e+01 1.364799e+01 8.692162e-02 1.096693e+00 4.751287e-01 5.986866e-01 1.360809e+00 2.032492e+00 1.668329e+00 1.971014e+00 4.265512e+00 1.608564e+00 1.772800e+00 1.386858e+00 1.104950e-01 1.766132e-02 5.882652e-02 7.458619e-02 8.382878e-02 2.902237e-01 2.303238e-01 3.598780e-01 3.220030e-01 6.882134e-01 2.676191e-01 3.179083e-01 2.463928e-01 7.834705e-03
<GCONST> 9.387272e+01
<STATE> 11
<MEAN> 39
 4.169459e-03 -7.242140e+00 -9.024688e+00 -9.926379e+00 -2.473602e-01 -2.615545e+00 -1.008771e+01 -1.289503e+01 4.066043e+00 -1.094304e+01 -7.069075e+00 -8.433938e+00 7.035680e+01 1.431306e-01 1.004609e+00 1.720856e+00 -7.605951e-01 4.023613e-01 2.753363e-01 -2.200763e-01 -2.399346e-01 -1.335425e+00 -4.394296e-01 1.009040e+00 5.917249e-02 -8.907354e-01 -6.709597e-02 8.220079e-02 2.790282e-02 1.162743e-01 4.088755e-02 -2.774904e-01 1.054767e-01 -7.086994e-02 -2.962366e-01 1.405983e-02 -1.560651e-02 -5.544249e-02 -5.785011e-03
<VARIANCE> 39
 5.144901e+00 6.742297e+00 3.294471e+01 2.349391e+01 4.386669e+01 7.808932e+01 5.549591e+01 1.007572e+02 5.794882e+01 6.275490e+01 6.493791e+01 2.263402e+01 9.112257e+00 1.894721e-01 3.214322e-01 5.529669e-01 1.355121e+00 1.958405e+00 1.745568e+00 1.987023e+00 2.305689e+00 2.025679e+00 1.992883e+00 3.304028e+00 1.734719e+00 6.387847e-02 2.570958e-02 5.926891e-02 1.123814e-01 1.417542e-01 2.013093e-01 2.791796e-01 3.335017e-01 3.422890e-01 4.746579e-01 3.544102e-01 5.831072e-01 2.041378e-01 1.378549e-02
<GCONST> 9.252937e+01
<STATE> 12
<MEAN> 39
 3.262673e+00 -4.338798e+00 3.574073e+00 -1.656844e+01 6.473489e+00 -1.235583e+01 -1.247377e+01 -2.870130e+00 -1.005927e+01 -5.487967e+00 -3.988461e+00 -8.395429e+00 6.944151e+01 1.867589e-01 6.600652e-01 8.952609e-01 1.400100e-01 -1.396672e-01 -8.250175e-02 4.230158e-01 -7.785140e-01 -1.273135e+00 -6.720919e-01 -5.902171e-01 2.152435e-01 -8.959177e-01 -8.523110e-02 -6.361627e-02 -8.685647e-02 1.825527e-01 -3.726461e-02 7.982697e-02 9.476266e-02 -1.962713e-02 1.637036e-01 -7.180000e-02 -3.957263e-02 -6.510995e-02 -1.934110e-05
<VARIANCE> 39
 7.451343e+00 8.051024e+00 4.374785e+01 1.622923e+01 1.731548e+01 3.992664e+01 3.446619e+01 6.451683e+01 4.055560e+01 6.788356e+01 3.557397e+01 3.005026e+01 1.852362e+01 2.256204e-01 2.093625e-01 9.453666e-01 1.126767e+00 2.076430e+00 1.809926e+00 7.785273e-01 1.378562e+00 3.355800e+00 6.808907e-01 1.261594e+00 1.554813e+00 9.072036e-02 3.026564e-02 3.794419e-02 9.352364e-02 6.319332e-02 1.419812e-01 2.024045e-01 1.585681e-01 2.159932e-01 4.350722e-01 1.072907e-01 1.761533e-01 1.693542e-01 8.146323e-03
<GCONST> 8.169060e+01
<STATE> 13
<MEAN> 39
 -3.761604e-01 -8.915504e-01 4.114645e-01 -1.023530e+01 1.983852e+00 -6.935383e+00 -1.160302e+01 -1.852995e+01 -1.170821e+01 -1.878953e+01 -9.372792e+00 -1.235446e+01 6.428081e+01 -5.226999e-01 4.085851e-01 1.187176e+00 5.335625e-01 -8.466870e-02 6.830776e-02 8.505456e-01 1.801691e-01 -4.276902e-01 -2.352484e-01 -4.388533e-02 -3.031569e-01 -7.575449e-01 -1.656675e-01 -2.253467e-01 -1.456127e-01 8.239065e-02 -5.496749e-02 8.132256e-02 1.673021e-01 3.415517e-01 4.217338e-01 4.328464e-01 1.012544e-01 1.984899e-01 -3.219421e-03
<VARIANCE> 39
 8.211084e+00 5.380865e+00 2.996170e+01 2.267295e+01 2.104754e+01 2.543357e+01 2.365311e+01 7.158640e+01 5.275977e+01 8.415402e+01 4.382239e+01 2.375742e+01 1.745663e+00 3.429433e-01 2.299196e-01 9.483032e-01 3.460473e-01 1.078658e+00 9.179854e-01 1.126567e+00 1.750847e+00 2.704445e+00 1.637619e+00 1.236488e+00 1.046191e+00 4.686139e-02 4.516190e-02 4.492635e-02 7.608270e-02 6.759734e-02 1.591816e-01 1.284260e-01 2.060042e-01 2.124905e-01 2.429527e-01 2.169541e-01 3.106123e-01 2.190325e-01 1.193037e-02
<GCONST> 7.875887e+01
<STATE> 14
<MEAN> 39
 -3.108958e+00 -3.534448e-01 8.473700e+00 -4.550757e+00 7.239296e+00 -2.240102e+00 2.551597e-01 -3.150032e+00 -5.026314e+00 -7.689122e+00 -6.849814e+00 -5.957171e+00 6.067750e+01 -9.409801e-01 1.590715e-02 6.188359e-01 7.802556e-01 -3.834651e-01 -1.169471e-01 5.280081e-01 3.554921e-01 -3.672192e-02 -1.430064e-01 -3.941953e-01 3.957751e-01 -6.769882e-01 -1.837446e-02 -2.041683e-03 -9.048043e-04 8.345658e-03 -2.412507e-02 -1.016948e-01 -1.223925e-01 -1.359439e-01 -2.042094e-01 -1.561936e-01 2.846779e-02 -4.434379e-02 5.076313e-02
<VARIANCE> 39
 1.189464e+01 6.956822e+00 4.268147e+01 2.973291e+01 4.458280e+01 6.173558e+01 5.067022e+01 7.150257e+01 3.189959e+01 5.515806e+01 1.933413e+01 2.916039e+01 6.447694e+00 2.407616e-01 4.898910e-01 4.411174e-01 7.009759e-01 8.845125e-01 1.017236e+00 1.805459e+00 1.650682e+00 2.258615e+00 2.180879e+00 1.477791e+00 1.078051e+00 8.005902e-02 2.749724e-02 4.467219e-02 8.371736e-02 1.590422e-01 1.448699e-01 1.008223e-01 2.256701e-01 2.173580e-01 3.488152e-01 2.134675e-01 2.514203e-01 2.041621e-01 7.111493e-03
<GCONST> 8.346067e+01
<STATE> 15
<MEAN> 39
 -6.477199e+00 -5.481626e-01 7.173374e+00 -4.537672e+00 1.420020e+00 -9.679708e+00 -7.754836e+00 -1.760368e+01 -1.347837e+01 -1.787140e+01 -8.425832e+00 -1.275448e+01 5.964387e+01 -7.231609e-01 1.289389e-01 6.779935e-01 9.889156e-01 2.263496e-01 -3.240626e-01 1.270994e-01 -6.770448e-02 -5.474641e-01 -3.923715e-01 -2.262034e-01 -1.893574e-01 -3.502105e-01 -2.564880e-03 2.046221e-02 -1.066775e-01 -1.860268e-02 -3.544901e-02 8.203917e-02 -6.035922e-03 7.809679e-02 7.342021e-02 -7.242379e-02 -7.215604e-02 6.256521e-02 4.970725e-02
<VARIANCE> 39
 5.621237e+00 7.993667e+00 1.738151e+01 2.027238e+01 1.794790e+01 2.188370e+01 2.269444e+01 5.522274e+01 5.797691e+01 2.761104e+01 2.746921e+01 3.456015e+01 2.756333e+00 2.323010e-01 5.166793e-01 3.971533e-01 5.993980e-01 9.306073e-01 1.557657e+00 8.088229e-01 1.298672e+00 1.308900e+00 1.354493e+00 1.568258e+00 2.488044e+00 7.084832e-02 5.455313e-02 9.450043e-02 8.792173e-02 1.335652e-01 2.168397e-01 2.256950e-01 1.827261e-01 2.902101e-01 4.013727e-01 3.224766e-01 2.678991e-01 4.900679e-01 1.578325e-02
<GCONST> 8.196366e+01
<STATE> 16
<MEAN> 39
 -1.178152e+01 4.236051e-01 9.528292e+00 -1.553513e+00 -1.660627e-01 -8.647163e+00 -3.558195e+00 -1.259600e+01 -1.364823e+01 -2.022239e+01 -1.034466e+01 -1.119205e+01 5.745800e+01 -7.674586e-01 7.966381e-02 -1.583757e-01 7.470892e-02 -6.555833e-01 2.608639e-01 8.571830e-01 1.362838e+00 5.346270e-01 -5.740361e-02 -2.814857e-01 3.710561e-01 -2.643701e-01 8.967865e-02 -6.554169e-02 -1.458764e-01 -6.369844e-02 4.652846e-02 -1.399630e-02 -2.838705e-03 4.721977e-02 2.160880e-01 2.214482e-01 1.696939e-01 6.748147e-02 3.195523e-02
<VARIANCE> 39
 7.172590e+00 9.932853e+00 2.534872e+01 1.383229e+01 2.190770e+01 2.808416e+01 6.131026e+01 5.105017e+01 3.650523e+01 4.699121e+01 2.785492e+01 4.352665e+01 2.348297e+00 1.860814e-01 2.293385e-01 3.443021e-01 8.484268e-01 5.358566e-01 1.700047e+00 2.376175e+00 1.133177e+00 1.760998e+00 1.783644e+00 1.880247e+00 1.091688e+00 4.085536e-02 2.187059e-02 6.882829e-02 6.390902e-02 1.589755e-01 9.838279e-02 2.721102e-01 3.080347e-01 2.008798e-01 1.830538e-01 2.518119e-01 4.232580e-01 2.751498e-01 7.872745e-03
<GCONST> 7.929116e+01
<STATE> 17
<MEAN> 39
 -1.292720e+01 -3.498119e-01 8.406188e+00 7.768098e-01 8.142934e-01 -5.380337e+00 -6.709270e-01 -4.619021e+00 -9.805638e+00 -1.419053e+01 -8.388065e+00 -6.156374e+00 5.706953e+01 -4.932371e-01 -5.738123e-01 -7.273705e-01 7.343848e-02 2.753882e-01 -1.559992e-01 -6.897909e-01 -2.628371e-01 9.989458e-01 1.223695e+00 1.213253e+00 5.443282e-01 -7.265835e-02 8.371606e-03 -8.795043e-02 -5.174755e-02 -5.753784e-02 1.139930e-01 1.008889e-01 -1.298497e-01 -1.114209e-01 3.683311e-02 1.839624e-01 2.074288e-01 1.214624e-01 2.026356e-02
<VARIANCE> 39
 4.133168e+00 1.344560e+01 1.802389e+01 1.651343e+01 5.060316e+01 4.731926e+01 3.484966e+01 4.609282e+01 2.347239e+01 5.559082e+01 2.018757e+01 5.330049e+01 8.433267e-01 1.846420e-01 5.906286e-01 6.620376e-01 1.355142e+00 2.735619e+00 2.136327e+00 2.644542e+00 1.080412e+00 2.225962e+00 1.816170e+00 1.577960e+00 1.326711e+00 7.094485e-02 3.661278e-02 1.152973e-01 1.416173e-01 2.033196e-01 4.559378e-01 4.583453e-01 7.683953e-01 1.794850e-01 4.035588e-01 4.462111e-01 3.659487e-01 3.572903e-01 1.545978e-02
<GCONST> 9.003838e+01
<STATE> 18
<MEAN> 39
 -1.525219e+01 -3.674572e+00 3.375474e+00 -1.111200e+00 2.123354e+00 -3.674413e+00 2.304193e-01 -4.509914e+00 -2.230610e+00 -9.013135e+00 -3.759339e+00 -5.327135e+00 5.701875e+01 -2.907721e-01 -3.418380e-01 -5.810887e-01 -2.153392e-01 -1.104997e-01 3.896626e-01 6.677610e-01 3.291765e-01 3.136475e-01 5.864593e-02 2.348055e-01 3.061535e-01 -6.704871e-02 2.414947e-02 2.180783e-02 3.613545e-02 -8.654681e-04 -2.609758e-02 -4.699026e-02 1.515437e-01 -3.754364e-02 -2.339491e-01 -3.116832e-01 -2.626134e-01 -2.297366e-01 -2.143665e-03
<VARIANCE> 39
 1.866447e+00 3.268187e+00 1.242300e+01 1.088890e+01 2.859953e+01 2.806744e+01 3.325946e+01 4.249590e+01 2.929754e+01 3.086565e+01 2.777361e+01 3.271380e+01 6.760388e-01 1.074965e-01 3.463085e-01 7.828870e-01 1.287304e+00 1.558205e+00 1.994521e+00 1.719114e+00 1.770065e+00 2.583743e+00 2.018986e+00 2.304738e+00 2.082665e+00 2.989083e-02 1.637023e-02 6.536392e-02 1.393584e-01 2.164430e-01 2.977039e-01 3.109539e-01 4.235391e-01 2.852187e-01 5.906405e-01 4.152822e-01 3.391944e-01 2.618035e-01 6.881840e-03
<GCONST> 8.059599e+01
<STATE> 19
<MEAN> 39
 -1.727858e+01 -3.613590e+00 1.004787e+01 3.490474e+00 3.482283e+00 -6.772469e+00 7.389677e-01 -7.942731e+00 -9.638614e+00 -1.715164e+01 -7.503853e+00 -4.233938e-01 5.482195e+01 -5.526113e-01 -2.260721e-01 -7.921924e-02 4.131058e-01 5.932017e-02 1.574982e-02 3.032383e-02 -1.285579e-01 -3.837582e-01 -5.604681e-01 -2.819619e-01 -2.889035e-01 -1.762238e-01 -1.247882e-02 8.677184e-03 1.398947e-02 2.138866e-02 -9.176202e-03 -1.214059e-01 -1.771745e-01 9.390498e-03 2.009000e-01 6.562530e-02 1.718348e-02 -1.668051e-01 -1.719537e-03
<VARIANCE> 39
 6.111730e+00 6.204197e+00 4.565054e+01 2.923935e+01 1.014155e+02 3.242955e+01 2.376613e+01 3.962801e+01 4.756012e+01 5.782023e+01 1.180798e+02 7.766223e+01 2.178301e+00 1.718613e-01 2.887474e-01 6.608622e-01 5.626410e-01 1.054643e+00 1.340698e+00 2.287711e+00 1.349284e+00 2.072941e+00 2.095875e+00 1.977927e+00 2.554372e+00 5.055605e-02 1.463289e-02 5.636393e-02 1.279823e-01 1.294968e-01 1.942622e-01 2.530900e-01 3.716615e-01 2.325928e-01 3.793868e-01 4.060258e-01 5.294836e-01 3.362320e-01 7.341583e-03
<GCONST> 8.769022e+01
<TRANSP> 20
 0.000000e+00 1.000000e+00 0.000000e+00 0.000000e+00 0.000000e+00 0.000000e+00 0.000000e+00 0.000000e+00 0.000000e+00 0.000000e+00 0.000000e+00 0.000000e+00 0.000000e+00 0.000000e+00 0.000000e+00 0.000000e+00 0.000000e+00 0.000000e+00 0.000000e+00 0.000000e+00
 0.000000e+00 7.692707e-01 2.307293e-01 0.000000e+00 0.000000e+00 0.000000e+00 0.000000e+00 0.000000e+00 0.000000e+00 0.000000e+00 0.000000e+00 0.000000e+00 0.000000e+00 0.000000e+00 0.000000e+00 0.000000e+00 0.000000e+00 0.000000e+00 0.000000e+00 0.000000e+00
 0.000000e+00 0.000000e+00 7.331100e-01 2.668900e-01 0.000000e+00 0.000000e+00 0.000000e+00 0.000000e+00 0.000000e+00 0.000000e+00 0.000000e+00 0.000000e+00 0.000000e+00 0.000000e+00 0.000000e+00 0.000000e+00 0.000000e+00 0.000000e+00 0.000000e+00 0.000000e+00
 0.000000e+00 0.000000e+00 0.000000e+00 8.096355e-01 1.903645e-01 0.000000e+00 0.000000e+00 0.000000e+00 0.000000e+00 0.000000e+00 0.000000e+00 0.000000e+00 0.000000e+00 0.000000e+00 0.000000e+00 0.000000e+00 0.000000e+00 0.000000e+00 0.000000e+00 0.000000e+00
 0.000000e+00 0.000000e+00 0.000000e+00 0.000000e+00 7.598889e-01 2.401112e-01 0.000000e+00 0.000000e+00 0.000000e+00 0.000000e+00 0.000000e+00 0.000000e+00 0.000000e+00 0.000000e+00 0.000000e+00 0.000000e+00 0.000000e+00 0.000000e+00 0.000000e+00 0.000000e+00
 0.000000e+00 0.000000e+00 0.000000e+00 0.000000e+00 0.000000e+00 8.437495e-01 1.562506e-01 0.000000e+00 0.000000e+00 0.000000e+00 0.000000e+00 0.000000e+00 0.000000e+00 0.000000e+00 0.000000e+00 0.000000e+00 0.000000e+00 0.000000e+00 0.000000e+00 0.000000e+00
 0.000000e+00 0.000000e+00 0.000000e+00 0.000000e+00 0.000000e+00 0.000000e+00 6.688558e-01 3.311442e-01 0.000000e+00 0.000000e+00 0.000000e+00 0.000000e+00 0.000000e+00 0.000000e+00 0.000000e+00 0.000000e+00 0.000000e+00 0.000000e+00 0.000000e+00 0.000000e+00
 0.000000e+00 0.000000e+00 0.000000e+00 0.000000e+00 0.000000e+00 0.000000e+00 0.000000e+00 6.361184e-01 3.638816e-01 0.000000e+00 0.000000e+00 0.000000e+00 0.000000e+00 0.000000e+00 0.000000e+00 0.000000e+00 0.000000e+00 0.000000e+00 0.000000e+00 0.000000e+00
 0.000000e+00 0.000000e+00 0.000000e+00 0.000000e+00 0.000000e+00 0.000000e+00 0.000000e+00 0.000000e+00 6.840164e-01 3.159836e-01 0.000000e+00 0.000000e+00 0.000000e+00 0.000000e+00 0.000000e+00 0.000000e+00 0.000000e+00 0.000000e+00 0.000000e+00 0.000000e+00
 0.000000e+00 0.000000e+00 0.000000e+00 0.000000e+00 0.000000e+00 0.000000e+00 0.000000e+00 0.000000e+00 0.000000e+00 8.009959e-01 1.990041e-01 0.000000e+00 0.000000e+00 0.000000e+00 0.000000e+00 0.000000e+00 0.000000e+00 0.000000e+00 0.000000e+00 0.000000e+00
 0.000000e+00 0.000000e+00 0.000000e+00 0.000000e+00 0.000000e+00 0.000000e+00 0.000000e+00 0.000000e+00 0.000000e+00 0.000000e+00 7.916184e-01 2.083816e-01 0.000000e+00 0.000000e+00 0.000000e+00 0.000000e+00 0.000000e+00 0.000000e+00 0.000000e+00 0.000000e+00
 0.000000e+00 0.000000e+00 0.000000e+00 0.000000e+00 0.000000e+00 0.000000e+00 0.000000e+00 0.000000e+00 0.000000e+00 0.000000e+00 0.000000e+00 7.705267e-01 2.294733e-01 0.000000e+00 0.000000e+00 0.000000e+00 0.000000e+00 0.000000e+00 0.000000e+00 0.000000e+00
 0.000000e+00 0.000000e+00 0.000000e+00 0.000000e+00 0.000000e+00 0.000000e+00 0.000000e+00 0.000000e+00 0.000000e+00 0.000000e+00 0.000000e+00 0.000000e+00 6.996530e-01 3.003471e-01 0.000000e+00 0.000000e+00 0.000000e+00 0.000000e+00 0.000000e+00 0.000000e+00
 0.000000e+00 0.000000e+00 0.000000e+00 0.000000e+00 0.000000e+00 0.000000e+00 0.000000e+00 0.000000e+00 0.000000e+00 0.000000e+00 0.000000e+00 0.000000e+00 0.000000e+00 7.771465e-01 2.228535e-01 0.000000e+00 0.000000e+00 0.000000e+00 0.000000e+00 0.000000e+00
 0.000000e+00 0.000000e+00 0.000000e+00 0.000000e+00 0.000000e+00 0.000000e+00 0.000000e+00 0.000000e+00 0.000000e+00 0.000000e+00 0.000000e+00 0.000000e+00 0.000000e+00 0.000000e+00 8.235502e-01 1.764498e-01 0.000000e+00 0.000000e+00 0.000000e+00 0.000000e+00
 0.000000e+00 0.000000e+00 0.000000e+00 0.000000e+00 0.000000e+00 0.000000e+00 0.000000e+00 0.000000e+00 0.000000e+00 0.000000e+00 0.000000e+00 0.000000e+00 0.000000e+00 0.000000e+00 0.000000e+00 7.646602e-01 2.353398e-01 0.000000e+00 0.000000e+00 0.000000e+00
 0.000000e+00 0.000000e+00 0.000000e+00 0.000000e+00 0.000000e+00 0.000000e+00 0.000000e+00 0.000000e+00 0.000000e+00 0.000000e+00 0.000000e+00 0.000000e+00 0.000000e+00 0.000000e+00 0.000000e+00 0.000000e+00 7.491379e-01 2.508621e-01 0.000000e+00 0.000000e+00
 0.000000e+00 0.000000e+00 0.000000e+00 0.000000e+00 0.000000e+00 0.000000e+00 0.000000e+00 0.000000e+00 0.000000e+00 0.000000e+00 0.000000e+00 0.000000e+00 0.000000e+00 0.000000e+00 0.000000e+00 0.000000e+00 0.000000e+00 7.782222e-01 2.217778e-01 0.000000e+00
 0.000000e+00 0.000000e+00 0.000000e+00 0.000000e+00 0.000000e+00 0.000000e+00 0.000000e+00 0.000000e+00 0.000000e+00 0.000000e+00 0.000000e+00 0.000000e+00 0.000000e+00 0.000000e+00 0.000000e+00 0.000000e+00 0.000000e+00 0.000000e+00 7.149822e-01 2.850178e-01
 0.000000e+00 0.000000e+00 0.000000e+00 0.000000e+00 0.000000e+00 0.000000e+00 0.000000e+00 0.000000e+00 0.000000e+00 0.000000e+00 0.000000e+00 0.000000e+00 0.000000e+00 0.000000e+00 0.000000e+00 0.000000e+00 0.000000e+00 0.000000e+00 0.000000e+00 0.000000e+00
<ENDHMM>
