~o
<STREAMINFO> 1 39
<VECSIZE> 39<NULLD><MFCC_D_A_0><DIAGC>
~h "sepuluh"
<BEGINHMM>
<NUMSTATES> 20
<STATE> 2
<MEAN> 39
 -1.825127e+01 -6.576200e+00 -3.260840e+00 -3.607963e+00 1.443922e+00 -2.844281e+00 3.989931e+00 -4.662532e+00 1.348135e+00 -6.383399e+00 8.654655e-01 -6.925244e+00 5.680688e+01 -7.311838e-01 1.271811e+00 -9.792802e-01 2.335650e-01 -1.320942e-01 -1.118597e+00 7.894448e-01 -9.613633e-01 9.308383e-01 -6.035075e-01 7.742283e-01 6.022166e-03 5.062978e-01 -4.151227e-01 6.134205e-01 -3.773322e-01 2.880673e-01 1.442349e-01 -2.761494e-01 3.933965e-01 -3.463981e-01 3.011381e-01 -2.623883e-01 9.721349e-03 8.202035e-02 2.253380e-01
<VARIANCE> 39
 2.909412e+00 4.842665e+00 4.908587e+00 8.109560e+00 1.413315e+01 2.516263e+01 2.558988e+01 1.751967e+01 1.737170e+01 1.632393e+01 1.533687e+01 1.230802e+01 8.052717e-01 9.964954e-01 2.039291e+00 1.181055e+00 1.540312e+00 1.536352e+00 2.191276e+00 2.304772e+00 2.129054e+00 2.349996e+00 2.801743e+00 2.225185e+00 1.698003e+00 2.756410e-01 1.482175e-01 1.927062e-01 1.599952e-01 2.502614e-01 2.483241e-01 4.102327e-01 3.618810e-01 2.441826e-01 4.421735e-01 6.168920e-01 3.927348e-01 3.021193e-01 2.415683e-02
<GCONST> 8.805709e+01
<STATE> 3
<MEAN> 39
 -2.722282e+01 6.250474e+00 -1.156322e+01 4.116678e-01 3.909384e+00 -1.059097e+01 1.211886e+01 -1.185986e+01 8.103439e+00 -9.620208e+00 2.811425e+00 -3.800741e+00 6.186964e+01 -1.410412e+00 2.235897e+00 -8.133749e-01 4.097628e-01 9.833025e-01 -1.602033e+00 1.104716e+00 -1.662220e-01 -1.452512e-01 6.264807e-01 -7.511899e-01 8.577374e-01 1.008485e+00 6.719087e-01 -6.030278e-01 5.952994e-01 -4.051538e-01 -4.242528e-02 3.335658e-02 -7.233392e-01 4.259204e-01 -5.887334e-01 3.423952e-01 -3.075865e-01 -1.463216e-01 -1.522533e-01
<VARIANCE> 39
 8.792644e+00 2.392560e+01 9.074190e+00 1.682591e+01 1.208674e+01 1.810393e+01 2.121663e+01 1.377929e+01 2.615886e+01 4.303798e+01 2.980579e+01 2.978553e+01 4.602064e+00 1.614353e+00 2.521149e+00 2.439047e+00 2.357563e+00 1.365633e+00 1.372671e+00 2.671439e+00 3.104414e+00 3.592001e+00 4.316901e+00 2.345310e+00 2.472965e+00 3.508111e-01 4.112577e-01 3.258241e-01 2.087469e-01 3.256342e-01 3.741667e-01 3.168617e-01 7.041997e-01 6.452501e-01 3.972048e-01 6.876452e-01 6.105139e-01 6.778244e-01 5.416851e-02
<GCONST> 1.050949e+02
<STATE> 4
<MEAN> 39
 -1.919703e+01 8.324891e+00 -9.315566e+00 -3.947666e+00 4.118299e+00 -1.765744e+01 3.401963e+00 -9.794846e+00 3.173333e+00 -2.139514e+00 -6.362187e-01 -4.839474e+00 6.692211e+01 4.187175e+00 -8.101008e-01 6.149495e-01 -1.578090e+00 -7.147740e-01 -2.709936e-01 -3.612274e+00 -8.296509e-01 -4.743189e-01 9.674345e-01 5.039241e-01 -1.510582e+00 1.470934e+00 2.557931e-01 -2.490375e-01 -6.245197e-02 3.034102e-03 6.265319e-02 6.820647e-01 -1.429878e-02 -2.245065e-01 2.030373e-02 -1.359155e-01 3.596894e-01 -1.135391e-01 1.542734e-02
<VARIANCE> 39
 9.754967e+01 1.438691e+01 1.962807e+01 4.827097e+01 6.541685e+01 3.577727e+01 1.050988e+02 7.002740e+01 3.082282e+01 1.028000e+02 3.568589e+01 2.882298e+01 2.069451e+01 4.050445e+00 9.196723e-01 2.229873e+00 1.768387e+00 6.518498e+00 4.883878e+00 7.374691e+00 9.766919e+00 3.228250e+00 3.539705e+00 3.727398e+00 1.873909e+00 1.987614e+00 1.940496e+00 2.130850e-01 3.390656e-01 3.605385e-01 1.153232e+00 5.662201e-01 2.265404e+00 1.020329e+00 6.069648e-01 6.575475e-01 4.562210e-01 6.015415e-01 4.614787e-01
<GCONST> 1.303997e+02
<STATE> 5
<MEAN> 39
 -4.021317e+00 3.741155e+00 -7.798233e+00 -9.619727e+00 8.160209e+00 -1.154691e+01 -5.830875e+00 -1.135141e+01 6.468602e-01 5.422913e-01 5.025860e+00 -8.584741e+00 7.237524e+01 4.423696e-01 -1.432095e-01 7.277669e-01 4.373994e-01 6.281213e-01 1.935043e+00 4.027292e-01 -3.796697e-01 -1.052828e+00 -9.341803e-01 2.052636e-02 7.036600e-02 -1.084823e+00 -8.741413e-01 1.234889e-01 2.167922e-01 4.207736e-01 -2.532338e-01 -2.309927e-01 4.447892e-01 4.771279e-01 2.249027e-01 -4.236256e-01 -4.207349e-01 1.080331e-01 -6.509843e-01
<VARIANCE> 39
 4.884954e+01 1.853900e+01 3.645680e+01 5.375330e+01 1.874400e+02 7.097491e+01 7.607266e+01 2.164141e+02 1.667747e+01 1.225082e+02 4.791819e+01 1.903476e+01 2.710366e+01 1.068441e+00 6.275845e-01 8.150551e-01 1.283846e+00 1.897875e+00 1.530736e+00 1.699233e+00 2.768059e+00 1.007594e+00 2.779941e+00 2.134319e+00 1.456831e+00 7.773561e-01 2.593708e-01 2.060620e-01 3.217995e-01 3.904396e-01 6.862733e-01 5.385279e-01 7.601038e-01 1.233736e+00 2.175612e-01 5.759234e-01 4.189111e-01 2.751614e-01 2.467964e-01
<GCONST> 1.154820e+02
<STATE> 6
<MEAN> 39
 -9.949498e+00 1.241137e+00 -3.781122e+00 -5.652175e+00 2.901808e+00 -7.458137e+00 -2.454772e+00 -1.103803e+01 -4.999427e-01 -5.569686e+00 1.902777e+00 -8.332497e+00 6.282538e+01 -4.204561e-01 -9.037776e-01 7.729596e-01 1.738761e-01 -6.015034e-01 4.343003e-01 -3.898245e-02 5.367907e-01 -2.361500e-01 -3.725241e-01 -3.294497e-01 5.378278e-02 -8.992736e-01 4.313088e-02 -4.267428e-02 -8.669667e-02 5.987211e-03 2.081452e-02 -6.257827e-02 -4.504830e-03 -2.615011e-02 2.909428e-02 6.283911e-02 -1.035431e-02 8.997325e-02 1.598658e-01
<VARIANCE> 39
 4.122448e+01 1.474510e+01 1.280374e+01 1.802654e+01 4.771918e+01 2.641263e+01 3.082191e+01 6.169491e+01 2.709563e+01 4.449077e+01 2.136207e+01 1.326038e+01 1.377520e+01 4.375376e-01 3.416916e-01 6.926549e-01 1.035644e+00 1.579783e+00 1.116891e+00 1.564375e+00 1.818914e+00 9.235670e-01 2.232854e+00 1.642085e+00 1.096413e+00 2.481377e-01 3.336568e-02 8.267116e-02 9.682348e-02 1.828532e-01 2.232394e-01 2.162650e-01 2.812865e-01 1.879437e-01 2.216896e-01 3.106780e-01 3.355423e-01 2.126319e-01 1.303040e-02
<GCONST> 8.732722e+01
<STATE> 7
<MEAN> 39
 -9.942269e+00 -2.580891e+00 -4.617897e-01 -4.318174e+00 1.468289e-01 -6.715715e+00 -4.691677e+00 -1.041065e+01 -3.179160e+00 -8.860950e+00 -7.747319e-01 -6.985417e+00 6.104126e+01 2.150069e+00 8.291612e-01 -2.178091e-01 -1.410429e+00 -1.476810e+00 -4.440824e-01 -1.341533e+00 -1.398954e-01 -1.120220e+00 -9.704689e-01 6.805852e-02 1.149554e+00 8.755884e-01 8.065467e-01 7.633305e-01 -2.438563e-01 -9.264514e-01 -6.142018e-01 -1.775374e-01 -1.510657e-01 -8.872514e-02 -3.809581e-01 -1.370973e-01 2.162462e-01 2.940862e-01 3.916116e-01
<VARIANCE> 39
 2.296775e+01 1.599706e+01 1.800458e+01 1.865199e+01 2.300137e+01 3.672647e+01 2.599212e+01 3.511201e+01 1.559804e+01 3.329231e+01 2.473987e+01 1.523267e+01 4.824402e+00 3.437685e+00 4.797388e+00 2.386644e+00 5.583950e+00 3.949410e+00 3.952340e+00 2.637531e+00 2.352736e+00 4.878012e+00 4.085366e+00 2.411700e+00 2.346652e+00 7.869773e-01 2.126725e-01 3.492250e-01 1.948128e-01 6.272295e-01 4.214061e-01 5.770589e-01 5.921053e-01 3.856073e-01 7.380264e-01 6.188226e-01 3.835159e-01 3.736494e-01 8.207185e-02
<GCONST> 1.123457e+02
<STATE> 8
<MEAN> 39
 2.952191e+00 6.408796e+00 -2.011401e+00 -1.644261e+01 -1.140638e+01 -1.006728e+01 -8.233922e+00 -9.485558e+00 -8.427931e+00 -1.395790e+01 -5.300990e-01 -1.884702e+00 6.615089e+01 2.309687e+00 1.502263e+00 -5.999560e-01 -2.700963e+00 -1.617843e+00 8.580537e-01 4.176997e-01 1.597895e-01 -1.508393e+00 -8.046712e-01 6.766767e-01 1.315493e+00 1.090332e+00 -8.679973e-01 -7.888083e-01 1.951448e-02 7.801476e-01 1.010559e+00 7.779644e-01 4.302046e-01 -3.455682e-01 9.073806e-02 6.662174e-01 4.995365e-01 -1.072037e-01 -2.936988e-01
<VARIANCE> 39
 5.546393e+00 1.063451e+01 4.200952e+01 1.576603e+01 2.997209e+01 3.321297e+01 2.150324e+01 5.825708e+01 5.606367e+01 2.112192e+01 3.380994e+01 3.419398e+01 2.210429e+00 1.763178e+00 1.965086e+00 8.084818e-01 4.427782e+00 3.422616e+00 3.361526e+00 2.242773e+00 1.965987e+00 5.263580e+00 2.372730e+00 3.594823e+00 2.773851e+00 3.982905e-01 9.538437e-02 2.406060e-01 3.461457e-01 4.413920e-01 2.081179e-01 6.227700e-01 4.876865e-01 9.539304e-01 4.826890e-01 6.001338e-01 5.537539e-01 5.661850e-01 3.745455e-02
<GCONST> 1.074127e+02
<STATE> 9
<MEAN> 39
 4.974600e+00 6.391104e+00 -3.615796e+00 -1.784653e+01 -1.015916e+01 -3.953569e+00 -6.767939e+00 -1.367855e+01 -1.209401e+01 -1.106013e+01 4.790956e+00 1.288156e+00 6.748044e+01 1.294097e-01 -7.603173e-01 -4.373096e-01 3.771333e-01 9.755704e-01 1.809673e+00 -3.798445e-01 -2.381008e+00 -1.444793e+00 2.129142e+00 2.236638e+00 4.626189e-01 3.453143e-01 -2.765775e-01 -3.238893e-01 1.073779e-01 6.725522e-01 2.889291e-01 -3.123303e-01 -3.131931e-01 -4.165156e-01 1.228345e-01 6.012864e-01 -1.244918e-01 -7.149938e-01 -8.239003e-02
<VARIANCE> 39
 2.407609e+00 1.129300e+01 2.686523e+01 9.628192e+00 4.805160e+01 5.340915e+01 1.487314e+01 4.862154e+01 6.063992e+01 3.314413e+01 5.754757e+01 3.891466e+01 1.898908e+00 1.868629e-01 1.205648e+00 1.038943e+00 1.585808e+00 9.617065e-01 2.715611e+00 2.421682e+00 4.998864e+00 3.022061e+00 4.575437e+00 2.491758e+00 3.405505e+00 1.479179e-01 1.065240e-01 1.164695e-01 1.988896e-01 3.093914e-01 2.424508e-01 6.219785e-01 3.193131e-01 5.652433e-01 7.493103e-01 4.692197e-01 5.220183e-01 7.780420e-01 3.504921e-02
<GCONST> 1.001681e+02
<STATE> 10
<MEAN> 39
 3.655352e+00 3.789611e+00 -1.114965e+00 -1.522651e+01 7.907841e-02 1.099300e+00 -1.173515e+01 -2.090968e+01 -2.012782e+01 -2.203500e+00 1.583393e+01 -1.308986e+00 6.926984e+01 -1.888296e-01 -5.207630e-01 3.599868e-01 1.630680e+00 6.050290e-01 -6.670853e-01 -7.662242e-01 -1.419230e+00 1.239221e-01 1.508784e+00 -1.633525e-01 -1.907553e+00 -5.898591e-02 -2.937502e-02 1.339684e-01 1.344272e-01 2.984310e-02 -1.162785e-01 -3.657097e-01 -3.703673e-02 5.105466e-01 3.686470e-01 -4.266677e-01 -3.883388e-01 -9.298442e-02 -6.088319e-02
<VARIANCE> 39
 3.207423e+00 1.957463e+01 5.404757e+01 5.395359e+01 6.452265e+01 1.818340e+01 4.005038e+01 8.531363e+01 5.859247e+01 8.286684e+01 4.432478e+01 3.278736e+01 2.712897e+00 1.448558e-01 7.385899e-01 9.347479e-01 1.145219e+00 1.874119e+00 1.135429e+00 2.119230e+00 2.630354e+00 3.755049e+00 3.051971e+00 1.921300e+00 3.200556e+00 8.904718e-02 2.329279e-02 1.577388e-01 1.864586e-01 3.237393e-01 2.521532e-01 2.999938e-01 4.952835e-01 4.585795e-01 6.185898e-01 8.400130e-01 2.679737e-01 6.134692e-01 3.124448e-02
<GCONST> 9.950558e+01
<STATE> 11
<MEAN> 39
 3.198992e+00 1.240120e+00 -2.133765e+00 -6.114401e+00 1.960481e-01 -7.003109e+00 -1.817479e+01 -2.360448e+01 -1.259292e+01 -6.941940e-01 6.935810e+00 -7.687273e+00 6.801793e+01 -1.664848e-01 -3.358277e-02 2.655609e-01 5.973126e-02 2.300387e-01 -7.595592e-01 -6.153427e-01 6.317838e-01 5.664727e-01 2.283331e-02 6.443714e-01 -2.808506e-01 1.407200e-01 6.211795e-02 1.467377e-01 -1.419444e-01 -5.364861e-01 -2.051182e-01 3.265076e-01 2.161379e-01 1.650026e-01 -1.463272e-01 -2.201562e-01 1.983074e-01 4.625348e-01 4.724650e-02
<VARIANCE> 39
 5.880088e+00 1.974461e+01 7.412509e+01 3.120379e+01 4.788335e+01 3.312692e+01 5.291007e+01 3.189540e+01 5.311452e+01 3.484938e+01 6.486677e+01 1.180743e+01 4.200608e+00 1.744179e-01 6.330852e-01 6.833770e-01 2.494231e+00 1.265340e+00 1.818782e+00 2.742388e+00 1.617738e+00 3.109037e+00 2.499873e+00 2.875656e+00 2.454121e+00 2.565632e-01 3.004225e-02 7.541697e-02 1.762635e-01 1.759006e-01 2.842551e-01 3.231503e-01 3.835692e-01 3.091009e-01 5.452667e-01 5.277237e-01 4.814503e-01 4.713100e-01 2.237196e-02
<GCONST> 9.726315e+01
<STATE> 12
<MEAN> 39
 3.124472e+00 1.812503e+00 -1.759999e+00 -1.360355e+01 -2.324386e+00 -4.397046e+00 -1.568487e+01 -2.098567e+01 -1.315072e+01 3.546801e+00 1.420976e+01 -8.018306e+00 7.019575e+01 1.193529e-01 4.484390e-01 -8.903456e-01 -1.052913e+00 -1.250064e-01 6.871352e-01 5.787552e-01 9.722003e-03 -2.826018e-02 -6.828787e-01 -2.001691e-01 8.121918e-01 -9.131681e-02 -6.235509e-02 4.260135e-02 -5.970177e-02 1.686506e-01 3.309062e-02 -3.220770e-02 1.535359e-01 -4.709683e-02 -4.172076e-02 -3.061086e-01 -2.436645e-01 1.637672e-01 -1.165748e-01
<VARIANCE> 39
 2.196237e+00 1.098416e+01 4.765248e+01 4.514677e+01 6.676183e+01 3.532706e+01 1.187842e+02 8.545760e+01 6.726439e+01 5.881594e+01 2.199259e+01 4.792679e+01 5.269075e+00 1.420961e-01 5.010780e-01 8.103539e-01 2.091253e+00 1.127987e+00 1.183814e+00 1.582868e+00 2.093879e+00 1.415142e+00 1.756150e+00 9.427784e-01 1.791983e+00 1.956282e-01 2.549135e-02 8.532544e-02 2.224108e-01 2.734392e-01 2.294543e-01 2.047315e-01 3.046123e-01 3.145960e-01 2.714416e-01 2.907169e-01 1.284439e-01 3.055479e-01 2.426552e-02
<GCONST> 9.177663e+01
<STATE> 13
<MEAN> 39
 3.229643e+00 4.331585e+00 -8.398645e+00 -1.488530e+01 -5.742902e+00 -2.415182e+00 -8.607611e+00 -2.222623e+01 -1.454378e+01 -4.983821e+00 1.015288e+01 2.172989e-01 6.775615e+01 -4.119252e-01 4.180923e-01 4.114475e-01 2.160668e-01 6.924836e-02 -2.920984e-02 5.319313e-01 6.975625e-01 9.692445e-02 -1.110907e+00 -6.774039e-01 3.093645e-01 -3.285348e-01 -1.200030e-01 -6.827889e-02 2.923725e-01 3.384874e-01 1.851261e-01 -7.101958e-02 -2.412671e-02 -1.894372e-02 4.777072e-02 1.542665e-01 -3.027878e-02 -2.122714e-01 -6.510567e-02
<VARIANCE> 39
 2.787744e+00 6.202749e+00 1.678843e+01 7.109527e+00 4.502133e+01 2.569158e+01 3.351423e+01 3.200120e+01 1.962974e+01 2.254080e+01 2.530892e+01 3.434101e+01 1.472368e+00 1.840751e-01 2.486654e-01 7.177445e-01 1.069945e+00 8.199924e-01 5.194403e-01 1.127339e+00 1.518122e+00 1.898749e+00 1.562368e+00 8.108962e-01 6.180390e-01 7.868385e-02 2.536982e-02 3.389852e-02 5.967309e-02 8.605444e-02 1.269682e-01 1.281201e-01 2.404251e-01 2.012440e-01 2.087341e-01 2.096424e-01 1.458964e-01 1.139118e-01 3.809382e-03
<GCONST> 6.850341e+01
<STATE> 14
<MEAN> 39
 -1.111698e+00 5.038754e+00 -1.227971e+00 -9.803535e+00 -2.096606e+00 -5.088829e+00 -8.313869e+00 -1.786720e+01 -1.102475e+01 -8.263503e+00 7.120226e+00 -1.551048e+00 6.505659e+01 -1.000306e+00 -4.110887e-01 6.223112e-01 1.195678e+00 7.099558e-01 -3.546138e-01 3.797137e-01 3.870535e-01 4.085614e-01 -1.556337e-01 -4.124843e-01 -6.450598e-03 -6.330901e-01 -6.639307e-02 -1.555787e-01 -1.723334e-01 -1.051493e-01 -1.216435e-01 -4.181286e-02 -5.962705e-02 6.254364e-02 1.038724e-01 9.383331e-02 5.856378e-02 -9.092196e-03 -5.307616e-03
<VARIANCE> 39
 2.899241e+00 6.432622e+00 1.392483e+01 1.162999e+01 4.534584e+01 4.996881e+01 3.695837e+01 3.727726e+01 2.407109e+01 1.192742e+01 1.736547e+01 4.752185e+01 1.264544e+00 2.362055e-01 3.186312e-01 9.139825e-01 7.828154e-01 1.096980e+00 1.513325e+00 1.005822e+00 1.457715e+00 1.790925e+00 1.065416e+00 1.339208e+00 1.652224e+00 1.046660e-01 2.302440e-02 4.511962e-02 7.666142e-02 1.122754e-01 1.367307e-01 2.708184e-01 1.784737e-01 2.604130e-01 3.672629e-01 2.329796e-01 2.669862e-01 2.611820e-01 5.227314e-03
<GCONST> 7.604063e+01
<STATE> 15
<MEAN> 39
 -5.970680e+00 2.364534e+00 7.007301e-01 -4.030469e+00 1.163696e+00 -5.625152e+00 -7.304072e+00 -1.791262e+01 -1.113232e+01 -1.053359e+01 3.081805e+00 -4.254087e+00 6.205024e+01 -9.328446e-01 -3.913237e-01 4.241500e-01 7.588703e-01 8.069444e-02 -1.967892e-01 2.401523e-01 1.495892e-01 3.216926e-01 -4.841048e-01 -1.034751e+00 -3.161892e-01 -5.598443e-01 1.404458e-02 2.725773e-04 -5.714710e-02 -1.330128e-01 -5.838516e-02 8.091381e-04 -3.935078e-02 -2.768821e-02 1.175391e-02 5.264241e-02 5.100173e-03 5.240567e-02 2.932316e-02
<VARIANCE> 39
 2.486526e+00 6.393871e+00 1.639217e+01 1.348449e+01 2.260049e+01 2.576912e+01 3.214779e+01 4.672497e+01 2.315033e+01 1.606211e+01 2.850614e+01 4.282994e+01 9.681485e-01 1.665188e-01 3.351640e-01 3.504247e-01 6.283023e-01 6.306797e-01 9.919856e-01 1.219408e+00 1.108379e+00 1.105290e+00 1.338867e+00 1.284824e+00 9.902079e-01 2.875992e-02 2.949405e-02 7.056041e-02 8.566565e-02 1.047801e-01 1.275783e-01 1.789030e-01 1.421211e-01 1.962830e-01 2.163376e-01 2.386519e-01 2.004107e-01 2.074039e-01 5.673024e-03
<GCONST> 6.947066e+01
<STATE> 16
<MEAN> 39
 -1.069832e+01 -5.664413e-01 1.038915e+00 -1.706938e+00 2.601276e+00 -5.803061e+00 -5.556240e+00 -1.490438e+01 -7.890058e+00 -1.115542e+01 4.086762e-02 -3.672397e+00 5.977523e+01 -7.818993e-01 -6.713223e-01 -1.305772e-01 4.871735e-01 5.541577e-01 2.837973e-01 4.417682e-01 6.214880e-01 2.921097e-01 -3.666410e-02 -2.714069e-01 -1.261781e-01 -3.462920e-01 9.154703e-02 1.625589e-02 -8.539759e-03 2.268482e-02 1.051909e-01 1.570815e-01 1.191738e-01 1.083921e-01 3.466678e-02 6.723807e-03 -1.366403e-02 -1.030303e-01 4.220852e-02
<VARIANCE> 39
 2.726603e+00 6.048869e+00 1.166324e+01 1.576408e+01 3.348775e+01 2.138984e+01 1.728931e+01 2.441898e+01 2.292474e+01 1.713807e+01 2.811415e+01 3.352921e+01 1.233807e+00 1.414896e-01 2.772881e-01 3.319697e-01 7.001814e-01 1.127302e+00 7.714178e-01 1.136351e+00 9.041956e-01 8.769057e-01 7.445984e-01 1.010258e+00 1.684872e+00 4.111680e-02 2.055281e-02 6.063243e-02 5.547468e-02 9.727255e-02 1.769517e-01 1.091309e-01 2.311147e-01 1.646054e-01 1.845882e-01 1.427177e-01 2.510019e-01 3.585119e-01 6.730296e-03
<GCONST> 6.727892e+01
<STATE> 17
<MEAN> 39
 -1.379562e+01 -3.588034e+00 1.342317e-01 -4.657536e-01 5.348508e+00 -1.689799e+00 -8.164737e-01 -9.099736e+00 -3.449419e+00 -7.880373e+00 9.745844e-02 -5.577766e+00 5.829661e+01 -5.510839e-01 -3.836175e-01 1.043622e-02 1.457919e-02 5.158698e-02 3.922226e-01 9.078423e-01 1.128973e+00 7.541711e-01 1.409106e-01 -6.020793e-01 -6.519498e-01 -2.980711e-01 6.355260e-03 5.324396e-02 3.752157e-02 -5.759325e-03 -1.429232e-02 -4.177438e-03 2.578634e-03 -1.280386e-01 -1.418705e-01 -1.323892e-01 1.108854e-03 4.806108e-03 1.268683e-02
<VARIANCE> 39
 2.614134e+00 3.070530e+00 1.122472e+01 1.626298e+01 3.016414e+01 3.250760e+01 2.166629e+01 2.045651e+01 2.301824e+01 2.037657e+01 2.569669e+01 2.943624e+01 1.165684e+00 4.148969e-02 1.896972e-01 4.912465e-01 6.960987e-01 1.340901e+00 1.246958e+00 1.077466e+00 1.790537e+00 1.782259e+00 1.231012e+00 1.063522e+00 1.344380e+00 1.574084e-02 1.080024e-02 3.367630e-02 9.103069e-02 1.755720e-01 2.585891e-01 3.015097e-01 2.029111e-01 3.907213e-01 2.919773e-01 2.072442e-01 1.811510e-01 2.629237e-01 3.621162e-03
<GCONST> 6.851512e+01
<STATE> 18
<MEAN> 39
 -1.663787e+01 -4.990828e+00 1.026271e+00 1.203297e+00 6.549162e+00 -2.113442e-01 1.430478e+00 -9.504909e+00 -6.974046e+00 -1.410554e+01 -5.297849e+00 -8.883931e+00 5.690541e+01 -6.008145e-01 -3.934161e-01 -1.311708e-02 2.550494e-01 5.185537e-01 9.401146e-01 5.953135e-01 2.317381e-01 -7.963631e-02 -5.668367e-01 -3.184620e-01 -2.198092e-01 -2.713153e-01 -8.382987e-03 -3.354170e-02 -9.042405e-02 -1.141863e-01 -7.873586e-02 -3.475095e-02 -1.472667e-01 2.742896e-02 1.384156e-01 1.289239e-01 8.238953e-02 1.167712e-01 -2.649741e-02
<VARIANCE> 39
 1.699343e+00 1.782032e+00 5.009119e+00 1.002674e+01 1.603147e+01 1.906785e+01 2.424364e+01 2.683091e+01 2.632026e+01 3.863903e+01 3.438969e+01 3.480616e+01 4.821845e-01 9.019667e-02 2.247832e-01 5.931266e-01 7.196766e-01 8.826785e-01 1.393990e+00 1.186719e+00 2.172996e+00 1.046515e+00 9.407873e-01 1.163168e+00 1.767908e+00 5.278629e-02 1.601532e-02 2.904394e-02 8.597400e-02 1.198184e-01 1.415880e-01 1.878628e-01 2.383931e-01 4.042339e-01 1.375206e-01 1.432579e-01 2.072093e-01 3.117357e-01 9.260402e-03
<GCONST> 6.678973e+01
<STATE> 19
<MEAN> 39
 -1.940431e+01 -7.766382e+00 -1.036018e+00 3.870030e-01 7.809042e+00 3.137210e+00 4.185554e+00 -6.273415e+00 -4.317827e+00 -1.511411e+01 -7.547846e+00 -1.057951e+01 5.548132e+01 -3.528956e-01 -3.808901e-01 -2.964463e-01 -1.192834e-01 -4.539894e-02 1.070758e-01 2.224571e-01 2.402906e-01 4.646778e-01 1.542837e-01 -4.605855e-01 -5.516182e-01 -1.810003e-01 1.110094e-01 6.760715e-02 2.155034e-02 -3.246186e-02 -4.687059e-02 -7.238616e-02 7.525150e-02 2.451101e-02 -7.885139e-02 -1.445294e-02 -5.462088e-02 -1.105294e-01 7.091364e-02
<VARIANCE> 39
 1.928522e+00 2.788376e+00 1.303765e+01 2.231534e+01 2.994715e+01 1.976284e+01 2.615594e+01 3.186118e+01 3.957472e+01 6.039468e+01 4.228314e+01 3.409255e+01 5.018476e-01 2.781311e-01 2.296805e-01 6.727011e-01 1.028204e+00 1.139109e+00 1.273428e+00 1.475431e+00 1.779910e+00 1.927038e+00 2.628532e+00 1.591451e+00 1.668380e+00 6.883918e-02 3.282734e-02 3.827681e-02 1.509913e-01 2.123779e-01 1.933679e-01 2.327972e-01 2.498388e-01 3.655891e-01 3.180456e-01 4.838908e-01 2.125825e-01 3.581445e-01 7.801339e-03
<GCONST> 7.973193e+01
<TRANSP> 20
 0.000000e+00 1.000000e+00 0.000000e+00 0.000000e+00 0.000000e+00 0.000000e+00 0.000000e+00 0.000000e+00 0.000000e+00 0.000000e+00 0.000000e+00 0.000000e+00 0.000000e+00 0.000000e+00 0.000000e+00 0.000000e+00 0.000000e+00 0.000000e+00 0.000000e+00 0.000000e+00
 0.000000e+00 7.857155e-01 2.142846e-01 0.000000e+00 0.000000e+00 0.000000e+00 0.000000e+00 0.000000e+00 0.000000e+00 0.000000e+00 0.000000e+00 0.000000e+00 0.000000e+00 0.000000e+00 0.000000e+00 0.000000e+00 0.000000e+00 0.000000e+00 0.000000e+00 0.000000e+00
 0.000000e+00 0.000000e+00 7.939403e-01 2.060596e-01 0.000000e+00 0.000000e+00 0.000000e+00 0.000000e+00 0.000000e+00 0.000000e+00 0.000000e+00 0.000000e+00 0.000000e+00 0.000000e+00 0.000000e+00 0.000000e+00 0.000000e+00 0.000000e+00 0.000000e+00 0.000000e+00
 0.000000e+00 0.000000e+00 0.000000e+00 7.769563e-01 2.230438e-01 0.000000e+00 0.000000e+00 0.000000e+00 0.000000e+00 0.000000e+00 0.000000e+00 0.000000e+00 0.000000e+00 0.000000e+00 0.000000e+00 0.000000e+00 0.000000e+00 0.000000e+00 0.000000e+00 0.000000e+00
 0.000000e+00 0.000000e+00 0.000000e+00 0.000000e+00 6.581691e-01 3.418309e-01 0.000000e+00 0.000000e+00 0.000000e+00 0.000000e+00 0.000000e+00 0.000000e+00 0.000000e+00 0.000000e+00 0.000000e+00 0.000000e+00 0.000000e+00 0.000000e+00 0.000000e+00 0.000000e+00
 0.000000e+00 0.000000e+00 0.000000e+00 0.000000e+00 0.000000e+00 8.648162e-01 1.351839e-01 0.000000e+00 0.000000e+00 0.000000e+00 0.000000e+00 0.000000e+00 0.000000e+00 0.000000e+00 0.000000e+00 0.000000e+00 0.000000e+00 0.000000e+00 0.000000e+00 0.000000e+00
 0.000000e+00 0.000000e+00 0.000000e+00 0.000000e+00 0.000000e+00 0.000000e+00 7.696002e-01 2.303998e-01 0.000000e+00 0.000000e+00 0.000000e+00 0.000000e+00 0.000000e+00 0.000000e+00 0.000000e+00 0.000000e+00 0.000000e+00 0.000000e+00 0.000000e+00 0.000000e+00
 0.000000e+00 0.000000e+00 0.000000e+00 0.000000e+00 0.000000e+00 0.000000e+00 0.000000e+00 6.500767e-01 3.499233e-01 0.000000e+00 0.000000e+00 0.000000e+00 0.000000e+00 0.000000e+00 0.000000e+00 0.000000e+00 0.000000e+00 0.000000e+00 0.000000e+00 0.000000e+00
 0.000000e+00 0.000000e+00 0.000000e+00 0.000000e+00 0.000000e+00 0.000000e+00 0.000000e+00 0.000000e+00 7.471618e-01 2.528382e-01 0.000000e+00 0.000000e+00 0.000000e+00 0.000000e+00 0.000000e+00 0.000000e+00 0.000000e+00 0.000000e+00 0.000000e+00 0.000000e+00
 0.000000e+00 0.000000e+00 0.000000e+00 0.000000e+00 0.000000e+00 0.000000e+00 0.000000e+00 0.000000e+00 0.000000e+00 7.907298e-01 2.092702e-01 0.000000e+00 0.000000e+00 0.000000e+00 0.000000e+00 0.000000e+00 0.000000e+00 0.000000e+00 0.000000e+00 0.000000e+00
 0.000000e+00 0.000000e+00 0.000000e+00 0.000000e+00 0.000000e+00 0.000000e+00 0.000000e+00 0.000000e+00 0.000000e+00 0.000000e+00 7.986929e-01 2.013071e-01 0.000000e+00 0.000000e+00 0.000000e+00 0.000000e+00 0.000000e+00 0.000000e+00 0.000000e+00 0.000000e+00
 0.000000e+00 0.000000e+00 0.000000e+00 0.000000e+00 0.000000e+00 0.000000e+00 0.000000e+00 0.000000e+00 0.000000e+00 0.000000e+00 0.000000e+00 7.979433e-01 2.020567e-01 0.000000e+00 0.000000e+00 0.000000e+00 0.000000e+00 0.000000e+00 0.000000e+00 0.000000e+00
 0.000000e+00 0.000000e+00 0.000000e+00 0.000000e+00 0.000000e+00 0.000000e+00 0.000000e+00 0.000000e+00 0.000000e+00 0.000000e+00 0.000000e+00 0.000000e+00 8.183098e-01 1.816902e-01 0.000000e+00 0.000000e+00 0.000000e+00 0.000000e+00 0.000000e+00 0.000000e+00
 0.000000e+00 0.000000e+00 0.000000e+00 0.000000e+00 0.000000e+00 0.000000e+00 0.000000e+00 0.000000e+00 0.000000e+00 0.000000e+00 0.000000e+00 0.000000e+00 0.000000e+00 8.025785e-01 1.974216e-01 0.000000e+00 0.000000e+00 0.000000e+00 0.000000e+00 0.000000e+00
 0.000000e+00 0.000000e+00 0.000000e+00 0.000000e+00 0.000000e+00 0.000000e+00 0.000000e+00 0.000000e+00 0.000000e+00 0.000000e+00 0.000000e+00 0.000000e+00 0.000000e+00 0.000000e+00 8.011466e-01 1.988535e-01 0.000000e+00 0.000000e+00 0.000000e+00 0.000000e+00
 0.000000e+00 0.000000e+00 0.000000e+00 0.000000e+00 0.000000e+00 0.000000e+00 0.000000e+00 0.000000e+00 0.000000e+00 0.000000e+00 0.000000e+00 0.000000e+00 0.000000e+00 0.000000e+00 0.000000e+00 8.158740e-01 1.841260e-01 0.000000e+00 0.000000e+00 0.000000e+00
 0.000000e+00 0.000000e+00 0.000000e+00 0.000000e+00 0.000000e+00 0.000000e+00 0.000000e+00 0.000000e+00 0.000000e+00 0.000000e+00 0.000000e+00 0.000000e+00 0.000000e+00 0.000000e+00 0.000000e+00 0.000000e+00 7.922484e-01 2.077517e-01 0.000000e+00 0.000000e+00
 0.000000e+00 0.000000e+00 0.000000e+00 0.000000e+00 0.000000e+00 0.000000e+00 0.000000e+00 0.000000e+00 0.000000e+00 0.000000e+00 0.000000e+00 0.000000e+00 0.000000e+00 0.000000e+00 0.000000e+00 0.000000e+00 0.000000e+00 7.663146e-01 2.336854e-01 0.000000e+00
 0.000000e+00 0.000000e+00 0.000000e+00 0.000000e+00 0.000000e+00 0.000000e+00 0.000000e+00 0.000000e+00 0.000000e+00 0.000000e+00 0.000000e+00 0.000000e+00 0.000000e+00 0.000000e+00 0.000000e+00 0.000000e+00 0.000000e+00 0.000000e+00 7.573118e-01 2.426882e-01
 0.000000e+00 0.000000e+00 0.000000e+00 0.000000e+00 0.000000e+00 0.000000e+00 0.000000e+00 0.000000e+00 0.000000e+00 0.000000e+00 0.000000e+00 0.000000e+00 0.000000e+00 0.000000e+00 0.000000e+00 0.000000e+00 0.000000e+00 0.000000e+00 0.000000e+00 0.000000e+00
<ENDHMM>
