~o
<STREAMINFO> 1 39
<VECSIZE> 39<NULLD><MFCC_D_A_0><DIAGC>
~h "tiga"
<BEGINHMM>
<NUMSTATES> 20
<STATE> 2
<MEAN> 39
 -1.810808e+01 -6.840039e+00 -2.133595e+00 -3.975659e+00 3.145201e-01 -6.217710e+00 2.378997e+00 -7.336053e+00 -2.329799e+00 -6.284322e+00 3.007725e+00 -4.739714e+00 5.791629e+01 6.457517e-01 9.081849e-01 1.862903e+00 4.534899e-01 -1.350629e+00 -1.817550e+00 1.567297e-01 -2.033174e+00 -2.236844e+00 7.603743e-02 3.118886e-01 -6.129685e-01 1.338746e+00 6.163604e-01 6.224326e-01 1.282350e+00 -7.300053e-02 -8.647710e-01 -4.659750e-01 -5.636551e-01 -6.448595e-01 -5.883297e-01 1.352017e-01 -3.355903e-01 -2.509038e-01 4.997859e-01
<VARIANCE> 39
 3.314838e+00 4.417449e+00 4.872768e+00 9.979887e+00 3.313791e+01 4.650317e+01 1.418057e+01 3.315433e+01 2.655172e+01 1.438163e+01 2.141924e+01 2.068872e+01 4.720080e+00 1.731871e+00 1.950283e+00 5.790564e+00 2.470883e+00 5.595208e+00 4.319868e+00 4.050651e+00 6.293836e+00 4.941362e+00 2.680109e+00 2.569883e+00 3.588438e+00 1.080477e+00 2.576849e-01 2.797023e-01 7.325223e-01 6.315771e-01 1.159664e+00 1.171362e+00 9.030439e-01 4.206629e-01 6.824654e-01 6.383599e-01 7.764099e-01 4.585697e-01 7.194152e-02
<GCONST> 1.119555e+02
<STATE> 3
<MEAN> 39
 -1.026594e+01 1.849773e+00 1.542284e+01 -3.618719e+00 -1.130147e+01 -1.349753e+01 -3.437798e+00 -2.054040e+01 -1.337383e+01 -3.186699e+00 6.902827e-01 -8.477535e+00 6.624342e+01 2.574603e+00 2.565939e+00 5.883231e+00 -1.494428e+00 -3.686090e+00 -6.638236e-01 -3.598951e+00 -2.192605e+00 -8.314312e-01 1.118929e+00 -8.043790e-01 -4.515345e-01 2.168362e+00 -3.447271e-01 -4.102140e-01 -6.110504e-01 -4.820565e-01 6.427875e-01 8.128031e-01 -6.977822e-02 1.281021e+00 1.137798e+00 -2.558058e-01 1.151236e-01 2.383026e-01 -4.271975e-01
<VARIANCE> 39
 2.033652e+01 2.586518e+01 1.067701e+02 5.962707e+01 1.021493e+02 4.380820e+01 9.835724e+01 9.808180e+01 4.541276e+01 5.956512e+01 3.662459e+01 5.705661e+01 1.562348e+01 1.334101e+00 2.186863e+00 6.238717e+00 7.751793e+00 8.989094e+00 8.221067e+00 5.892291e+00 7.181817e+00 4.387349e+00 5.226988e+00 7.275786e+00 3.583622e+00 9.329709e-01 3.828078e-01 3.607579e-01 1.460383e+00 7.340916e-01 1.190239e+00 8.702121e-01 1.627934e+00 1.040099e+00 4.911664e-01 8.123692e-01 5.562457e-01 6.630820e-01 1.424692e-01
<GCONST> 1.366866e+02
<STATE> 4
<MEAN> 39
 -7.017924e+00 4.506944e+00 2.785551e+01 -9.978122e+00 -1.664334e+01 -9.356517e+00 -1.122461e+01 -1.824270e+01 -9.885392e+00 -2.556420e+00 1.628912e+00 -1.001117e+01 7.003214e+01 3.080200e-01 1.986263e-01 7.167509e-01 -9.118900e-01 4.919121e-01 1.079696e+00 -6.437548e-01 1.542487e+00 1.216082e+00 -5.387275e-01 -1.060197e-01 -7.889826e-01 4.190160e-02 -3.721508e-01 -3.880815e-01 -1.403255e+00 7.145994e-01 8.534559e-01 -8.420641e-02 8.393177e-01 1.789070e-01 -1.761752e-02 -2.442306e-01 -3.834055e-02 -8.441284e-02 -5.397270e-01
<VARIANCE> 39
 5.412062e+00 2.835549e+01 1.042153e+02 1.048008e+02 1.575907e+02 5.099049e+01 6.661095e+01 1.239939e+02 4.404044e+01 5.826685e+01 8.494401e+01 4.171239e+01 1.124653e+01 3.246859e-01 6.135732e-01 2.167389e+00 1.398519e+00 1.157192e+00 2.327500e+00 2.284878e+00 2.362540e+00 1.585525e+00 1.700133e+00 1.657915e+00 1.736127e+00 4.004129e-01 1.179712e-01 2.568366e-01 3.139933e-01 3.923303e-01 5.662479e-01 6.445977e-01 9.784444e-01 7.367007e-01 2.531554e-01 4.481089e-01 7.100263e-01 3.190628e-01 5.502071e-02
<GCONST> 1.122817e+02
<STATE> 5
<MEAN> 39
 -7.572067e+00 4.927568e+00 2.526496e+01 -8.537381e+00 -9.389134e+00 -5.605814e+00 -1.014992e+01 -1.412692e+01 -8.618268e+00 -3.809150e+00 -1.307855e+00 -1.302323e+01 6.729246e+01 5.954817e-02 2.774680e-01 -1.602049e+00 1.231749e+00 1.496474e+00 -2.671611e-02 4.151766e-01 2.877414e-01 3.193491e-01 -8.662440e-01 -6.354774e-01 -1.523311e-01 -8.341244e-01 -3.200049e-02 -4.274866e-02 -9.459841e-02 1.645440e-01 4.398008e-02 -1.038885e-02 1.940844e-01 -2.411480e-02 -6.871878e-02 4.978053e-02 4.429354e-02 1.245384e-01 -6.364560e-03
<VARIANCE> 39
 3.219776e+00 1.504003e+01 5.821029e+01 7.815842e+01 1.142103e+02 3.448917e+01 5.613538e+01 8.211729e+01 2.013174e+01 3.398646e+01 5.131672e+01 3.727774e+01 7.666491e+00 9.542944e-02 3.808371e-01 6.152911e-01 1.290462e+00 1.249729e+00 8.152683e-01 2.462742e+00 1.886036e+00 1.188802e+00 9.941416e-01 2.157253e+00 1.862062e+00 8.932988e-02 2.702235e-02 8.493049e-02 1.350725e-01 1.651691e-01 1.633600e-01 2.322707e-01 2.825500e-01 2.168853e-01 2.595678e-01 1.957117e-01 2.562253e-01 2.290916e-01 2.645565e-02
<GCONST> 8.857621e+01
<STATE> 6
<MEAN> 39
 -6.691737e+00 6.136896e+00 1.047466e+01 -2.111160e+00 -2.782290e+00 -1.070237e+01 -8.901104e+00 -1.202158e+01 -5.462530e+00 -9.302259e+00 -1.235217e+00 -9.574669e+00 6.230590e+01 -4.024954e-01 -5.050378e-01 -9.553573e-01 7.897161e-01 6.855854e-01 5.127614e-01 8.681052e-01 2.909984e-01 3.066696e-01 -1.772892e-01 7.824366e-03 4.252335e-01 -4.873291e-01 -1.581255e-01 -1.500475e-01 1.081593e-01 -5.795514e-02 -1.625700e-01 -1.481209e-01 4.605615e-02 -2.301976e-01 -8.112992e-02 -2.914739e-02 1.085888e-01 1.580357e-01 1.355738e-01
<VARIANCE> 39
 5.025336e+00 4.742704e+00 1.930771e+01 1.259602e+01 3.733208e+01 3.078225e+01 1.540401e+01 2.927217e+01 2.382552e+01 2.200520e+01 3.691703e+01 2.731363e+01 2.244721e+00 2.098157e-01 6.229433e-01 9.450026e-01 9.163898e-01 7.727851e-01 9.317016e-01 1.465358e+00 1.304686e+00 7.565381e-01 1.475736e+00 2.095103e+00 1.224550e+00 8.182551e-02 5.163097e-02 1.814624e-01 1.545477e-01 1.793169e-01 1.223086e-01 2.900691e-01 3.628436e-01 4.148090e-01 1.484355e-01 3.096348e-01 4.570077e-01 3.072995e-01 3.398520e-02
<GCONST> 8.226344e+01
<STATE> 7
<MEAN> 39
 -8.724942e+00 3.334063e+00 1.069639e+01 1.591491e+00 -2.348086e+00 -7.578310e+00 -3.803483e+00 -1.411349e+01 -5.566802e+00 -1.057508e+01 -3.751490e+00 -9.968352e+00 6.179267e+01 -1.229832e+00 -1.792739e+00 -7.734788e-01 1.262228e+00 -5.054505e-01 -1.593361e+00 2.261892e+00 -3.337737e-01 -6.172723e-01 -3.350878e-01 1.273029e+00 1.073871e+00 8.104593e-01 -2.243070e-03 -4.565329e-01 4.297234e-01 -8.775781e-02 -1.386367e+00 -9.881269e-01 3.251749e-01 -1.644051e-01 -4.536482e-01 3.236261e-01 8.057747e-01 2.950754e-01 6.290648e-01
<VARIANCE> 39
 4.299762e+00 1.323880e+01 2.267720e+01 1.447443e+01 4.048788e+01 1.908043e+01 1.414203e+01 2.510095e+01 1.312788e+01 2.047779e+01 5.562949e+01 4.855266e+01 2.211713e+00 8.617535e-01 3.175853e+00 1.746229e+00 3.222262e+00 3.734248e+00 8.288589e+00 3.609070e+00 7.117911e+00 3.755998e+00 2.309973e+00 6.039533e+00 3.098528e+00 7.503378e-01 1.974005e-01 2.394858e-01 3.575441e-01 4.776128e-01 9.159366e-01 5.853340e-01 8.000344e-01 7.229968e-01 3.669109e-01 7.498540e-01 9.805227e-01 5.693448e-01 6.394538e-02
<GCONST> 1.119258e+02
<STATE> 8
<MEAN> 39
 -1.258134e+01 -3.104678e+00 7.987061e+00 4.265019e+00 -6.344641e+00 -1.716772e+01 5.989789e+00 -1.577478e+01 -7.088756e+00 -1.097745e+01 2.702587e+00 -4.121877e+00 6.639314e+01 7.979837e-01 -7.435898e-01 1.287903e+00 -2.526798e-01 -4.297845e+00 -3.707417e+00 5.931287e-01 -5.291604e-01 -1.460514e+00 1.027905e+00 2.814443e+00 1.152439e+00 1.801060e+00 9.360757e-01 2.720312e-01 5.107192e-01 -4.526418e-01 -9.104900e-01 -3.256726e-01 -1.164616e+00 8.999814e-01 6.606692e-02 2.098647e-01 2.937594e-01 -1.770378e-01 1.512150e-01
<VARIANCE> 39
 9.768703e+00 5.410249e+01 4.778091e+01 4.537553e+01 7.808644e+01 1.059346e+02 5.216075e+01 1.276183e+02 5.899823e+01 7.090454e+01 1.152026e+02 3.654058e+01 9.229722e+00 2.932552e+00 5.071287e+00 3.373864e+00 3.295943e+00 1.033807e+01 5.280181e+00 9.855425e+00 8.295646e+00 3.743172e+00 6.263225e+00 7.577143e+00 5.320109e+00 8.155451e-01 1.653386e-01 1.099153e+00 6.701524e-01 6.075703e-01 1.172525e+00 1.229007e+00 8.893662e-01 1.370474e+00 1.483000e+00 1.028111e+00 1.330788e+00 4.706885e-01 1.795830e-01
<GCONST> 1.387148e+02
<STATE> 9
<MEAN> 39
 -5.060236e+00 -4.612209e+00 1.659827e+01 1.682154e+00 -2.526514e+01 -2.694538e+01 -5.498621e-01 -1.100968e+01 -1.161891e+01 -6.361512e+00 1.319427e+01 -3.113634e+00 7.263980e+01 1.852943e+00 -1.987165e+00 -2.433922e-01 -3.226527e-01 -2.575153e+00 -1.539766e+00 -5.653781e-01 4.007585e+00 1.132987e+00 -5.722947e-01 7.153719e-01 5.586257e-01 1.700377e+00 -2.921917e-01 -3.058093e-01 -1.247112e+00 4.705155e-02 1.976116e+00 1.484408e+00 3.597201e-01 5.399246e-01 1.078326e+00 -5.838555e-01 -1.696843e+00 -3.889123e-01 -3.305201e-01
<VARIANCE> 39
 1.027095e+01 2.154858e+01 6.967743e+01 7.503758e+01 1.383084e+02 9.841830e+01 3.414904e+01 2.298123e+02 3.352716e+01 7.769917e+01 8.857166e+01 6.021210e+01 7.512794e+00 7.051569e-01 1.634702e+00 6.912261e+00 2.317194e+00 1.384036e+01 6.334446e+00 2.924751e+00 3.725710e+00 8.146459e+00 5.181155e+00 8.948744e+00 3.768361e+00 6.989886e-01 1.834951e-01 3.189871e-01 4.716283e-01 4.840132e-01 6.824693e-01 5.965585e-01 2.211573e-01 1.099942e+00 6.540957e-01 8.811167e-01 8.685954e-01 8.437640e-01 6.726278e-02
<GCONST> 1.290808e+02
<STATE> 10
<MEAN> 39
 -1.922708e+00 -1.130405e+01 9.834360e+00 1.423047e+00 -2.155235e+01 -2.339153e+01 2.185552e-01 3.280486e+00 -2.939117e+00 -1.090318e+01 7.351102e+00 -3.400904e+00 7.550977e+01 5.571058e-01 -1.993894e+00 -2.888175e+00 -9.204776e-01 2.438658e+00 2.170565e+00 -2.875878e-01 2.263806e+00 2.308225e+00 -3.463724e-01 -3.110698e+00 -9.330533e-01 6.081452e-01 -3.020029e-01 3.121028e-01 1.308196e-03 -2.829201e-01 6.167223e-01 4.099844e-01 -2.070305e-01 -9.465435e-01 -4.836110e-01 4.002744e-01 -3.190721e-01 -3.986149e-01 -2.804321e-01
<VARIANCE> 39
 4.771513e+00 1.888025e+01 4.360668e+01 3.514221e+01 2.319957e+02 8.508000e+01 7.829073e+01 2.171767e+02 6.028030e+01 6.221006e+01 9.518659e+01 4.486250e+01 5.314966e+00 1.320101e-01 5.882238e-01 1.369029e+00 1.024317e+00 1.821221e+00 4.278537e+00 1.342023e+00 3.065535e+00 3.984314e+00 3.131001e+00 1.939532e+00 1.701242e+00 2.076724e-01 5.909104e-02 7.302211e-02 3.427620e-01 2.461092e-01 9.965976e-01 4.459591e-01 3.217306e-01 4.714697e-01 4.185347e-01 3.336779e-01 3.503270e-01 2.806922e-01 3.176765e-02
<GCONST> 1.064469e+02
<STATE> 11
<MEAN> 39
 -9.957800e-01 -1.368209e+01 4.580631e+00 -3.422281e+00 -7.697032e+00 -2.043217e+01 -4.203939e+00 1.115562e+01 -3.580178e+00 -9.203850e+00 1.702147e+00 -1.027034e+01 7.595859e+01 -2.605588e-02 -5.743162e-01 -1.179564e+00 -1.272367e+00 1.396337e+00 1.409334e+00 -5.320538e-01 -3.011409e-01 3.002826e-01 6.793067e-01 -2.201635e+00 -1.287400e+00 -2.329275e-02 -4.604421e-02 2.220646e-01 9.349562e-02 1.481324e-01 -2.446265e-01 -1.716718e-01 -1.342217e-02 -3.513913e-01 -3.651304e-02 -1.931419e-01 1.767115e-01 1.797854e-01 -1.346489e-01
<VARIANCE> 39
 2.332606e+00 2.439035e+01 4.491843e+01 1.942933e+01 1.601432e+02 9.613345e+01 7.208820e+01 1.274159e+02 4.859288e+01 6.313140e+01 5.231434e+01 5.994889e+01 9.489355e+00 1.403717e-01 4.958817e-01 1.354964e+00 8.647982e-01 2.384735e+00 1.980400e+00 1.263769e+00 2.962355e+00 1.627357e+00 2.528186e+00 1.571478e+00 1.092370e+00 1.235786e-01 3.035914e-02 1.384634e-01 2.336033e-01 1.631136e-01 3.000798e-01 1.775993e-01 1.837992e-01 3.530548e-01 3.204136e-01 4.243687e-01 2.512582e-01 2.446548e-01 1.599630e-02
<GCONST> 9.649074e+01
<STATE> 12
<MEAN> 39
 -1.079419e+00 -1.587148e+01 -5.093979e+00 -6.450238e+00 -1.064567e+01 -1.535888e+01 -1.397938e-01 -2.623636e+00 1.988567e+00 -9.137174e+00 -1.335995e+01 -8.435634e+00 7.494147e+01 2.102549e-02 1.419376e-01 -1.231394e+00 -3.298679e-01 1.169205e+00 9.775598e-01 -2.903695e-01 5.931008e-01 7.569169e-01 -4.284536e-01 -1.576494e+00 -4.075101e-01 -3.657079e-01 -1.009435e-01 2.752388e-01 3.489864e-01 1.412130e-01 -2.577425e-01 -1.013081e-01 -4.312605e-02 -7.958050e-02 -2.001248e-01 -9.353601e-02 3.596453e-01 1.952011e-01 -1.534891e-01
<VARIANCE> 39
 3.530637e+00 7.938580e+00 2.486115e+01 3.898949e+01 1.459225e+02 8.402839e+01 2.385892e+01 5.311496e+01 5.473147e+01 1.275239e+01 4.954157e+01 3.379601e+01 5.282745e+00 1.760137e-01 5.420976e-01 5.469427e-01 3.354663e-01 1.611041e+00 1.446198e+00 2.037903e+00 2.000455e+00 1.118982e+00 8.766564e-01 9.833972e-01 8.407503e-01 1.239111e-01 1.199461e-02 7.897038e-02 8.397359e-02 9.106553e-02 1.807091e-01 1.787310e-01 3.287327e-01 2.188045e-01 1.435216e-01 1.034315e-01 1.258901e-01 1.180641e-01 2.105697e-02
<GCONST> 7.981023e+01
<STATE> 13
<MEAN> 39
 -1.993476e+00 -1.343473e+01 -4.404206e+00 -6.473048e+00 -6.084183e+00 -1.134494e+01 -4.022275e+00 2.565676e+00 1.211681e+00 -1.248446e+01 -1.427954e+01 -1.066759e+01 7.289919e+01 -5.978440e-01 1.052313e+00 -8.525985e-02 3.650723e-01 3.361546e-01 4.549635e-01 -4.802480e-01 -1.194407e+00 -3.974387e-01 -1.088237e+00 7.558251e-02 5.719364e-01 -1.217500e+00 -1.404167e-01 1.881846e-01 2.230107e-01 6.411492e-02 -1.999381e-02 -2.156909e-01 1.370969e-01 -3.383205e-01 -1.605610e-01 1.469960e-01 3.999921e-01 6.507532e-02 -1.673394e-01
<VARIANCE> 39
 4.182090e+00 6.161679e+00 5.264816e+01 2.038307e+01 1.211040e+02 9.770438e+01 2.459623e+01 5.466831e+01 6.554795e+01 2.552172e+01 8.708951e+01 3.709895e+01 9.308853e+00 1.690009e-01 4.487917e-01 8.224058e-01 1.821123e+00 9.947024e-01 6.975222e-01 2.017790e+00 2.593090e+00 1.564277e+00 1.624991e+00 1.270169e+00 8.899601e-01 1.757595e-01 2.273613e-02 9.016833e-02 8.591988e-02 2.103770e-01 1.714157e-01 2.450825e-01 3.078324e-01 5.449427e-01 3.566190e-01 2.686864e-01 1.855234e-01 2.074272e-01 3.187611e-02
<GCONST> 9.044515e+01
<STATE> 14
<MEAN> 39
 -5.567739e+00 -1.015137e+01 -3.807606e+00 -7.121140e+00 -1.212925e+01 -7.220080e+00 -3.943937e+00 -4.589310e+00 4.369441e+00 -9.726603e+00 -1.075245e+01 -6.183627e+00 6.800887e+01 -6.376579e-01 1.118104e+00 1.946738e-01 -2.144741e-01 9.831983e-01 -5.736139e-01 6.080043e-02 -6.560112e-01 -5.210913e-01 -8.200441e-03 6.371458e-01 -2.991785e-01 -1.278079e+00 1.643971e-02 -5.797607e-02 2.014880e-02 6.979445e-02 4.792582e-02 8.964832e-02 2.202042e-01 1.670580e-01 -2.465277e-02 -2.803964e-02 -5.238226e-02 -1.249775e-01 7.934389e-02
<VARIANCE> 39
 4.560544e+00 4.276464e+00 1.405906e+01 8.595233e+00 6.518800e+01 5.817141e+01 1.518111e+01 3.691926e+01 2.907163e+01 2.274226e+01 3.062673e+01 2.511833e+01 7.139454e+00 1.316588e-01 2.369651e-01 8.933538e-01 1.517073e+00 1.387576e+00 2.388958e+00 1.239091e+00 1.840989e+00 1.954392e+00 1.529607e+00 9.660990e-01 1.369003e+00 1.035240e-01 1.480850e-02 2.682373e-02 9.296823e-02 1.166392e-01 1.662789e-01 1.270376e-01 1.812125e-01 1.725496e-01 1.588605e-01 2.687536e-01 2.509938e-01 1.492482e-01 1.027783e-02
<GCONST> 7.638963e+01
<STATE> 15
<MEAN> 39
 -5.888150e+00 -5.786725e+00 -3.075665e+00 -4.325153e+00 -4.130828e-01 -1.167241e+01 -4.714220e+00 -1.799927e+00 -1.421350e+00 -1.758735e+01 -1.204882e+01 -1.232535e+01 6.493350e+01 -7.306051e-01 7.761402e-01 5.803617e-02 9.419218e-02 4.339150e-01 6.346024e-01 6.075859e-01 -1.229959e-01 1.354146e-01 3.362600e-02 4.528725e-01 -3.571733e-02 -1.039724e+00 -6.729344e-03 -1.086342e-01 -1.059566e-01 -1.449014e-01 7.164152e-02 6.311748e-02 8.953483e-02 2.987757e-01 2.184139e-01 2.058049e-01 4.248007e-02 1.463358e-02 7.168508e-02
<VARIANCE> 39
 4.318121e+00 8.177394e+00 1.972106e+01 7.030156e+00 1.782119e+01 1.552581e+01 2.413868e+01 6.611662e+01 3.127826e+01 4.919430e+01 6.427213e+01 1.806215e+01 5.280533e+00 6.693973e-02 1.871417e-01 2.876280e-01 6.313336e-01 1.069317e+00 4.232630e-01 6.643588e-01 2.439708e+00 1.136517e+00 9.568495e-01 1.252089e+00 1.061154e+00 4.978201e-02 8.043667e-03 3.107902e-02 7.120043e-02 8.464922e-02 1.457517e-01 1.262736e-01 1.593474e-01 3.357261e-01 1.829390e-01 1.282016e-01 1.331839e-01 1.291737e-01 4.748257e-03
<GCONST> 6.670914e+01
<STATE> 16
<MEAN> 39
 -1.092462e+01 -5.173028e+00 -5.583382e+00 -8.190459e+00 -2.462243e+00 -9.070952e+00 -3.372110e+00 -4.443573e+00 2.098169e+00 -1.187336e+01 -8.309161e+00 -1.005255e+01 6.042754e+01 -8.013632e-01 3.984618e-01 -6.442295e-02 3.312274e-04 8.140579e-01 5.870580e-01 8.291753e-02 -9.089119e-02 3.000412e-01 2.061000e-01 4.680111e-01 2.513804e-02 -7.027717e-01 2.181771e-02 -4.532958e-02 6.496513e-02 1.402080e-01 5.139162e-02 8.059351e-02 2.785473e-02 6.474972e-02 2.832344e-03 9.288821e-02 7.498860e-02 8.980404e-02 5.567120e-02
<VARIANCE> 39
 4.953699e+00 4.884892e+00 8.365514e+00 8.831673e+00 1.842123e+01 1.503696e+01 1.078333e+01 1.633907e+01 1.673308e+01 3.191056e+01 2.338208e+01 3.102953e+01 2.732258e+00 1.281334e-01 1.990665e-01 5.875366e-01 8.065664e-01 1.073939e+00 9.382994e-01 1.193250e+00 1.579674e+00 1.202875e+00 9.417543e-01 6.850682e-01 1.596845e+00 2.392329e-02 2.720746e-02 3.489234e-02 7.931777e-02 1.089656e-01 1.802435e-01 1.215333e-01 2.633156e-01 3.360279e-01 2.295045e-01 2.019511e-01 1.839973e-01 2.685947e-01 5.304289e-03
<GCONST> 6.726653e+01
<STATE> 17
<MEAN> 39
 -1.087342e+01 -1.020465e+00 -8.731002e-01 -1.595890e+00 4.243749e+00 -4.374543e+00 1.072847e+00 -1.196048e+00 2.089224e+00 -1.199348e+01 -6.037266e+00 -7.733278e+00 5.959787e+01 -7.112603e-01 4.375311e-01 -5.080614e-02 2.885376e-01 8.110560e-01 1.092534e+00 7.737604e-01 1.571114e-02 3.514116e-01 3.639085e-01 5.073508e-01 7.593503e-01 -6.999238e-01 -2.556171e-02 -2.165555e-01 -1.316179e-01 -2.054728e-01 -4.966080e-02 8.434924e-02 -9.536383e-02 -1.180194e-02 6.649178e-03 -1.122323e-02 -4.800146e-02 -9.693091e-02 3.867491e-02
<VARIANCE> 39
 5.371390e+00 5.033572e+00 9.394741e+00 9.559487e+00 9.696132e+00 1.364176e+01 1.536243e+01 3.191512e+01 7.207349e+00 1.917863e+01 1.185655e+01 1.338008e+01 3.815524e+00 9.846000e-02 3.816433e-01 6.605888e-01 7.695334e-01 7.197963e-01 5.561410e-01 1.096824e+00 1.781606e+00 6.810886e-01 8.135751e-01 2.143911e+00 1.444843e+00 5.882533e-02 1.021334e-02 3.475129e-02 5.580293e-02 5.087765e-02 8.815392e-02 9.396835e-02 1.458276e-01 1.938930e-01 1.249550e-01 8.503614e-02 1.080100e-01 2.399351e-01 4.523902e-03
<GCONST> 5.962723e+01
<STATE> 18
<MEAN> 39
 -1.573703e+01 -4.427807e+00 -4.347023e+00 -5.466071e+00 3.307360e+00 -1.882589e+00 6.085012e-01 -3.324977e+00 2.126447e+00 -8.614822e+00 -2.056168e+00 -8.708815e+00 5.682277e+01 -5.524347e-01 -1.881619e-01 -1.279153e-01 -3.372411e-01 4.425783e-01 1.267264e+00 5.881464e-01 -1.674286e-02 8.596136e-02 4.903557e-01 1.727334e-01 -3.043585e-01 -3.581556e-01 7.884674e-02 -3.985905e-03 -1.145240e-01 -1.418643e-01 -7.332265e-02 -5.415711e-02 -1.562732e-02 -8.536237e-02 5.165372e-02 -1.082357e-01 -2.496632e-01 -3.852391e-02 5.169892e-02
<VARIANCE> 39
 3.724715e+00 1.079725e+01 7.682730e+00 2.187434e+01 2.577339e+01 1.241771e+01 1.477507e+01 3.486444e+01 1.485592e+01 2.219464e+01 1.518229e+01 3.627201e+01 6.854550e-01 1.287518e-01 1.860333e-01 4.933184e-01 8.627436e-01 1.121253e+00 1.257745e+00 1.143231e+00 1.086407e+00 1.940711e+00 1.199306e+00 1.371791e+00 1.240446e+00 3.479810e-02 1.831993e-02 3.880632e-02 7.328913e-02 1.165214e-01 1.588375e-01 2.719375e-01 3.086069e-01 2.100973e-01 3.384171e-01 1.279711e-01 2.837102e-01 3.830079e-01 3.646494e-03
<GCONST> 6.937038e+01
<STATE> 19
<MEAN> 39
 -1.648074e+01 -1.925202e+00 -7.117353e+00 -8.474162e+00 8.860302e+00 6.085899e+00 2.038750e+00 -4.009679e+00 8.589489e+00 -8.744580e+00 -8.421177e+00 -7.353010e+00 5.499199e+01 -5.006583e-01 -2.676346e-01 -6.180509e-01 -5.044752e-01 8.003155e-01 1.322619e+00 1.594167e-01 -1.462180e-01 8.547145e-01 4.051703e-01 -3.880816e-01 -2.374205e-01 -3.426834e-01 5.369582e-02 7.412706e-03 9.994856e-02 1.065524e-01 -1.679090e-03 -1.904415e-01 -1.080058e-01 8.809085e-02 1.369577e-02 2.079208e-01 1.910179e-01 -1.640896e-02 6.616569e-02
<VARIANCE> 39
 3.199479e+00 1.265602e+01 1.101299e+01 3.945113e+01 3.495012e+01 3.308980e+01 1.653855e+01 6.383262e+01 4.892674e+01 3.995547e+01 2.682440e+01 6.891334e+01 1.781854e+00 1.898985e-01 4.106746e-01 3.233571e-01 1.086749e+00 1.327287e+00 1.795864e+00 2.196831e+00 1.499804e+00 2.677336e+00 3.021841e+00 2.270144e+00 4.487707e+00 1.277394e-01 1.320533e-02 7.533880e-02 8.295607e-02 1.765422e-01 2.149098e-01 2.187053e-01 5.070497e-01 2.646620e-01 3.259996e-01 4.121622e-01 1.686822e-01 5.686206e-01 1.099903e-02
<GCONST> 8.689958e+01
<TRANSP> 20
 0.000000e+00 1.000000e+00 0.000000e+00 0.000000e+00 0.000000e+00 0.000000e+00 0.000000e+00 0.000000e+00 0.000000e+00 0.000000e+00 0.000000e+00 0.000000e+00 0.000000e+00 0.000000e+00 0.000000e+00 0.000000e+00 0.000000e+00 0.000000e+00 0.000000e+00 0.000000e+00
 0.000000e+00 7.391216e-01 2.608785e-01 0.000000e+00 0.000000e+00 0.000000e+00 0.000000e+00 0.000000e+00 0.000000e+00 0.000000e+00 0.000000e+00 0.000000e+00 0.000000e+00 0.000000e+00 0.000000e+00 0.000000e+00 0.000000e+00 0.000000e+00 0.000000e+00 0.000000e+00
 0.000000e+00 0.000000e+00 6.756788e-01 3.243212e-01 0.000000e+00 0.000000e+00 0.000000e+00 0.000000e+00 0.000000e+00 0.000000e+00 0.000000e+00 0.000000e+00 0.000000e+00 0.000000e+00 0.000000e+00 0.000000e+00 0.000000e+00 0.000000e+00 0.000000e+00 0.000000e+00
 0.000000e+00 0.000000e+00 0.000000e+00 6.629274e-01 3.370727e-01 0.000000e+00 0.000000e+00 0.000000e+00 0.000000e+00 0.000000e+00 0.000000e+00 0.000000e+00 0.000000e+00 0.000000e+00 0.000000e+00 0.000000e+00 0.000000e+00 0.000000e+00 0.000000e+00 0.000000e+00
 0.000000e+00 0.000000e+00 0.000000e+00 0.000000e+00 8.158545e-01 1.841455e-01 0.000000e+00 0.000000e+00 0.000000e+00 0.000000e+00 0.000000e+00 0.000000e+00 0.000000e+00 0.000000e+00 0.000000e+00 0.000000e+00 0.000000e+00 0.000000e+00 0.000000e+00 0.000000e+00
 0.000000e+00 0.000000e+00 0.000000e+00 0.000000e+00 0.000000e+00 7.864276e-01 2.135724e-01 0.000000e+00 0.000000e+00 0.000000e+00 0.000000e+00 0.000000e+00 0.000000e+00 0.000000e+00 0.000000e+00 0.000000e+00 0.000000e+00 0.000000e+00 0.000000e+00 0.000000e+00
 0.000000e+00 0.000000e+00 0.000000e+00 0.000000e+00 0.000000e+00 0.000000e+00 5.865385e-01 4.134615e-01 0.000000e+00 0.000000e+00 0.000000e+00 0.000000e+00 0.000000e+00 0.000000e+00 0.000000e+00 0.000000e+00 0.000000e+00 0.000000e+00 0.000000e+00 0.000000e+00
 0.000000e+00 0.000000e+00 0.000000e+00 0.000000e+00 0.000000e+00 0.000000e+00 0.000000e+00 6.554914e-01 3.445087e-01 0.000000e+00 0.000000e+00 0.000000e+00 0.000000e+00 0.000000e+00 0.000000e+00 0.000000e+00 0.000000e+00 0.000000e+00 0.000000e+00 0.000000e+00
 0.000000e+00 0.000000e+00 0.000000e+00 0.000000e+00 0.000000e+00 0.000000e+00 0.000000e+00 0.000000e+00 6.772300e-01 3.227700e-01 0.000000e+00 0.000000e+00 0.000000e+00 0.000000e+00 0.000000e+00 0.000000e+00 0.000000e+00 0.000000e+00 0.000000e+00 0.000000e+00
 0.000000e+00 0.000000e+00 0.000000e+00 0.000000e+00 0.000000e+00 0.000000e+00 0.000000e+00 0.000000e+00 0.000000e+00 6.147644e-01 3.852356e-01 0.000000e+00 0.000000e+00 0.000000e+00 0.000000e+00 0.000000e+00 0.000000e+00 0.000000e+00 0.000000e+00 0.000000e+00
 0.000000e+00 0.000000e+00 0.000000e+00 0.000000e+00 0.000000e+00 0.000000e+00 0.000000e+00 0.000000e+00 0.000000e+00 0.000000e+00 7.220761e-01 2.779240e-01 0.000000e+00 0.000000e+00 0.000000e+00 0.000000e+00 0.000000e+00 0.000000e+00 0.000000e+00 0.000000e+00
 0.000000e+00 0.000000e+00 0.000000e+00 0.000000e+00 0.000000e+00 0.000000e+00 0.000000e+00 0.000000e+00 0.000000e+00 0.000000e+00 0.000000e+00 7.549103e-01 2.450897e-01 0.000000e+00 0.000000e+00 0.000000e+00 0.000000e+00 0.000000e+00 0.000000e+00 0.000000e+00
 0.000000e+00 0.000000e+00 0.000000e+00 0.000000e+00 0.000000e+00 0.000000e+00 0.000000e+00 0.000000e+00 0.000000e+00 0.000000e+00 0.000000e+00 0.000000e+00 6.924993e-01 3.075007e-01 0.000000e+00 0.000000e+00 0.000000e+00 0.000000e+00 0.000000e+00 0.000000e+00
 0.000000e+00 0.000000e+00 0.000000e+00 0.000000e+00 0.000000e+00 0.000000e+00 0.000000e+00 0.000000e+00 0.000000e+00 0.000000e+00 0.000000e+00 0.000000e+00 0.000000e+00 6.683918e-01 3.316081e-01 0.000000e+00 0.000000e+00 0.000000e+00 0.000000e+00 0.000000e+00
 0.000000e+00 0.000000e+00 0.000000e+00 0.000000e+00 0.000000e+00 0.000000e+00 0.000000e+00 0.000000e+00 0.000000e+00 0.000000e+00 0.000000e+00 0.000000e+00 0.000000e+00 0.000000e+00 7.147830e-01 2.852170e-01 0.000000e+00 0.000000e+00 0.000000e+00 0.000000e+00
 0.000000e+00 0.000000e+00 0.000000e+00 0.000000e+00 0.000000e+00 0.000000e+00 0.000000e+00 0.000000e+00 0.000000e+00 0.000000e+00 0.000000e+00 0.000000e+00 0.000000e+00 0.000000e+00 0.000000e+00 7.769725e-01 2.230275e-01 0.000000e+00 0.000000e+00 0.000000e+00
 0.000000e+00 0.000000e+00 0.000000e+00 0.000000e+00 0.000000e+00 0.000000e+00 0.000000e+00 0.000000e+00 0.000000e+00 0.000000e+00 0.000000e+00 0.000000e+00 0.000000e+00 0.000000e+00 0.000000e+00 0.000000e+00 6.896908e-01 3.103092e-01 0.000000e+00 0.000000e+00
 0.000000e+00 0.000000e+00 0.000000e+00 0.000000e+00 0.000000e+00 0.000000e+00 0.000000e+00 0.000000e+00 0.000000e+00 0.000000e+00 0.000000e+00 0.000000e+00 0.000000e+00 0.000000e+00 0.000000e+00 0.000000e+00 0.000000e+00 7.269278e-01 2.730722e-01 0.000000e+00
 0.000000e+00 0.000000e+00 0.000000e+00 0.000000e+00 0.000000e+00 0.000000e+00 0.000000e+00 0.000000e+00 0.000000e+00 0.000000e+00 0.000000e+00 0.000000e+00 0.000000e+00 0.000000e+00 0.000000e+00 0.000000e+00 0.000000e+00 0.000000e+00 6.573177e-01 3.426823e-01
 0.000000e+00 0.000000e+00 0.000000e+00 0.000000e+00 0.000000e+00 0.000000e+00 0.000000e+00 0.000000e+00 0.000000e+00 0.000000e+00 0.000000e+00 0.000000e+00 0.000000e+00 0.000000e+00 0.000000e+00 0.000000e+00 0.000000e+00 0.000000e+00 0.000000e+00 0.000000e+00
<ENDHMM>
