~o
<STREAMINFO> 1 39
<VECSIZE> 39<NULLD><MFCC_D_A_0><DIAGC>
~h "hapus"
<BEGINHMM>
<NUMSTATES> 20
<STATE> 2
<MEAN> 39
 -1.745746e+01 -1.119430e+01 -5.624575e+00 -1.285573e+00 5.694104e+00 -4.241315e+00 3.135205e-01 -3.890925e+00 1.689504e+00 -9.121718e+00 1.323770e-01 -2.174657e+00 5.820626e+01 6.326151e-01 -7.937734e-01 -1.069149e+00 3.352894e-01 1.405947e+00 -8.637501e-02 -7.551692e-01 -8.778571e-01 -2.070939e-01 -5.716479e-01 -4.931812e-01 7.404459e-02 7.629275e-01 5.161424e-01 1.489091e-01 -1.781622e-01 -1.493189e-01 1.200378e-01 2.224620e-01 -2.354394e-01 -4.624648e-01 -1.280085e-01 1.172718e-01 -1.450770e-01 -3.003069e-01 2.918366e-01
<VARIANCE> 39
 1.633793e+00 1.353343e+01 1.048757e+01 9.812080e+00 2.335314e+01 1.350179e+01 2.306552e+01 1.546844e+01 1.876367e+01 2.765815e+01 1.993258e+01 3.475920e+01 1.639093e+00 8.947344e-01 1.656115e+00 1.720198e+00 1.027989e+00 1.644837e+00 1.882360e+00 2.074459e+00 2.675819e+00 1.888558e+00 3.445952e+00 2.291111e+00 3.307476e+00 3.360028e-01 1.954827e-01 1.968326e-01 3.344834e-01 2.627319e-01 3.673173e-01 2.114130e-01 2.518562e-01 2.603162e-01 2.991040e-01 4.372610e-01 1.682066e-01 3.769268e-01 8.682612e-02
<GCONST> 9.273356e+01
<STATE> 3
<MEAN> 39
 -1.041790e+01 -1.246576e+01 -1.087049e+01 -1.848405e+00 1.280316e+01 -4.275141e+00 -1.564689e+00 -1.011542e+01 -6.831595e-01 -1.122184e+01 -3.078331e+00 -2.588002e+00 6.440261e+01 2.988372e+00 5.550112e-01 -1.063117e+00 -1.446154e+00 4.743941e-01 6.278231e-01 -6.695897e-01 -1.730968e+00 -8.917657e-01 9.314359e-02 -7.996248e-01 -1.282625e+00 2.160374e+00 1.933146e-01 1.410457e-02 9.818484e-02 -5.314544e-01 -5.283700e-01 1.103270e-01 3.766824e-02 9.857494e-02 3.814022e-02 2.703152e-01 -1.099587e-02 -2.445932e-01 1.854194e-01
<VARIANCE> 39
 2.617273e+01 4.311938e+01 2.650998e+01 2.337927e+01 4.141903e+01 5.683862e+01 6.621005e+01 4.706802e+01 3.565494e+01 7.185811e+01 3.486464e+01 9.278233e+01 1.735792e+01 1.946559e+00 2.456228e+00 5.052168e+00 2.231246e+00 2.227314e+00 3.190954e+00 2.806027e+00 4.636256e+00 3.914896e+00 3.634881e+00 2.081681e+00 3.791311e+00 9.696029e-01 4.042656e-01 6.478419e-01 6.631311e-01 3.111892e-01 3.071906e-01 2.886313e-01 3.774526e-01 8.020414e-01 5.738999e-01 6.122761e-01 4.378314e-01 5.874614e-01 1.626326e-01
<GCONST> 1.221765e+02
<STATE> 4
<MEAN> 39
 6.367981e-01 -9.520961e+00 -1.531312e+01 -1.140553e+01 5.606208e+00 1.645833e+00 -6.345957e+00 -1.859348e+01 -1.281743e+00 -6.253254e+00 -7.036834e+00 -1.115135e+01 7.054343e+01 1.232161e+00 2.746053e-01 -8.754373e-02 -1.587407e+00 -1.316264e+00 3.972180e-01 -1.041091e-01 -5.404136e-01 -1.059668e-01 7.858934e-01 -4.711449e-01 -9.702709e-01 7.929007e-01 -8.654741e-01 2.179219e-01 7.335251e-01 5.926328e-01 -3.027041e-02 -3.267925e-01 3.118747e-01 6.492732e-01 -4.548598e-02 -1.923664e-01 3.156924e-01 3.220433e-01 -6.833233e-01
<VARIANCE> 39
 3.724045e+00 1.544671e+01 2.993600e+01 2.210187e+01 7.327529e+01 9.957639e+01 7.338972e+01 7.374492e+01 5.681736e+01 7.465285e+01 4.253348e+01 1.442672e+01 8.884555e+00 1.369650e+00 1.332956e+00 3.230370e+00 1.971317e+00 1.814217e+00 2.126738e+00 2.075101e+00 5.515873e+00 2.474841e+00 2.696049e+00 2.186913e+00 2.563151e+00 1.281100e+00 8.271727e-02 1.509461e-01 3.103768e-01 3.720095e-01 4.262219e-01 5.027654e-01 3.702916e-01 6.830924e-01 7.063435e-01 4.863055e-01 1.957500e-01 1.874404e-01 3.670111e-02
<GCONST> 1.096469e+02
<STATE> 5
<MEAN> 39
 1.030950e+00 -1.190984e+01 -2.645228e+00 -1.131429e+01 8.148550e+00 -6.205451e-01 -4.618890e+00 -5.652963e+00 -1.210129e+00 -4.369133e+00 1.279137e-01 -1.353028e+01 7.573478e+01 -4.069047e-01 9.754956e-01 9.839159e-01 6.450546e-01 -4.743911e-01 3.909233e-01 -1.080049e-01 4.526960e-03 -9.651700e-02 1.690493e-01 7.057174e-01 1.192469e-02 -8.280608e-01 -3.035571e-01 6.339297e-02 -1.023716e-01 3.635549e-01 2.135922e-01 -5.767496e-02 8.237698e-02 -8.776371e-02 -2.690470e-02 -2.952399e-01 -8.973113e-02 1.671273e-01 -3.264850e-01
<VARIANCE> 39
 1.610332e+00 3.625557e+01 7.743079e+01 9.389572e+00 4.977265e+01 3.441992e+01 2.183798e+01 1.141063e+02 2.590129e+01 3.532218e+01 7.290096e+01 1.196568e+01 2.568752e+01 6.431060e-01 1.069363e+00 1.438562e+00 1.134320e+00 9.166669e-01 1.776655e+00 1.885419e+00 1.666385e+00 1.276715e+00 1.615015e+00 1.052585e+00 1.000950e+00 7.613504e-01 1.030609e-01 1.544240e-01 1.916512e-01 1.205783e-01 1.167431e-01 9.071124e-02 1.567750e-01 2.539645e-01 1.946192e-01 2.269773e-01 3.149350e-01 2.378736e-01 3.691505e-02
<GCONST> 9.199751e+01
<STATE> 6
<MEAN> 39
 -4.773849e+00 -3.552531e+00 -5.003003e+00 -6.802646e+00 4.145452e+00 1.273752e+00 -3.184916e+00 -1.183802e+01 -3.222924e+00 -8.334451e+00 -4.004646e+00 -1.215725e+01 6.466943e+01 -1.141108e+00 4.721547e-01 5.648616e-01 5.402502e-01 -1.071054e-01 -1.926973e-01 6.504052e-01 6.496834e-01 -6.961509e-02 -5.698352e-01 -4.612304e-02 1.740537e-01 -1.024576e+00 6.649300e-02 -1.148306e-01 -8.785465e-02 -7.302371e-02 1.951993e-03 4.605603e-03 8.428025e-03 -2.288603e-02 1.030517e-01 1.136747e-01 1.507014e-02 1.519997e-02 1.093355e-01
<VARIANCE> 39
 4.747884e+00 6.496455e+00 3.870512e+01 2.751225e+01 3.975142e+01 2.357353e+01 2.782635e+01 4.426186e+01 2.511644e+01 5.671074e+01 4.837284e+01 1.706527e+01 5.937122e+00 2.433377e-01 2.912008e-01 1.037804e+00 6.576869e-01 7.112215e-01 1.368521e+00 1.190022e+00 1.501940e+00 1.388620e+00 1.556412e+00 1.462698e+00 1.031021e+00 1.084611e-01 2.241488e-02 3.804712e-02 1.103552e-01 1.329470e-01 1.060031e-01 1.449970e-01 1.774571e-01 1.739758e-01 2.417287e-01 2.783556e-01 1.829676e-01 1.978509e-01 7.195114e-03
<GCONST> 7.838537e+01
<STATE> 7
<MEAN> 39
 -1.088362e+01 -2.738103e+00 -3.380062e+00 -6.177056e+00 7.125193e-01 -2.997324e+00 -9.644774e-01 -1.102311e+01 -4.205265e+00 -1.006345e+01 -2.938658e+00 -9.437127e+00 5.983105e+01 -6.623448e-01 -1.106551e-01 8.475240e-01 8.674611e-01 -1.566452e-01 -7.023444e-01 2.115766e-01 3.285764e-01 -1.015034e-01 -3.439484e-01 4.466266e-02 1.680931e-01 -2.792762e-01 2.369691e-01 2.942393e-02 -1.201000e-01 -9.400928e-02 -1.533104e-01 -1.950027e-01 -2.656686e-01 -6.796843e-02 -2.240654e-02 1.610407e-01 1.778191e-01 2.440605e-01 2.249751e-01
<VARIANCE> 39
 4.846655e+00 3.463184e+00 1.234823e+01 1.609169e+01 1.485537e+01 1.967120e+01 1.512806e+01 1.435729e+01 1.198439e+01 1.731280e+01 1.994582e+01 1.245781e+01 1.517389e+00 1.763863e-01 3.840623e-01 5.678582e-01 6.050911e-01 1.032851e+00 1.203001e+00 1.342638e+00 1.158341e+00 1.262977e+00 1.161972e+00 1.434320e+00 8.101459e-01 1.606582e-01 6.652703e-02 1.210962e-01 1.361141e-01 1.797820e-01 2.212172e-01 2.524496e-01 2.971617e-01 2.134552e-01 2.938896e-01 2.508530e-01 3.262853e-01 2.448053e-01 3.150855e-02
<GCONST> 7.495225e+01
<STATE> 8
<MEAN> 39
 -1.067475e+01 -1.851662e+00 -1.251752e+00 -2.841651e+00 1.435684e-01 -5.953415e+00 -1.950776e+00 -9.075447e+00 -4.174227e+00 -9.530742e+00 -1.146514e+00 -6.398305e+00 6.141180e+01 2.023156e+00 1.547992e+00 -6.533114e-01 -1.879640e+00 -2.366128e+00 -1.994508e+00 -1.875589e+00 -5.799288e-01 -5.789428e-01 9.512885e-01 1.949422e+00 2.545426e+00 1.178922e+00 9.433734e-01 5.230523e-01 -4.021262e-01 -1.119872e+00 -5.657126e-01 -7.734839e-02 -3.129365e-01 -4.488185e-01 -4.248187e-01 -1.786080e-02 1.584127e-01 2.273852e-01 3.404342e-01
<VARIANCE> 39
 9.523069e+00 1.882745e+01 1.606626e+01 2.461505e+01 4.169055e+01 4.638724e+01 4.168006e+01 1.467610e+01 2.487497e+01 2.334485e+01 3.615795e+01 3.384824e+01 4.861598e+00 2.729314e+00 2.648389e+00 1.500352e+00 4.178170e+00 2.943375e+00 2.718000e+00 1.942948e+00 2.522863e+00 4.310406e+00 3.183790e+00 2.000622e+00 3.348184e+00 4.973849e-01 1.618261e-01 3.295922e-01 1.910168e-01 4.277063e-01 5.662681e-01 5.250821e-01 7.040577e-01 4.254269e-01 7.314648e-01 3.942232e-01 5.986424e-01 8.988625e-01 8.106822e-02
<GCONST> 1.109604e+02
<STATE> 9
<MEAN> 39
 1.500368e+00 6.492631e+00 -4.649124e+00 -1.514450e+01 -1.109617e+01 -1.030743e+01 -6.001273e+00 -1.319655e+01 -9.809308e+00 -9.488471e+00 5.315050e+00 1.525792e+00 6.659032e+01 1.894104e+00 4.936887e-01 -1.366797e+00 -2.199932e+00 -4.317989e-01 5.573363e-01 -1.003212e+00 -1.758297e+00 -1.304570e+00 8.747763e-01 1.296418e+00 8.064809e-01 1.123277e+00 -7.311059e-01 -7.019477e-01 7.391679e-02 7.440366e-01 1.105365e+00 4.755477e-01 -8.802637e-02 -3.588866e-02 5.362837e-01 4.222013e-01 -3.496741e-01 -8.419140e-01 -2.377803e-01
<VARIANCE> 39
 4.241430e+00 1.616381e+01 3.296864e+01 3.579015e+01 3.696473e+01 3.140643e+01 2.258427e+01 2.560819e+01 3.746242e+01 3.812067e+01 5.540216e+01 2.529538e+01 2.390169e+00 2.632801e+00 2.431412e+00 1.332584e+00 5.756002e+00 5.876076e+00 3.795345e+00 3.945589e+00 2.450662e+00 3.644792e+00 4.162373e+00 4.954144e+00 4.155777e+00 3.634035e-01 1.587804e-01 2.697823e-01 1.992722e-01 4.668500e-01 4.342488e-01 7.313251e-01 5.779671e-01 6.318120e-01 9.114836e-01 4.567193e-01 9.877689e-01 6.521528e-01 3.558129e-02
<GCONST> 1.134436e+02
<STATE> 10
<MEAN> 39
 2.194094e+00 2.732978e+00 -7.701312e+00 -1.797373e+01 -3.296687e+00 -9.168036e+00 -1.485126e+01 -1.701118e+01 -7.756618e+00 -2.090023e+00 4.795847e+00 -2.563308e+00 6.947492e+01 -2.927360e-01 -3.937905e-01 5.233541e-01 9.369381e-01 1.222101e+00 -1.307472e+00 -1.426351e+00 4.559363e-01 1.596930e+00 3.281951e-01 -1.708990e+00 -1.426371e+00 1.199185e-01 -4.604086e-01 2.405199e-01 5.198512e-01 6.742508e-01 -4.708776e-02 -5.220068e-01 6.066818e-01 4.054775e-01 8.263140e-02 -7.741374e-01 -4.421426e-01 2.002123e-01 -2.490203e-01
<VARIANCE> 39
 1.412009e+00 8.326056e+00 5.901199e+01 5.845772e+01 2.620583e+01 6.771740e+01 4.337542e+01 2.545984e+01 5.894193e+01 8.135821e+01 1.358046e+02 6.407700e+01 4.008976e+00 3.004366e-01 8.912447e-01 1.634846e+00 2.604810e+00 2.272535e+00 3.161253e+00 2.645924e+00 3.387695e+00 2.606512e+00 4.233534e+00 4.174429e+00 3.420860e+00 2.701484e-01 1.310657e-01 1.265047e-01 3.565422e-01 2.612504e-01 3.916989e-01 4.209683e-01 5.756800e-01 7.101490e-01 7.127052e-01 5.563234e-01 9.203187e-01 9.148170e-01 1.498452e-02
<GCONST> 1.092907e+02
<STATE> 11
<MEAN> 39
 -2.343449e+00 4.104029e+00 -3.877538e+00 -9.254375e+00 6.235868e-01 -1.643585e+01 -1.200816e+01 -1.604410e+01 -3.783284e+00 -6.218926e+00 -1.506048e+00 -4.229548e+00 6.775016e+01 -3.131315e+00 1.902836e+00 1.984671e-01 1.703356e+00 2.024403e+00 -2.790393e+00 2.687303e+00 -9.700181e-02 4.780382e-01 -7.042343e-01 -5.924740e-01 4.711185e-01 8.106485e-02 -8.686716e-01 7.076897e-01 -6.032822e-01 -2.719197e-01 1.687920e-01 -3.964920e-01 6.710909e-01 -3.268693e-02 -1.615176e-01 2.954461e-01 3.441912e-01 3.548011e-01 3.224861e-01
<VARIANCE> 39
 1.284461e+01 1.256518e+01 2.144456e+01 4.886482e+01 2.879779e+01 1.014296e+02 4.699649e+01 4.952961e+01 3.801593e+01 6.920734e+01 1.296372e+02 2.853079e+01 4.184315e+00 2.134776e+00 2.103585e+00 2.306748e+00 2.176820e+00 3.116005e+00 2.669799e+00 3.279869e+00 3.136305e+00 1.662952e+00 4.417135e+00 4.843756e+00 2.351766e+00 4.977293e-01 1.303323e-01 1.557629e-01 1.268877e-01 2.108118e-01 5.207231e-01 5.508063e-01 7.345732e-01 6.882722e-01 2.668143e-01 5.317589e-01 8.470871e-01 3.892043e-01 5.405080e-02
<GCONST> 1.128350e+02
<STATE> 12
<MEAN> 39
 -1.863624e+01 1.448211e+01 -7.966801e+00 -4.206498e+00 6.542898e+00 -2.851441e+01 -1.224207e+00 -1.572134e+01 -1.712973e+00 -5.909627e+00 -2.220731e+00 1.231172e-01 7.065312e+01 -3.272279e+00 1.817656e+00 -8.168256e-01 9.146021e-01 5.793566e-01 -1.655160e+00 1.538774e+00 9.239767e-01 1.205769e-01 2.229614e-02 3.860557e-02 8.435323e-01 5.883989e-01 7.448778e-01 -5.299002e-01 2.906564e-01 -3.331451e-02 -3.829696e-01 9.178711e-01 -5.770547e-01 1.983240e-01 -1.230464e-01 -1.319425e-01 5.439792e-02 -4.140070e-01 -1.702384e-01
<VARIANCE> 39
 1.780185e+01 2.739257e+01 9.864579e+00 8.962392e+01 3.084691e+01 5.872748e+01 5.673056e+01 3.352554e+01 5.441872e+01 5.224477e+01 4.545336e+01 4.612637e+01 2.663808e+00 1.922221e+00 1.592674e+00 1.471956e+00 1.269889e+00 3.276302e+00 4.667058e+00 2.987862e+00 2.600121e+00 1.232940e+00 1.647044e+00 2.710850e+00 2.988448e+00 4.384517e-01 1.236320e-01 1.511359e-01 2.396178e-01 2.759155e-01 4.374103e-01 4.378937e-01 3.919846e-01 4.976324e-01 3.015253e-01 4.426822e-01 4.817768e-01 5.244414e-01 3.068743e-02
<GCONST> 1.079252e+02
<STATE> 13
<MEAN> 39
 -2.684970e+01 1.957646e+01 -7.355073e+00 -5.238300e+00 1.100964e+01 -2.566059e+01 3.486056e+00 -1.108537e+01 -4.687290e+00 -5.408635e+00 9.502631e-02 -2.195653e+00 7.185501e+01 -5.312575e-01 1.227713e-01 1.071198e-01 6.903474e-01 1.923925e-01 6.731364e-01 2.571629e-01 5.440159e-01 4.944543e-02 -1.712368e-01 -8.742420e-02 -4.520849e-01 -2.436850e-01 2.076053e-01 -1.322636e-01 1.288246e-02 -5.307920e-02 -4.751622e-02 1.879507e-01 -8.665856e-03 -3.364135e-02 2.701536e-02 3.788615e-02 5.033412e-02 1.078038e-02 -1.116594e-01
<VARIANCE> 39
 6.760829e+00 1.119052e+01 1.855266e+01 2.806630e+01 2.482529e+01 3.115966e+01 6.760052e+01 3.546558e+01 3.874309e+01 9.261404e+01 2.181571e+01 3.146892e+01 3.951734e+00 2.992447e-01 4.923002e-01 5.698481e-01 6.638981e-01 9.496165e-01 2.178443e+00 1.738106e+00 1.448827e+00 2.577554e+00 1.841299e+00 6.424860e-01 1.363449e+00 2.255400e-01 1.016263e-01 8.426293e-02 8.358786e-02 1.067917e-01 1.446931e-01 4.048052e-01 2.914519e-01 3.223261e-01 3.771232e-01 3.778469e-01 1.118665e-01 2.595647e-01 2.969941e-02
<GCONST> 8.779606e+01
<STATE> 14
<MEAN> 39
 -2.345497e+01 1.536528e+01 -7.709554e+00 7.737638e+00 2.471693e+00 -2.386479e+01 1.159969e+00 -1.183108e+01 6.365099e-01 -1.503151e+01 -5.517209e+00 -1.950542e+00 6.786334e+01 -3.017877e-01 -2.026938e-01 1.849791e-01 1.840684e-01 -1.799327e-02 1.472421e+00 5.718126e-01 1.788094e-01 -2.442118e-01 -2.758429e-01 3.196808e-01 -2.347038e-01 -4.949402e-01 3.595610e-02 -1.958846e-01 -8.805931e-02 -1.535329e-01 -2.151220e-02 -1.011718e-01 -6.571659e-02 -1.175353e-01 8.642716e-02 2.315417e-01 1.297730e-01 8.864756e-02 -3.847154e-02
<VARIANCE> 39
 1.014859e+01 2.044853e+01 1.285420e+01 4.406350e+01 5.630301e+01 6.228051e+01 4.679205e+01 1.824890e+01 1.953745e+01 5.118390e+01 2.751121e+01 2.301020e+01 6.126285e+00 1.007750e-01 3.788334e-01 5.904229e-01 6.699118e-01 6.233956e-01 6.767911e-01 1.138753e+00 1.111112e+00 1.052285e+00 2.037530e+00 1.786244e+00 1.903856e+00 6.356075e-02 1.518331e-02 4.780546e-02 1.025981e-01 1.016301e-01 1.008966e-01 1.790141e-01 1.909512e-01 1.799205e-01 3.005943e-01 2.312596e-01 2.727397e-01 2.452951e-01 8.827032e-03
<GCONST> 7.856793e+01
<STATE> 15
<MEAN> 39
 -2.832210e+01 1.444779e+01 -6.548722e+00 -2.250497e+00 9.799322e+00 -1.969827e+01 3.041118e+00 -6.477250e+00 -5.144338e+00 -2.749028e+00 5.310250e-01 -3.001471e+00 6.677677e+01 -5.557598e-02 -8.719736e-01 -1.167664e-02 4.624940e-02 -1.110779e-01 3.765747e-01 4.003089e-01 1.222823e-01 4.523385e-01 1.595799e-01 4.013433e-01 -2.285151e-01 -6.448219e-01 1.189916e-01 -1.109235e-01 4.612484e-02 -1.107686e-01 -2.387852e-02 -9.538276e-02 8.240504e-03 1.109272e-02 1.144211e-01 -4.043861e-02 -9.893040e-02 -9.828559e-02 -2.392619e-02
<VARIANCE> 39
 9.951316e+00 1.909121e+01 1.516305e+01 4.812153e+01 5.199318e+01 3.610939e+01 3.294899e+01 3.519872e+01 3.155449e+01 5.730503e+01 1.350636e+01 2.013943e+01 6.530421e+00 1.797092e-01 2.146667e-01 1.682786e-01 5.857056e-01 3.505399e-01 1.405683e+00 1.163876e+00 1.858268e+00 1.299725e+00 1.511938e+00 5.581896e-01 1.097162e+00 5.478448e-02 2.112315e-02 4.776444e-02 4.237704e-02 1.036000e-01 1.093763e-01 2.776014e-01 1.697281e-01 2.417638e-01 1.807338e-01 1.823720e-01 1.646062e-01 2.101205e-01 9.858303e-03
<GCONST> 7.445390e+01
<STATE> 16
<MEAN> 39
 -2.755190e+01 1.236503e+01 -6.460860e+00 -9.634780e-01 9.221781e+00 -1.759611e+01 7.417870e+00 -8.426423e+00 1.624016e+00 -6.888604e+00 2.605936e+00 -6.887824e+00 6.426515e+01 5.129420e-01 -1.392532e+00 5.088238e-01 -2.512794e-01 -5.005572e-01 3.361765e-01 -4.260825e-01 4.187989e-01 4.982957e-01 7.719853e-02 -1.940878e-01 -3.118884e-01 -8.571658e-01 1.114043e-01 -1.516032e-01 4.685066e-02 6.543860e-02 -6.443520e-02 2.504462e-01 -1.531517e-01 -3.412778e-02 -1.442485e-01 -1.003111e-01 -1.926105e-01 1.066109e-01 -2.288701e-02
<VARIANCE> 39
 5.818451e+00 1.595159e+01 1.694465e+01 2.300734e+01 2.752354e+01 4.666886e+01 2.929991e+01 4.257436e+01 1.840835e+01 4.408532e+01 3.997334e+01 3.465001e+01 4.124571e+00 2.029977e-01 2.930438e-01 6.984686e-01 1.159647e+00 1.068925e+00 1.191160e+00 1.928705e+00 1.220425e+00 7.326050e-01 2.489136e+00 1.091848e+00 1.667911e+00 8.843386e-02 2.421162e-02 2.789111e-02 1.572015e-01 1.301619e-01 1.190108e-01 3.439105e-01 4.920023e-01 3.832280e-01 2.066340e-01 5.797669e-01 1.956777e-01 3.117606e-01 7.191381e-03
<GCONST> 8.274203e+01
<STATE> 17
<MEAN> 39
 -2.344874e+01 3.412294e+00 -4.843534e+00 -1.359652e-01 5.574821e+00 -1.238226e+01 4.414063e+00 -6.070651e+00 7.824469e-01 -7.469209e+00 -6.597602e-01 -4.864456e+00 6.029118e+01 6.287731e-01 -1.547569e+00 2.673928e-01 -3.986630e-02 -2.077922e-01 1.560516e+00 1.925844e-01 -1.670092e-02 1.012752e-01 -3.765910e-01 -5.255650e-01 -2.417252e-02 -6.334587e-01 -3.178096e-02 6.539395e-02 -6.744132e-03 -2.988516e-02 -3.836907e-02 -3.786634e-03 3.279830e-02 3.717734e-02 8.784715e-02 1.188093e-01 1.641616e-01 -4.808388e-02 5.139243e-02
<VARIANCE> 39
 6.718421e+00 9.824587e+00 1.005951e+01 2.452071e+01 3.771232e+01 4.735770e+01 2.295134e+01 3.095094e+01 3.319953e+01 3.045588e+01 2.832800e+01 2.177526e+01 9.783126e-01 1.959810e-01 3.301348e-01 6.941379e-01 6.606625e-01 1.197084e+00 1.082589e+00 1.289989e+00 1.488250e+00 1.611314e+00 2.281007e+00 1.418483e+00 1.106238e+00 5.847843e-02 2.479569e-02 5.682930e-02 1.264895e-01 1.477235e-01 1.722118e-01 1.467485e-01 1.895283e-01 3.036309e-01 3.205092e-01 3.832118e-01 2.587734e-01 2.224981e-01 1.104356e-02
<GCONST> 7.852142e+01
<STATE> 18
<MEAN> 39
 -2.037861e+01 -2.857288e+00 -3.334991e+00 -2.630982e+00 3.551257e+00 -7.356573e+00 5.328252e+00 -7.216382e+00 2.990701e+00 -6.940655e+00 -5.408685e-01 -5.885144e+00 5.773074e+01 5.258688e-01 -1.052028e+00 2.912439e-01 -4.592562e-01 -2.938616e-01 1.197261e+00 -3.604470e-01 3.349689e-01 2.456130e-01 1.874425e-01 -4.210261e-02 -6.965913e-01 -4.287800e-01 1.166750e-03 8.674267e-02 3.596298e-02 5.979930e-02 5.039579e-02 -7.165441e-02 -6.441399e-02 9.379391e-02 -6.747396e-02 -7.217219e-02 -3.265480e-02 -3.553787e-02 2.665100e-02
<VARIANCE> 39
 7.272143e+00 7.803529e+00 8.338346e+00 1.335403e+01 8.344244e+00 2.626003e+01 1.365186e+01 2.536532e+01 8.594967e+00 2.656125e+01 1.580233e+01 1.742271e+01 8.653600e-01 1.831435e-01 3.827505e-01 4.412075e-01 7.232705e-01 1.041120e+00 8.914690e-01 8.430862e-01 1.562399e+00 1.124133e+00 1.435748e+00 1.155857e+00 1.446616e+00 2.978805e-02 3.099954e-02 5.835290e-02 6.791598e-02 8.306734e-02 1.313770e-01 1.439302e-01 1.729154e-01 2.441608e-01 2.102869e-01 2.483996e-01 2.740298e-01 2.816775e-01 7.209523e-03
<GCONST> 6.737789e+01
<STATE> 19
<MEAN> 39
 -1.915334e+01 -5.832943e+00 -1.407027e+00 -1.070403e+00 3.832424e+00 -9.376540e-01 3.117535e+00 -5.073046e+00 6.373946e-01 -8.812398e+00 -2.043812e+00 -9.441725e+00 5.625534e+01 6.054071e-01 -7.269162e-01 3.164023e-01 -2.255607e-01 -1.670125e-01 6.658314e-01 -2.681562e-01 3.571516e-01 -6.864625e-02 5.915506e-03 5.211274e-01 1.540510e-01 -2.372952e-01 5.704245e-02 1.084303e-01 -4.338368e-02 -1.063398e-02 -5.455084e-02 -1.137885e-01 -8.239473e-02 -7.630400e-02 -7.635879e-02 -1.208161e-01 8.152753e-02 1.445220e-01 7.357899e-02
<VARIANCE> 39
 1.042450e+01 6.204057e+00 1.387025e+01 1.914277e+01 5.090058e+01 2.179229e+01 2.885080e+01 1.793022e+01 2.674924e+01 5.161129e+01 5.209359e+01 3.104109e+01 9.451931e-01 3.820320e-01 3.565626e-01 7.825473e-01 1.408806e+00 1.494697e+00 2.072834e+00 1.994125e+00 1.150807e+00 2.684987e+00 2.499171e+00 1.708986e+00 1.280114e+00 7.322836e-02 5.884285e-02 6.886319e-02 1.226761e-01 3.160277e-01 3.469465e-01 2.992872e-01 2.066986e-01 2.104507e-01 4.187745e-01 3.650920e-01 3.315977e-01 3.138530e-01 1.166817e-02
<GCONST> 8.663824e+01
<TRANSP> 20
 0.000000e+00 1.000000e+00 0.000000e+00 0.000000e+00 0.000000e+00 0.000000e+00 0.000000e+00 0.000000e+00 0.000000e+00 0.000000e+00 0.000000e+00 0.000000e+00 0.000000e+00 0.000000e+00 0.000000e+00 0.000000e+00 0.000000e+00 0.000000e+00 0.000000e+00 0.000000e+00
 0.000000e+00 7.366915e-01 2.633085e-01 0.000000e+00 0.000000e+00 0.000000e+00 0.000000e+00 0.000000e+00 0.000000e+00 0.000000e+00 0.000000e+00 0.000000e+00 0.000000e+00 0.000000e+00 0.000000e+00 0.000000e+00 0.000000e+00 0.000000e+00 0.000000e+00 0.000000e+00
 0.000000e+00 0.000000e+00 7.477644e-01 2.522356e-01 0.000000e+00 0.000000e+00 0.000000e+00 0.000000e+00 0.000000e+00 0.000000e+00 0.000000e+00 0.000000e+00 0.000000e+00 0.000000e+00 0.000000e+00 0.000000e+00 0.000000e+00 0.000000e+00 0.000000e+00 0.000000e+00
 0.000000e+00 0.000000e+00 0.000000e+00 7.304183e-01 2.695818e-01 0.000000e+00 0.000000e+00 0.000000e+00 0.000000e+00 0.000000e+00 0.000000e+00 0.000000e+00 0.000000e+00 0.000000e+00 0.000000e+00 0.000000e+00 0.000000e+00 0.000000e+00 0.000000e+00 0.000000e+00
 0.000000e+00 0.000000e+00 0.000000e+00 0.000000e+00 7.235687e-01 2.764314e-01 0.000000e+00 0.000000e+00 0.000000e+00 0.000000e+00 0.000000e+00 0.000000e+00 0.000000e+00 0.000000e+00 0.000000e+00 0.000000e+00 0.000000e+00 0.000000e+00 0.000000e+00 0.000000e+00
 0.000000e+00 0.000000e+00 0.000000e+00 0.000000e+00 0.000000e+00 8.558976e-01 1.441024e-01 0.000000e+00 0.000000e+00 0.000000e+00 0.000000e+00 0.000000e+00 0.000000e+00 0.000000e+00 0.000000e+00 0.000000e+00 0.000000e+00 0.000000e+00 0.000000e+00 0.000000e+00
 0.000000e+00 0.000000e+00 0.000000e+00 0.000000e+00 0.000000e+00 0.000000e+00 7.915868e-01 2.084133e-01 0.000000e+00 0.000000e+00 0.000000e+00 0.000000e+00 0.000000e+00 0.000000e+00 0.000000e+00 0.000000e+00 0.000000e+00 0.000000e+00 0.000000e+00 0.000000e+00
 0.000000e+00 0.000000e+00 0.000000e+00 0.000000e+00 0.000000e+00 0.000000e+00 0.000000e+00 6.925031e-01 3.074969e-01 0.000000e+00 0.000000e+00 0.000000e+00 0.000000e+00 0.000000e+00 0.000000e+00 0.000000e+00 0.000000e+00 0.000000e+00 0.000000e+00 0.000000e+00
 0.000000e+00 0.000000e+00 0.000000e+00 0.000000e+00 0.000000e+00 0.000000e+00 0.000000e+00 0.000000e+00 7.277234e-01 2.722766e-01 0.000000e+00 0.000000e+00 0.000000e+00 0.000000e+00 0.000000e+00 0.000000e+00 0.000000e+00 0.000000e+00 0.000000e+00 0.000000e+00
 0.000000e+00 0.000000e+00 0.000000e+00 0.000000e+00 0.000000e+00 0.000000e+00 0.000000e+00 0.000000e+00 0.000000e+00 7.544195e-01 2.455805e-01 0.000000e+00 0.000000e+00 0.000000e+00 0.000000e+00 0.000000e+00 0.000000e+00 0.000000e+00 0.000000e+00 0.000000e+00
 0.000000e+00 0.000000e+00 0.000000e+00 0.000000e+00 0.000000e+00 0.000000e+00 0.000000e+00 0.000000e+00 0.000000e+00 0.000000e+00 7.216630e-01 2.783370e-01 0.000000e+00 0.000000e+00 0.000000e+00 0.000000e+00 0.000000e+00 0.000000e+00 0.000000e+00 0.000000e+00
 0.000000e+00 0.000000e+00 0.000000e+00 0.000000e+00 0.000000e+00 0.000000e+00 0.000000e+00 0.000000e+00 0.000000e+00 0.000000e+00 0.000000e+00 7.426002e-01 2.573998e-01 0.000000e+00 0.000000e+00 0.000000e+00 0.000000e+00 0.000000e+00 0.000000e+00 0.000000e+00
 0.000000e+00 0.000000e+00 0.000000e+00 0.000000e+00 0.000000e+00 0.000000e+00 0.000000e+00 0.000000e+00 0.000000e+00 0.000000e+00 0.000000e+00 0.000000e+00 8.046747e-01 1.953253e-01 0.000000e+00 0.000000e+00 0.000000e+00 0.000000e+00 0.000000e+00 0.000000e+00
 0.000000e+00 0.000000e+00 0.000000e+00 0.000000e+00 0.000000e+00 0.000000e+00 0.000000e+00 0.000000e+00 0.000000e+00 0.000000e+00 0.000000e+00 0.000000e+00 0.000000e+00 7.640009e-01 2.359991e-01 0.000000e+00 0.000000e+00 0.000000e+00 0.000000e+00 0.000000e+00
 0.000000e+00 0.000000e+00 0.000000e+00 0.000000e+00 0.000000e+00 0.000000e+00 0.000000e+00 0.000000e+00 0.000000e+00 0.000000e+00 0.000000e+00 0.000000e+00 0.000000e+00 0.000000e+00 7.773970e-01 2.226030e-01 0.000000e+00 0.000000e+00 0.000000e+00 0.000000e+00
 0.000000e+00 0.000000e+00 0.000000e+00 0.000000e+00 0.000000e+00 0.000000e+00 0.000000e+00 0.000000e+00 0.000000e+00 0.000000e+00 0.000000e+00 0.000000e+00 0.000000e+00 0.000000e+00 0.000000e+00 7.335626e-01 2.664374e-01 0.000000e+00 0.000000e+00 0.000000e+00
 0.000000e+00 0.000000e+00 0.000000e+00 0.000000e+00 0.000000e+00 0.000000e+00 0.000000e+00 0.000000e+00 0.000000e+00 0.000000e+00 0.000000e+00 0.000000e+00 0.000000e+00 0.000000e+00 0.000000e+00 0.000000e+00 7.806536e-01 2.193464e-01 0.000000e+00 0.000000e+00
 0.000000e+00 0.000000e+00 0.000000e+00 0.000000e+00 0.000000e+00 0.000000e+00 0.000000e+00 0.000000e+00 0.000000e+00 0.000000e+00 0.000000e+00 0.000000e+00 0.000000e+00 0.000000e+00 0.000000e+00 0.000000e+00 0.000000e+00 7.938967e-01 2.061033e-01 0.000000e+00
 0.000000e+00 0.000000e+00 0.000000e+00 0.000000e+00 0.000000e+00 0.000000e+00 0.000000e+00 0.000000e+00 0.000000e+00 0.000000e+00 0.000000e+00 0.000000e+00 0.000000e+00 0.000000e+00 0.000000e+00 0.000000e+00 0.000000e+00 0.000000e+00 7.458689e-01 2.541311e-01
 0.000000e+00 0.000000e+00 0.000000e+00 0.000000e+00 0.000000e+00 0.000000e+00 0.000000e+00 0.000000e+00 0.000000e+00 0.000000e+00 0.000000e+00 0.000000e+00 0.000000e+00 0.000000e+00 0.000000e+00 0.000000e+00 0.000000e+00 0.000000e+00 0.000000e+00 0.000000e+00
<ENDHMM>
