~o
<STREAMINFO> 1 39
<VECSIZE> 39<NULLD><MFCC_D_A_0><DIAGC>
~h "puluh"
<BEGINHMM>
<NUMSTATES> 20
<STATE> 2
<MEAN> 39
 -1.731294e+01 -9.648637e+00 -2.701910e+00 -5.598369e+00 1.252918e+00 -3.663988e+00 2.247410e-01 -4.551769e+00 -3.498029e-01 -4.462324e+00 8.486049e-01 -4.684698e+00 5.617170e+01 1.032496e+00 6.041878e-01 -1.645989e-01 3.935584e-02 -7.800559e-01 -8.378029e-01 -1.129425e+00 -1.583941e+00 -8.033060e-01 -1.882489e-01 4.246295e-01 5.090408e-01 8.364387e-01 7.875102e-01 5.928351e-01 1.048235e-01 -3.283100e-01 -3.663803e-01 -2.288368e-01 -3.071128e-01 -2.950232e-01 -2.928752e-01 -3.042802e-01 -7.848660e-02 -2.686149e-02 4.128489e-01
<VARIANCE> 39
 2.029099e+00 2.369235e+01 6.301209e+00 1.960144e+01 1.161169e+01 1.727770e+01 1.491136e+01 5.955124e+01 1.884661e+01 3.953167e+01 1.824359e+01 1.754160e+01 2.909381e+00 1.954970e+00 2.003953e+00 1.131143e+00 1.964054e+00 2.580714e+00 3.229154e+00 3.112771e+00 4.412906e+00 2.125332e+00 2.168889e+00 2.927417e+00 1.751117e+00 6.849352e-01 3.055123e-01 4.841931e-01 3.103133e-01 6.314752e-01 4.128271e-01 4.817792e-01 3.755532e-01 6.524411e-01 4.954261e-01 6.383067e-01 5.463792e-01 3.134427e-01 7.471172e-02
<GCONST> 1.035223e+02
<STATE> 3
<MEAN> 39
 -6.363260e+00 -2.265117e+00 -1.327569e+00 -7.765676e+00 -5.151917e+00 -1.009107e+01 -7.341938e+00 -1.233357e+01 -6.219311e+00 -6.130260e+00 1.249249e+00 -3.517049e+00 6.261209e+01 4.944323e+00 4.373539e+00 2.496381e-01 -3.596707e+00 -2.959321e+00 -1.195414e+00 -1.546416e+00 -1.091091e+00 -2.125633e+00 -1.816972e+00 3.819419e-01 7.419845e-01 2.411336e+00 -2.403617e-02 5.158845e-02 -2.158457e-01 -8.810698e-01 1.689476e-01 9.317061e-01 5.547885e-01 6.012893e-01 -1.482360e-01 -1.656107e-01 3.353469e-01 1.846514e-01 -8.839729e-02
<VARIANCE> 39
 2.903219e+01 4.917325e+01 2.599655e+01 3.699242e+01 4.358512e+01 4.094454e+01 3.456944e+01 7.257654e+01 3.653901e+01 3.325262e+01 3.029152e+01 1.741241e+01 5.857815e+00 8.492095e-01 2.615655e+00 3.719333e+00 4.532103e+00 2.804101e+00 3.793938e+00 3.278198e+00 5.705330e+00 8.069169e+00 5.554735e+00 3.558549e+00 1.629690e+00 7.186559e-01 5.468073e-01 9.833927e-01 2.523735e-01 7.648873e-01 6.403819e-01 6.231062e-01 7.220140e-01 8.220351e-01 6.693527e-01 6.065367e-01 6.632620e-01 3.672564e-01 1.220552e-01
<GCONST> 1.222859e+02
<STATE> 4
<MEAN> 39
 3.319155e+00 7.730761e+00 -1.443716e+00 -1.878430e+01 -1.168994e+01 -9.050564e+00 -7.297995e+00 -1.035105e+01 -9.953724e+00 -1.191990e+01 4.099044e+00 -7.982358e-01 6.704617e+01 1.931154e+00 9.499758e-01 -8.503951e-01 -2.760947e+00 -1.254760e-01 2.233819e+00 2.577966e-01 -4.880275e-01 -2.204024e+00 -6.762494e-01 1.760768e+00 1.347664e+00 1.262026e+00 -1.018228e+00 -1.250294e+00 -2.115026e-01 9.331735e-01 1.103703e+00 6.355026e-01 1.229599e-01 -4.846281e-01 2.868275e-02 1.070237e+00 5.304655e-01 -1.044111e-01 -3.546118e-01
<VARIANCE> 39
 4.656204e+00 1.313012e+01 2.679974e+01 2.575026e+01 3.995158e+01 5.883846e+01 3.611236e+01 5.219103e+01 9.731696e+01 1.445755e+01 4.038649e+01 1.197497e+01 3.847116e+00 1.523425e+00 2.004764e+00 8.600746e-01 4.199381e+00 3.095155e+00 2.550375e+00 2.724067e+00 2.368225e+00 3.184510e+00 2.113028e+00 4.360111e+00 1.374388e+00 8.326252e-01 2.079749e-01 2.783084e-01 1.628855e-01 2.529323e-01 3.149667e-01 5.474015e-01 2.776338e-01 6.797622e-01 8.563393e-01 6.981820e-01 4.857947e-01 4.435681e-01 6.193287e-02
<GCONST> 1.079588e+02
<STATE> 5
<MEAN> 39
 5.040142e+00 4.091235e+00 -6.489207e+00 -2.152411e+01 -8.963946e+00 -2.355921e-01 -4.310983e+00 -1.831456e+01 -1.597369e+01 -7.373077e+00 1.023148e+01 3.425545e+00 6.920322e+01 2.905721e-01 -1.413671e+00 -7.378085e-01 4.592888e-01 1.599392e+00 1.744740e+00 -8.373140e-01 -3.062977e+00 -1.372577e+00 3.529940e+00 2.669104e+00 -7.192222e-01 6.884478e-01 -4.569638e-01 -4.489658e-01 3.660538e-01 1.201367e+00 2.916986e-01 -8.910540e-01 -6.155647e-01 7.073939e-03 8.361418e-01 6.291805e-01 -5.234912e-01 -1.065259e+00 -2.100450e-01
<VARIANCE> 39
 2.570365e+00 1.027314e+01 4.311660e+01 2.100872e+01 7.054356e+01 3.841653e+01 6.958348e+01 7.563631e+01 6.369159e+01 4.120761e+01 7.263589e+01 1.466624e+01 3.935724e+00 3.649933e-01 8.506739e-01 9.640693e-01 2.379323e+00 2.585306e+00 1.616678e+00 4.314981e+00 3.163206e+00 3.915979e+00 2.948219e+00 4.178668e+00 3.702713e+00 1.330151e-01 1.017779e-01 2.325362e-01 1.568398e-01 2.778503e-01 5.049058e-01 3.233701e-01 2.314188e-01 7.145976e-01 8.997744e-01 9.426088e-01 8.964452e-01 3.988548e-01 6.006567e-02
<GCONST> 1.068248e+02
<STATE> 6
<MEAN> 39
 3.406477e+00 3.974966e+00 1.140035e+00 -2.296621e+01 7.435903e+00 3.295833e+00 -2.195139e+01 -1.161014e+01 -1.700495e+01 -2.986360e+00 2.122128e+01 -5.276838e+00 7.155035e+01 -2.322591e-01 -3.378908e-01 5.605999e-02 1.629737e+00 5.930976e-01 -9.955078e-01 -5.884994e-01 -9.428581e-01 1.275214e+00 1.098664e+00 -2.231681e-01 -1.352997e+00 -9.049353e-02 -3.842092e-02 -4.249544e-02 9.758870e-02 2.612832e-01 -2.565996e-01 -2.858222e-01 9.579808e-02 1.439594e-01 2.412795e-01 -3.095629e-01 -4.127932e-01 6.747809e-02 -5.599190e-02
<VARIANCE> 39
 3.284315e+00 1.094068e+01 5.637461e+01 5.725275e+01 7.126414e+01 3.940225e+01 9.627953e+01 1.281949e+02 1.169806e+02 3.947165e+01 5.115540e+01 1.555407e+01 3.888861e+00 1.300967e-01 1.202482e+00 8.017957e-01 1.561490e+00 2.502146e+00 1.264744e+00 4.865950e+00 2.119573e+00 3.237371e+00 3.982037e+00 4.052136e+00 1.695012e+00 2.609657e-01 3.146693e-02 1.509616e-01 2.258226e-01 2.570221e-01 2.928402e-01 6.223920e-01 8.660353e-01 6.139374e-01 5.265931e-01 9.070673e-01 8.500471e-01 1.527392e-01 6.584722e-02
<GCONST> 1.061386e+02
<STATE> 7
<MEAN> 39
 3.943399e+00 -3.049539e+00 -6.180500e+00 -7.977980e+00 -2.329422e+00 -5.966268e+00 -1.305849e+01 -2.625874e+01 -1.098092e+01 2.785440e+00 9.288610e+00 -7.112324e+00 7.017163e+01 -3.588112e-01 -1.027455e+00 7.949842e-01 2.459144e+00 5.972010e-01 -1.994859e+00 -1.469330e+00 3.565588e-01 9.318038e-01 -4.154363e-01 -8.212250e-01 -3.346819e-02 3.579194e-02 -3.061607e-02 3.915904e-01 -9.322496e-02 -6.439176e-01 -1.547846e-01 1.260663e-01 3.157214e-01 4.949786e-01 -3.274578e-01 -7.962379e-01 1.430132e-01 7.777162e-01 -1.160675e-01
<VARIANCE> 39
 3.627466e+00 1.830275e+01 6.206498e+01 2.182751e+01 8.495354e+01 2.388501e+01 1.524702e+02 5.357982e+01 5.839459e+01 5.012160e+01 8.022388e+01 1.866164e+01 2.244193e+00 1.292395e-01 8.379612e-01 1.428061e+00 1.332891e+00 2.158074e+00 1.471503e+00 2.700539e+00 3.269810e+00 2.848874e+00 4.226395e+00 2.320320e+00 2.774052e+00 1.065561e-01 3.534410e-02 1.294126e-01 2.768725e-01 2.077891e-01 1.899210e-01 3.852926e-01 4.532602e-01 3.094130e-01 5.123316e-01 6.888211e-01 6.242346e-01 3.666357e-01 9.454146e-03
<GCONST> 9.967510e+01
<STATE> 8
<MEAN> 39
 2.332801e+00 -1.924760e+00 -3.890681e+00 -6.015016e+00 -2.627387e+00 -9.528845e+00 -1.288938e+01 -2.224041e+01 -1.013333e+01 -1.307948e+00 1.080738e+01 -4.227926e+00 6.932320e+01 -1.045372e-01 2.276358e-01 -5.178943e-01 -1.056158e+00 -2.005102e-01 5.229152e-01 -4.480151e-02 3.577342e-01 2.969643e-01 -2.979301e-01 1.415707e-01 5.789970e-01 -9.563211e-02 5.741314e-02 2.450486e-01 -6.560484e-02 -6.030740e-01 -1.237327e-01 5.154324e-01 1.787663e-01 -9.750947e-03 5.480126e-02 3.254464e-01 3.643742e-02 1.275288e-02 3.538228e-03
<VARIANCE> 39
 2.521008e+00 2.196231e+01 4.818142e+01 2.664462e+01 8.028828e+01 2.582963e+01 1.198667e+02 8.179604e+01 1.066530e+02 6.094830e+01 3.886378e+01 2.511880e+01 2.733033e+00 1.093046e-01 3.744235e-01 6.048376e-01 1.328544e+00 1.266484e+00 1.170840e+00 1.449719e+00 1.676262e+00 1.298001e+00 2.645405e+00 7.587975e-01 1.208260e+00 8.083777e-02 1.745507e-02 6.901891e-02 1.403133e-01 2.577344e-01 3.171862e-01 2.517580e-01 5.159522e-01 4.889843e-01 2.822662e-01 4.878262e-01 1.357111e-01 2.154175e-01 1.514064e-02
<GCONST> 8.919248e+01
<STATE> 9
<MEAN> 39
 2.166196e+00 1.017279e+00 2.917449e+00 -1.612824e+01 6.299119e+00 -2.567553e+00 -2.187271e+01 -1.633089e+01 -8.651816e+00 7.009013e+00 1.312817e+01 -8.040668e+00 7.240955e+01 -1.178183e-01 3.223019e-01 2.260502e-02 -2.174150e-01 1.905191e-02 7.967840e-01 1.098001e+00 2.573102e-01 3.662722e-01 5.011788e-01 -8.957881e-02 7.746873e-01 -1.916930e-01 -4.020491e-02 1.512738e-01 -2.954291e-02 2.510940e-01 1.530969e-01 2.613004e-03 3.900191e-01 7.577936e-02 -9.525897e-02 -2.190290e-01 -8.261081e-03 4.026773e-02 -1.290701e-01
<VARIANCE> 39
 1.892720e+00 1.107682e+01 7.436121e+01 2.883729e+01 9.101305e+01 3.335070e+01 1.133597e+02 5.650632e+01 4.979657e+01 4.650702e+01 4.753766e+01 4.249456e+01 9.919106e+00 8.821856e-02 7.333643e-01 8.786088e-01 2.365634e+00 1.897966e+00 1.299567e+00 4.071050e+00 2.883233e+00 1.265442e+00 2.053183e+00 1.039188e+00 8.948752e-01 5.601795e-01 1.082441e-02 3.167287e-02 1.716220e-01 1.280102e-01 2.477643e-01 1.758866e-01 3.916658e-01 5.030279e-01 1.025010e-01 1.772529e-01 2.115580e-01 2.165553e-01 3.509326e-02
<GCONST> 9.149350e+01
<STATE> 10
<MEAN> 39
 2.899428e+00 2.934959e+00 -6.555129e+00 -1.346665e+01 -5.405035e+00 -3.701883e+00 -6.604688e+00 -2.090082e+01 -1.139903e+01 -5.011561e-01 1.143228e+01 5.934294e-01 6.823183e+01 -3.693934e-01 8.197099e-01 5.673566e-01 1.541062e-01 6.596468e-01 3.738344e-01 5.498374e-01 1.086847e+00 2.510383e-01 -1.066068e+00 -6.701276e-01 5.254990e-01 -4.878011e-01 -1.794758e-01 -1.293972e-01 2.927491e-01 4.920262e-01 1.786434e-01 -1.765031e-01 -2.808204e-02 4.866266e-02 4.732864e-02 -2.371695e-01 -1.762928e-01 -1.616275e-01 -1.017933e-01
<VARIANCE> 39
 2.273187e+00 1.545232e+01 3.057133e+01 9.843304e+00 5.488433e+01 3.044631e+01 7.577117e+01 3.602566e+01 3.937788e+01 3.024645e+01 2.270151e+01 2.189132e+01 1.690833e+00 1.715246e-01 2.533903e-01 9.577484e-01 1.261683e+00 1.166748e+00 1.299067e+00 1.857489e+00 1.141006e+00 1.280359e+00 1.022797e+00 1.556025e+00 1.303499e+00 7.004591e-02 1.108746e-02 4.409208e-02 9.630789e-02 9.771386e-02 2.345448e-01 2.262015e-01 2.109054e-01 1.746232e-01 2.105904e-01 3.120315e-01 1.967228e-01 2.458734e-01 7.454760e-03
<GCONST> 7.745361e+01
<STATE> 11
<MEAN> 39
 -1.793654e+00 8.266921e-01 -2.674224e+00 -9.095874e+00 5.704067e+00 -2.208333e+00 -1.411318e+01 -1.835972e+01 -5.702729e+00 -3.054397e+00 8.142182e+00 -3.167699e+00 6.651286e+01 -1.042627e+00 1.852800e-01 1.114724e-01 7.591209e-01 4.658729e-01 -1.118402e-01 9.126397e-01 -2.282438e-01 -9.584480e-03 -8.077559e-01 -1.738397e-01 -4.505913e-01 -5.552189e-01 -7.510808e-02 -1.962631e-01 -1.462449e-01 6.853030e-03 8.473746e-03 -9.004586e-02 -1.018752e-01 -1.262327e-01 3.724852e-02 1.797092e-01 9.597891e-02 -1.217203e-01 3.469708e-02
<VARIANCE> 39
 1.163142e+01 1.746152e+01 3.458108e+01 8.446452e+00 5.372580e+01 4.435509e+01 6.262252e+01 2.998351e+01 8.904951e+01 4.105909e+01 8.330203e+01 3.162939e+01 5.506900e+00 3.229678e-01 4.171234e-01 2.694077e+00 1.564926e+00 2.158976e+00 2.718838e+00 2.500385e+00 1.262589e+00 2.117766e+00 3.141417e+00 2.482152e+00 1.002780e+00 1.957090e-01 6.986690e-02 7.240125e-02 1.754634e-01 2.082291e-01 2.750525e-01 4.949385e-01 5.740716e-01 2.324787e-01 1.962613e-01 5.204475e-01 4.284687e-01 2.278417e-01 2.059656e-02
<GCONST> 9.820334e+01
<STATE> 12
<MEAN> 39
 -3.782192e+00 3.917151e+00 -5.650555e-02 -5.541123e+00 2.033350e+00 -3.154576e+00 -4.198410e+00 -1.500102e+01 -7.938814e+00 -6.947606e+00 8.188054e+00 1.223846e+00 6.360382e+01 -1.054352e+00 -5.409968e-01 2.350174e-01 6.734074e-01 4.230972e-01 5.694066e-02 1.764384e-01 2.401881e-02 2.529136e-01 -2.642528e-01 -4.569057e-01 -2.122162e-01 -6.185639e-01 1.537561e-02 -8.242650e-02 -1.405307e-01 -2.140291e-01 -1.996807e-01 -9.173907e-03 -1.451543e-01 -1.632292e-01 -6.541149e-05 1.903234e-01 -2.183578e-02 1.590184e-02 2.465998e-02
<VARIANCE> 39
 6.372568e+00 7.660364e+00 7.615502e+00 7.156893e+00 2.186609e+01 1.981767e+01 3.720462e+01 2.249947e+01 2.789113e+01 1.919523e+01 1.988313e+01 2.711961e+01 2.671499e+00 1.170272e-01 2.760358e-01 5.196892e-01 5.994130e-01 1.290199e+00 1.173008e+00 1.131151e+00 1.041691e+00 1.091464e+00 1.176181e+00 1.013010e+00 8.809516e-01 4.330226e-02 2.272289e-02 5.736297e-02 5.908531e-02 8.708849e-02 1.606812e-01 2.458517e-01 2.241997e-01 1.824378e-01 2.084517e-01 2.285321e-01 1.940293e-01 1.556259e-01 8.483520e-03
<GCONST> 6.924261e+01
<STATE> 13
<MEAN> 39
 -8.129440e+00 -2.468357e-01 -2.035722e+00 -5.264517e+00 2.378585e+00 -3.146811e+00 -6.341862e+00 -1.933999e+01 -8.965430e+00 -6.401845e+00 4.539739e+00 -1.605128e+00 6.132002e+01 -8.886256e-01 -5.131165e-01 1.008712e-01 4.346257e-01 3.749603e-01 3.550925e-02 3.920102e-01 4.085538e-01 2.862598e-01 -2.745407e-01 -4.242084e-01 -2.854133e-01 -4.513237e-01 5.429514e-02 4.877193e-02 1.293474e-01 1.629924e-01 2.002736e-01 5.153735e-02 1.484261e-01 4.056730e-01 1.334427e-01 -2.216178e-01 -3.039723e-02 -1.131223e-01 4.280612e-02
<VARIANCE> 39
 3.806413e+00 6.290845e+00 1.717607e+01 1.663434e+01 2.706395e+01 2.234632e+01 2.131380e+01 2.257025e+01 4.938523e+01 2.480825e+01 1.669246e+01 1.961851e+01 2.723903e+00 6.236398e-02 1.118104e-01 4.565818e-01 6.370045e-01 8.716165e-01 1.376916e+00 1.496826e+00 2.226342e+00 1.120606e+00 1.214443e+00 9.691908e-01 1.523172e+00 3.132822e-02 1.205014e-02 4.003301e-02 7.989072e-02 1.081849e-01 1.493278e-01 2.979361e-01 1.999273e-01 3.544151e-01 2.220885e-01 2.061115e-01 1.423537e-01 2.414916e-01 5.925828e-03
<GCONST> 6.968290e+01
<STATE> 14
<MEAN> 39
 -1.106434e+01 -3.362828e+00 -3.492640e+00 -3.648005e+00 1.480285e+01 -1.428629e+00 -9.078070e+00 -1.508053e+01 4.094231e+00 -3.791260e+00 5.713717e+00 -1.097767e+01 6.307113e+01 -4.617349e-01 -3.744228e-01 3.176182e-01 7.674147e-01 1.414164e-01 4.550059e-01 7.944573e-01 9.613225e-01 1.618490e-01 -2.627394e-01 -4.589292e-01 -2.803252e-01 -5.109292e-01 6.717560e-03 3.131776e-02 4.815844e-03 2.571102e-02 -1.194345e-01 6.210529e-02 9.098979e-02 -2.821519e-02 -1.195269e-01 -6.926304e-03 4.829589e-02 1.233541e-01 -1.857496e-02
<VARIANCE> 39
 2.761331e+00 7.111816e+00 1.194069e+01 9.141936e+00 6.116735e+01 1.662977e+01 3.278844e+01 2.218018e+01 7.432632e+01 2.303262e+01 5.001770e+01 4.425246e+01 8.476978e+00 2.648817e-01 1.523062e-01 3.481763e-01 5.515039e-01 1.151460e+00 6.305610e-01 8.620465e-01 1.823541e+00 2.163925e+00 1.144158e+00 1.084212e+00 1.370048e+00 8.878204e-02 3.741916e-02 1.274479e-02 4.378884e-02 8.035775e-02 1.387934e-01 1.060596e-01 2.135929e-01 3.003907e-01 2.838683e-01 2.066231e-01 1.783247e-01 1.228868e-01 1.208386e-02
<GCONST> 7.296369e+01
<STATE> 15
<MEAN> 39
 -1.218898e+01 -8.020121e-01 2.872020e+00 2.787828e+00 8.307057e+00 7.004263e-01 1.136537e+00 -8.162078e+00 -2.559232e+00 -8.611629e+00 3.317859e-01 -4.119665e+00 5.877892e+01 -4.828900e-01 -2.877041e-01 1.058734e-01 5.935382e-01 5.779023e-01 6.507297e-01 8.791151e-01 7.301852e-01 3.508192e-02 -3.805658e-01 -8.379326e-01 -6.655009e-01 -2.373716e-01 -1.815452e-02 -5.799716e-02 -1.090603e-01 -2.040941e-01 -2.097668e-01 -9.281772e-02 -7.392825e-02 -1.725960e-01 -1.138057e-01 4.698103e-02 -1.234510e-03 -3.283683e-02 4.112057e-03
<VARIANCE> 39
 1.919883e+00 4.930098e+00 1.145227e+01 1.756668e+01 1.542070e+01 1.626362e+01 2.838975e+01 2.427177e+01 3.447161e+01 3.219558e+01 1.693199e+01 1.757955e+01 5.343834e-01 1.484643e-01 2.132820e-01 3.813946e-01 4.646324e-01 6.926908e-01 7.211679e-01 1.076945e+00 9.628387e-01 1.644143e+00 9.230825e-01 1.197288e+00 1.127030e+00 4.592354e-02 2.533042e-02 3.237524e-02 8.720350e-02 8.043607e-02 1.577992e-01 1.549518e-01 2.035867e-01 1.153123e-01 3.309337e-01 2.122438e-01 2.334187e-01 2.734894e-01 7.872252e-03
<GCONST> 6.538511e+01
<STATE> 16
<MEAN> 39
 -1.492673e+01 -4.081091e+00 -2.634756e-01 -3.484213e-01 4.796579e+00 -1.754377e+00 -1.614681e+00 -1.298487e+01 -8.347864e+00 -1.262167e+01 -9.312377e-01 -5.317996e+00 5.773684e+01 -8.094676e-01 -6.267170e-01 -1.835795e-01 -4.964453e-02 -4.219863e-01 -6.872740e-02 3.958414e-01 7.451745e-01 2.403051e-01 -2.757250e-01 -2.291839e-01 -4.454425e-01 -3.799914e-01 7.909301e-02 -7.500895e-04 -1.113330e-01 -1.893461e-01 -5.139687e-02 9.785257e-02 1.703831e-01 2.133588e-01 1.292206e-01 3.211567e-02 -7.266204e-02 -3.226732e-02 4.580395e-02
<VARIANCE> 39
 3.875857e+00 5.051916e+00 1.063649e+01 1.794335e+01 2.799970e+01 1.485817e+01 2.373802e+01 2.927362e+01 3.168883e+01 2.474398e+01 2.505749e+01 2.106031e+01 1.340428e+00 9.846513e-02 1.640285e-01 4.541390e-01 6.531625e-01 9.425275e-01 8.748854e-01 6.788058e-01 1.562744e+00 1.530062e+00 1.449286e+00 7.751150e-01 7.092509e-01 3.364506e-02 8.716064e-03 4.491002e-02 5.865543e-02 1.082788e-01 1.112179e-01 1.431996e-01 9.351368e-02 1.737169e-01 2.682301e-01 3.733765e-01 1.516030e-01 1.344719e-01 4.238876e-03
<GCONST> 6.421320e+01
<STATE> 17
<MEAN> 39
 -1.629429e+01 -6.264153e+00 -2.370880e+00 -1.553803e+00 5.897494e+00 1.830435e+00 3.879001e+00 -5.363228e+00 -1.006712e+00 -9.147692e+00 -2.353486e+00 -9.678535e+00 5.741726e+01 -4.724730e-01 -4.182165e-01 -4.368029e-01 -4.984944e-01 -3.074138e-01 3.502330e-01 1.367430e+00 1.136058e+00 2.012793e-01 -2.194011e-01 -6.415138e-01 -7.980054e-02 -2.525572e-01 5.418377e-03 -4.230588e-06 9.758549e-02 1.690479e-01 1.997399e-01 8.739686e-03 -4.730130e-02 -5.707766e-02 3.109132e-03 5.807924e-02 -3.779095e-02 6.150709e-02 -1.863971e-02
<VARIANCE> 39
 2.798528e+00 3.972298e+00 1.694563e+01 2.099442e+01 3.647422e+01 1.887442e+01 2.761950e+01 3.796743e+01 2.757827e+01 2.148427e+01 2.612837e+01 2.195314e+01 1.375129e+00 1.070834e-01 3.638112e-01 4.389450e-01 7.024320e-01 7.330208e-01 1.223503e+00 8.413147e-01 1.267469e+00 1.800002e+00 1.766877e+00 1.732115e+00 1.771867e+00 4.370445e-02 1.843796e-02 5.384504e-02 5.642935e-02 1.154942e-01 1.098816e-01 2.062014e-01 2.062203e-01 2.911302e-01 1.255247e-01 1.640918e-01 2.191600e-01 2.847706e-01 2.294807e-03
<GCONST> 6.990393e+01
<STATE> 18
<MEAN> 39
 -1.856573e+01 -7.206009e+00 -1.085346e+00 1.940383e+00 9.982802e+00 5.328969e+00 7.741337e+00 -3.708365e+00 -3.863635e+00 -1.308633e+01 -7.055783e+00 -1.144021e+01 5.607887e+01 -5.726261e-01 -5.116055e-01 -3.705448e-02 4.866551e-01 8.164651e-01 8.342482e-01 3.826204e-01 6.165622e-01 8.049596e-01 3.084389e-01 -4.447474e-01 -4.122885e-01 -3.442512e-01 7.831633e-02 5.795716e-02 3.500538e-02 3.031003e-02 2.684827e-02 -7.713609e-02 -1.587652e-01 -8.985054e-02 1.703705e-01 1.942605e-01 2.646452e-01 9.494045e-02 3.910761e-02
<VARIANCE> 39
 3.156859e+00 5.440068e+00 1.575874e+01 2.087914e+01 3.306950e+01 2.674542e+01 2.606458e+01 2.510723e+01 1.565909e+01 1.698810e+01 2.815183e+01 4.265022e+01 8.222298e-01 8.890881e-02 2.302001e-01 4.191685e-01 8.179400e-01 8.659186e-01 6.456221e-01 1.746846e+00 1.410118e+00 3.484495e-01 1.012500e+00 1.397922e+00 1.317370e+00 2.194876e-02 1.364753e-02 3.543162e-02 3.975094e-02 1.884545e-01 2.254045e-01 2.038397e-01 3.009745e-01 2.089768e-01 1.872488e-01 2.157679e-01 1.877844e-01 2.780513e-01 5.026756e-03
<GCONST> 6.734503e+01
<STATE> 19
<MEAN> 39
 -1.906940e+01 -8.408509e+00 -2.562912e+00 -6.193156e-02 7.289071e+00 2.655996e+00 6.640728e+00 -2.076716e+00 1.108565e+00 -7.807744e+00 -3.201361e+00 -9.225352e+00 5.567752e+01 -1.597150e-01 -7.419807e-02 -6.589604e-02 -3.176283e-01 -4.044054e-01 -2.797668e-01 4.981265e-01 8.064656e-01 9.861150e-01 6.570049e-01 4.000028e-01 1.268433e-01 -8.172657e-02 2.882447e-02 6.303445e-02 4.177969e-02 -3.568367e-02 -4.656653e-02 7.505891e-02 1.392548e-01 1.498577e-01 4.998074e-02 6.362252e-02 2.706731e-01 1.053252e-01 3.986435e-02
<VARIANCE> 39
 4.507621e+00 6.880161e+00 1.000631e+01 2.429239e+01 3.321829e+01 3.662474e+01 3.649095e+01 3.501537e+01 4.139289e+01 2.623881e+01 2.037680e+01 3.357766e+01 9.659027e-01 1.955371e-01 2.126659e-01 4.184478e-01 9.185507e-01 1.208182e+00 1.450500e+00 1.952766e+00 1.934542e+00 1.748565e+00 1.027648e+00 1.242291e+00 8.322591e-01 4.282170e-02 3.996960e-02 7.640857e-02 7.145689e-02 1.955859e-01 3.092340e-01 3.732102e-01 3.816094e-01 2.663575e-01 3.818105e-01 1.356583e-01 2.182585e-01 2.004659e-01 8.171154e-03
<GCONST> 7.816422e+01
<TRANSP> 20
 0.000000e+00 1.000000e+00 0.000000e+00 0.000000e+00 0.000000e+00 0.000000e+00 0.000000e+00 0.000000e+00 0.000000e+00 0.000000e+00 0.000000e+00 0.000000e+00 0.000000e+00 0.000000e+00 0.000000e+00 0.000000e+00 0.000000e+00 0.000000e+00 0.000000e+00 0.000000e+00
 0.000000e+00 7.777500e-01 2.222500e-01 0.000000e+00 0.000000e+00 0.000000e+00 0.000000e+00 0.000000e+00 0.000000e+00 0.000000e+00 0.000000e+00 0.000000e+00 0.000000e+00 0.000000e+00 0.000000e+00 0.000000e+00 0.000000e+00 0.000000e+00 0.000000e+00 0.000000e+00
 0.000000e+00 0.000000e+00 5.863785e-01 4.136216e-01 0.000000e+00 0.000000e+00 0.000000e+00 0.000000e+00 0.000000e+00 0.000000e+00 0.000000e+00 0.000000e+00 0.000000e+00 0.000000e+00 0.000000e+00 0.000000e+00 0.000000e+00 0.000000e+00 0.000000e+00 0.000000e+00
 0.000000e+00 0.000000e+00 0.000000e+00 6.000588e-01 3.999412e-01 0.000000e+00 0.000000e+00 0.000000e+00 0.000000e+00 0.000000e+00 0.000000e+00 0.000000e+00 0.000000e+00 0.000000e+00 0.000000e+00 0.000000e+00 0.000000e+00 0.000000e+00 0.000000e+00 0.000000e+00
 0.000000e+00 0.000000e+00 0.000000e+00 0.000000e+00 6.127367e-01 3.872633e-01 0.000000e+00 0.000000e+00 0.000000e+00 0.000000e+00 0.000000e+00 0.000000e+00 0.000000e+00 0.000000e+00 0.000000e+00 0.000000e+00 0.000000e+00 0.000000e+00 0.000000e+00 0.000000e+00
 0.000000e+00 0.000000e+00 0.000000e+00 0.000000e+00 0.000000e+00 7.444879e-01 2.555121e-01 0.000000e+00 0.000000e+00 0.000000e+00 0.000000e+00 0.000000e+00 0.000000e+00 0.000000e+00 0.000000e+00 0.000000e+00 0.000000e+00 0.000000e+00 0.000000e+00 0.000000e+00
 0.000000e+00 0.000000e+00 0.000000e+00 0.000000e+00 0.000000e+00 0.000000e+00 6.473116e-01 3.526884e-01 0.000000e+00 0.000000e+00 0.000000e+00 0.000000e+00 0.000000e+00 0.000000e+00 0.000000e+00 0.000000e+00 0.000000e+00 0.000000e+00 0.000000e+00 0.000000e+00
 0.000000e+00 0.000000e+00 0.000000e+00 0.000000e+00 0.000000e+00 0.000000e+00 0.000000e+00 7.207459e-01 2.792542e-01 0.000000e+00 0.000000e+00 0.000000e+00 0.000000e+00 0.000000e+00 0.000000e+00 0.000000e+00 0.000000e+00 0.000000e+00 0.000000e+00 0.000000e+00
 0.000000e+00 0.000000e+00 0.000000e+00 0.000000e+00 0.000000e+00 0.000000e+00 0.000000e+00 0.000000e+00 6.261943e-01 3.738057e-01 0.000000e+00 0.000000e+00 0.000000e+00 0.000000e+00 0.000000e+00 0.000000e+00 0.000000e+00 0.000000e+00 0.000000e+00 0.000000e+00
 0.000000e+00 0.000000e+00 0.000000e+00 0.000000e+00 0.000000e+00 0.000000e+00 0.000000e+00 0.000000e+00 0.000000e+00 7.326935e-01 2.673065e-01 0.000000e+00 0.000000e+00 0.000000e+00 0.000000e+00 0.000000e+00 0.000000e+00 0.000000e+00 0.000000e+00 0.000000e+00
 0.000000e+00 0.000000e+00 0.000000e+00 0.000000e+00 0.000000e+00 0.000000e+00 0.000000e+00 0.000000e+00 0.000000e+00 0.000000e+00 6.736552e-01 3.263448e-01 0.000000e+00 0.000000e+00 0.000000e+00 0.000000e+00 0.000000e+00 0.000000e+00 0.000000e+00 0.000000e+00
 0.000000e+00 0.000000e+00 0.000000e+00 0.000000e+00 0.000000e+00 0.000000e+00 0.000000e+00 0.000000e+00 0.000000e+00 0.000000e+00 0.000000e+00 7.665149e-01 2.334851e-01 0.000000e+00 0.000000e+00 0.000000e+00 0.000000e+00 0.000000e+00 0.000000e+00 0.000000e+00
 0.000000e+00 0.000000e+00 0.000000e+00 0.000000e+00 0.000000e+00 0.000000e+00 0.000000e+00 0.000000e+00 0.000000e+00 0.000000e+00 0.000000e+00 0.000000e+00 7.324360e-01 2.675640e-01 0.000000e+00 0.000000e+00 0.000000e+00 0.000000e+00 0.000000e+00 0.000000e+00
 0.000000e+00 0.000000e+00 0.000000e+00 0.000000e+00 0.000000e+00 0.000000e+00 0.000000e+00 0.000000e+00 0.000000e+00 0.000000e+00 0.000000e+00 0.000000e+00 0.000000e+00 6.365067e-01 3.634933e-01 0.000000e+00 0.000000e+00 0.000000e+00 0.000000e+00 0.000000e+00
 0.000000e+00 0.000000e+00 0.000000e+00 0.000000e+00 0.000000e+00 0.000000e+00 0.000000e+00 0.000000e+00 0.000000e+00 0.000000e+00 0.000000e+00 0.000000e+00 0.000000e+00 0.000000e+00 7.407653e-01 2.592347e-01 0.000000e+00 0.000000e+00 0.000000e+00 0.000000e+00
 0.000000e+00 0.000000e+00 0.000000e+00 0.000000e+00 0.000000e+00 0.000000e+00 0.000000e+00 0.000000e+00 0.000000e+00 0.000000e+00 0.000000e+00 0.000000e+00 0.000000e+00 0.000000e+00 0.000000e+00 7.067367e-01 2.932633e-01 0.000000e+00 0.000000e+00 0.000000e+00
 0.000000e+00 0.000000e+00 0.000000e+00 0.000000e+00 0.000000e+00 0.000000e+00 0.000000e+00 0.000000e+00 0.000000e+00 0.000000e+00 0.000000e+00 0.000000e+00 0.000000e+00 0.000000e+00 0.000000e+00 0.000000e+00 6.763121e-01 3.236878e-01 0.000000e+00 0.000000e+00
 0.000000e+00 0.000000e+00 0.000000e+00 0.000000e+00 0.000000e+00 0.000000e+00 0.000000e+00 0.000000e+00 0.000000e+00 0.000000e+00 0.000000e+00 0.000000e+00 0.000000e+00 0.000000e+00 0.000000e+00 0.000000e+00 0.000000e+00 5.996884e-01 4.003117e-01 0.000000e+00
 0.000000e+00 0.000000e+00 0.000000e+00 0.000000e+00 0.000000e+00 0.000000e+00 0.000000e+00 0.000000e+00 0.000000e+00 0.000000e+00 0.000000e+00 0.000000e+00 0.000000e+00 0.000000e+00 0.000000e+00 0.000000e+00 0.000000e+00 0.000000e+00 6.221686e-01 3.778314e-01
 0.000000e+00 0.000000e+00 0.000000e+00 0.000000e+00 0.000000e+00 0.000000e+00 0.000000e+00 0.000000e+00 0.000000e+00 0.000000e+00 0.000000e+00 0.000000e+00 0.000000e+00 0.000000e+00 0.000000e+00 0.000000e+00 0.000000e+00 0.000000e+00 0.000000e+00 0.000000e+00
<ENDHMM>
