~o
<STREAMINFO> 1 39
<VECSIZE> 39<NULLD><MFCC_D_A_0><DIAGC>
~h "seperempat"
<BEGINHMM>
<NUMSTATES> 20
<STATE> 2
<MEAN> 39
 -1.896211e+01 -4.618929e+00 -4.322353e+00 -3.514937e+00 1.466753e-01 -4.753487e+00 1.817759e+00 -7.511002e+00 1.152697e+00 -8.063705e+00 2.279258e+00 -6.690563e+00 5.708858e+01 -8.872934e-01 1.541168e+00 -1.165900e+00 1.163392e+00 -3.978457e-01 -2.683585e-01 2.458322e-01 -6.342814e-01 6.638853e-01 -6.075945e-01 5.427757e-01 -3.927355e-01 5.904061e-01 -2.987309e-01 4.348163e-01 -3.276272e-01 3.297507e-01 -4.943600e-03 1.168784e-01 1.762519e-01 1.336922e-02 1.655642e-01 -3.453242e-02 -7.635223e-02 -7.371626e-02 2.044582e-01
<VARIANCE> 39
 2.948945e+00 7.330527e+00 7.744095e+00 1.163299e+01 1.425901e+01 1.414468e+01 1.686341e+01 2.600504e+01 2.062551e+01 2.511228e+01 2.284001e+01 2.398343e+01 1.040938e+00 1.324967e+00 1.440554e+00 1.648281e+00 1.764547e+00 1.440690e+00 1.724019e+00 3.676585e+00 2.222106e+00 2.084250e+00 1.479407e+00 3.160545e+00 1.979040e+00 2.208234e-01 1.290718e-01 1.447160e-01 2.310841e-01 2.515264e-01 2.804504e-01 2.171398e-01 3.088857e-01 4.193198e-01 2.891689e-01 2.343562e-01 6.460761e-01 4.614331e-01 3.850507e-02
<GCONST> 9.058389e+01
<STATE> 3
<MEAN> 39
 -2.568784e+01 6.785040e+00 -1.165987e+01 2.922331e+00 -1.094673e+00 -8.099035e+00 4.947510e+00 -9.765592e+00 4.727028e+00 -7.573195e+00 2.569361e+00 -5.283363e+00 6.208764e+01 1.070039e+00 1.193924e+00 -3.123689e-01 -4.024869e-01 -5.815651e-01 -1.978727e+00 -1.109802e+00 -2.159202e-01 5.821489e-01 9.656368e-01 -5.808920e-01 1.450702e-02 1.194141e+00 1.150556e+00 -5.472804e-01 3.687947e-01 -6.921929e-01 -7.905345e-02 -2.930447e-01 -8.739641e-01 -1.317241e-01 -8.984384e-02 2.956575e-01 -1.376604e-01 -2.211107e-01 1.684811e-01
<VARIANCE> 39
 1.638092e+01 1.391645e+01 1.115691e+01 1.545339e+01 3.013305e+01 4.782601e+01 3.373832e+01 2.103203e+01 2.425252e+01 3.488927e+01 1.905159e+01 2.569793e+01 2.950174e+00 9.788514e+00 2.494920e+00 2.634278e+00 3.759935e+00 3.320122e+00 4.565520e+00 9.502503e+00 1.940835e+00 1.880090e+00 2.705880e+00 2.001825e+00 3.023830e+00 5.959517e-01 5.226448e-01 2.365741e-01 4.435126e-01 3.167420e-01 6.170907e-01 1.005344e+00 1.086534e+00 6.186796e-01 3.406480e-01 4.123373e-01 4.581417e-01 5.723147e-01 1.299669e-01
<GCONST> 1.138722e+02
<STATE> 4
<MEAN> 39
 -5.851935e+00 4.854211e+00 -1.042210e+01 -6.566868e+00 -3.795078e+00 -1.723353e+01 -1.184162e+01 -1.290956e+01 5.958515e+00 3.620714e-01 -3.787092e-01 -1.081110e+01 7.051304e+01 2.694894e+00 -7.065084e-01 2.384309e-01 -9.458056e-01 8.496262e-01 8.753094e-01 -1.898240e+00 -6.238846e-01 -6.153113e-01 5.656621e-01 -3.058469e-01 -1.393486e+00 7.843127e-01 -1.243574e+00 6.877063e-02 2.298915e-01 6.894394e-01 4.958640e-01 8.826144e-01 1.302297e+00 2.143258e-01 -4.138298e-01 -6.403706e-01 1.105745e-01 3.027461e-01 -8.140491e-01
<VARIANCE> 39
 1.675827e+01 2.893508e+01 3.156398e+01 1.909218e+01 1.162807e+02 8.331253e+01 8.287186e+01 8.381922e+01 6.236156e+01 9.672749e+01 8.848662e+01 2.982569e+01 1.128637e+01 5.578278e+00 1.981583e+00 1.776836e+00 3.045665e+00 4.795405e+00 6.817615e+00 1.040643e+01 5.822335e+00 3.056638e+00 5.405408e+00 4.626018e+00 2.472637e+00 3.223409e+00 2.456661e-01 3.509743e-01 3.041142e-01 2.317796e-01 9.004440e-01 9.055807e-01 1.107867e+00 9.743310e-01 4.473777e-01 7.567649e-01 7.850250e-01 5.757556e-01 2.066383e-01
<GCONST> 1.307037e+02
<STATE> 5
<MEAN> 39
 -6.270018e+00 2.919377e+00 -5.269267e+00 -4.232018e+00 1.504477e+00 -9.829574e+00 -9.099485e+00 -1.258922e+01 1.326921e+00 -3.143172e+00 -4.282124e-01 -1.174882e+01 6.537337e+01 -7.055641e-01 -6.480451e-01 9.586858e-01 3.292897e-01 7.509832e-02 5.597237e-01 7.540250e-01 3.925533e-01 -5.646179e-01 -8.293686e-01 3.366790e-02 4.439617e-01 -1.174117e+00 -7.806595e-02 -1.756369e-01 -1.597547e-01 -1.908650e-01 -2.624281e-01 -2.552961e-01 -5.980754e-02 5.978402e-02 1.355900e-01 1.501547e-01 1.365314e-01 1.784390e-01 1.389292e-01
<VARIANCE> 39
 3.261283e+00 1.430326e+01 2.644305e+01 1.197647e+01 5.186917e+01 7.322240e+01 3.102432e+01 3.412104e+01 4.787058e+01 5.671972e+01 5.606874e+01 1.575042e+01 5.123648e+00 1.582590e-01 4.894738e-01 4.824516e-01 8.370219e-01 1.831098e+00 1.516561e+00 1.694384e+00 1.596612e+00 1.466690e+00 1.455612e+00 1.965573e+00 1.125179e+00 1.518331e-01 5.719894e-02 4.455735e-02 1.162483e-01 1.392746e-01 1.845139e-01 2.605496e-01 2.143780e-01 1.992581e-01 2.255259e-01 1.867251e-01 2.539611e-01 2.325926e-01 3.369240e-02
<GCONST> 8.535698e+01
<STATE> 6
<MEAN> 39
 -9.035198e+00 -2.195914e+00 -3.505188e+00 -5.475351e+00 -5.198470e-01 -8.823980e+00 -6.642219e+00 -1.157920e+01 -6.881652e-01 -5.472587e+00 8.213686e-01 -8.799422e+00 6.252860e+01 1.340357e+00 -1.262660e+00 -1.437784e+00 -1.586303e+00 -3.712595e-01 5.249772e-01 -5.624378e-02 -7.611826e-01 -1.071130e-01 1.565132e+00 1.021346e+00 -4.447884e-01 1.066442e+00 1.001258e+00 -7.535948e-02 -7.117863e-01 -3.531976e-01 9.123240e-02 -3.017660e-02 -3.009472e-01 -2.559102e-01 3.251323e-01 7.977177e-01 2.475761e-02 -6.410214e-01 7.339032e-01
<VARIANCE> 39
 4.321677e+00 7.954303e+00 1.371361e+01 1.878973e+01 2.452921e+01 2.780872e+01 2.275524e+01 2.263366e+01 2.043419e+01 3.054848e+01 3.152627e+01 1.878708e+01 3.387770e+00 3.539664e+00 6.435633e-01 2.749908e+00 1.806664e+00 1.947412e+00 1.679331e+00 3.531298e+00 2.889930e+00 1.924807e+00 5.216404e+00 1.463285e+00 3.164156e+00 1.670677e+00 1.505698e-01 4.961820e-02 2.361964e-01 3.723228e-01 4.072002e-01 3.570115e-01 4.782547e-01 7.385250e-01 2.681994e-01 7.374160e-01 5.646160e-01 3.714716e-01 1.036508e-01
<GCONST> 1.021168e+02
<STATE> 7
<MEAN> 39
 3.124402e+00 -6.923735e+00 -1.307055e+01 -1.219603e+01 1.453310e-01 -7.778965e+00 -1.003623e+01 -1.458771e+01 1.939658e+00 4.790218e+00 3.063402e+00 -1.534662e+01 7.100874e+01 1.904654e+00 -1.198222e+00 -6.316675e-01 5.319682e-01 3.507983e-01 -6.545714e-01 -1.028184e-01 7.883065e-01 9.806956e-02 8.175726e-01 -1.542447e-01 -1.175892e+00 1.378551e+00 -1.006513e+00 3.104265e-01 1.109316e+00 1.117333e+00 -1.310394e-01 -4.410990e-01 5.840922e-01 5.668090e-01 -5.731962e-01 -1.142036e+00 -1.559149e-01 4.827462e-01 -7.206090e-01
<VARIANCE> 39
 4.535491e+00 1.833419e+01 2.156732e+01 1.447266e+01 7.092834e+01 3.971642e+01 9.212229e+01 7.289573e+01 2.489640e+01 7.091477e+01 7.459959e+01 1.668666e+01 7.910533e+00 3.289389e+00 1.179885e+00 4.119205e+00 4.486836e+00 3.158399e+00 1.638998e+00 3.752781e+00 5.908235e+00 2.617952e+00 7.709451e+00 4.055387e+00 3.105691e+00 1.974849e+00 1.961029e-01 2.091705e-01 2.000036e-01 3.282096e-01 5.602498e-01 2.258178e-01 4.285152e-01 6.113307e-01 3.563054e-01 9.600011e-01 6.285084e-01 4.003925e-01 1.641963e-01
<GCONST> 1.169192e+02
<STATE> 8
<MEAN> 39
 2.244245e+00 -9.276163e+00 -7.259265e+00 -3.351084e+00 -2.094307e+00 -1.331121e+01 -4.526495e+00 -8.023414e+00 -2.802207e+00 2.656984e+00 3.818027e+00 -1.730238e+01 7.076917e+01 -1.671032e-02 -4.680716e-01 2.934439e-01 6.709896e-01 -9.162498e-01 -4.500142e-01 6.907976e-01 2.755430e-01 -5.296730e-01 1.537910e-01 1.821789e-02 -4.721884e-01 3.706170e-02 9.595252e-02 9.322719e-02 -3.198680e-01 -6.203993e-01 8.621676e-02 5.062059e-01 -2.166973e-01 -3.291566e-01 1.453274e-01 2.309900e-01 1.339190e-01 1.038588e-01 6.065600e-02
<VARIANCE> 39
 6.243401e+00 1.694527e+01 2.524490e+01 2.169909e+01 8.029065e+01 3.748630e+01 1.107025e+02 8.644073e+01 3.190355e+01 8.198233e+01 8.850893e+01 4.673886e+01 8.765728e+00 1.036191e+00 7.212971e-01 2.289382e+00 2.742177e+00 1.399400e+00 2.185905e+00 3.114373e+00 2.388088e+00 2.346883e+00 4.037001e+00 2.782254e+00 1.907030e+00 6.371492e-01 2.111968e-01 2.205301e-01 3.409109e-01 2.455510e-01 3.980719e-01 3.094777e-01 4.935383e-01 4.340895e-01 3.455884e-01 8.525445e-01 6.928695e-01 4.566174e-01 1.411473e-01
<GCONST> 1.128129e+02
<STATE> 9
<MEAN> 39
 2.754880e+00 -9.140661e+00 -8.171790e+00 -8.460630e+00 -4.619542e+00 -6.805110e+00 -1.847306e-01 -1.188751e+01 -4.826557e+00 4.074702e+00 5.536703e+00 -1.545897e+01 7.066862e+01 -2.594653e-01 1.467208e+00 7.283871e-01 -5.816654e-01 8.038109e-01 1.449744e+00 4.524668e-01 -5.674287e-01 -1.147409e+00 -1.393895e+00 2.762498e-01 1.430220e+00 -6.092628e-01 -1.696931e-01 4.554507e-01 4.478027e-01 4.602154e-01 1.262215e-01 -1.910701e-01 4.794465e-02 -5.168785e-02 -2.311231e-01 -4.673553e-01 -3.394882e-01 1.685748e-01 -2.241768e-01
<VARIANCE> 39
 7.280337e+00 2.489546e+01 2.096528e+01 1.449059e+01 4.060004e+01 3.089319e+01 8.735768e+01 5.452457e+01 2.806592e+01 6.082897e+01 4.377969e+01 6.129260e+01 9.575612e+00 3.802087e-01 8.453344e-01 8.340062e-01 2.452275e+00 1.298280e+00 1.508892e+00 1.373526e+00 2.139515e+00 2.490031e+00 3.041613e+00 2.782952e+00 3.673417e+00 3.183589e-01 8.496229e-02 1.571259e-01 1.438375e-01 2.116414e-01 1.868871e-01 2.529737e-01 3.344156e-01 3.783031e-01 4.903625e-01 6.250511e-01 4.576065e-01 9.593720e-01 5.607394e-02
<GCONST> 1.025145e+02
<STATE> 10
<MEAN> 39
 1.441657e+00 1.682622e-01 -3.193570e+00 -6.665459e+00 -1.045967e+00 -4.489294e+00 -1.840756e+00 -1.529900e+01 -1.032674e+01 -7.328104e+00 1.511239e+00 -8.136294e+00 6.730734e+01 -4.481814e-01 1.242979e+00 8.548996e-01 1.871321e-01 2.368030e-01 2.297624e-01 2.819627e-02 -1.792844e-01 -1.108743e-01 -1.137413e+00 -7.582899e-01 5.380033e-01 -6.061632e-01 -8.974905e-02 -2.098140e-01 -1.011990e-01 -2.452370e-02 -6.371091e-02 -1.455880e-01 -5.137911e-02 2.160402e-01 2.597999e-01 1.757298e-01 1.709170e-02 -2.277878e-01 1.152566e-02
<VARIANCE> 39
 3.199411e+00 1.772580e+01 1.792784e+01 1.963016e+01 1.396427e+01 1.912131e+01 4.109212e+01 2.775594e+01 2.138682e+01 4.524158e+01 3.003600e+01 3.063592e+01 3.130738e+00 1.762393e-01 4.397368e-01 5.190741e-01 9.063629e-01 1.016322e+00 1.193970e+00 1.791575e+00 1.595266e+00 1.487279e+00 1.566027e+00 8.796819e-01 2.795939e+00 6.778262e-02 3.609645e-02 3.218612e-02 7.013477e-02 1.061991e-01 1.279833e-01 1.721441e-01 2.123767e-01 1.674165e-01 2.287846e-01 2.928279e-01 1.868554e-01 2.029603e-01 1.024904e-02
<GCONST> 7.666654e+01
<STATE> 11
<MEAN> 39
 -5.131385e+00 3.308655e+00 1.306419e+00 -4.598177e+00 9.229199e-01 -4.563821e+00 -1.916000e+00 -1.157669e+01 -6.184419e+00 -1.002874e+01 -2.164429e+00 -8.992698e+00 6.252206e+01 -1.227199e+00 -2.967699e-01 3.413599e-01 2.512872e-01 1.275361e-01 -1.799395e-02 -1.505170e-01 2.832617e-01 3.438132e-01 -2.425875e-01 -2.214065e-01 1.163982e-01 -7.065456e-01 5.501811e-02 -2.089490e-01 -1.755195e-01 -4.044515e-02 -6.742800e-02 2.981010e-02 9.492652e-04 -8.478177e-02 5.238784e-02 1.571785e-01 9.904160e-02 9.909926e-02 7.368843e-02
<VARIANCE> 39
 8.566110e+00 7.002510e+00 8.294507e+00 1.522906e+01 1.665113e+01 1.773362e+01 1.850112e+01 1.642835e+01 1.848858e+01 2.676786e+01 2.581311e+01 3.853916e+01 2.521039e+00 9.167262e-02 4.841844e-01 5.648798e-01 5.186473e-01 6.394244e-01 1.196863e+00 1.653977e+00 1.357231e+00 1.197502e+00 7.485375e-01 1.215667e+00 5.799585e-01 3.041404e-02 5.217714e-02 6.727591e-02 1.327862e-01 1.028822e-01 1.446543e-01 1.954506e-01 2.766666e-01 2.754663e-01 2.801469e-01 1.732989e-01 2.960755e-01 1.545467e-01 2.159949e-02
<GCONST> 7.226334e+01
<STATE> 12
<MEAN> 39
 -8.595080e+00 -3.131193e-01 -7.609562e-01 -4.997571e+00 -2.320073e-01 -5.146098e+00 -2.726862e+00 -1.124483e+01 -3.675082e+00 -9.020330e+00 -1.996735e+00 -8.076536e+00 6.127709e+01 1.249101e+00 -1.939191e+00 -2.916402e+00 -1.818383e+00 -4.041010e-01 7.897758e-01 -2.543475e-01 -4.939649e-01 1.475687e+00 1.929355e+00 4.436763e-01 -8.139006e-01 1.478383e+00 8.643481e-01 -6.259515e-01 -8.956518e-01 -6.026478e-01 1.114195e-01 5.364524e-01 -2.164646e-01 -3.720792e-01 2.793354e-01 5.080292e-01 -1.353091e-01 -5.094528e-01 7.866314e-01
<VARIANCE> 39
 5.431295e+00 8.710093e+00 2.415975e+01 1.721982e+01 2.030326e+01 2.915706e+01 1.881259e+01 2.637250e+01 2.934142e+01 2.310538e+01 2.764771e+01 3.295182e+01 4.453552e+00 2.635545e+00 1.759564e+00 5.507927e+00 3.622991e+00 4.201490e+00 3.830623e+00 4.467201e+00 3.853387e+00 3.649238e+00 3.585394e+00 2.355756e+00 3.260577e+00 2.174776e+00 1.082671e-01 1.400145e-01 9.826139e-01 5.090574e-01 7.358606e-01 5.627199e-01 7.285373e-01 5.633222e-01 5.792102e-01 7.260699e-01 5.740912e-01 4.334763e-01 1.186237e-01
<GCONST> 1.134781e+02
<STATE> 13
<MEAN> 39
 1.497086e+00 -1.104763e+01 -1.616859e+01 -1.413822e+01 -2.957574e-01 2.902297e+00 -5.140177e+00 -1.754472e+01 2.057991e+00 1.064722e+00 -3.273258e+00 -1.542128e+01 7.117036e+01 1.726180e+00 -2.715435e+00 -1.466645e+00 1.012471e-01 3.911853e-01 1.256871e+00 -5.201042e-01 3.504138e-02 1.554318e+00 8.637159e-01 -1.797926e+00 -1.022653e+00 2.240901e+00 -7.416090e-01 3.934381e-01 1.373776e+00 1.166724e+00 -1.333349e-01 -7.964604e-01 2.809728e-01 9.528371e-01 -2.653045e-01 -1.095017e+00 -4.004976e-01 8.660817e-01 -4.891782e-01
<VARIANCE> 39
 3.303874e+00 1.349560e+01 4.278981e+01 1.608484e+01 6.133691e+01 6.331355e+01 1.053459e+02 6.832040e+01 6.181404e+01 6.544440e+01 2.528443e+01 1.809213e+01 9.823846e+00 1.634127e+00 1.328001e+00 8.894917e+00 4.479447e+00 4.752773e+00 5.048981e+00 4.468656e+00 6.178246e+00 1.872281e+00 6.585732e+00 2.058454e+00 3.956016e+00 1.372030e+00 1.102293e-01 1.357569e-01 3.770209e-01 4.274600e-01 6.948431e-01 4.405343e-01 7.489029e-01 5.807576e-01 8.408283e-01 3.366302e-01 5.041918e-01 6.047633e-01 9.655862e-02
<GCONST> 1.189207e+02
<STATE> 14
<MEAN> 39
 1.583363e+00 -1.702198e+01 -1.170396e+01 -6.908826e+00 -2.519625e+00 -4.667151e-01 -4.356297e+00 -9.185351e+00 5.181720e+00 -4.331122e+00 -9.015683e+00 -9.929228e+00 7.492244e+01 -2.184016e-01 1.595663e-01 9.289168e-01 8.076920e-01 -4.844239e-01 -1.328953e+00 -2.361360e-01 1.331630e+00 2.367349e-02 -1.364644e+00 -5.897145e-01 9.244948e-01 -1.280705e-01 -1.826943e-01 6.880868e-01 9.472098e-02 -2.115639e-01 6.859174e-02 -7.761323e-02 -2.722132e-02 -4.348704e-01 -3.310367e-01 7.622921e-02 3.697495e-01 -2.484832e-01 -4.796505e-01
<VARIANCE> 39
 2.673135e+00 1.650412e+01 8.412321e+01 2.845468e+01 9.739909e+01 1.154382e+02 7.922399e+01 9.829655e+01 4.390137e+01 1.088006e+02 3.157341e+01 3.124085e+01 1.247747e+01 1.265137e-01 2.024968e+00 4.353148e-01 2.108946e+00 1.537546e+00 9.726474e-01 1.535810e+00 2.569144e+00 2.173197e+00 1.754634e+00 1.448601e+00 1.911246e+00 6.173198e-01 5.130620e-02 1.263589e-01 2.166826e-01 3.118267e-01 3.820197e-01 3.346279e-01 3.111508e-01 3.831742e-01 3.120438e-01 3.821757e-01 1.525755e-01 3.735351e-01 5.028506e-02
<GCONST> 1.017258e+02
<STATE> 15
<MEAN> 39
 -9.714541e-01 -1.085203e+01 -6.194546e+00 -5.424559e+00 -1.630439e+00 -5.255881e+00 -6.791846e+00 -7.301650e+00 3.275470e+00 -9.199964e+00 -8.258041e+00 -1.141771e+01 7.042456e+01 -1.190066e+00 1.404054e+00 5.958815e-01 2.585526e-01 3.650715e-01 -4.201829e-02 5.931749e-01 -5.039087e-01 -8.881903e-01 -5.714163e-01 1.560575e-01 -5.791509e-01 -1.594366e+00 -1.485579e-01 -2.388803e-01 -2.283581e-01 -1.991934e-01 8.791446e-02 3.705909e-01 3.078447e-01 2.284277e-01 1.014124e-01 1.131230e-01 -4.377299e-02 1.633011e-02 2.576519e-03
<VARIANCE> 39
 5.489842e+00 7.580954e+00 5.874954e+01 1.597281e+01 2.992212e+01 5.776159e+01 3.596298e+01 6.240292e+01 2.503352e+01 4.033920e+01 5.034832e+01 1.710260e+01 9.701378e+00 2.703112e-01 5.362384e-01 1.479522e+00 7.747868e-01 2.278566e+00 1.586744e+00 1.912871e+00 1.267830e+00 2.327138e+00 1.880245e+00 8.713333e-01 9.037924e-01 1.142150e-01 5.752222e-02 6.938137e-02 7.546788e-02 1.477253e-01 2.115104e-01 1.804459e-01 2.900570e-01 3.393494e-01 2.896314e-01 2.348781e-01 1.454856e-01 2.285716e-01 4.207201e-02
<GCONST> 8.794859e+01
<STATE> 16
<MEAN> 39
 -6.053493e+00 -6.704029e+00 -7.095482e+00 -6.823205e+00 5.711892e-02 -3.712771e+00 -1.017608e+00 -6.588852e+00 7.349247e-01 -1.118776e+01 -9.701954e+00 -1.250158e+01 6.431202e+01 -8.823479e-01 6.137223e-01 1.234367e-01 -4.166965e-01 1.700757e-01 5.308600e-01 1.087690e+00 6.758915e-01 -3.132029e-01 -2.871682e-01 -8.685342e-02 -1.930180e-01 -8.959149e-01 7.903787e-02 -7.210860e-02 3.849653e-02 4.589033e-02 -9.073108e-02 5.695260e-04 -8.677581e-02 6.755532e-02 9.205230e-02 7.835304e-02 6.850635e-02 -2.822900e-02 1.096510e-01
<VARIANCE> 39
 2.998674e+00 4.177392e+00 1.428937e+01 9.689594e+00 1.241658e+01 2.913080e+01 2.318041e+01 3.855798e+01 3.294148e+01 4.173920e+01 4.713411e+01 2.908729e+01 2.628491e+00 1.624341e-01 2.527391e-01 4.754150e-01 8.490295e-01 8.086721e-01 1.089759e+00 2.021267e+00 1.669341e+00 1.480044e+00 1.325812e+00 1.286732e+00 9.606765e-01 8.189850e-02 2.662459e-02 4.630934e-02 6.842028e-02 8.736210e-02 1.509271e-01 1.076963e-01 2.472082e-01 2.013717e-01 3.045902e-01 2.023057e-01 2.009648e-01 2.117630e-01 1.118343e-02
<GCONST> 7.323665e+01
<STATE> 17
<MEAN> 39
 -1.034100e+01 -4.423680e+00 -5.675453e+00 -7.943321e+00 -4.166656e-01 -1.692262e+00 2.822839e+00 -3.513806e+00 8.678109e-01 -1.195211e+01 -9.286160e+00 -1.365918e+01 6.052322e+01 -8.106326e-01 1.931999e-01 4.344202e-01 1.946381e-01 1.056443e-01 1.438698e-01 3.410330e-01 5.774613e-02 -9.195439e-02 7.735481e-02 5.731890e-01 1.488432e-01 -6.042147e-01 -6.879509e-03 -9.366091e-02 -5.600013e-03 8.551010e-02 8.235041e-02 -6.005206e-02 -8.502693e-02 -2.059570e-01 -2.024920e-01 3.355240e-04 7.701930e-02 2.096474e-01 3.327579e-02
<VARIANCE> 39
 2.603201e+00 4.664375e+00 9.503557e+00 1.507221e+01 2.461427e+01 1.295667e+01 2.368531e+01 2.867030e+01 1.431323e+01 2.215595e+01 2.008404e+01 1.305266e+01 1.315479e+00 6.304048e-02 2.366932e-01 4.756552e-01 6.042848e-01 1.486282e+00 1.109656e+00 1.293324e+00 9.217474e-01 1.279383e+00 7.661687e-01 7.909636e-01 1.150664e+00 3.019049e-02 1.040865e-02 3.679131e-02 6.363048e-02 1.067321e-01 1.994848e-01 1.473905e-01 1.687374e-01 1.868864e-01 1.362779e-01 1.375374e-01 1.672488e-01 1.591147e-01 3.402730e-03
<GCONST> 6.150689e+01
<STATE> 18
<MEAN> 39
 -1.402993e+01 -4.425427e+00 -3.814835e+00 -6.098092e+00 1.375326e+00 -1.924091e+00 2.246684e+00 -5.677059e+00 -3.248932e+00 -1.210624e+01 -4.538673e+00 -9.733925e+00 5.814790e+01 -6.540517e-01 5.781225e-03 5.323327e-01 6.868654e-01 6.736727e-01 4.155331e-01 5.118310e-01 3.852561e-01 -3.174401e-01 2.713568e-01 9.593667e-01 7.059305e-01 -4.033425e-01 6.063215e-02 -1.977266e-02 -1.363154e-03 1.244270e-04 4.644045e-02 2.633909e-01 2.894226e-01 3.150527e-01 3.309287e-01 7.108103e-03 -8.770473e-02 -8.561949e-02 5.604979e-02
<VARIANCE> 39
 2.811013e+00 6.417554e+00 9.167585e+00 1.653320e+01 3.499411e+01 2.061461e+01 1.814612e+01 1.943181e+01 1.393533e+01 2.192950e+01 1.753995e+01 2.286255e+01 7.636350e-01 9.111540e-02 3.011385e-01 3.090214e-01 7.232413e-01 7.804473e-01 1.888543e+00 2.256726e+00 1.596927e+00 1.467415e+00 1.607493e+00 1.899014e+00 1.095933e+00 3.082091e-02 1.591039e-02 6.320468e-02 6.357750e-02 1.542738e-01 1.567609e-01 2.415719e-01 3.756003e-01 9.251222e-02 1.779098e-01 2.453259e-01 4.030579e-01 2.871270e-01 2.783868e-03
<GCONST> 6.883924e+01
<STATE> 19
<MEAN> 39
 -1.672207e+01 -4.542431e+00 -1.537408e+00 -3.020238e+00 5.018871e+00 2.915655e+00 8.034656e+00 -1.505588e+00 -1.440033e+00 -1.124170e+01 -3.823856e+00 -1.026859e+01 5.658392e+01 -7.081981e-01 -3.055449e-01 2.097532e-01 3.516835e-01 3.181497e-01 5.603069e-01 7.834989e-01 3.149469e-01 -5.482166e-02 -2.880377e-01 9.207260e-02 1.132981e-01 -3.698969e-01 1.846004e-02 -5.968022e-02 -4.596552e-02 -3.215182e-02 -9.990039e-02 -1.925503e-01 -1.946207e-01 -1.279747e-01 -6.624995e-02 -4.616830e-02 -1.605117e-02 6.054180e-02 1.036343e-02
<VARIANCE> 39
 4.873138e+00 6.539406e+00 7.052162e+00 1.179735e+01 2.165796e+01 1.154173e+01 1.206791e+01 1.580340e+01 1.197738e+01 3.756171e+01 1.848437e+01 1.061377e+01 1.129796e+00 2.119582e-01 3.453937e-01 6.302515e-01 7.552909e-01 9.200191e-01 8.421296e-01 1.056211e+00 1.406707e+00 1.004284e+00 1.682558e+00 1.241808e+00 1.219328e+00 5.006063e-02 2.877857e-02 5.157100e-02 1.089233e-01 1.184034e-01 1.336673e-01 1.376552e-01 2.084507e-01 2.526094e-01 1.504564e-01 2.079596e-01 1.586586e-01 2.205565e-01 8.026153e-03
<GCONST> 6.712598e+01
<TRANSP> 20
 0.000000e+00 1.000000e+00 0.000000e+00 0.000000e+00 0.000000e+00 0.000000e+00 0.000000e+00 0.000000e+00 0.000000e+00 0.000000e+00 0.000000e+00 0.000000e+00 0.000000e+00 0.000000e+00 0.000000e+00 0.000000e+00 0.000000e+00 0.000000e+00 0.000000e+00 0.000000e+00
 0.000000e+00 7.600552e-01 2.399448e-01 0.000000e+00 0.000000e+00 0.000000e+00 0.000000e+00 0.000000e+00 0.000000e+00 0.000000e+00 0.000000e+00 0.000000e+00 0.000000e+00 0.000000e+00 0.000000e+00 0.000000e+00 0.000000e+00 0.000000e+00 0.000000e+00 0.000000e+00
 0.000000e+00 0.000000e+00 8.234943e-01 1.765058e-01 0.000000e+00 0.000000e+00 0.000000e+00 0.000000e+00 0.000000e+00 0.000000e+00 0.000000e+00 0.000000e+00 0.000000e+00 0.000000e+00 0.000000e+00 0.000000e+00 0.000000e+00 0.000000e+00 0.000000e+00 0.000000e+00
 0.000000e+00 0.000000e+00 0.000000e+00 7.647063e-01 2.352938e-01 0.000000e+00 0.000000e+00 0.000000e+00 0.000000e+00 0.000000e+00 0.000000e+00 0.000000e+00 0.000000e+00 0.000000e+00 0.000000e+00 0.000000e+00 0.000000e+00 0.000000e+00 0.000000e+00 0.000000e+00
 0.000000e+00 0.000000e+00 0.000000e+00 0.000000e+00 8.213574e-01 1.786426e-01 0.000000e+00 0.000000e+00 0.000000e+00 0.000000e+00 0.000000e+00 0.000000e+00 0.000000e+00 0.000000e+00 0.000000e+00 0.000000e+00 0.000000e+00 0.000000e+00 0.000000e+00 0.000000e+00
 0.000000e+00 0.000000e+00 0.000000e+00 0.000000e+00 0.000000e+00 7.379284e-01 2.620716e-01 0.000000e+00 0.000000e+00 0.000000e+00 0.000000e+00 0.000000e+00 0.000000e+00 0.000000e+00 0.000000e+00 0.000000e+00 0.000000e+00 0.000000e+00 0.000000e+00 0.000000e+00
 0.000000e+00 0.000000e+00 0.000000e+00 0.000000e+00 0.000000e+00 0.000000e+00 7.087103e-01 2.912897e-01 0.000000e+00 0.000000e+00 0.000000e+00 0.000000e+00 0.000000e+00 0.000000e+00 0.000000e+00 0.000000e+00 0.000000e+00 0.000000e+00 0.000000e+00 0.000000e+00
 0.000000e+00 0.000000e+00 0.000000e+00 0.000000e+00 0.000000e+00 0.000000e+00 0.000000e+00 8.224407e-01 1.775593e-01 0.000000e+00 0.000000e+00 0.000000e+00 0.000000e+00 0.000000e+00 0.000000e+00 0.000000e+00 0.000000e+00 0.000000e+00 0.000000e+00 0.000000e+00
 0.000000e+00 0.000000e+00 0.000000e+00 0.000000e+00 0.000000e+00 0.000000e+00 0.000000e+00 0.000000e+00 7.556897e-01 2.443103e-01 0.000000e+00 0.000000e+00 0.000000e+00 0.000000e+00 0.000000e+00 0.000000e+00 0.000000e+00 0.000000e+00 0.000000e+00 0.000000e+00
 0.000000e+00 0.000000e+00 0.000000e+00 0.000000e+00 0.000000e+00 0.000000e+00 0.000000e+00 0.000000e+00 0.000000e+00 8.554749e-01 1.445251e-01 0.000000e+00 0.000000e+00 0.000000e+00 0.000000e+00 0.000000e+00 0.000000e+00 0.000000e+00 0.000000e+00 0.000000e+00
 0.000000e+00 0.000000e+00 0.000000e+00 0.000000e+00 0.000000e+00 0.000000e+00 0.000000e+00 0.000000e+00 0.000000e+00 0.000000e+00 8.334967e-01 1.665033e-01 0.000000e+00 0.000000e+00 0.000000e+00 0.000000e+00 0.000000e+00 0.000000e+00 0.000000e+00 0.000000e+00
 0.000000e+00 0.000000e+00 0.000000e+00 0.000000e+00 0.000000e+00 0.000000e+00 0.000000e+00 0.000000e+00 0.000000e+00 0.000000e+00 0.000000e+00 7.449226e-01 2.550774e-01 0.000000e+00 0.000000e+00 0.000000e+00 0.000000e+00 0.000000e+00 0.000000e+00 0.000000e+00
 0.000000e+00 0.000000e+00 0.000000e+00 0.000000e+00 0.000000e+00 0.000000e+00 0.000000e+00 0.000000e+00 0.000000e+00 0.000000e+00 0.000000e+00 0.000000e+00 6.923679e-01 3.076321e-01 0.000000e+00 0.000000e+00 0.000000e+00 0.000000e+00 0.000000e+00 0.000000e+00
 0.000000e+00 0.000000e+00 0.000000e+00 0.000000e+00 0.000000e+00 0.000000e+00 0.000000e+00 0.000000e+00 0.000000e+00 0.000000e+00 0.000000e+00 0.000000e+00 0.000000e+00 8.120896e-01 1.879104e-01 0.000000e+00 0.000000e+00 0.000000e+00 0.000000e+00 0.000000e+00
 0.000000e+00 0.000000e+00 0.000000e+00 0.000000e+00 0.000000e+00 0.000000e+00 0.000000e+00 0.000000e+00 0.000000e+00 0.000000e+00 0.000000e+00 0.000000e+00 0.000000e+00 0.000000e+00 7.380857e-01 2.619143e-01 0.000000e+00 0.000000e+00 0.000000e+00 0.000000e+00
 0.000000e+00 0.000000e+00 0.000000e+00 0.000000e+00 0.000000e+00 0.000000e+00 0.000000e+00 0.000000e+00 0.000000e+00 0.000000e+00 0.000000e+00 0.000000e+00 0.000000e+00 0.000000e+00 0.000000e+00 8.108324e-01 1.891676e-01 0.000000e+00 0.000000e+00 0.000000e+00
 0.000000e+00 0.000000e+00 0.000000e+00 0.000000e+00 0.000000e+00 0.000000e+00 0.000000e+00 0.000000e+00 0.000000e+00 0.000000e+00 0.000000e+00 0.000000e+00 0.000000e+00 0.000000e+00 0.000000e+00 0.000000e+00 8.088902e-01 1.911098e-01 0.000000e+00 0.000000e+00
 0.000000e+00 0.000000e+00 0.000000e+00 0.000000e+00 0.000000e+00 0.000000e+00 0.000000e+00 0.000000e+00 0.000000e+00 0.000000e+00 0.000000e+00 0.000000e+00 0.000000e+00 0.000000e+00 0.000000e+00 0.000000e+00 0.000000e+00 7.201220e-01 2.798780e-01 0.000000e+00
 0.000000e+00 0.000000e+00 0.000000e+00 0.000000e+00 0.000000e+00 0.000000e+00 0.000000e+00 0.000000e+00 0.000000e+00 0.000000e+00 0.000000e+00 0.000000e+00 0.000000e+00 0.000000e+00 0.000000e+00 0.000000e+00 0.000000e+00 0.000000e+00 8.187698e-01 1.812302e-01
 0.000000e+00 0.000000e+00 0.000000e+00 0.000000e+00 0.000000e+00 0.000000e+00 0.000000e+00 0.000000e+00 0.000000e+00 0.000000e+00 0.000000e+00 0.000000e+00 0.000000e+00 0.000000e+00 0.000000e+00 0.000000e+00 0.000000e+00 0.000000e+00 0.000000e+00 0.000000e+00
<ENDHMM>
