~o
<STREAMINFO> 1 39
<VECSIZE> 39<NULLD><MFCC_D_A_0><DIAGC>
~h "tiga"
<BEGINHMM>
<NUMSTATES> 20
<STATE> 2
<MEAN> 39
 -1.810796e+01 -6.840209e+00 -2.133540e+00 -3.975461e+00 3.143633e-01 -6.217826e+00 2.379018e+00 -7.335769e+00 -2.329694e+00 -6.284368e+00 3.007790e+00 -4.739998e+00 5.791633e+01 6.457636e-01 9.081141e-01 1.862930e+00 4.535619e-01 -1.350756e+00 -1.817661e+00 1.567881e-01 -2.033006e+00 -2.236835e+00 7.608744e-02 3.120049e-01 -6.129827e-01 1.338724e+00 6.163414e-01 6.224292e-01 1.282322e+00 -7.302352e-02 -8.647754e-01 -4.659742e-01 -5.636639e-01 -6.448672e-01 -5.883535e-01 1.352198e-01 -3.355745e-01 -2.509083e-01 4.997768e-01
<VARIANCE> 39
 3.314646e+00 4.417524e+00 4.872882e+00 9.979875e+00 3.313766e+01 4.650782e+01 1.418168e+01 3.315313e+01 2.655050e+01 1.438186e+01 2.141912e+01 2.068916e+01 4.719846e+00 1.731784e+00 1.950239e+00 5.790728e+00 2.470784e+00 5.595224e+00 4.319983e+00 4.050584e+00 6.293746e+00 4.941296e+00 2.680212e+00 2.570033e+00 3.588544e+00 1.080464e+00 2.576759e-01 2.796941e-01 7.325227e-01 6.315836e-01 1.159582e+00 1.171438e+00 9.031159e-01 4.206515e-01 6.824248e-01 6.383933e-01 7.763955e-01 4.585976e-01 7.194322e-02
<GCONST> 1.119556e+02
<STATE> 3
<MEAN> 39
 -1.026581e+01 1.849594e+00 1.542307e+01 -3.618619e+00 -1.130197e+01 -1.349770e+01 -3.437767e+00 -2.054001e+01 -1.337412e+01 -3.186442e+00 6.905513e-01 -8.477940e+00 6.624345e+01 2.574581e+00 2.565966e+00 5.883164e+00 -1.494516e+00 -3.686025e+00 -6.637253e-01 -3.599011e+00 -2.192574e+00 -8.315200e-01 1.118918e+00 -8.044438e-01 -4.514557e-01 2.168353e+00 -3.447354e-01 -4.102003e-01 -6.111012e-01 -4.820463e-01 6.428447e-01 8.128173e-01 -6.977151e-02 1.281000e+00 1.137823e+00 -2.558391e-01 1.150889e-01 2.383514e-01 -4.272013e-01
<VARIANCE> 39
 2.033579e+01 2.586390e+01 1.067709e+02 5.962666e+01 1.021463e+02 4.380728e+01 9.835435e+01 9.807549e+01 4.541472e+01 5.956506e+01 3.662680e+01 5.705608e+01 1.562386e+01 1.334130e+00 2.186757e+00 6.238984e+00 7.751729e+00 8.988884e+00 8.221227e+00 5.892248e+00 7.181734e+00 4.387549e+00 5.227544e+00 7.275173e+00 3.583832e+00 9.330329e-01 3.827970e-01 3.607463e-01 1.460366e+00 7.341044e-01 1.190195e+00 8.702039e-01 1.627934e+00 1.040040e+00 4.911610e-01 8.123860e-01 5.562528e-01 6.631398e-01 1.424705e-01
<GCONST> 1.366866e+02
<STATE> 4
<MEAN> 39
 -7.017932e+00 4.506818e+00 2.785535e+01 -9.978196e+00 -1.664367e+01 -9.356691e+00 -1.122442e+01 -1.824241e+01 -9.885618e+00 -2.556094e+00 1.628654e+00 -1.001113e+01 7.003218e+01 3.080112e-01 1.986849e-01 7.166798e-01 -9.118757e-01 4.919635e-01 1.079669e+00 -6.437595e-01 1.542437e+00 1.216086e+00 -5.387068e-01 -1.060395e-01 -7.889076e-01 4.189410e-02 -3.721590e-01 -3.880926e-01 -1.403244e+00 7.146095e-01 8.534586e-01 -8.421588e-02 8.393325e-01 1.788831e-01 -1.761068e-02 -2.442415e-01 -3.830231e-02 -8.444595e-02 -5.397334e-01
<VARIANCE> 39
 5.412170e+00 2.835447e+01 1.042188e+02 1.048027e+02 1.575835e+02 5.099453e+01 6.660892e+01 1.239944e+02 4.404112e+01 5.826921e+01 8.494049e+01 4.170852e+01 1.124736e+01 3.246648e-01 6.136137e-01 2.167271e+00 1.398532e+00 1.157214e+00 2.327455e+00 2.284835e+00 2.362582e+00 1.585427e+00 1.700080e+00 1.657813e+00 1.736271e+00 4.003969e-01 1.179742e-01 2.568358e-01 3.140144e-01 3.923386e-01 5.662638e-01 6.446047e-01 9.784955e-01 7.367349e-01 2.531472e-01 4.481182e-01 7.100378e-01 3.190693e-01 5.502450e-02
<GCONST> 1.122819e+02
<STATE> 5
<MEAN> 39
 -7.572162e+00 4.927606e+00 2.526543e+01 -8.537848e+00 -9.389190e+00 -5.605702e+00 -1.015028e+01 -1.412680e+01 -8.618628e+00 -3.808705e+00 -1.307874e+00 -1.302297e+01 6.729263e+01 5.955234e-02 2.774764e-01 -1.601999e+00 1.231701e+00 1.496453e+00 -2.670425e-02 4.151036e-01 2.876437e-01 3.193822e-01 -8.662521e-01 -6.354032e-01 -1.523358e-01 -8.341090e-01 -3.199955e-02 -4.275239e-02 -9.459978e-02 1.645363e-01 4.398095e-02 -1.039260e-02 1.940822e-01 -2.409836e-02 -6.870879e-02 4.978352e-02 4.429511e-02 1.245408e-01 -6.365050e-03
<VARIANCE> 39
 3.219889e+00 1.503976e+01 5.821342e+01 7.816083e+01 1.142075e+02 3.448885e+01 5.613046e+01 8.211291e+01 2.013225e+01 3.398680e+01 5.131022e+01 3.727576e+01 7.667058e+00 9.543336e-02 3.808308e-01 6.153001e-01 1.290427e+00 1.249765e+00 8.152945e-01 2.462723e+00 1.886035e+00 1.188835e+00 9.941043e-01 2.157341e+00 1.862018e+00 8.932832e-02 2.702427e-02 8.493074e-02 1.350646e-01 1.651686e-01 1.633625e-01 2.322606e-01 2.825270e-01 2.168797e-01 2.595754e-01 1.956997e-01 2.562206e-01 2.290775e-01 2.645456e-02
<GCONST> 8.857584e+01
<STATE> 6
<MEAN> 39
 -6.691823e+00 6.136883e+00 1.047450e+01 -2.111328e+00 -2.782742e+00 -1.070303e+01 -8.901484e+00 -1.202224e+01 -5.462976e+00 -9.302137e+00 -1.234891e+00 -9.574342e+00 6.230587e+01 -4.025157e-01 -5.050475e-01 -9.553355e-01 7.896625e-01 6.855865e-01 5.127274e-01 8.680655e-01 2.910198e-01 3.066870e-01 -1.772901e-01 7.809940e-03 4.252825e-01 -4.873261e-01 -1.581212e-01 -1.500595e-01 1.081354e-01 -5.792668e-02 -1.625775e-01 -1.481079e-01 4.609472e-02 -2.301704e-01 -8.113930e-02 -2.915230e-02 1.085931e-01 1.580023e-01 1.355693e-01
<VARIANCE> 39
 5.025541e+00 4.742928e+00 1.930853e+01 1.259468e+01 3.732817e+01 3.078347e+01 1.540420e+01 2.927199e+01 2.382850e+01 2.200513e+01 3.691674e+01 2.731435e+01 2.244803e+00 2.098359e-01 6.229856e-01 9.450487e-01 9.164462e-01 7.727685e-01 9.317095e-01 1.465246e+00 1.304631e+00 7.565701e-01 1.475716e+00 2.095120e+00 1.224476e+00 8.183049e-02 5.163597e-02 1.814742e-01 1.545722e-01 1.793119e-01 1.223146e-01 2.900531e-01 3.628652e-01 4.148034e-01 1.484392e-01 3.096388e-01 4.570258e-01 3.072783e-01 3.398591e-02
<GCONST> 8.226411e+01
<STATE> 7
<MEAN> 39
 -8.725048e+00 3.333973e+00 1.069616e+01 1.591373e+00 -2.348189e+00 -7.578518e+00 -3.803630e+00 -1.411345e+01 -5.566759e+00 -1.057491e+01 -3.751022e+00 -9.967982e+00 6.179263e+01 -1.229824e+00 -1.792781e+00 -7.735798e-01 1.262346e+00 -5.055369e-01 -1.593299e+00 2.262064e+00 -3.336715e-01 -6.172938e-01 -3.351292e-01 1.273139e+00 1.073765e+00 8.104571e-01 -2.261932e-03 -4.565231e-01 4.296895e-01 -8.772404e-02 -1.386344e+00 -9.880994e-01 3.252204e-01 -1.644082e-01 -4.536455e-01 3.235900e-01 8.057564e-01 2.950446e-01 6.290413e-01
<VARIANCE> 39
 4.300000e+00 1.324096e+01 2.267878e+01 1.447440e+01 4.048790e+01 1.908131e+01 1.414392e+01 2.509922e+01 1.312775e+01 2.047968e+01 5.563214e+01 4.855428e+01 2.211783e+00 8.616946e-01 3.175917e+00 1.746265e+00 3.222075e+00 3.734367e+00 8.288295e+00 3.609403e+00 7.117887e+00 3.755926e+00 2.309987e+00 6.039488e+00 3.098378e+00 7.503070e-01 1.973797e-01 2.395008e-01 3.575328e-01 4.775829e-01 9.159278e-01 5.853017e-01 8.000215e-01 7.229500e-01 3.669240e-01 7.498453e-01 9.804717e-01 5.693431e-01 6.394913e-02
<GCONST> 1.119260e+02
<STATE> 8
<MEAN> 39
 -1.258144e+01 -3.104696e+00 7.986582e+00 4.265309e+00 -6.345063e+00 -1.716827e+01 5.990131e+00 -1.577456e+01 -7.088987e+00 -1.097777e+01 2.703663e+00 -4.121963e+00 6.639294e+01 7.979736e-01 -7.434783e-01 1.287831e+00 -2.526163e-01 -4.297722e+00 -3.707380e+00 5.932107e-01 -5.290664e-01 -1.460394e+00 1.027792e+00 2.814310e+00 1.152295e+00 1.800979e+00 9.360672e-01 2.720570e-01 5.107407e-01 -4.526787e-01 -9.104583e-01 -3.256902e-01 -1.164636e+00 8.999525e-01 6.607050e-02 2.099194e-01 2.936676e-01 -1.770044e-01 1.512184e-01
<VARIANCE> 39
 9.768684e+00 5.410279e+01 4.777834e+01 4.537165e+01 7.808463e+01 1.059342e+02 5.215947e+01 1.276073e+02 5.899578e+01 7.090506e+01 1.152083e+02 3.653600e+01 9.229495e+00 2.932684e+00 5.071579e+00 3.373816e+00 3.295757e+00 1.033793e+01 5.279700e+00 9.855951e+00 8.295050e+00 3.743624e+00 6.263103e+00 7.576776e+00 5.320087e+00 8.155510e-01 1.653419e-01 1.099178e+00 6.701692e-01 6.074912e-01 1.172459e+00 1.228938e+00 8.894176e-01 1.370436e+00 1.482929e+00 1.028031e+00 1.330755e+00 4.706326e-01 1.795704e-01
<GCONST> 1.387139e+02
<STATE> 9
<MEAN> 39
 -5.060243e+00 -4.611990e+00 1.659791e+01 1.682393e+00 -2.526561e+01 -2.694596e+01 -5.492534e-01 -1.100905e+01 -1.161898e+01 -6.361601e+00 1.319457e+01 -3.113876e+00 7.263974e+01 1.852960e+00 -1.987086e+00 -2.433902e-01 -3.226936e-01 -2.575137e+00 -1.539775e+00 -5.652786e-01 4.007620e+00 1.132929e+00 -5.721837e-01 7.152254e-01 5.586588e-01 1.700351e+00 -2.922009e-01 -3.058152e-01 -1.247105e+00 4.706497e-02 1.976119e+00 1.484404e+00 3.597185e-01 5.398506e-01 1.078276e+00 -5.838429e-01 -1.696783e+00 -3.888413e-01 -3.305237e-01
<VARIANCE> 39
 1.027079e+01 2.154883e+01 6.967870e+01 7.503245e+01 1.383014e+02 9.842847e+01 3.414559e+01 2.298028e+02 3.352873e+01 7.769496e+01 8.857209e+01 6.020983e+01 7.513224e+00 7.051506e-01 1.634660e+00 6.912194e+00 2.316964e+00 1.383981e+01 6.334488e+00 2.924472e+00 3.725617e+00 8.146013e+00 5.180759e+00 8.948154e+00 3.768208e+00 6.989963e-01 1.834969e-01 3.190095e-01 4.716338e-01 4.839717e-01 6.824394e-01 5.965307e-01 2.211561e-01 1.100016e+00 6.541501e-01 8.811111e-01 8.686138e-01 8.438243e-01 6.726485e-02
<GCONST> 1.290803e+02
<STATE> 10
<MEAN> 39
 -1.922650e+00 -1.130358e+01 9.833947e+00 1.423204e+00 -2.155285e+01 -2.339238e+01 2.194133e-01 3.280315e+00 -2.939730e+00 -1.090280e+01 7.351165e+00 -3.400629e+00 7.550955e+01 5.571073e-01 -1.993843e+00 -2.888150e+00 -9.204302e-01 2.438632e+00 2.170544e+00 -2.875683e-01 2.263657e+00 2.308061e+00 -3.463395e-01 -3.110699e+00 -9.328944e-01 6.081070e-01 -3.020177e-01 3.120892e-01 1.307880e-03 -2.829457e-01 6.166983e-01 4.099845e-01 -2.070323e-01 -9.465186e-01 -4.835955e-01 4.002487e-01 -3.190688e-01 -3.986507e-01 -2.804257e-01
<VARIANCE> 39
 4.771236e+00 1.888153e+01 4.360590e+01 3.514005e+01 2.319744e+02 8.508905e+01 7.827857e+01 2.171612e+02 6.027780e+01 6.220367e+01 9.518256e+01 4.486107e+01 5.315751e+00 1.320122e-01 5.882048e-01 1.369025e+00 1.024263e+00 1.821350e+00 4.278493e+00 1.342003e+00 3.065520e+00 3.984784e+00 3.131184e+00 1.939447e+00 1.701405e+00 2.076647e-01 5.908897e-02 7.302083e-02 3.427479e-01 2.461053e-01 9.966010e-01 4.459583e-01 3.217161e-01 4.714631e-01 4.185170e-01 3.336798e-01 3.503174e-01 2.806863e-01 3.176991e-02
<GCONST> 1.064465e+02
<STATE> 11
<MEAN> 39
 -9.957995e-01 -1.368143e+01 4.579882e+00 -3.422476e+00 -7.698391e+00 -2.043344e+01 -4.202246e+00 1.115511e+01 -3.581243e+00 -9.203388e+00 1.701837e+00 -1.026956e+01 7.595822e+01 -2.605867e-02 -5.743613e-01 -1.179595e+00 -1.272489e+00 1.396455e+00 1.409348e+00 -5.320733e-01 -3.010319e-01 3.001919e-01 6.793142e-01 -2.201666e+00 -1.287444e+00 -2.325906e-02 -4.604875e-02 2.220305e-01 9.349716e-02 1.481467e-01 -2.445876e-01 -1.716700e-01 -1.345066e-02 -3.513849e-01 -3.650056e-02 -1.931352e-01 1.767143e-01 1.797730e-01 -1.346359e-01
<VARIANCE> 39
 2.332407e+00 2.438890e+01 4.491876e+01 1.943084e+01 1.601417e+02 9.613303e+01 7.208672e+01 1.274095e+02 4.859554e+01 6.313099e+01 5.231038e+01 5.994425e+01 9.489388e+00 1.403632e-01 4.958329e-01 1.354947e+00 8.648467e-01 2.384980e+00 1.980447e+00 1.263843e+00 2.962378e+00 1.627377e+00 2.528189e+00 1.571499e+00 1.092408e+00 1.235691e-01 3.035698e-02 1.384624e-01 2.336021e-01 1.631297e-01 3.001343e-01 1.775999e-01 1.838182e-01 3.530620e-01 3.204298e-01 4.243897e-01 2.512575e-01 2.446863e-01 1.599669e-02
<GCONST> 9.649112e+01
<STATE> 12
<MEAN> 39
 -1.079413e+00 -1.587134e+01 -5.094127e+00 -6.450262e+00 -1.064584e+01 -1.535922e+01 -1.397799e-01 -2.623363e+00 1.988027e+00 -9.136928e+00 -1.335967e+01 -8.435548e+00 7.494138e+01 2.099877e-02 1.418721e-01 -1.231378e+00 -3.298283e-01 1.169215e+00 9.775576e-01 -2.904317e-01 5.930784e-01 7.569484e-01 -4.284548e-01 -1.576470e+00 -4.074900e-01 -3.657007e-01 -1.009442e-01 2.752427e-01 3.489937e-01 1.412278e-01 -2.577398e-01 -1.013001e-01 -4.312586e-02 -7.958012e-02 -2.001166e-01 -9.355257e-02 3.596521e-01 1.952004e-01 -1.534954e-01
<VARIANCE> 39
 3.530605e+00 7.938374e+00 2.485936e+01 3.898956e+01 1.459151e+02 8.403398e+01 2.385653e+01 5.311644e+01 5.473294e+01 1.275324e+01 4.954101e+01 3.379494e+01 5.282765e+00 1.760164e-01 5.421156e-01 5.469595e-01 3.354796e-01 1.610927e+00 1.446158e+00 2.037912e+00 2.000474e+00 1.119029e+00 8.767140e-01 9.833690e-01 8.407745e-01 1.239172e-01 1.199442e-02 7.897162e-02 8.397385e-02 9.107272e-02 1.807142e-01 1.787397e-01 3.287226e-01 2.187976e-01 1.435242e-01 1.034359e-01 1.258844e-01 1.180642e-01 2.105816e-02
<GCONST> 7.981048e+01
<STATE> 13
<MEAN> 39
 -1.993590e+00 -1.343460e+01 -4.403969e+00 -6.473065e+00 -6.083692e+00 -1.134529e+01 -4.022015e+00 2.566369e+00 1.210340e+00 -1.248412e+01 -1.427881e+01 -1.066707e+01 7.289912e+01 -5.978937e-01 1.052274e+00 -8.528224e-02 3.650532e-01 3.361620e-01 4.550489e-01 -4.801219e-01 -1.194260e+00 -3.972311e-01 -1.088103e+00 7.561094e-02 5.718312e-01 -1.217532e+00 -1.404071e-01 1.882021e-01 2.230109e-01 6.410872e-02 -1.999069e-02 -2.156745e-01 1.371357e-01 -3.382650e-01 -1.604934e-01 1.469974e-01 3.999703e-01 6.505872e-02 -1.673326e-01
<VARIANCE> 39
 4.181942e+00 6.161711e+00 5.264371e+01 2.038188e+01 1.211026e+02 9.770577e+01 2.459336e+01 5.466634e+01 6.555473e+01 2.552093e+01 8.708029e+01 3.709571e+01 9.308760e+00 1.690094e-01 4.487706e-01 8.223151e-01 1.820974e+00 9.946753e-01 6.974859e-01 2.018051e+00 2.593134e+00 1.564579e+00 1.625057e+00 1.270068e+00 8.899431e-01 1.757553e-01 2.273497e-02 9.016860e-02 8.591612e-02 2.103696e-01 1.714219e-01 2.450596e-01 3.078269e-01 5.449424e-01 3.566373e-01 2.686762e-01 1.855044e-01 2.074149e-01 3.187986e-02
<GCONST> 9.044442e+01
<STATE> 14
<MEAN> 39
 -5.567894e+00 -1.015135e+01 -3.808218e+00 -7.121160e+00 -1.213139e+01 -7.218859e+00 -3.944144e+00 -4.591054e+00 4.370553e+00 -9.726635e+00 -1.075305e+01 -6.183109e+00 6.800887e+01 -6.376293e-01 1.118203e+00 1.947880e-01 -2.145963e-01 9.834829e-01 -5.739034e-01 6.082045e-02 -6.559824e-01 -5.211203e-01 -8.033216e-03 6.371757e-01 -2.992505e-01 -1.278095e+00 1.645056e-02 -5.797349e-02 2.014473e-02 6.977225e-02 4.790523e-02 8.969492e-02 2.201735e-01 1.670807e-01 -2.467836e-02 -2.809141e-02 -5.244478e-02 -1.249678e-01 7.934253e-02
<VARIANCE> 39
 4.560819e+00 4.277020e+00 1.405682e+01 8.596124e+00 6.517706e+01 5.817532e+01 1.518155e+01 3.690628e+01 2.906312e+01 2.274476e+01 3.062672e+01 2.511838e+01 7.139699e+00 1.316679e-01 2.369296e-01 8.933979e-01 1.517288e+00 1.387331e+00 2.389026e+00 1.238832e+00 1.841151e+00 1.954538e+00 1.529634e+00 9.662187e-01 1.369038e+00 1.035262e-01 1.481002e-02 2.682517e-02 9.297009e-02 1.166471e-01 1.662899e-01 1.270455e-01 1.812393e-01 1.725731e-01 1.588877e-01 2.687571e-01 2.509968e-01 1.492625e-01 1.027924e-02
<GCONST> 7.639037e+01
<STATE> 15
<MEAN> 39
 -5.887377e+00 -5.788430e+00 -3.075870e+00 -4.326619e+00 -4.141790e-01 -1.167372e+01 -4.713308e+00 -1.799194e+00 -1.421877e+00 -1.758386e+01 -1.204633e+01 -1.232452e+01 6.493513e+01 -7.305443e-01 7.758883e-01 5.764445e-02 9.423187e-02 4.334113e-01 6.346021e-01 6.072707e-01 -1.236769e-01 1.354600e-01 3.325414e-02 4.524163e-01 -3.608049e-02 -1.039849e+00 -6.750805e-03 -1.087375e-01 -1.061709e-01 -1.451154e-01 7.149973e-02 6.291879e-02 8.947407e-02 2.987781e-01 2.184942e-01 2.057664e-01 4.226674e-02 1.435902e-02 7.165929e-02
<VARIANCE> 39
 4.317945e+00 8.179499e+00 1.972700e+01 7.030905e+00 1.782492e+01 1.553455e+01 2.414791e+01 6.613886e+01 3.128666e+01 4.921695e+01 6.428753e+01 1.806802e+01 5.277651e+00 6.695647e-02 1.871016e-01 2.872160e-01 6.316336e-01 1.069476e+00 4.234213e-01 6.650056e-01 2.440024e+00 1.136903e+00 9.573042e-01 1.252077e+00 1.061226e+00 4.977187e-02 8.045846e-03 3.107418e-02 7.113594e-02 8.455092e-02 1.457829e-01 1.262865e-01 1.594097e-01 3.358555e-01 1.829733e-01 1.282781e-01 1.331173e-01 1.290858e-01 4.747664e-03
<GCONST> 6.671201e+01
<STATE> 16
<MEAN> 39
 -1.092447e+01 -5.173658e+00 -5.584321e+00 -8.189761e+00 -2.462479e+00 -9.072557e+00 -3.373549e+00 -4.442401e+00 2.097850e+00 -1.187614e+01 -8.310865e+00 -1.005202e+01 6.042753e+01 -8.014011e-01 3.985978e-01 -6.451929e-02 1.174391e-04 8.140016e-01 5.868348e-01 8.293646e-02 -9.096687e-02 2.998676e-01 2.058853e-01 4.679679e-01 2.491731e-02 -7.028442e-01 2.182434e-02 -4.527426e-02 6.510815e-02 1.402018e-01 5.153768e-02 8.076226e-02 2.797513e-02 6.482898e-02 2.815919e-03 9.299457e-02 7.512055e-02 8.991438e-02 5.570613e-02
<VARIANCE> 39
 4.953460e+00 4.883224e+00 8.358797e+00 8.837782e+00 1.841811e+01 1.503470e+01 1.078393e+01 1.634627e+01 1.673257e+01 3.194058e+01 2.339799e+01 3.102530e+01 2.732166e+00 1.281150e-01 1.992318e-01 5.872710e-01 8.061799e-01 1.073749e+00 9.377959e-01 1.193197e+00 1.579201e+00 1.202808e+00 9.417127e-01 6.850255e-01 1.596034e+00 2.392085e-02 2.720419e-02 3.489391e-02 7.932846e-02 1.089552e-01 1.802433e-01 1.215404e-01 2.633382e-01 3.359712e-01 2.294718e-01 2.019731e-01 1.840933e-01 2.686482e-01 5.306345e-03
<GCONST> 6.726656e+01
<STATE> 17
<MEAN> 39
 -1.087194e+01 -1.020857e+00 -8.729140e-01 -1.596512e+00 4.243217e+00 -4.375241e+00 1.072067e+00 -1.196542e+00 2.088709e+00 -1.199443e+01 -6.039371e+00 -7.735936e+00 5.959912e+01 -7.112444e-01 4.377665e-01 -5.017231e-02 2.887959e-01 8.113706e-01 1.092882e+00 7.737720e-01 1.626640e-02 3.515752e-01 3.640975e-01 5.078793e-01 7.597265e-01 -6.998698e-01 -2.555380e-02 -2.164960e-01 -1.315857e-01 -2.052158e-01 -4.968802e-02 8.426564e-02 -9.535483e-02 -1.181442e-02 6.632321e-03 -1.121128e-02 -4.787451e-02 -9.680191e-02 3.867482e-02
<VARIANCE> 39
 5.374773e+00 5.032106e+00 9.392286e+00 9.556558e+00 9.693546e+00 1.363923e+01 1.535851e+01 3.190558e+01 7.205287e+00 1.917211e+01 1.186367e+01 1.339340e+01 3.817782e+00 9.842335e-02 3.816024e-01 6.612415e-01 7.694519e-01 7.197300e-01 5.561881e-01 1.096439e+00 1.781729e+00 6.808484e-01 8.135502e-01 2.143605e+00 1.444707e+00 5.881056e-02 1.020959e-02 3.474833e-02 5.579143e-02 5.102509e-02 8.811384e-02 9.394222e-02 1.457524e-01 1.937977e-01 1.249135e-01 8.499883e-02 1.080075e-01 2.398748e-01 4.522325e-03
<GCONST> 5.962590e+01
<STATE> 18
<MEAN> 39
 -1.573722e+01 -4.428035e+00 -4.346948e+00 -5.466028e+00 3.307251e+00 -1.882723e+00 6.082398e-01 -3.325060e+00 2.126345e+00 -8.614888e+00 -2.056068e+00 -8.709040e+00 5.682275e+01 -5.524592e-01 -1.881812e-01 -1.279065e-01 -3.372148e-01 4.425787e-01 1.267265e+00 5.881406e-01 -1.679120e-02 8.590812e-02 4.902860e-01 1.727397e-01 -3.043562e-01 -3.581553e-01 7.885785e-02 -3.990468e-03 -1.145444e-01 -1.418676e-01 -7.330570e-02 -5.415122e-02 -1.560406e-02 -8.534168e-02 5.167202e-02 -1.082445e-01 -2.496745e-01 -3.849572e-02 5.170095e-02
<VARIANCE> 39
 3.725373e+00 1.079796e+01 7.682329e+00 2.187286e+01 2.577316e+01 1.241788e+01 1.477409e+01 3.486529e+01 1.485743e+01 2.219412e+01 1.518159e+01 3.627015e+01 6.854722e-01 1.287667e-01 1.860342e-01 4.933197e-01 8.627136e-01 1.121207e+00 1.257674e+00 1.143152e+00 1.086349e+00 1.940937e+00 1.199247e+00 1.371766e+00 1.240409e+00 3.479618e-02 1.832239e-02 3.880619e-02 7.328376e-02 1.165147e-01 1.588371e-01 2.719336e-01 3.085877e-01 2.100921e-01 3.384537e-01 1.279710e-01 2.837101e-01 3.829958e-01 3.646382e-03
<GCONST> 6.937022e+01
<STATE> 19
<MEAN> 39
 -1.648082e+01 -1.925502e+00 -7.117495e+00 -8.474236e+00 8.860259e+00 6.085836e+00 2.038697e+00 -4.008904e+00 8.589985e+00 -8.744977e+00 -8.421223e+00 -7.353227e+00 5.499203e+01 -5.006455e-01 -2.676311e-01 -6.180735e-01 -5.044947e-01 8.003292e-01 1.322638e+00 1.594092e-01 -1.461330e-01 8.547890e-01 4.051255e-01 -3.881856e-01 -2.373850e-01 -3.426825e-01 5.369733e-02 7.420225e-03 9.995991e-02 1.065623e-01 -1.660228e-03 -1.904184e-01 -1.080027e-01 8.806501e-02 1.366316e-02 2.079227e-01 1.909907e-01 -1.641256e-02 6.616331e-02
<VARIANCE> 39
 3.199684e+00 1.265604e+01 1.101290e+01 3.944946e+01 3.494798e+01 3.308710e+01 1.653768e+01 6.383105e+01 4.892761e+01 3.995617e+01 2.682398e+01 6.891182e+01 1.781770e+00 1.899204e-01 4.106860e-01 3.233677e-01 1.086701e+00 1.327194e+00 1.795869e+00 2.196818e+00 1.499791e+00 2.677225e+00 3.021492e+00 2.270115e+00 4.487494e+00 1.277388e-01 1.320554e-02 7.533935e-02 8.294888e-02 1.765269e-01 2.149005e-01 2.187302e-01 5.070508e-01 2.646605e-01 3.260017e-01 4.121374e-01 1.686847e-01 5.685799e-01 1.099815e-02
<GCONST> 8.689887e+01
<TRANSP> 20
 0.000000e+00 1.000000e+00 0.000000e+00 0.000000e+00 0.000000e+00 0.000000e+00 0.000000e+00 0.000000e+00 0.000000e+00 0.000000e+00 0.000000e+00 0.000000e+00 0.000000e+00 0.000000e+00 0.000000e+00 0.000000e+00 0.000000e+00 0.000000e+00 0.000000e+00 0.000000e+00
 0.000000e+00 7.391285e-01 2.608715e-01 0.000000e+00 0.000000e+00 0.000000e+00 0.000000e+00 0.000000e+00 0.000000e+00 0.000000e+00 0.000000e+00 0.000000e+00 0.000000e+00 0.000000e+00 0.000000e+00 0.000000e+00 0.000000e+00 0.000000e+00 0.000000e+00 0.000000e+00
 0.000000e+00 0.000000e+00 6.756781e-01 3.243219e-01 0.000000e+00 0.000000e+00 0.000000e+00 0.000000e+00 0.000000e+00 0.000000e+00 0.000000e+00 0.000000e+00 0.000000e+00 0.000000e+00 0.000000e+00 0.000000e+00 0.000000e+00 0.000000e+00 0.000000e+00 0.000000e+00
 0.000000e+00 0.000000e+00 0.000000e+00 6.629162e-01 3.370838e-01 0.000000e+00 0.000000e+00 0.000000e+00 0.000000e+00 0.000000e+00 0.000000e+00 0.000000e+00 0.000000e+00 0.000000e+00 0.000000e+00 0.000000e+00 0.000000e+00 0.000000e+00 0.000000e+00 0.000000e+00
 0.000000e+00 0.000000e+00 0.000000e+00 0.000000e+00 8.158573e-01 1.841428e-01 0.000000e+00 0.000000e+00 0.000000e+00 0.000000e+00 0.000000e+00 0.000000e+00 0.000000e+00 0.000000e+00 0.000000e+00 0.000000e+00 0.000000e+00 0.000000e+00 0.000000e+00 0.000000e+00
 0.000000e+00 0.000000e+00 0.000000e+00 0.000000e+00 0.000000e+00 7.864337e-01 2.135663e-01 0.000000e+00 0.000000e+00 0.000000e+00 0.000000e+00 0.000000e+00 0.000000e+00 0.000000e+00 0.000000e+00 0.000000e+00 0.000000e+00 0.000000e+00 0.000000e+00 0.000000e+00
 0.000000e+00 0.000000e+00 0.000000e+00 0.000000e+00 0.000000e+00 0.000000e+00 5.865362e-01 4.134638e-01 0.000000e+00 0.000000e+00 0.000000e+00 0.000000e+00 0.000000e+00 0.000000e+00 0.000000e+00 0.000000e+00 0.000000e+00 0.000000e+00 0.000000e+00 0.000000e+00
 0.000000e+00 0.000000e+00 0.000000e+00 0.000000e+00 0.000000e+00 0.000000e+00 0.000000e+00 6.555066e-01 3.444934e-01 0.000000e+00 0.000000e+00 0.000000e+00 0.000000e+00 0.000000e+00 0.000000e+00 0.000000e+00 0.000000e+00 0.000000e+00 0.000000e+00 0.000000e+00
 0.000000e+00 0.000000e+00 0.000000e+00 0.000000e+00 0.000000e+00 0.000000e+00 0.000000e+00 0.000000e+00 6.772301e-01 3.227699e-01 0.000000e+00 0.000000e+00 0.000000e+00 0.000000e+00 0.000000e+00 0.000000e+00 0.000000e+00 0.000000e+00 0.000000e+00 0.000000e+00
 0.000000e+00 0.000000e+00 0.000000e+00 0.000000e+00 0.000000e+00 0.000000e+00 0.000000e+00 0.000000e+00 0.000000e+00 6.147619e-01 3.852381e-01 0.000000e+00 0.000000e+00 0.000000e+00 0.000000e+00 0.000000e+00 0.000000e+00 0.000000e+00 0.000000e+00 0.000000e+00
 0.000000e+00 0.000000e+00 0.000000e+00 0.000000e+00 0.000000e+00 0.000000e+00 0.000000e+00 0.000000e+00 0.000000e+00 0.000000e+00 7.220794e-01 2.779206e-01 0.000000e+00 0.000000e+00 0.000000e+00 0.000000e+00 0.000000e+00 0.000000e+00 0.000000e+00 0.000000e+00
 0.000000e+00 0.000000e+00 0.000000e+00 0.000000e+00 0.000000e+00 0.000000e+00 0.000000e+00 0.000000e+00 0.000000e+00 0.000000e+00 0.000000e+00 7.549067e-01 2.450934e-01 0.000000e+00 0.000000e+00 0.000000e+00 0.000000e+00 0.000000e+00 0.000000e+00 0.000000e+00
 0.000000e+00 0.000000e+00 0.000000e+00 0.000000e+00 0.000000e+00 0.000000e+00 0.000000e+00 0.000000e+00 0.000000e+00 0.000000e+00 0.000000e+00 0.000000e+00 6.925113e-01 3.074887e-01 0.000000e+00 0.000000e+00 0.000000e+00 0.000000e+00 0.000000e+00 0.000000e+00
 0.000000e+00 0.000000e+00 0.000000e+00 0.000000e+00 0.000000e+00 0.000000e+00 0.000000e+00 0.000000e+00 0.000000e+00 0.000000e+00 0.000000e+00 0.000000e+00 0.000000e+00 6.683259e-01 3.316741e-01 0.000000e+00 0.000000e+00 0.000000e+00 0.000000e+00 0.000000e+00
 0.000000e+00 0.000000e+00 0.000000e+00 0.000000e+00 0.000000e+00 0.000000e+00 0.000000e+00 0.000000e+00 0.000000e+00 0.000000e+00 0.000000e+00 0.000000e+00 0.000000e+00 0.000000e+00 7.146673e-01 2.853326e-01 0.000000e+00 0.000000e+00 0.000000e+00 0.000000e+00
 0.000000e+00 0.000000e+00 0.000000e+00 0.000000e+00 0.000000e+00 0.000000e+00 0.000000e+00 0.000000e+00 0.000000e+00 0.000000e+00 0.000000e+00 0.000000e+00 0.000000e+00 0.000000e+00 0.000000e+00 7.770005e-01 2.229994e-01 0.000000e+00 0.000000e+00 0.000000e+00
 0.000000e+00 0.000000e+00 0.000000e+00 0.000000e+00 0.000000e+00 0.000000e+00 0.000000e+00 0.000000e+00 0.000000e+00 0.000000e+00 0.000000e+00 0.000000e+00 0.000000e+00 0.000000e+00 0.000000e+00 0.000000e+00 6.898047e-01 3.101953e-01 0.000000e+00 0.000000e+00
 0.000000e+00 0.000000e+00 0.000000e+00 0.000000e+00 0.000000e+00 0.000000e+00 0.000000e+00 0.000000e+00 0.000000e+00 0.000000e+00 0.000000e+00 0.000000e+00 0.000000e+00 0.000000e+00 0.000000e+00 0.000000e+00 0.000000e+00 7.269359e-01 2.730641e-01 0.000000e+00
 0.000000e+00 0.000000e+00 0.000000e+00 0.000000e+00 0.000000e+00 0.000000e+00 0.000000e+00 0.000000e+00 0.000000e+00 0.000000e+00 0.000000e+00 0.000000e+00 0.000000e+00 0.000000e+00 0.000000e+00 0.000000e+00 0.000000e+00 0.000000e+00 6.573217e-01 3.426783e-01
 0.000000e+00 0.000000e+00 0.000000e+00 0.000000e+00 0.000000e+00 0.000000e+00 0.000000e+00 0.000000e+00 0.000000e+00 0.000000e+00 0.000000e+00 0.000000e+00 0.000000e+00 0.000000e+00 0.000000e+00 0.000000e+00 0.000000e+00 0.000000e+00 0.000000e+00 0.000000e+00
<ENDHMM>
