~o
<STREAMINFO> 1 39
<VECSIZE> 39<NULLD><MFCC_D_A_0><DIAGC>
~h "jam"
<BEGINHMM>
<NUMSTATES> 5
<STATE> 2
<MEAN> 39
 -1.116353e+01 1.631208e+00 6.794185e+00 -1.351982e+00 4.964600e-01 -1.406320e+01 -2.067323e-01 -6.575193e+00 -4.805938e+00 -1.013777e+01 4.253812e-01 -7.037452e+00 6.596926e+01 8.100840e-01 -2.570305e-01 2.151381e-01 -1.774673e-01 -5.507008e-01 -1.309453e+00 -3.096782e-01 3.575774e-01 -3.366515e-01 -3.280378e-02 2.088042e-01 3.514134e-02 1.201837e+00 1.044153e-02 -1.634535e-01 -1.660681e-01 -5.566543e-02 9.915228e-02 1.703396e-01 -1.428894e-02 -1.663474e-02 5.105471e-02 3.183362e-02 -1.301055e-01 -1.298594e-01 -1.457940e-02
<VARIANCE> 39
 3.345666e+01 6.185857e+01 5.976607e+01 4.141192e+01 1.179511e+02 2.030078e+02 4.275826e+01 1.116063e+02 5.988998e+01 5.650563e+01 1.565864e+02 5.864355e+01 6.700642e+01 4.016793e+00 7.366128e+00 5.395561e+00 3.829304e+00 1.025222e+01 1.027853e+01 3.320667e+00 8.647089e+00 6.148414e+00 4.723773e+00 7.901379e+00 4.800507e+00 1.098488e+00 7.540614e-01 7.804263e-01 8.129551e-01 6.862981e-01 2.056757e+00 1.566294e+00 5.931134e-01 1.585322e+00 1.088252e+00 7.479507e-01 1.174923e+00 7.366964e-01 1.799832e-01
<GCONST> 1.465956e+02
<STATE> 3
<MEAN> 39
 9.350755e-02 -7.988730e+00 -2.136576e+00 -7.243313e+00 -9.681542e-02 -8.711200e+00 -7.379479e+00 -7.069019e+00 -5.040071e+00 -6.091299e+00 -3.302041e+00 -1.422817e+01 7.270091e+01 1.218715e-01 7.658148e-01 -1.660908e-02 1.518822e-01 4.960394e-01 9.244261e-01 -4.484335e-01 -1.016312e+00 -2.687319e-01 -2.018084e-01 -3.058183e-01 -2.356262e-01 -6.352272e-01 -7.692010e-02 1.397161e-01 1.311715e-01 4.826868e-02 -8.697902e-02 -1.345101e-01 5.315112e-02 2.442241e-02 -2.125452e-02 -3.435671e-02 1.283789e-01 1.248889e-01 -3.978376e-02
<VARIANCE> 39
 3.493599e+00 5.624115e+01 4.982497e+01 1.327331e+01 3.574561e+01 1.069547e+02 4.670916e+01 1.100835e+02 6.186507e+01 6.245256e+01 1.282824e+02 3.932154e+01 2.403284e+01 2.681433e-01 1.442878e+00 1.608598e+00 9.934723e-01 1.629941e+00 2.662307e+00 1.249267e+00 2.390709e+00 2.308580e+00 2.585546e+00 2.087236e+00 2.643009e+00 1.773131e-01 2.139067e-02 1.481727e-01 1.484191e-01 1.569605e-01 1.908656e-01 2.406535e-01 2.026970e-01 2.917403e-01 3.154750e-01 3.848435e-01 3.123918e-01 3.071885e-01 1.852869e-02
<GCONST> 1.001935e+02
<STATE> 4
<MEAN> 39
 -1.106218e+01 2.167339e+00 2.735203e+00 -9.291848e-01 7.491038e+00 2.201885e+00 -1.885476e+00 -1.378484e+01 -6.240162e+00 -1.159683e+01 -5.764619e+00 -1.133240e+01 5.868697e+01 -6.009633e-01 -3.022785e-01 -4.548144e-02 6.548575e-02 1.231356e-01 3.596237e-01 5.710176e-01 3.678645e-01 2.763959e-01 1.184259e-01 -3.138563e-02 3.822059e-03 -3.377814e-01 1.313808e-02 -3.750408e-02 -1.596847e-02 -2.751261e-02 -3.056129e-02 -2.881668e-02 -1.934703e-02 1.197839e-03 -9.793329e-03 1.685782e-02 3.912013e-03 -1.433319e-03 2.313311e-02
<VARIANCE> 39
 2.924819e+01 2.688328e+01 1.492594e+01 2.303542e+01 4.025992e+01 5.203146e+01 5.310517e+01 6.159127e+01 3.996130e+01 5.372095e+01 4.526565e+01 4.016394e+01 8.025596e+00 2.142975e-01 5.848486e-01 7.279792e-01 9.169986e-01 1.507096e+00 1.751128e+00 1.548007e+00 1.637937e+00 1.898144e+00 2.185281e+00 1.962261e+00 1.876140e+00 1.088295e-01 3.298193e-02 7.458791e-02 1.269354e-01 1.540711e-01 2.643263e-01 2.910173e-01 2.894247e-01 2.678304e-01 3.557987e-01 4.159321e-01 3.261257e-01 3.240108e-01 8.911869e-03
<GCONST> 9.316977e+01
<TRANSP> 5
 0.000000e+00 1.000000e+00 0.000000e+00 0.000000e+00 0.000000e+00
 0.000000e+00 9.451505e-01 5.484957e-02 0.000000e+00 0.000000e+00
 0.000000e+00 0.000000e+00 9.506012e-01 4.939882e-02 0.000000e+00
 0.000000e+00 0.000000e+00 0.000000e+00 9.648402e-01 3.515980e-02
 0.000000e+00 0.000000e+00 0.000000e+00 0.000000e+00 0.000000e+00
<ENDHMM>
