~o
<STREAMINFO> 1 39
<VECSIZE> 39<NULLD><MFCC_D_A_0><DIAGC>
~h "matikan"
<BEGINHMM>
<NUMSTATES> 5
<STATE> 2
<MEAN> 39
 -4.426160e+00 -5.332233e+00 -6.331974e+00 -6.794303e+00 1.358722e+00 -7.559856e+00 -5.888282e+00 -5.603769e+00 -5.861742e-01 -1.059035e+01 -3.700649e+00 -1.025064e+01 6.576619e+01 4.519640e-01 2.472385e-01 1.906580e-01 8.515097e-02 -2.894360e-01 -4.827769e-01 -3.163473e-01 -1.143697e-01 -2.038947e-01 -2.943148e-01 4.084580e-02 -7.764050e-02 3.851496e-01 -5.337198e-02 -1.130395e-03 1.813292e-01 -1.138624e-03 -1.794964e-01 -1.216535e-01 -4.344812e-02 -3.032870e-02 -4.071980e-02 4.222594e-02 1.645170e-01 6.357303e-02 1.821824e-02
<VARIANCE> 39
 4.272974e+01 2.330086e+01 2.795375e+01 2.417245e+01 3.329671e+01 4.666491e+01 3.795190e+01 9.058409e+01 3.315059e+01 5.717888e+01 6.116417e+01 3.318969e+01 3.142207e+01 4.323382e+00 2.690440e+00 3.934644e+00 2.407756e+00 3.165944e+00 3.455320e+00 3.719907e+00 6.287587e+00 3.979327e+00 3.125481e+00 4.670571e+00 3.057839e+00 2.564507e+00 4.707301e-01 5.154446e-01 7.814971e-01 4.447555e-01 6.158116e-01 5.996591e-01 5.668012e-01 1.080563e+00 7.168981e-01 5.052510e-01 5.808762e-01 5.585423e-01 3.001440e-01
<GCONST> 1.282622e+02
<STATE> 3
<MEAN> 39
 -7.326077e+00 -5.182639e+00 7.490499e+00 -4.579098e+00 -1.069383e+01 -1.702918e+01 -4.781350e+00 -7.415106e+00 -6.565265e+00 -1.058339e+01 1.471091e+00 -6.405960e+00 6.754256e+01 2.848668e-01 -3.818476e-01 -5.460903e-02 7.713588e-02 -1.013043e-02 -2.343912e-02 2.583100e-01 4.168049e-01 1.966496e-02 -4.257135e-02 -3.217713e-01 -1.340917e-01 2.941275e-01 -2.219583e-02 3.920975e-02 -1.245650e-01 3.561884e-02 2.045593e-01 1.409322e-01 4.168285e-02 3.787065e-02 5.952305e-02 -1.003022e-02 -1.109042e-01 -3.911852e-02 -8.593774e-02
<VARIANCE> 39
 2.136877e+01 7.289962e+01 1.245132e+02 5.493602e+01 9.078484e+01 9.000005e+01 7.056909e+01 1.634508e+02 6.826308e+01 6.097674e+01 8.616782e+01 3.778865e+01 3.106645e+01 1.680314e+00 3.076645e+00 6.638402e+00 4.722479e+00 6.252634e+00 8.032544e+00 4.311862e+00 6.554928e+00 4.595443e+00 4.795183e+00 4.047467e+00 3.741083e+00 2.039204e+00 2.688275e-01 4.579939e-01 6.833956e-01 8.386956e-01 8.774984e-01 1.266347e+00 6.914562e-01 8.946313e-01 8.059320e-01 9.157056e-01 7.483254e-01 6.813353e-01 2.673780e-01
<GCONST> 1.396248e+02
<STATE> 4
<MEAN> 39
 -9.110332e+00 -6.598281e-01 3.344396e+00 -4.955855e-01 2.943654e+00 -3.598237e+00 8.366665e-01 -4.267223e+00 -1.725475e+00 -9.925407e+00 -3.603498e+00 -8.876873e+00 6.147593e+01 -5.556012e-01 2.817898e-01 9.425785e-02 2.346556e-02 3.647334e-01 4.816523e-01 4.169896e-02 -3.387909e-01 5.108636e-02 2.360907e-01 1.408065e-01 2.649247e-02 -5.274065e-01 -3.576295e-03 -7.822222e-02 -3.256282e-02 -2.181372e-02 -5.785508e-02 -4.108088e-02 2.878900e-02 2.497501e-02 -3.303355e-03 -1.087401e-02 6.018172e-03 1.075537e-03 2.963013e-02
<VARIANCE> 39
 3.245196e+01 2.643279e+01 1.497537e+01 1.311812e+01 2.936792e+01 5.196634e+01 2.648561e+01 5.375730e+01 2.741383e+01 3.973558e+01 4.688036e+01 3.080457e+01 2.654863e+01 1.760023e-01 9.827651e-01 6.937820e-01 8.506451e-01 1.266140e+00 1.556440e+00 1.385480e+00 1.596269e+00 1.506155e+00 1.426220e+00 1.592296e+00 1.415328e+00 1.644050e-01 2.650693e-02 5.170911e-02 9.916627e-02 1.484876e-01 1.822576e-01 1.957691e-01 2.439159e-01 2.355402e-01 2.658974e-01 2.597957e-01 2.831547e-01 2.189026e-01 1.185875e-02
<GCONST> 8.792414e+01
<TRANSP> 5
 0.000000e+00 1.000000e+00 0.000000e+00 0.000000e+00 0.000000e+00
 0.000000e+00 9.492299e-01 5.077011e-02 0.000000e+00 0.000000e+00
 0.000000e+00 0.000000e+00 9.596271e-01 4.037289e-02 0.000000e+00
 0.000000e+00 0.000000e+00 0.000000e+00 9.665191e-01 3.348093e-02
 0.000000e+00 0.000000e+00 0.000000e+00 0.000000e+00 0.000000e+00
<ENDHMM>
