~o
<STREAMINFO> 1 39
<VECSIZE> 39<NULLD><MFCC_D_A_0><DIAGC>
~h "nol"
<BEGINHMM>
<NUMSTATES> 20
<STATE> 2
<MEAN> 39
 -1.770830e+01 -4.559880e+00 -1.851401e+00 -3.753464e+00 2.328683e+00 -5.168485e+00 2.991485e+00 -6.946887e+00 3.718676e-01 -6.939152e+00 -2.347702e-01 -5.612794e+00 5.744028e+01 1.011669e+00 1.355455e+00 1.420326e+00 1.003820e+00 2.088823e-01 -5.316998e-01 -7.469564e-01 -7.403733e-01 -4.149245e-01 -2.273697e-01 -5.662336e-02 -1.408751e-01 4.513291e-01 5.182977e-01 5.256292e-01 4.099154e-01 2.022996e-01 -1.429999e-01 -4.330034e-01 -4.850887e-01 -4.189895e-01 -2.204543e-01 -9.629314e-02 -2.659113e-02 -2.138019e-02 2.208385e-01
<VARIANCE> 39
 8.205360e+00 8.987797e+00 1.046583e+01 8.337521e+00 1.449117e+01 2.488083e+01 2.662780e+01 2.143256e+01 2.070178e+01 1.080684e+01 1.572754e+01 1.359076e+01 1.008525e+00 2.238666e+00 2.373953e+00 2.359926e+00 2.026874e+00 1.389380e+00 2.702473e+00 3.467436e+00 3.710891e+00 2.509466e+00 1.640265e+00 3.154818e+00 2.131200e+00 3.484368e-01 3.016424e-01 3.280638e-01 2.397880e-01 2.271419e-01 2.663887e-01 4.685559e-01 4.840227e-01 6.717576e-01 4.502381e-01 2.134946e-01 4.553688e-01 2.962565e-01 6.036250e-02
<GCONST> 9.726414e+01
<STATE> 3
<MEAN> 39
 -6.942694e+00 5.949600e+00 9.441793e+00 2.983388e+00 1.014690e+00 -1.063349e+01 -7.903931e+00 -1.452752e+01 -6.085344e+00 -9.990092e+00 -6.119099e-01 -6.890863e+00 6.116087e+01 3.297998e+00 3.300273e+00 2.432931e+00 3.943498e-01 -1.608504e+00 -2.687770e+00 -3.086047e+00 -2.204560e+00 -1.185219e+00 -7.905512e-02 5.135669e-01 2.650204e-01 1.497880e+00 -2.807113e-01 -7.514748e-01 -1.046496e+00 -9.878249e-01 -3.095654e-01 3.604782e-01 3.840765e-01 5.789247e-01 7.729742e-01 5.166427e-01 2.068166e-01 1.227551e-01 1.192183e-02
<VARIANCE> 39
 8.134765e+00 9.925469e+00 1.206294e+01 1.796849e+01 2.252886e+01 2.046830e+01 2.093432e+01 1.629779e+01 2.521845e+01 3.102272e+01 4.940527e+01 4.403431e+01 1.946146e+00 6.935174e-01 1.286204e+00 1.873848e+00 2.168230e+00 9.365985e-01 1.736418e+00 1.944441e+00 2.661167e+00 2.909535e+00 2.297686e+00 4.097474e+00 2.137313e+00 1.175108e-01 1.973183e-01 2.641568e-01 3.281733e-01 2.749299e-01 3.892254e-01 5.796226e-01 2.406754e-01 3.941256e-01 5.719509e-01 2.612613e-01 6.199577e-01 4.645106e-01 4.829331e-02
<GCONST> 9.839251e+01
<STATE> 4
<MEAN> 39
 -1.085833e+00 9.089764e+00 8.941979e+00 -7.149749e-01 -2.992332e+00 -1.396079e+01 -1.228448e+01 -1.583401e+01 -3.536570e+00 -5.769875e+00 1.537993e+00 -5.865558e+00 6.469405e+01 1.310775e+00 -1.126753e+00 -2.459875e+00 -1.938574e+00 5.228804e-01 6.419825e-01 -7.392958e-01 8.066047e-01 1.380911e+00 1.150686e+00 1.764083e-01 -8.663934e-01 1.385117e+00 -3.166143e-01 -1.215087e+00 -1.189151e+00 -5.754724e-01 8.479304e-01 1.089007e+00 5.462485e-01 7.728081e-01 2.478130e-01 -5.083477e-02 -8.518023e-02 -4.095004e-01 1.416856e-01
<VARIANCE> 39
 2.705878e+00 6.306685e+00 2.126833e+01 2.036711e+01 1.430863e+01 1.688885e+01 2.687018e+01 2.359709e+01 3.955899e+01 5.361307e+01 8.869816e+01 4.547756e+01 1.720590e+00 5.333836e-01 3.633797e+00 4.137236e+00 2.322932e+00 4.438428e+00 3.292922e+00 3.296665e+00 3.014663e+00 3.877221e+00 2.325907e+00 4.265797e+00 4.177395e+00 4.690614e-01 1.098281e-01 2.942586e-01 3.501364e-01 3.015910e-01 4.197014e-01 4.880733e-01 6.192583e-01 4.943480e-01 6.448182e-01 3.294160e-01 5.007080e-01 5.194910e-01 7.197090e-02
<GCONST> 1.072785e+02
<STATE> 5
<MEAN> 39
 2.699848e+00 -3.003865e+00 -5.689312e+00 -1.203189e+01 5.733438e+00 -4.259487e+00 -1.406610e+01 -6.968572e+00 8.516579e-01 -3.745807e+00 2.861501e+00 -1.293803e+01 7.201128e+01 7.640289e-01 -3.021081e+00 -3.318842e+00 -3.091842e+00 1.481863e+00 3.789368e+00 9.691948e-01 1.329242e+00 2.523763e-01 -4.637144e-01 4.066111e-01 -4.451662e-01 1.521694e+00 -2.664685e-01 6.393974e-01 8.511911e-01 4.166363e-01 -5.865259e-01 -4.342881e-03 5.940261e-01 -8.325658e-01 -5.198787e-01 -3.601152e-01 -2.020457e-03 6.937618e-01 -4.425229e-01
<VARIANCE> 39
 1.832563e+00 3.737790e+01 6.165569e+01 3.363606e+01 6.958060e+01 4.250650e+01 6.485264e+01 1.120697e+02 7.682151e+01 1.467706e+02 2.060627e+02 4.888205e+01 7.444059e+00 3.294147e-01 2.190294e+00 4.269055e+00 2.651398e+00 5.818344e+00 1.095315e+00 3.794068e+00 5.471481e+00 4.091286e+00 3.459069e+00 3.611112e+00 4.452733e+00 5.947151e-01 3.781931e-02 4.046057e-01 2.941028e-01 5.120878e-01 6.680560e-01 4.654392e-01 4.427132e-01 5.004616e-01 6.775487e-01 9.309571e-01 8.619590e-01 7.099259e-01 4.132177e-02
<GCONST> 1.199864e+02
<STATE> 6
<MEAN> 39
 3.593034e+00 -5.473624e+00 -1.083162e+01 -1.715092e+01 4.754630e+00 3.064965e+00 -8.725997e+00 -1.080197e+01 -8.429927e-02 -6.524416e+00 2.014747e+00 -9.779146e+00 7.268676e+01 2.027063e-01 -1.178257e-01 -4.404963e-01 -1.099272e+00 -1.275229e-01 2.256463e+00 1.183359e+00 -1.407998e+00 -4.775280e-01 -8.087837e-01 -1.980267e-01 7.812954e-01 1.828410e-01 -1.117571e-01 4.774461e-01 5.690495e-01 4.041896e-01 -1.408035e-01 -4.694283e-01 -4.840851e-01 -1.154694e-01 -1.104640e-01 -1.489650e-01 -1.363934e-01 -1.481862e-02 -1.884327e-01
<VARIANCE> 39
 9.136254e-01 3.354912e+01 8.174976e+01 1.662728e+01 7.022092e+01 4.271677e+01 4.886800e+01 1.097202e+02 5.871445e+01 5.459464e+01 1.580758e+02 3.262396e+01 8.310016e+00 1.121717e-01 5.516539e-01 1.557122e+00 5.772381e-01 2.132235e+00 1.108325e+00 1.258361e+00 1.244027e+00 1.469712e+00 3.916739e+00 1.364050e+00 2.090529e+00 4.110391e-02 1.300655e-02 1.649834e-01 2.870664e-01 1.341774e-01 2.615188e-01 2.406381e-01 1.568972e-01 3.948655e-01 1.851181e-01 2.834591e-01 2.526808e-01 2.510857e-01 1.980229e-02
<GCONST> 9.109669e+01
<STATE> 7
<MEAN> 39
 4.282395e+00 -1.805194e-01 -1.268514e+01 -2.011384e+01 -3.184219e+00 6.355746e+00 -1.565217e+00 -1.757696e+01 -7.851569e+00 -8.333221e+00 4.222838e+00 -4.173021e+00 7.044702e+01 -3.819510e-02 1.209773e-01 -3.508253e-01 -4.216159e-01 -1.854889e-01 3.838621e-01 1.310782e-01 8.312748e-02 -3.106640e-01 1.212845e-03 -4.431983e-02 7.162610e-02 -1.943194e-02 -3.115807e-02 -3.826530e-02 2.774079e-02 3.988873e-02 3.826558e-02 -1.364367e-01 -1.401632e-01 6.914712e-02 1.366415e-01 2.199289e-01 -1.030024e-02 -6.972977e-02 4.588940e-03
<VARIANCE> 39
 8.973490e-01 1.529967e+01 2.493782e+01 7.430127e+00 2.779981e+01 4.010464e+01 3.195312e+01 3.595359e+01 4.205938e+01 1.608081e+01 5.143548e+01 1.993312e+01 4.508127e+00 7.686394e-02 2.171597e-01 3.975655e-01 1.829732e-01 4.423557e-01 9.269090e-01 4.769424e-01 1.043742e+00 7.119949e-01 1.448789e+00 1.086658e+00 6.780741e-01 3.323302e-02 1.669982e-02 4.348510e-02 8.233551e-02 3.591311e-02 1.297296e-01 1.888887e-01 7.732002e-02 1.754714e-01 1.266651e-01 2.094973e-01 1.490847e-01 1.300713e-01 6.752056e-03
<GCONST> 6.292533e+01
<STATE> 8
<MEAN> 39
 1.936074e+00 -7.222425e+00 -1.208893e+00 -2.537845e+01 9.759799e+00 7.040222e+00 -1.661111e+01 -1.473584e+00 -6.478018e+00 -5.590363e+00 9.953784e+00 -1.025602e+01 7.653474e+01 -4.502185e-03 3.276932e-01 -1.987995e-01 -2.676947e-01 9.596252e-02 -7.966695e-01 -3.498704e-01 -3.385634e-01 -3.781411e-01 4.931222e-01 5.394410e-02 -2.481570e-02 -1.002405e-01 3.478999e-02 9.240663e-02 5.667371e-02 1.354469e-01 -7.132896e-02 -1.078638e-01 1.442984e-01 1.584358e-02 1.005675e-01 1.741854e-01 -4.088525e-02 -8.027080e-02 -6.038031e-02
<VARIANCE> 39
 1.629518e+00 2.140051e+01 9.075858e+01 1.373462e+01 4.992355e+01 4.462540e+01 6.270354e+01 8.828970e+01 5.543590e+01 2.661786e+01 7.167935e+01 1.728430e+01 1.242899e+01 8.450787e-02 8.303874e-01 3.850657e-01 7.024438e-01 1.165447e+00 1.708918e+00 1.155417e+00 1.030709e+00 1.816582e+00 9.802058e-01 7.425828e-01 6.610929e-01 1.575138e-01 1.232347e-02 1.141136e-01 9.044720e-02 1.158021e-01 1.755768e-01 2.169728e-01 1.234181e-01 2.118164e-01 3.314057e-01 1.859323e-01 1.655029e-01 2.111632e-01 9.409672e-03
<GCONST> 8.169608e+01
<STATE> 9
<MEAN> 39
 3.266365e+00 -9.184367e+00 -1.472772e+01 -1.902658e+01 5.227876e+00 1.021704e+01 -1.114805e+01 -2.200363e+01 4.055337e+00 -1.284693e+01 -1.378513e+01 -1.176240e+01 7.299361e+01 -2.007487e-01 3.001868e-01 7.828125e-01 -1.149961e-01 -9.357278e-01 3.373870e-02 -3.417836e-01 -3.966037e-01 -8.196203e-05 1.220572e-01 -5.571143e-02 -6.890582e-02 -3.251410e-01 -4.927649e-02 7.768071e-02 6.020002e-02 6.430020e-02 -9.881908e-02 -1.604378e-01 2.067875e-02 9.846092e-02 -7.393087e-02 -1.083488e-01 -1.261294e-03 -1.109116e-02 -7.229276e-02
<VARIANCE> 39
 8.941692e-01 2.954561e+01 3.587690e+01 1.254188e+01 4.019747e+01 4.198089e+01 4.815004e+01 6.854490e+01 5.565383e+01 5.097961e+01 1.581851e+02 1.800184e+01 5.310498e+00 1.110166e-01 7.484980e-01 1.309915e+00 8.230684e-01 9.173489e-01 1.735792e+00 2.349421e+00 2.403536e+00 1.512928e+00 2.265903e+00 1.602401e+00 7.931629e-01 1.250424e-01 1.095171e-02 8.683786e-02 2.534930e-01 1.265455e-01 1.152548e-01 1.964704e-01 3.917352e-01 3.729899e-01 2.848613e-01 1.698323e-01 3.106686e-01 1.636362e-01 4.837024e-03
<GCONST> 8.589619e+01
<STATE> 10
<MEAN> 39
 2.069533e+00 -2.230327e+00 -8.312976e+00 -2.292788e+01 -1.057923e+01 1.580424e+01 -2.748566e+00 -2.068100e+01 2.168404e+00 2.119382e+00 1.210366e+00 -3.526880e-01 7.120209e+01 -1.724544e-01 4.196759e-01 1.020256e+00 3.267222e-01 -4.632028e-01 -1.561813e-01 -1.426338e-01 -1.280812e-01 5.375877e-01 -6.803534e-02 -6.339206e-01 3.197135e-01 -2.650525e-01 -4.603238e-02 8.594473e-02 2.530079e-02 3.499686e-01 3.178019e-01 -1.844875e-01 9.782417e-02 1.670548e-01 -3.285441e-01 -4.136101e-01 5.594399e-02 -9.301057e-02 -8.876503e-02
<VARIANCE> 39
 2.362829e+00 7.439850e+00 2.280106e+01 1.409305e+01 8.689996e+01 7.283701e+01 4.915960e+01 6.230759e+01 5.051839e+01 5.757675e+01 4.942572e+01 4.747185e+01 2.019156e+00 1.481268e-01 5.841557e-01 6.293973e-01 9.581038e-01 2.766821e+00 1.891504e+00 9.075125e-01 2.056020e+00 3.127273e+00 1.986764e+00 9.180952e-01 1.962135e+00 1.284145e-01 3.275213e-02 5.879135e-02 6.393852e-02 1.051620e-01 3.975737e-01 1.784723e-01 1.632543e-01 3.009871e-01 3.015494e-01 2.221000e-01 1.710443e-01 1.841824e-01 9.477620e-03
<GCONST> 8.549039e+01
<STATE> 11
<MEAN> 39
 2.672203e+00 1.029761e+00 -7.756867e+00 -1.931230e+01 1.365210e+00 3.394858e-01 -8.260962e+00 -1.152344e+01 -8.060348e+00 -7.263158e+00 1.975503e+00 -1.093857e+01 6.954805e+01 -4.752073e-01 5.210015e-01 5.555074e-01 1.385651e+00 3.801930e-02 -4.581501e-01 6.820799e-01 -3.920076e-01 -3.068309e-01 -9.623287e-01 -6.081935e-01 -2.028075e-01 -7.379506e-01 -1.451051e-01 -5.605178e-02 8.624925e-02 1.252507e-01 1.278554e-01 1.126442e-01 6.739720e-02 -8.351389e-02 -1.788822e-02 -1.248656e-02 4.249477e-02 1.693715e-01 -5.103400e-02
<VARIANCE> 39
 3.320775e+00 6.355711e+00 3.558154e+01 8.402150e+00 5.899919e+01 4.172369e+01 4.264627e+01 7.437321e+01 3.424264e+01 3.677755e+01 9.043388e+01 3.253469e+01 4.519109e+00 1.696790e-01 2.293111e-01 7.163687e-01 6.736789e-01 1.479118e+00 1.181105e+00 5.569437e-01 1.516268e+00 1.579550e+00 8.493245e-01 8.660141e-01 8.324159e-01 5.790012e-02 1.975467e-02 3.933445e-02 4.238703e-02 1.257957e-01 2.968937e-01 2.025951e-01 8.985282e-02 2.336765e-01 1.983225e-01 2.843756e-01 1.044313e-01 1.278121e-01 9.222502e-03
<GCONST> 7.551637e+01
<STATE> 12
<MEAN> 39
 9.180119e-02 2.317633e+00 -4.202258e+00 -1.402379e+01 8.763579e-01 9.967181e-01 -7.607786e+00 -1.619408e+01 -7.144212e+00 -1.054603e+01 -3.424404e+00 -9.816193e+00 6.689909e+01 -8.907918e-01 9.338728e-02 5.418285e-01 1.452441e+00 3.655180e-01 -3.007328e-01 1.077775e+00 2.731523e-01 -1.669145e-01 2.523111e-01 8.344679e-02 2.934837e-01 -7.972751e-01 -1.412615e-01 -3.008060e-01 -1.522507e-01 -4.992238e-02 -1.015339e-01 -1.236128e-01 1.987555e-01 3.093943e-01 3.376443e-01 2.145718e-01 1.868300e-01 -7.752254e-02 -2.111456e-02
<VARIANCE> 39
 1.253503e+00 1.381996e+01 1.000915e+01 1.225654e+01 4.046260e+01 5.160957e+01 2.890438e+01 4.729926e+01 3.874022e+01 7.590719e+01 1.276163e+02 3.329423e+01 2.068403e+00 7.274124e-02 3.448857e-01 5.395420e-01 8.408697e-01 2.314714e+00 6.831492e-01 8.678592e-01 2.018061e+00 1.191564e+00 1.783799e+00 1.683236e+00 1.209304e+00 5.418890e-02 1.036371e-02 3.163826e-02 4.010689e-02 6.461899e-02 9.498817e-02 1.177244e-01 8.553217e-02 2.102605e-01 1.935592e-01 3.549513e-01 2.473293e-01 1.887357e-01 5.367955e-03
<GCONST> 7.290372e+01
<STATE> 13
<MEAN> 39
 -2.947048e+00 1.698427e+00 -1.629871e+00 -1.000760e+01 4.511096e-01 5.241598e+00 5.684970e-01 -1.194625e+01 -2.327588e+00 -6.435362e+00 1.920707e+00 -3.713955e+00 6.514046e+01 -9.953986e-01 -1.103137e-01 3.136906e-01 1.304424e+00 4.968616e-01 -1.250003e+00 1.056774e+00 1.505587e+00 2.567843e-01 -4.006915e-01 -3.045329e-01 -5.320098e-01 -8.062505e-01 2.588361e-02 -2.526387e-02 -3.021345e-02 -2.535651e-01 -2.418046e-01 -6.451961e-02 -2.482359e-01 -5.825096e-02 6.356790e-02 -1.012663e-02 -1.859686e-01 -1.556738e-01 4.503335e-02
<VARIANCE> 39
 2.249439e+00 6.244396e+00 1.195215e+01 1.247148e+01 2.165790e+01 5.454822e+01 3.647685e+01 4.769056e+01 2.481429e+01 2.869138e+01 5.084602e+01 3.271827e+01 1.542139e+00 1.068498e-01 4.443959e-01 3.814571e-01 6.440511e-01 2.474750e+00 9.703075e-01 1.367420e+00 1.509137e+00 1.723207e+00 1.191241e+00 1.750229e+00 1.318107e+00 5.345962e-02 9.342629e-03 7.027525e-02 7.089300e-02 1.530933e-01 3.118027e-01 2.048974e-01 1.840714e-01 3.217669e-01 1.596352e-01 2.756862e-01 1.891235e-01 1.560113e-01 6.152556e-03
<GCONST> 7.488718e+01
<STATE> 14
<MEAN> 39
 -5.345237e+00 1.775388e-01 -3.252393e+00 -8.956631e+00 3.311190e-02 -1.987837e+00 -3.160813e+00 -1.396299e+01 -5.571362e+00 -1.286608e+01 -6.501074e+00 -1.211170e+01 6.308203e+01 -8.305545e-01 1.317432e-01 4.950979e-01 8.333546e-01 -6.808033e-02 -6.769935e-01 6.505860e-01 3.963575e-01 -5.721823e-01 -2.198735e-01 -1.111222e-01 -1.826145e-02 -6.442143e-01 2.896599e-02 2.550271e-02 -1.872263e-02 -8.608213e-02 -1.375258e-02 5.942191e-03 -9.823776e-02 -9.307288e-02 -9.413090e-02 -4.549934e-03 -8.456374e-02 3.443170e-02 3.761967e-02
<VARIANCE> 39
 2.848214e+00 1.147910e+01 1.312161e+01 2.258535e+01 9.030166e+00 2.000527e+01 1.849022e+01 1.984041e+01 1.712831e+01 3.084614e+01 4.920943e+01 2.892407e+01 9.603215e-01 2.475581e-01 4.637292e-01 4.272454e-01 7.749746e-01 5.211058e-01 1.393311e+00 1.018117e+00 1.887941e+00 1.750193e+00 1.548682e+00 2.024093e+00 1.557139e+00 4.142449e-02 4.665344e-02 6.768731e-02 8.613347e-02 1.202221e-01 9.382230e-02 1.496411e-01 9.497261e-02 2.434981e-01 4.114497e-01 2.141230e-01 2.522697e-01 3.610623e-01 8.692962e-03
<GCONST> 7.354089e+01
<STATE> 15
<MEAN> 39
 -7.916265e+00 1.439396e+00 -1.290947e-01 -5.076522e+00 1.953344e-01 -3.373745e+00 1.082607e+00 -9.340848e+00 -5.015109e+00 -1.127042e+01 -4.505280e+00 -9.741817e+00 6.096815e+01 -7.914801e-01 -1.846128e-01 4.229292e-01 8.315630e-01 -2.811893e-01 -6.603879e-01 -9.619793e-02 -5.708940e-02 -3.398762e-02 -4.712451e-01 -8.116092e-01 -5.699741e-01 -5.341569e-01 4.296793e-02 -4.043233e-02 2.159219e-02 7.997669e-02 8.018696e-02 2.218261e-01 5.691225e-02 -4.198749e-02 9.299996e-02 9.757560e-02 1.301531e-01 7.350213e-02 4.025688e-02
<VARIANCE> 39
 3.639862e+00 4.991892e+00 1.277882e+01 2.830440e+01 1.552248e+01 2.254588e+01 1.861365e+01 2.492368e+01 2.127204e+01 2.162746e+01 3.037910e+01 1.838930e+01 9.754669e-01 1.192524e-01 2.131738e-01 2.800593e-01 6.343471e-01 7.420115e-01 1.278434e+00 9.471322e-01 1.300175e+00 8.623369e-01 5.867764e-01 9.113174e-01 1.038351e+00 2.348561e-02 2.934326e-02 5.441367e-02 7.473713e-02 1.126848e-01 1.761341e-01 1.967443e-01 2.607438e-01 2.877909e-01 1.875284e-01 1.251085e-01 1.488304e-01 2.464422e-01 6.391481e-03
<GCONST> 6.588529e+01
<STATE> 16
<MEAN> 39
 -1.052314e+01 -1.108129e-02 8.887643e-01 -2.187695e+00 1.711336e+00 -3.276235e+00 5.677077e-01 -1.034257e+01 -6.005560e+00 -1.287186e+01 -5.684300e+00 -1.130066e+01 5.966307e+01 -5.970702e-01 -3.135097e-01 2.193825e-01 4.938965e-01 1.669601e-01 -9.581158e-02 3.006107e-01 4.385566e-01 5.354705e-01 2.982473e-01 2.996007e-01 3.897292e-01 -3.226459e-01 1.026310e-02 -9.592606e-02 -1.330294e-01 -2.247941e-01 -1.332482e-01 -7.031161e-02 2.962526e-02 2.052066e-02 1.044409e-01 5.683939e-02 5.795991e-02 2.029633e-01 2.216255e-02
<VARIANCE> 39
 1.856886e+00 2.774854e+00 5.547888e+00 1.983475e+01 1.417033e+01 1.729283e+01 2.436861e+01 2.905552e+01 2.081295e+01 1.808890e+01 2.515524e+01 2.286861e+01 4.874835e-01 1.313468e-01 3.426712e-01 7.291014e-01 9.037109e-01 1.021420e+00 7.338876e-01 1.693065e+00 1.410666e+00 1.053854e+00 1.098724e+00 1.559022e+00 1.455300e+00 6.025285e-02 1.662180e-02 3.442168e-02 7.956528e-02 1.268788e-01 1.310505e-01 1.029975e-01 2.850118e-01 2.086201e-01 2.034459e-01 1.441275e-01 2.933290e-01 2.560940e-01 6.330477e-03
<GCONST> 6.649975e+01
<STATE> 17
<MEAN> 39
 -1.295942e+01 -2.171423e+00 1.124265e-01 -1.476785e+00 -4.191509e-01 -5.604265e+00 1.924545e+00 -9.491370e+00 -2.884119e+00 -1.126367e+01 -6.547371e+00 -9.244888e+00 5.808226e+01 -5.309933e-01 -2.815193e-01 1.463394e-01 3.108924e-01 7.727890e-02 4.964648e-03 3.100033e-01 4.587934e-01 1.625212e-01 -9.000104e-02 -4.182076e-01 1.687006e-01 -2.755483e-01 4.501630e-02 9.205248e-02 5.081686e-02 2.166174e-02 1.957068e-01 1.909993e-01 -9.009060e-02 -3.250434e-02 -1.620245e-01 -1.135056e-01 3.889665e-02 -2.622225e-02 3.554395e-02
<VARIANCE> 39
 2.573544e+00 4.749787e+00 4.065430e+00 2.154478e+01 1.879004e+01 2.254697e+01 1.750516e+01 3.713142e+01 1.997385e+01 2.556439e+01 2.084953e+01 3.991862e+01 4.370227e-01 1.441703e-01 3.457257e-01 6.897987e-01 1.079750e+00 9.217342e-01 9.910767e-01 1.444061e+00 1.382731e+00 1.486226e+00 9.522320e-01 1.677753e+00 3.322685e+00 3.806791e-02 1.857297e-02 8.228571e-02 1.116958e-01 1.963936e-01 1.798063e-01 1.468855e-01 2.799569e-01 3.028500e-01 2.092639e-01 1.779993e-01 3.900523e-01 5.510195e-01 7.350635e-03
<GCONST> 7.327047e+01
<STATE> 18
<MEAN> 39
 -1.457150e+01 -2.504323e+00 8.727987e-01 -2.846917e-01 3.536386e+00 -8.575621e-01 4.306630e+00 -6.606447e+00 -2.454547e+00 -1.029900e+01 -4.565661e+00 -6.653718e+00 5.742019e+01 -3.942627e-01 -4.860699e-01 -4.619989e-01 -3.917729e-01 1.653995e-01 2.989382e-01 -5.386891e-02 4.343329e-02 1.668199e-01 4.015224e-01 8.020314e-01 1.596916e-01 -9.446846e-02 5.953257e-02 -9.251378e-02 -1.880160e-01 -2.236730e-01 -2.408655e-01 -1.839535e-01 -5.993886e-02 6.117260e-02 1.509142e-01 1.949621e-01 1.712718e-01 -1.173989e-01 4.122911e-02
<VARIANCE> 39
 2.332452e+00 4.676327e+00 7.691561e+00 2.567151e+01 1.925745e+01 3.472157e+01 1.936453e+01 2.471316e+01 1.520548e+01 1.313061e+01 3.440205e+01 1.483512e+01 4.294800e-01 7.057801e-02 3.781844e-01 5.437910e-01 8.184948e-01 1.141941e+00 1.518239e+00 1.910498e+00 1.317775e+00 1.855571e+00 9.122979e-01 1.976947e+00 1.433118e+00 3.647854e-02 2.004892e-02 6.536031e-02 1.156166e-01 1.097558e-01 1.448441e-01 2.702622e-01 3.766021e-01 4.065216e-01 3.896242e-01 1.418779e-01 3.568611e-01 2.248021e-01 7.068330e-03
<GCONST> 7.152023e+01
<STATE> 19
<MEAN> 39
 -1.604694e+01 -5.491476e+00 -2.249149e+00 -4.979116e+00 -8.884826e-01 -4.872178e+00 2.932603e-01 -6.447582e+00 -1.153679e-01 -7.811318e+00 -9.810391e-01 -7.724808e+00 5.727294e+01 -3.179996e-01 -4.501323e-01 -3.460714e-01 -3.986669e-01 -3.674939e-01 -1.423100e-01 1.123626e-01 5.328896e-01 6.086608e-01 8.363903e-01 5.646592e-01 1.999080e-02 -1.309200e-01 3.879619e-02 8.217701e-02 1.038543e-01 1.573726e-01 1.617705e-01 1.151968e-01 1.428485e-01 9.729672e-02 -2.312923e-02 -7.917722e-02 -2.149388e-01 -8.834135e-02 6.638133e-03
<VARIANCE> 39
 2.252063e+00 6.297569e+00 1.346254e+01 1.408098e+01 2.097738e+01 2.335265e+01 2.658828e+01 1.237766e+01 1.869323e+01 2.379194e+01 2.124665e+01 1.312741e+01 5.941820e-01 1.084941e-01 2.732976e-01 5.731139e-01 7.463319e-01 7.089685e-01 1.090762e+00 1.307988e+00 1.528410e+00 6.633815e-01 1.530482e+00 1.592222e+00 1.852068e+00 3.118104e-02 2.033203e-02 4.125342e-02 7.737201e-02 1.481136e-01 1.164302e-01 1.552012e-01 2.334415e-01 2.083604e-01 1.356121e-01 4.157419e-01 3.051868e-01 2.970558e-01 6.067374e-03
<GCONST> 6.749869e+01
<TRANSP> 20
 0.000000e+00 1.000000e+00 0.000000e+00 0.000000e+00 0.000000e+00 0.000000e+00 0.000000e+00 0.000000e+00 0.000000e+00 0.000000e+00 0.000000e+00 0.000000e+00 0.000000e+00 0.000000e+00 0.000000e+00 0.000000e+00 0.000000e+00 0.000000e+00 0.000000e+00 0.000000e+00
 0.000000e+00 8.030974e-01 1.969026e-01 0.000000e+00 0.000000e+00 0.000000e+00 0.000000e+00 0.000000e+00 0.000000e+00 0.000000e+00 0.000000e+00 0.000000e+00 0.000000e+00 0.000000e+00 0.000000e+00 0.000000e+00 0.000000e+00 0.000000e+00 0.000000e+00 0.000000e+00
 0.000000e+00 0.000000e+00 5.847262e-01 4.152738e-01 0.000000e+00 0.000000e+00 0.000000e+00 0.000000e+00 0.000000e+00 0.000000e+00 0.000000e+00 0.000000e+00 0.000000e+00 0.000000e+00 0.000000e+00 0.000000e+00 0.000000e+00 0.000000e+00 0.000000e+00 0.000000e+00
 0.000000e+00 0.000000e+00 0.000000e+00 7.400016e-01 2.599985e-01 0.000000e+00 0.000000e+00 0.000000e+00 0.000000e+00 0.000000e+00 0.000000e+00 0.000000e+00 0.000000e+00 0.000000e+00 0.000000e+00 0.000000e+00 0.000000e+00 0.000000e+00 0.000000e+00 0.000000e+00
 0.000000e+00 0.000000e+00 0.000000e+00 0.000000e+00 6.570463e-01 3.429537e-01 0.000000e+00 0.000000e+00 0.000000e+00 0.000000e+00 0.000000e+00 0.000000e+00 0.000000e+00 0.000000e+00 0.000000e+00 0.000000e+00 0.000000e+00 0.000000e+00 0.000000e+00 0.000000e+00
 0.000000e+00 0.000000e+00 0.000000e+00 0.000000e+00 0.000000e+00 6.448812e-01 3.551188e-01 0.000000e+00 0.000000e+00 0.000000e+00 0.000000e+00 0.000000e+00 0.000000e+00 0.000000e+00 0.000000e+00 0.000000e+00 0.000000e+00 0.000000e+00 0.000000e+00 0.000000e+00
 0.000000e+00 0.000000e+00 0.000000e+00 0.000000e+00 0.000000e+00 0.000000e+00 8.404105e-01 1.595894e-01 0.000000e+00 0.000000e+00 0.000000e+00 0.000000e+00 0.000000e+00 0.000000e+00 0.000000e+00 0.000000e+00 0.000000e+00 0.000000e+00 0.000000e+00 0.000000e+00
 0.000000e+00 0.000000e+00 0.000000e+00 0.000000e+00 0.000000e+00 0.000000e+00 0.000000e+00 7.339473e-01 2.660527e-01 0.000000e+00 0.000000e+00 0.000000e+00 0.000000e+00 0.000000e+00 0.000000e+00 0.000000e+00 0.000000e+00 0.000000e+00 0.000000e+00 0.000000e+00
 0.000000e+00 0.000000e+00 0.000000e+00 0.000000e+00 0.000000e+00 0.000000e+00 0.000000e+00 0.000000e+00 7.275570e-01 2.724430e-01 0.000000e+00 0.000000e+00 0.000000e+00 0.000000e+00 0.000000e+00 0.000000e+00 0.000000e+00 0.000000e+00 0.000000e+00 0.000000e+00
 0.000000e+00 0.000000e+00 0.000000e+00 0.000000e+00 0.000000e+00 0.000000e+00 0.000000e+00 0.000000e+00 0.000000e+00 6.570887e-01 3.429114e-01 0.000000e+00 0.000000e+00 0.000000e+00 0.000000e+00 0.000000e+00 0.000000e+00 0.000000e+00 0.000000e+00 0.000000e+00
 0.000000e+00 0.000000e+00 0.000000e+00 0.000000e+00 0.000000e+00 0.000000e+00 0.000000e+00 0.000000e+00 0.000000e+00 0.000000e+00 7.067770e-01 2.932231e-01 0.000000e+00 0.000000e+00 0.000000e+00 0.000000e+00 0.000000e+00 0.000000e+00 0.000000e+00 0.000000e+00
 0.000000e+00 0.000000e+00 0.000000e+00 0.000000e+00 0.000000e+00 0.000000e+00 0.000000e+00 0.000000e+00 0.000000e+00 0.000000e+00 0.000000e+00 5.541459e-01 4.458542e-01 0.000000e+00 0.000000e+00 0.000000e+00 0.000000e+00 0.000000e+00 0.000000e+00 0.000000e+00
 0.000000e+00 0.000000e+00 0.000000e+00 0.000000e+00 0.000000e+00 0.000000e+00 0.000000e+00 0.000000e+00 0.000000e+00 0.000000e+00 0.000000e+00 0.000000e+00 6.372145e-01 3.627855e-01 0.000000e+00 0.000000e+00 0.000000e+00 0.000000e+00 0.000000e+00 0.000000e+00
 0.000000e+00 0.000000e+00 0.000000e+00 0.000000e+00 0.000000e+00 0.000000e+00 0.000000e+00 0.000000e+00 0.000000e+00 0.000000e+00 0.000000e+00 0.000000e+00 0.000000e+00 6.900686e-01 3.099314e-01 0.000000e+00 0.000000e+00 0.000000e+00 0.000000e+00 0.000000e+00
 0.000000e+00 0.000000e+00 0.000000e+00 0.000000e+00 0.000000e+00 0.000000e+00 0.000000e+00 0.000000e+00 0.000000e+00 0.000000e+00 0.000000e+00 0.000000e+00 0.000000e+00 0.000000e+00 7.073563e-01 2.926436e-01 0.000000e+00 0.000000e+00 0.000000e+00 0.000000e+00
 0.000000e+00 0.000000e+00 0.000000e+00 0.000000e+00 0.000000e+00 0.000000e+00 0.000000e+00 0.000000e+00 0.000000e+00 0.000000e+00 0.000000e+00 0.000000e+00 0.000000e+00 0.000000e+00 0.000000e+00 7.445495e-01 2.554505e-01 0.000000e+00 0.000000e+00 0.000000e+00
 0.000000e+00 0.000000e+00 0.000000e+00 0.000000e+00 0.000000e+00 0.000000e+00 0.000000e+00 0.000000e+00 0.000000e+00 0.000000e+00 0.000000e+00 0.000000e+00 0.000000e+00 0.000000e+00 0.000000e+00 0.000000e+00 7.475489e-01 2.524512e-01 0.000000e+00 0.000000e+00
 0.000000e+00 0.000000e+00 0.000000e+00 0.000000e+00 0.000000e+00 0.000000e+00 0.000000e+00 0.000000e+00 0.000000e+00 0.000000e+00 0.000000e+00 0.000000e+00 0.000000e+00 0.000000e+00 0.000000e+00 0.000000e+00 0.000000e+00 7.287400e-01 2.712600e-01 0.000000e+00
 0.000000e+00 0.000000e+00 0.000000e+00 0.000000e+00 0.000000e+00 0.000000e+00 0.000000e+00 0.000000e+00 0.000000e+00 0.000000e+00 0.000000e+00 0.000000e+00 0.000000e+00 0.000000e+00 0.000000e+00 0.000000e+00 0.000000e+00 0.000000e+00 7.176404e-01 2.823596e-01
 0.000000e+00 0.000000e+00 0.000000e+00 0.000000e+00 0.000000e+00 0.000000e+00 0.000000e+00 0.000000e+00 0.000000e+00 0.000000e+00 0.000000e+00 0.000000e+00 0.000000e+00 0.000000e+00 0.000000e+00 0.000000e+00 0.000000e+00 0.000000e+00 0.000000e+00 0.000000e+00
<ENDHMM>
