~o
<STREAMINFO> 1 39
<VECSIZE> 39<NULLD><MFCC_D_A_0><DIAGC>
~h "pasang"
<BEGINHMM>
<NUMSTATES> 5
<STATE> 2
<MEAN> 39
 -1.010835e+01 9.081808e-01 -1.147620e+01 -3.143222e+00 4.476048e+00 -7.012240e+00 -8.543839e-01 -9.077363e+00 1.708522e+00 -8.639775e+00 -3.334979e+00 -9.745760e+00 6.912098e+01 4.266823e-01 -4.364086e-02 -4.235590e-01 -3.149797e-02 3.941314e-02 -1.303218e-01 -2.078080e-01 -5.588694e-02 1.044851e-01 -7.053152e-03 -1.613270e-01 -9.655418e-02 5.681628e-01 -1.738822e-03 -5.233156e-02 3.016110e-02 1.694125e-02 3.641991e-02 3.310912e-02 -1.287415e-02 -5.236657e-03 -1.764542e-02 -2.679105e-02 7.384755e-03 1.084348e-02 -1.639258e-02
<VARIANCE> 39
 1.055078e+02 9.958668e+01 5.075672e+01 6.138221e+01 6.580754e+01 4.976052e+01 6.042652e+01 6.743835e+01 3.154118e+01 7.597600e+01 8.345377e+01 2.490280e+01 3.371135e+01 7.447882e+00 4.979149e+00 3.266929e+00 3.626812e+00 2.628215e+00 3.337358e+00 3.919448e+00 3.524865e+00 2.647374e+00 3.686502e+00 3.112130e+00 2.079858e+00 1.613137e+00 8.113097e-01 3.984891e-01 5.890628e-01 5.360123e-01 4.072162e-01 5.312833e-01 5.879545e-01 5.850590e-01 5.246838e-01 5.378125e-01 5.176593e-01 3.378641e-01 2.425900e-01
<GCONST> 1.305282e+02
<STATE> 3
<MEAN> 39
 2.063673e-01 -5.561406e+00 -4.117978e+00 -1.030968e+01 3.276614e+00 -7.922958e+00 -1.004101e+01 -9.085197e+00 -3.543303e+00 -9.911749e+00 -5.642262e+00 -1.004658e+01 6.947176e+01 6.640654e-03 3.919592e-01 1.192766e+00 -4.238282e-02 1.337199e-01 1.532464e-01 7.423668e-02 -2.220244e-01 -6.237482e-01 -3.156655e-01 -7.472949e-02 -8.014917e-02 -7.393063e-01 -6.995253e-02 9.059938e-02 1.197893e-02 3.974992e-02 -4.723240e-02 -4.595922e-02 7.100448e-02 4.842607e-03 1.944019e-02 3.617467e-02 -3.028630e-02 -2.399775e-02 -3.193435e-02
<VARIANCE> 39
 8.867052e+00 2.052403e+01 1.034586e+02 3.802155e+01 4.542866e+01 7.306396e+01 4.916528e+01 1.290908e+02 8.530040e+01 8.434612e+01 6.913226e+01 3.014376e+01 3.184232e+01 3.857250e-01 7.072803e-01 7.735435e-01 1.280739e+00 1.641782e+00 1.778786e+00 1.876037e+00 2.030837e+00 3.536097e+00 1.610482e+00 2.300460e+00 1.544985e+00 1.159591e-01 3.566668e-02 1.133960e-01 1.047447e-01 1.155363e-01 2.030690e-01 2.231295e-01 2.642551e-01 3.165478e-01 5.384900e-01 2.966357e-01 3.454876e-01 2.213131e-01 1.694964e-02
<GCONST> 9.997688e+01
<STATE> 4
<MEAN> 39
 -1.159406e+01 -1.262173e+00 7.971807e+00 -8.961865e-01 2.267896e+00 -6.308685e+00 -2.033646e+00 -8.996552e+00 -9.566083e+00 -1.492537e+01 -7.956248e+00 -7.327758e+00 5.756878e+01 -6.289409e-01 -1.582430e-01 -9.045616e-02 3.056680e-01 -1.169703e-01 3.417036e-03 2.183705e-01 2.611876e-01 1.256286e-01 2.268532e-03 9.997700e-02 2.322866e-01 -2.333063e-01 1.591839e-02 -1.999517e-02 -5.055431e-02 -2.593983e-02 4.316079e-03 -1.124959e-02 -4.116425e-02 6.734335e-04 3.507354e-02 -4.152073e-03 2.420698e-02 -6.765416e-03 2.295167e-02
<VARIANCE> 39
 2.286571e+01 1.062169e+01 2.902499e+01 2.214139e+01 4.524485e+01 4.165425e+01 4.911308e+01 8.278708e+01 5.970549e+01 6.520164e+01 4.198185e+01 6.435916e+01 4.237732e+00 2.215641e-01 4.574977e-01 7.902748e-01 1.079679e+00 1.393171e+00 1.716535e+00 2.120029e+00 1.665204e+00 2.315340e+00 2.164733e+00 2.090944e+00 1.846821e+00 7.692085e-02 2.812974e-02 7.606985e-02 1.128863e-01 1.694727e-01 2.366390e-01 2.883773e-01 3.936553e-01 2.368724e-01 4.093544e-01 3.723554e-01 3.835162e-01 3.540430e-01 1.013951e-02
<GCONST> 9.355359e+01
<TRANSP> 5
 0.000000e+00 1.000000e+00 0.000000e+00 0.000000e+00 0.000000e+00
 0.000000e+00 9.697765e-01 3.022351e-02 0.000000e+00 0.000000e+00
 0.000000e+00 0.000000e+00 9.490886e-01 5.091137e-02 0.000000e+00
 0.000000e+00 0.000000e+00 0.000000e+00 9.583695e-01 4.163052e-02
 0.000000e+00 0.000000e+00 0.000000e+00 0.000000e+00 0.000000e+00
<ENDHMM>
