~o
<STREAMINFO> 1 39
<VECSIZE> 39<NULLD><MFCC_D_A_0><DIAGC>
~h "pukul"
<BEGINHMM>
<NUMSTATES> 20
<STATE> 2
<MEAN> 39
 -1.664946e+01 -6.498554e+00 -2.712286e+00 -4.699100e+00 9.159998e-01 -4.209091e+00 7.255138e-01 -6.127594e+00 -9.761844e-01 -7.193587e+00 1.643807e+00 -5.085649e+00 5.749536e+01 1.607462e+00 7.015675e-01 -3.962429e-01 -8.001447e-01 -7.595329e-01 -6.153343e-01 -8.063117e-01 -1.576222e+00 -1.148172e+00 -2.837366e-01 6.391757e-01 7.321177e-01 9.892597e-01 8.409692e-01 5.722482e-01 -9.195526e-02 -6.315836e-01 -5.658113e-01 -1.717954e-01 -2.975339e-01 -2.842929e-01 -3.455955e-01 -1.767102e-02 2.039698e-01 1.673423e-01 4.132254e-01
<VARIANCE> 39
 2.663078e+00 2.538623e+00 8.324651e+00 9.089079e+00 9.765755e+00 2.017253e+01 1.928188e+01 1.841103e+01 1.509811e+01 1.157318e+01 1.689020e+01 1.336141e+01 2.005610e+00 2.988262e+00 1.925118e+00 1.677580e+00 2.857072e+00 3.184020e+00 2.442654e+00 2.990322e+00 3.163053e+00 2.135029e+00 1.773105e+00 2.630814e+00 2.095546e+00 8.579357e-01 2.582471e-01 2.826960e-01 2.353913e-01 4.555032e-01 4.800185e-01 4.817569e-01 5.549698e-01 4.431273e-01 3.553871e-01 2.779566e-01 6.403924e-01 4.137031e-01 6.985159e-02
<GCONST> 9.682675e+01
<STATE> 3
<MEAN> 39
 -6.363155e-01 4.064217e+00 -4.302819e+00 -1.583686e+01 -8.707306e+00 -7.731770e+00 -5.107829e+00 -1.391103e+01 -8.155244e+00 -9.035527e+00 5.412207e+00 -9.848139e-01 6.582187e+01 3.837109e+00 2.943207e+00 -6.050041e-02 -3.672006e+00 -2.464742e+00 8.844092e-02 -3.507188e-01 4.160116e-01 -1.363762e+00 -7.064970e-01 5.601379e-01 2.842284e-01 1.914474e+00 -8.631001e-01 -5.056012e-01 1.545483e-01 4.201439e-01 5.709462e-01 4.767103e-01 6.071874e-01 9.403580e-01 4.137996e-01 -1.345259e-01 -2.489601e-01 -3.022329e-01 -4.272179e-01
<VARIANCE> 39
 2.240137e+01 2.309457e+01 2.834264e+01 4.140987e+01 3.268364e+01 2.721605e+01 1.750203e+01 3.051283e+01 2.512048e+01 2.129184e+01 4.214643e+01 2.477111e+01 6.365880e+00 2.390981e+00 2.112935e+00 1.835036e+00 2.911212e+00 2.691934e+00 4.447942e+00 3.500014e+00 5.091104e+00 2.565454e+00 1.888049e+00 5.299819e+00 1.945747e+00 6.909696e-01 5.068630e-01 5.614261e-01 3.811125e-01 1.006215e+00 5.588275e-01 2.912676e-01 4.276897e-01 4.383586e-01 3.717849e-01 3.984163e-01 5.863479e-01 4.668441e-01 1.083310e-01
<GCONST> 1.142159e+02
<STATE> 4
<MEAN> 39
 4.192831e+00 8.113296e+00 -2.937863e+00 -2.261438e+01 -9.673459e+00 -3.074147e+00 -3.390090e+00 -8.180963e+00 -9.994035e+00 -1.255295e+01 7.178683e+00 -1.105802e-01 6.891754e+01 -5.220228e-01 2.812204e-02 4.154320e-01 8.171939e-01 5.701886e-01 -2.526235e-02 5.575856e-01 4.830338e-01 1.987269e-01 -5.506579e-01 -8.725643e-01 -3.970450e-01 -4.108747e-01 -6.834310e-01 -4.404690e-01 1.549401e-01 8.876461e-01 4.063123e-01 -2.693262e-01 -1.156272e-01 -2.859354e-01 3.009370e-01 2.031239e-01 -3.079594e-01 -1.941398e-01 -4.239743e-01
<VARIANCE> 39
 3.149647e+00 5.860488e+00 2.295227e+01 2.664366e+01 3.904917e+01 8.036999e+01 1.869965e+01 8.404716e+01 2.896074e+01 9.003963e+00 5.995644e+01 2.269470e+01 6.022246e+00 5.731711e-01 2.982563e-01 7.760642e-01 2.229039e+00 1.084123e+00 1.663038e+00 9.177684e-01 2.800611e+00 1.650642e+00 1.276992e+00 9.072805e-01 1.428305e+00 4.045242e-01 1.442260e-01 1.292946e-01 1.536297e-01 4.111761e-01 2.372004e-01 3.661464e-01 2.965597e-01 6.435655e-01 2.769928e-01 2.465207e-01 2.647598e-01 2.135993e-01 4.502423e-02
<GCONST> 9.190881e+01
<STATE> 5
<MEAN> 39
 -2.222037e+00 5.272327e+00 -1.293658e+00 -1.400022e+01 -6.821309e+00 -6.942049e+00 -2.026368e+00 -8.082401e+00 -6.970054e+00 -1.241783e+01 1.226579e-01 -4.535940e+00 6.426217e+01 -1.407907e+00 -9.075586e-01 3.467254e-01 1.368766e+00 4.671028e-01 -4.485364e-01 -1.848078e-01 -1.500402e-01 4.725965e-01 1.055618e-01 -7.364417e-01 -3.852853e-01 -8.209687e-01 3.950566e-02 -5.602076e-02 -1.204393e-01 -1.586112e-01 -8.254075e-02 4.552306e-02 -4.406633e-02 -1.414209e-01 -1.066361e-01 5.948149e-02 2.341807e-01 1.477930e-01 6.120564e-02
<VARIANCE> 39
 5.487328e+00 5.883174e+00 1.062210e+01 1.168214e+01 3.504380e+01 3.757502e+01 1.782178e+01 4.634676e+01 3.355653e+01 1.514460e+01 4.924232e+01 3.766117e+01 2.181892e+00 1.008344e-01 2.986872e-01 5.593629e-01 6.017034e-01 1.159718e+00 1.203687e+00 1.288028e+00 2.017246e+00 1.040755e+00 1.559091e+00 1.464639e+00 1.376689e+00 4.277443e-02 3.325401e-02 4.642262e-02 5.921151e-02 8.206536e-02 1.960142e-01 2.183723e-01 2.318407e-01 2.810479e-01 2.311356e-01 3.579815e-01 2.543819e-01 2.090067e-01 9.240944e-03
<GCONST> 7.534613e+01
<STATE> 6
<MEAN> 39
 -7.900370e+00 1.404439e+00 -2.173637e-01 -8.016377e+00 -4.283908e+00 -7.496958e+00 -2.152057e+00 -9.732254e+00 -4.737249e+00 -1.122171e+01 -1.816341e+00 -6.250836e+00 6.110026e+01 -6.898988e-01 -4.675102e-01 2.505405e-02 8.919220e-01 1.112259e+00 6.313505e-01 3.272097e-01 9.820350e-02 3.224788e-01 2.132301e-01 -2.139420e-01 -6.069592e-01 -3.421773e-01 1.806846e-01 5.780773e-02 -2.533374e-01 -2.586395e-01 4.989199e-02 2.534176e-01 2.621675e-01 2.740743e-01 -1.349053e-02 2.942679e-02 1.889942e-02 1.775293e-04 1.248028e-01
<VARIANCE> 39
 3.593041e+00 4.430913e+00 8.265269e+00 1.252593e+01 2.242826e+01 2.044058e+01 1.078737e+01 1.939554e+01 2.316805e+01 1.483298e+01 2.918713e+01 2.451020e+01 9.698061e-01 1.224575e-01 3.035821e-01 5.759845e-01 8.950602e-01 5.962006e-01 6.791899e-01 1.102796e+00 9.040036e-01 1.506305e+00 1.536457e+00 1.838998e+00 1.107468e+00 3.651359e-02 3.046718e-02 1.133742e-01 2.569070e-01 2.358355e-01 3.222625e-01 2.453552e-01 3.341504e-01 3.043530e-01 4.263967e-01 3.276324e-01 4.582149e-01 3.168921e-01 1.178492e-02
<GCONST> 7.468257e+01
<STATE> 7
<MEAN> 39
 -8.985857e+00 -7.512692e-01 -4.365419e+00 -9.209799e+00 -1.124210e+00 -2.776611e+00 2.630175e+00 -5.664837e+00 -3.016603e+00 -1.005598e+01 -2.808292e+00 -8.475867e+00 6.108769e+01 3.779617e-01 -5.350505e-01 -2.318307e+00 -1.974239e+00 -2.663337e-01 1.688044e+00 2.328574e+00 1.302268e+00 4.919693e-02 4.181674e-01 1.933040e-01 3.442467e-01 4.763558e-01 4.532973e-01 4.040990e-01 7.538743e-02 -4.088605e-01 -5.867054e-01 -4.213105e-01 -4.899921e-01 -5.690634e-01 -4.349318e-01 -1.457539e-01 4.003455e-01 4.630525e-01 2.095771e-01
<VARIANCE> 39
 4.370265e+00 6.176541e+00 3.104478e+01 4.525400e+01 4.716503e+01 3.498443e+01 3.363842e+01 3.678539e+01 4.239409e+01 5.006540e+01 4.253647e+01 2.586718e+01 1.933330e+00 4.575103e-01 1.209114e+00 3.037995e+00 3.048398e+00 4.185809e+00 3.085305e+00 3.981209e+00 3.494163e+00 3.357874e+00 2.644439e+00 3.771281e+00 1.428485e+00 2.152795e-01 1.018117e-01 1.860282e-01 7.886031e-01 8.307302e-01 4.655044e-01 7.420259e-01 1.470483e+00 6.166795e-01 4.514997e-01 5.798655e-01 4.797891e-01 2.271252e-01 4.659535e-02
<GCONST> 1.090562e+02
<STATE> 8
<MEAN> 39
 -6.677454e+00 1.541485e-01 -7.652159e+00 -1.335719e+01 -3.310706e+00 -9.333748e-01 5.224367e+00 -6.214958e+00 -6.345929e+00 -1.118390e+01 -4.337124e-01 -4.669266e+00 6.258845e+01 2.098898e+00 1.901091e+00 6.672602e-01 -8.362623e-01 -1.378010e+00 -1.509380e+00 -2.606198e+00 -2.529730e+00 -2.041216e+00 -6.919958e-01 1.679953e+00 1.751585e+00 1.011565e+00 5.215575e-01 4.660729e-01 5.320506e-01 -1.887911e-02 -2.121798e-01 -4.821516e-01 -1.156723e+00 -6.510022e-01 -1.392915e-01 6.043458e-02 3.372142e-01 -7.377775e-02 2.851297e-01
<VARIANCE> 39
 9.080548e+00 1.605297e+01 4.455496e+01 5.799362e+01 9.370712e+01 5.064924e+01 3.496607e+01 6.533742e+01 5.715959e+01 3.294122e+01 5.465562e+01 3.820044e+01 3.003689e+00 1.069645e+00 9.977039e-01 2.783617e+00 4.428414e+00 2.891401e+00 2.404318e+00 3.461038e+00 2.147228e+00 1.529899e+00 1.514411e+00 1.681629e+00 1.646823e+00 3.867545e-01 1.672744e-01 2.766096e-01 1.112931e+00 1.298420e+00 8.279814e-01 8.795610e-01 7.845421e-01 7.066937e-01 5.084614e-01 3.137192e-01 3.582086e-01 5.180000e-01 9.866793e-02
<GCONST> 1.149820e+02
<STATE> 9
<MEAN> 39
 1.625634e+00 6.982430e+00 -4.795802e+00 -1.821327e+01 -8.322860e+00 -6.643620e+00 -7.900795e+00 -1.492048e+01 -1.138377e+01 -1.138159e+01 6.557630e+00 -1.916495e+00 6.733720e+01 1.908348e+00 9.270765e-01 -1.337617e-02 -1.866559e+00 -7.161973e-01 8.603536e-02 -2.256401e+00 -7.719483e-01 -7.864423e-01 6.080670e-01 1.666838e+00 -2.764460e-01 1.363280e+00 -5.600569e-01 -6.333487e-01 -3.158239e-01 2.276495e-01 6.606194e-01 8.158968e-01 8.632118e-01 7.167017e-01 4.364459e-01 3.568287e-01 -3.806187e-01 -5.219750e-01 -2.109830e-01
<VARIANCE> 39
 3.883967e+00 1.675386e+01 4.111977e+01 3.489055e+01 3.136322e+01 3.356087e+01 6.720107e+01 6.389844e+01 5.782086e+01 2.602927e+01 1.066321e+02 2.925235e+01 4.248538e+00 1.011084e+00 1.320604e+00 2.127451e+00 4.479475e+00 2.988513e+00 3.999729e+00 4.844185e+00 4.548788e+00 3.435977e+00 3.000460e+00 2.692511e+00 2.768956e+00 5.201408e-01 8.033437e-02 7.476126e-02 2.555322e-01 4.762525e-01 2.606708e-01 3.494469e-01 3.495398e-01 4.225075e-01 4.755078e-01 1.766342e-01 3.095479e-01 3.209236e-01 5.720249e-02
<GCONST> 1.078822e+02
<STATE> 10
<MEAN> 39
 4.291995e+00 7.679742e+00 -8.292473e+00 -1.992738e+01 -9.010539e+00 -3.422219e+00 -2.619851e+00 -1.490554e+01 -1.146734e+01 -1.066905e+01 7.314245e+00 -1.073749e+00 6.889536e+01 1.059675e-01 -5.732586e-01 -5.882505e-01 -1.232146e-01 7.933198e-01 1.055689e+00 -4.930203e-01 -1.606444e+00 -3.430262e-01 1.655107e+00 1.307420e+00 -4.483208e-01 3.726389e-01 -2.384592e-01 -2.188744e-01 1.914583e-01 2.383159e-01 -8.683642e-04 -4.143158e-02 -5.742329e-02 -2.770500e-01 2.227445e-01 3.852409e-01 -2.343416e-01 -2.437278e-01 -9.598587e-02
<VARIANCE> 39
 2.964916e+00 1.560843e+01 2.990205e+01 2.871242e+01 2.670791e+01 2.614085e+01 3.889561e+01 4.769300e+01 2.760107e+01 3.942435e+01 4.877173e+01 2.590635e+01 1.513706e+00 1.938935e-01 5.599607e-01 7.970217e-01 6.545723e-01 8.550751e-01 1.179969e+00 1.418200e+00 4.102945e+00 1.395178e+00 3.351719e+00 2.262872e+00 3.463876e+00 5.519901e-02 4.831845e-02 6.828535e-02 1.645373e-01 1.369206e-01 1.832016e-01 1.484929e-01 2.216237e-01 3.483008e-01 1.954258e-01 3.714329e-01 6.355290e-01 3.889189e-01 1.896691e-02
<GCONST> 8.683488e+01
<STATE> 11
<MEAN> 39
 1.808990e+00 3.770493e+00 -1.592968e+00 -2.474737e+01 1.043397e+00 -2.964001e-01 -2.384353e+01 -1.185238e+01 -1.627780e+01 2.355902e+00 1.596793e+01 -9.061120e+00 7.347179e+01 2.015527e-02 -2.566398e-01 -1.751650e-01 2.827233e-01 3.210614e-01 -3.607568e-01 -2.658015e-01 -3.764176e-01 6.502745e-01 5.904645e-01 -8.271435e-01 -8.566148e-01 -3.194128e-02 -6.270730e-03 2.989481e-02 3.102173e-02 1.342748e-01 -7.777123e-02 -6.219016e-02 1.741995e-01 -2.081961e-02 2.112258e-02 -1.942042e-01 -2.093833e-01 9.779602e-02 -8.092414e-02
<VARIANCE> 39
 3.619890e+00 8.234628e+00 5.105122e+01 3.391765e+01 2.512800e+01 7.787771e+01 8.961210e+01 6.816941e+01 1.963609e+01 4.152647e+01 4.766526e+01 3.559990e+01 1.040002e+01 1.349313e-01 6.816417e-01 9.551699e-01 1.254701e+00 9.851839e-01 1.727158e+00 3.167595e+00 3.035057e+00 1.399478e+00 3.011703e+00 2.328804e+00 1.250384e+00 2.971808e-01 2.137462e-02 5.489175e-02 1.490606e-01 1.525524e-01 1.708328e-01 2.777204e-01 3.253990e-01 3.811549e-01 3.432279e-01 3.027284e-01 2.821501e-01 2.407787e-01 1.424423e-02
<GCONST> 9.231903e+01
<STATE> 12
<MEAN> 39
 2.304906e+00 -2.017305e-02 -7.219668e+00 -1.654033e+01 -6.030488e+00 2.360281e+00 -8.590302e+00 -2.844167e+01 -4.105039e+00 5.301150e+00 5.255709e+00 -7.729353e+00 6.978158e+01 -4.515933e-01 -3.011964e-01 6.553163e-01 4.150518e-01 -3.152853e-02 -2.419395e-01 -4.382820e-01 2.498020e-02 8.554196e-01 2.838563e-01 -8.936463e-01 -3.070895e-01 -2.315471e-01 -4.258064e-02 1.608040e-01 -1.218146e-02 4.782829e-02 3.811752e-02 -2.251954e-01 4.409900e-02 3.304186e-01 -3.101431e-01 -6.970564e-01 1.546976e-02 1.184108e-01 -1.105468e-01
<VARIANCE> 39
 4.927761e+00 9.133599e+00 7.033343e+01 2.448730e+01 4.684929e+01 7.571110e+01 5.837840e+01 5.967270e+01 6.078338e+01 1.553889e+01 6.071751e+01 7.563882e+01 7.670673e-01 8.829212e-02 4.380753e-01 4.469295e-01 5.181687e-01 1.333258e+00 1.458882e+00 1.029390e+00 1.786118e+00 2.867880e+00 4.532927e+00 1.434537e+00 2.109934e+00 1.103188e-01 1.504406e-02 4.539259e-02 7.279480e-02 1.091691e-01 1.945283e-01 2.162471e-01 2.046169e-01 3.606825e-01 4.832512e-01 4.655202e-01 2.893736e-01 5.460410e-01 4.710641e-03
<GCONST> 8.571603e+01
<STATE> 13
<MEAN> 39
 1.175801e+00 1.435776e+00 -7.761550e+00 -1.719400e+01 -3.630582e+00 -6.648608e+00 -1.447743e+01 -2.223797e+01 -7.320269e+00 -2.558723e+00 3.348898e-01 -1.331762e+01 6.776749e+01 -6.225406e-01 3.288012e-02 5.595442e-01 1.074023e+00 1.606200e-01 -3.065076e-01 3.424896e-01 -1.295339e-01 -2.664165e-01 -1.093633e+00 -6.819212e-01 9.979371e-02 -5.736436e-01 -1.122388e-01 -1.460287e-02 7.603151e-02 1.220372e-01 1.058351e-01 5.390266e-02 8.586597e-02 1.050537e-01 1.382405e-01 1.521406e-01 1.363953e-01 4.705620e-02 -4.446534e-02
<VARIANCE> 39
 4.412012e+00 1.157106e+01 2.445323e+01 1.814680e+01 6.049237e+01 2.668225e+01 2.031394e+01 3.225026e+01 4.970517e+01 1.801991e+01 9.092895e+01 3.117895e+01 1.631407e+00 1.727977e-01 4.284566e-01 7.765979e-01 1.020284e+00 1.229988e+00 1.390619e+00 1.448229e+00 2.237264e+00 1.881369e+00 2.110064e+00 1.173084e+00 1.441365e+00 6.157245e-02 3.304959e-02 8.016744e-02 9.006406e-02 1.225172e-01 2.118436e-01 2.406172e-01 2.264537e-01 3.624272e-01 2.277731e-01 2.213527e-01 2.579919e-01 2.383883e-01 1.006823e-02
<GCONST> 8.251512e+01
<STATE> 14
<MEAN> 39
 -3.804251e+00 1.899759e+00 -1.047928e+00 -7.148701e+00 9.077933e-01 -3.498966e+00 -9.395748e+00 -2.116389e+01 -6.357044e+00 -4.572544e+00 2.020563e+00 -9.756337e+00 6.422719e+01 -9.787435e-01 -1.243057e-01 4.616366e-01 1.189190e+00 5.977997e-01 -2.855771e-01 5.889288e-01 8.459289e-01 2.658930e-01 -5.118711e-01 -3.475896e-01 8.752616e-02 -7.563302e-01 -1.764722e-02 -4.112929e-02 -6.672866e-02 -1.172291e-01 -3.103361e-02 -4.010028e-02 -4.871060e-02 4.192689e-02 -1.602930e-02 1.823084e-02 2.701806e-02 1.135943e-01 1.398929e-02
<VARIANCE> 39
 4.042770e+00 5.967628e+00 1.801136e+01 1.897736e+01 2.320189e+01 3.941605e+01 2.761703e+01 2.819167e+01 3.410253e+01 2.492001e+01 5.056941e+01 4.544558e+01 1.966146e+00 1.906610e-01 3.361468e-01 5.144638e-01 5.652509e-01 1.540008e+00 9.593931e-01 1.488903e+00 3.059677e+00 1.233409e+00 1.735946e+00 1.796648e+00 1.134548e+00 2.711690e-02 3.677455e-02 8.111100e-02 5.998206e-02 8.881070e-02 1.392341e-01 2.085691e-01 3.517953e-01 2.930565e-01 3.122430e-01 4.858029e-01 2.776716e-01 1.626342e-01 5.483635e-03
<GCONST> 7.807107e+01
<STATE> 15
<MEAN> 39
 -8.711705e+00 2.910980e-01 2.522853e-04 -4.216002e+00 2.008205e-02 -8.693302e+00 -9.563340e+00 -1.897769e+01 -7.999385e+00 -1.084028e+01 -4.966167e+00 -1.269075e+01 6.081529e+01 -6.379284e-01 -1.096808e-01 6.086540e-01 9.771966e-01 2.533250e-01 -3.387050e-02 4.654773e-01 6.793263e-01 -1.234785e-01 -6.940005e-01 -5.175283e-01 -1.176695e-01 -4.292968e-01 6.223117e-02 -1.656470e-02 -7.056407e-02 -8.666378e-02 -1.732251e-02 1.248224e-01 7.752329e-02 1.041372e-01 7.027690e-02 1.435425e-01 5.051410e-02 -1.118929e-01 5.126247e-02
<VARIANCE> 39
 3.421669e+00 5.718936e+00 9.271508e+00 1.559934e+01 2.306562e+01 1.957278e+01 1.403414e+01 9.377999e+00 1.618927e+01 1.142858e+01 1.735365e+01 1.793965e+01 1.001223e+00 1.357844e-01 3.615430e-01 4.673494e-01 4.553310e-01 5.088919e-01 1.062754e+00 7.460955e-01 1.015757e+00 1.688378e+00 1.159563e+00 1.487804e+00 1.359021e+00 4.735790e-02 2.801580e-02 6.122047e-02 9.915430e-02 9.192031e-02 8.760550e-02 1.798745e-01 1.283548e-01 1.211203e-01 3.427214e-01 2.431618e-01 2.360018e-01 2.373371e-01 1.042746e-02
<GCONST> 6.514172e+01
<STATE> 16
<MEAN> 39
 -1.059759e+01 4.286701e-01 2.528527e+00 6.774863e-01 5.525343e+00 -2.057354e+00 -1.497101e+00 -1.037612e+01 -2.594584e+00 -6.430330e+00 4.259437e-02 -8.520736e+00 5.959267e+01 -6.080711e-01 -4.749435e-01 -2.822169e-01 -6.168921e-02 -3.989773e-02 3.255793e-01 8.713982e-01 1.003237e+00 3.626589e-01 6.618551e-02 -1.484631e-01 -8.274972e-02 -3.473851e-01 -1.838805e-02 -1.117046e-01 -9.236442e-02 -1.106070e-01 -5.171922e-02 3.985138e-02 -5.839923e-02 -1.604792e-01 -2.329581e-02 2.148299e-02 -2.932648e-02 1.232027e-01 7.977091e-03
<VARIANCE> 39
 1.693700e+00 3.527825e+00 5.347013e+00 8.210780e+00 1.802704e+01 2.448948e+01 3.260161e+01 4.480893e+01 3.578363e+01 3.105646e+01 5.841005e+01 4.618930e+01 5.019290e-01 9.226698e-02 3.514974e-01 5.282420e-01 3.866054e-01 5.398691e-01 1.020075e+00 7.405198e-01 1.505572e+00 1.458091e+00 1.065020e+00 1.144663e+00 2.235011e+00 3.545041e-02 2.003790e-02 4.635771e-02 7.830850e-02 1.005235e-01 1.786823e-01 1.192854e-01 1.150342e-01 2.450075e-01 3.331883e-01 2.117761e-01 2.013960e-01 4.290714e-01 6.025236e-03
<GCONST> 6.792780e+01
<STATE> 17
<MEAN> 39
 -1.321723e+01 -2.451140e+00 1.351134e+00 -4.270636e-01 2.810126e+00 -4.235531e+00 -2.561811e+00 -1.158767e+01 -5.036975e+00 -9.599230e+00 -4.380340e+00 -1.150752e+01 5.818021e+01 -5.149080e-01 -4.644564e-01 4.361636e-02 3.370501e-01 4.416603e-01 4.006342e-01 3.641440e-01 4.528764e-01 2.906821e-01 -1.947238e-01 -5.067395e-01 -2.863190e-01 -2.256432e-01 -1.190079e-02 -1.696677e-02 -3.377670e-02 -1.087744e-02 5.412655e-02 -2.952894e-02 -1.022471e-01 -1.706262e-02 1.040346e-01 5.144409e-02 4.556280e-02 -1.253714e-01 2.962306e-02
<VARIANCE> 39
 7.846981e-01 1.930264e+00 6.339233e+00 1.063804e+01 2.531125e+01 4.535960e+01 2.863093e+01 1.530555e+01 1.708729e+01 2.365563e+01 3.972602e+01 2.947818e+01 1.561255e-01 1.827943e-01 5.003197e-01 6.559397e-01 8.307923e-01 1.109977e+00 8.062380e-01 1.347364e+00 1.812312e+00 1.575398e+00 1.630407e+00 2.362792e+00 1.785221e+00 4.190055e-02 2.027611e-02 7.011922e-02 1.911613e-01 2.293134e-01 2.804841e-01 2.286510e-01 1.547388e-01 3.752685e-01 1.977168e-01 2.986483e-01 4.545357e-01 3.107467e-01 5.638735e-03
<GCONST> 7.239484e+01
<STATE> 18
<MEAN> 39
 -1.578855e+01 -4.716821e+00 1.805111e-01 -7.206370e-01 3.640981e+00 -3.409698e+00 -1.018543e+00 -8.259709e+00 -2.114867e+00 -9.173922e+00 -4.037209e+00 -1.143553e+01 5.721868e+01 -6.182696e-01 -5.866144e-01 -4.066958e-01 -1.730034e-01 1.176817e-01 3.350526e-01 5.213581e-01 4.428817e-01 3.209195e-01 2.125057e-01 2.120220e-01 1.213007e-01 -2.622151e-01 1.746123e-02 1.415960e-02 2.357737e-03 8.810460e-03 2.174484e-02 1.010828e-01 6.358216e-02 -9.090401e-02 -1.857750e-01 -6.617438e-02 -2.787019e-02 1.373089e-02 1.088404e-02
<VARIANCE> 39
 1.380583e+00 2.622094e+00 5.338600e+00 9.881242e+00 2.119382e+01 3.591359e+01 4.350858e+01 5.066126e+01 2.243315e+01 1.463440e+01 2.465807e+01 2.552493e+01 3.535378e-01 1.007750e-01 2.273278e-01 4.411666e-01 5.192798e-01 1.013404e+00 1.419502e+00 1.258155e+00 2.217076e+00 1.340289e+00 1.088867e+00 1.587380e+00 1.869414e+00 1.598820e-02 1.484838e-02 4.221006e-02 8.252797e-02 1.257019e-01 1.274175e-01 2.437015e-01 2.812444e-01 3.721639e-01 2.540811e-01 1.830613e-01 2.771759e-01 3.081170e-01 3.088636e-03
<GCONST> 6.694962e+01
<STATE> 19
<MEAN> 39
 -1.864773e+01 -7.875098e+00 -1.708711e+00 8.940630e-01 8.335792e+00 2.976976e+00 3.358321e+00 -8.255465e+00 -5.307416e+00 -1.205061e+01 -6.013309e+00 -1.234289e+01 5.611239e+01 -4.510086e-01 -4.706573e-01 -2.803305e-01 2.025733e-02 3.952741e-01 8.094858e-01 1.167287e+00 9.487757e-01 1.844559e-02 -3.478770e-01 -3.317125e-01 -3.414805e-01 -1.679345e-01 1.302612e-01 1.323622e-01 1.097290e-01 1.130985e-02 -9.641087e-02 -5.623597e-02 1.736127e-01 3.685646e-01 3.215364e-01 8.016470e-02 -4.471810e-02 -6.146513e-02 4.067085e-02
<VARIANCE> 39
 1.973071e+00 3.042416e+00 5.602817e+00 1.761578e+01 4.390094e+01 6.314481e+01 5.536940e+01 3.669374e+01 2.317183e+01 2.396931e+01 2.585967e+01 2.467690e+01 2.965166e-01 2.230637e-01 2.045523e-01 6.224669e-01 1.379319e+00 1.459209e+00 1.432783e+00 1.859954e+00 1.961613e+00 1.625635e+00 1.445327e+00 1.527821e+00 1.524274e+00 3.392361e-02 1.688674e-02 3.979418e-02 1.427175e-01 2.705007e-01 2.832467e-01 2.486453e-01 4.005918e-01 3.493784e-01 2.856545e-01 2.708166e-01 3.053647e-01 2.980359e-01 5.058740e-03
<GCONST> 7.685428e+01
<TRANSP> 20
 0.000000e+00 1.000000e+00 0.000000e+00 0.000000e+00 0.000000e+00 0.000000e+00 0.000000e+00 0.000000e+00 0.000000e+00 0.000000e+00 0.000000e+00 0.000000e+00 0.000000e+00 0.000000e+00 0.000000e+00 0.000000e+00 0.000000e+00 0.000000e+00 0.000000e+00 0.000000e+00
 0.000000e+00 7.894451e-01 2.105549e-01 0.000000e+00 0.000000e+00 0.000000e+00 0.000000e+00 0.000000e+00 0.000000e+00 0.000000e+00 0.000000e+00 0.000000e+00 0.000000e+00 0.000000e+00 0.000000e+00 0.000000e+00 0.000000e+00 0.000000e+00 0.000000e+00 0.000000e+00
 0.000000e+00 0.000000e+00 7.128658e-01 2.871342e-01 0.000000e+00 0.000000e+00 0.000000e+00 0.000000e+00 0.000000e+00 0.000000e+00 0.000000e+00 0.000000e+00 0.000000e+00 0.000000e+00 0.000000e+00 0.000000e+00 0.000000e+00 0.000000e+00 0.000000e+00 0.000000e+00
 0.000000e+00 0.000000e+00 0.000000e+00 7.387005e-01 2.612995e-01 0.000000e+00 0.000000e+00 0.000000e+00 0.000000e+00 0.000000e+00 0.000000e+00 0.000000e+00 0.000000e+00 0.000000e+00 0.000000e+00 0.000000e+00 0.000000e+00 0.000000e+00 0.000000e+00 0.000000e+00
 0.000000e+00 0.000000e+00 0.000000e+00 0.000000e+00 8.017541e-01 1.982459e-01 0.000000e+00 0.000000e+00 0.000000e+00 0.000000e+00 0.000000e+00 0.000000e+00 0.000000e+00 0.000000e+00 0.000000e+00 0.000000e+00 0.000000e+00 0.000000e+00 0.000000e+00 0.000000e+00
 0.000000e+00 0.000000e+00 0.000000e+00 0.000000e+00 0.000000e+00 8.086693e-01 1.913308e-01 0.000000e+00 0.000000e+00 0.000000e+00 0.000000e+00 0.000000e+00 0.000000e+00 0.000000e+00 0.000000e+00 0.000000e+00 0.000000e+00 0.000000e+00 0.000000e+00 0.000000e+00
 0.000000e+00 0.000000e+00 0.000000e+00 0.000000e+00 0.000000e+00 0.000000e+00 6.581627e-01 3.418373e-01 0.000000e+00 0.000000e+00 0.000000e+00 0.000000e+00 0.000000e+00 0.000000e+00 0.000000e+00 0.000000e+00 0.000000e+00 0.000000e+00 0.000000e+00 0.000000e+00
 0.000000e+00 0.000000e+00 0.000000e+00 0.000000e+00 0.000000e+00 0.000000e+00 0.000000e+00 6.243159e-01 3.756841e-01 0.000000e+00 0.000000e+00 0.000000e+00 0.000000e+00 0.000000e+00 0.000000e+00 0.000000e+00 0.000000e+00 0.000000e+00 0.000000e+00 0.000000e+00
 0.000000e+00 0.000000e+00 0.000000e+00 0.000000e+00 0.000000e+00 0.000000e+00 0.000000e+00 0.000000e+00 6.572423e-01 3.427577e-01 0.000000e+00 0.000000e+00 0.000000e+00 0.000000e+00 0.000000e+00 0.000000e+00 0.000000e+00 0.000000e+00 0.000000e+00 0.000000e+00
 0.000000e+00 0.000000e+00 0.000000e+00 0.000000e+00 0.000000e+00 0.000000e+00 0.000000e+00 0.000000e+00 0.000000e+00 7.688078e-01 2.311922e-01 0.000000e+00 0.000000e+00 0.000000e+00 0.000000e+00 0.000000e+00 0.000000e+00 0.000000e+00 0.000000e+00 0.000000e+00
 0.000000e+00 0.000000e+00 0.000000e+00 0.000000e+00 0.000000e+00 0.000000e+00 0.000000e+00 0.000000e+00 0.000000e+00 0.000000e+00 8.096203e-01 1.903797e-01 0.000000e+00 0.000000e+00 0.000000e+00 0.000000e+00 0.000000e+00 0.000000e+00 0.000000e+00 0.000000e+00
 0.000000e+00 0.000000e+00 0.000000e+00 0.000000e+00 0.000000e+00 0.000000e+00 0.000000e+00 0.000000e+00 0.000000e+00 0.000000e+00 0.000000e+00 7.975301e-01 2.024699e-01 0.000000e+00 0.000000e+00 0.000000e+00 0.000000e+00 0.000000e+00 0.000000e+00 0.000000e+00
 0.000000e+00 0.000000e+00 0.000000e+00 0.000000e+00 0.000000e+00 0.000000e+00 0.000000e+00 0.000000e+00 0.000000e+00 0.000000e+00 0.000000e+00 0.000000e+00 7.920749e-01 2.079251e-01 0.000000e+00 0.000000e+00 0.000000e+00 0.000000e+00 0.000000e+00 0.000000e+00
 0.000000e+00 0.000000e+00 0.000000e+00 0.000000e+00 0.000000e+00 0.000000e+00 0.000000e+00 0.000000e+00 0.000000e+00 0.000000e+00 0.000000e+00 0.000000e+00 0.000000e+00 8.076476e-01 1.923524e-01 0.000000e+00 0.000000e+00 0.000000e+00 0.000000e+00 0.000000e+00
 0.000000e+00 0.000000e+00 0.000000e+00 0.000000e+00 0.000000e+00 0.000000e+00 0.000000e+00 0.000000e+00 0.000000e+00 0.000000e+00 0.000000e+00 0.000000e+00 0.000000e+00 0.000000e+00 8.112925e-01 1.887074e-01 0.000000e+00 0.000000e+00 0.000000e+00 0.000000e+00
 0.000000e+00 0.000000e+00 0.000000e+00 0.000000e+00 0.000000e+00 0.000000e+00 0.000000e+00 0.000000e+00 0.000000e+00 0.000000e+00 0.000000e+00 0.000000e+00 0.000000e+00 0.000000e+00 0.000000e+00 7.328975e-01 2.671025e-01 0.000000e+00 0.000000e+00 0.000000e+00
 0.000000e+00 0.000000e+00 0.000000e+00 0.000000e+00 0.000000e+00 0.000000e+00 0.000000e+00 0.000000e+00 0.000000e+00 0.000000e+00 0.000000e+00 0.000000e+00 0.000000e+00 0.000000e+00 0.000000e+00 0.000000e+00 7.097207e-01 2.902794e-01 0.000000e+00 0.000000e+00
 0.000000e+00 0.000000e+00 0.000000e+00 0.000000e+00 0.000000e+00 0.000000e+00 0.000000e+00 0.000000e+00 0.000000e+00 0.000000e+00 0.000000e+00 0.000000e+00 0.000000e+00 0.000000e+00 0.000000e+00 0.000000e+00 0.000000e+00 7.923747e-01 2.076253e-01 0.000000e+00
 0.000000e+00 0.000000e+00 0.000000e+00 0.000000e+00 0.000000e+00 0.000000e+00 0.000000e+00 0.000000e+00 0.000000e+00 0.000000e+00 0.000000e+00 0.000000e+00 0.000000e+00 0.000000e+00 0.000000e+00 0.000000e+00 0.000000e+00 0.000000e+00 7.002790e-01 2.997210e-01
 0.000000e+00 0.000000e+00 0.000000e+00 0.000000e+00 0.000000e+00 0.000000e+00 0.000000e+00 0.000000e+00 0.000000e+00 0.000000e+00 0.000000e+00 0.000000e+00 0.000000e+00 0.000000e+00 0.000000e+00 0.000000e+00 0.000000e+00 0.000000e+00 0.000000e+00 0.000000e+00
<ENDHMM>
