~o
<STREAMINFO> 1 39
<VECSIZE> 39<NULLD><MFCC_D_A_0><DIAGC>
~h "sembilan"
<BEGINHMM>
<NUMSTATES> 5
<STATE> 2
<MEAN> 39
 -1.887452e+01 3.735566e+00 -6.684618e+00 -1.202192e+00 -3.449808e-01 -1.084391e+01 2.885343e+00 -1.160790e+01 3.503952e+00 -8.459272e+00 7.729946e-01 -5.799822e+00 6.219558e+01 6.886317e-01 7.886257e-01 -5.668040e-02 5.968271e-02 -8.998931e-02 -5.465979e-01 -4.757271e-01 -6.795154e-01 -2.483842e-02 1.605050e-02 1.508489e-01 -6.083818e-02 7.111835e-01 7.141089e-02 -1.948300e-02 5.395158e-02 9.729168e-03 2.583048e-02 6.080589e-02 -3.113647e-02 -5.010329e-03 -8.339295e-02 4.344047e-03 5.293468e-02 5.381054e-03 -9.772771e-03
<VARIANCE> 39
 7.619560e+01 6.224776e+01 4.594500e+01 2.736544e+01 4.257241e+01 4.436021e+01 6.897244e+01 4.534173e+01 3.475987e+01 6.243671e+01 3.833398e+01 4.344802e+01 2.731322e+01 6.843969e+00 2.870167e+00 3.029340e+00 2.171192e+00 2.349635e+00 2.482690e+00 6.962596e+00 3.374775e+00 4.104907e+00 3.115688e+00 3.459561e+00 3.122113e+00 8.072567e-01 7.906194e-01 4.877219e-01 3.999317e-01 3.243534e-01 4.224273e-01 4.778510e-01 1.078249e+00 6.675520e-01 7.845076e-01 5.401323e-01 5.596249e-01 6.029697e-01 1.900033e-01
<GCONST> 1.272437e+02
<STATE> 3
<MEAN> 39
 -1.241611e+00 -2.849483e+00 6.028581e+00 -5.445363e+00 -8.241119e+00 -1.286614e+01 -7.153233e+00 -7.760274e+00 -6.491216e+00 -4.629727e+00 -8.798779e-01 -5.855024e+00 7.078645e+01 6.474636e-02 -1.952752e-01 1.964040e-01 1.400587e-02 -5.858949e-02 1.146741e-01 3.158932e-02 2.430064e-01 -8.117379e-02 -1.938772e-01 -2.716696e-01 3.752696e-02 -7.895063e-02 -4.235787e-02 3.559076e-02 -1.570856e-02 1.482765e-02 1.610448e-02 -9.978007e-03 1.345747e-02 -4.775504e-03 3.142520e-02 -1.955518e-02 -2.219503e-02 -1.461413e-02 -1.653233e-02
<VARIANCE> 39
 7.246659e+00 7.968319e+01 1.539890e+02 3.754697e+01 1.265087e+02 8.331104e+01 4.642165e+01 1.251474e+02 1.373304e+02 8.901120e+01 1.317288e+02 5.142147e+01 1.551301e+01 3.919454e-01 2.350374e+00 4.183858e+00 2.076338e+00 4.362545e+00 2.817408e+00 2.703865e+00 3.746007e+00 4.384181e+00 3.893334e+00 3.220963e+00 2.763428e+00 6.883015e-01 5.200404e-02 2.334733e-01 3.215142e-01 2.942064e-01 5.273166e-01 4.341980e-01 4.365242e-01 5.875472e-01 5.125355e-01 5.950769e-01 5.551734e-01 4.144059e-01 7.473005e-02
<GCONST> 1.223010e+02
<STATE> 4
<MEAN> 39
 -1.145111e+01 -2.292048e-01 2.958014e+00 -2.171715e-01 3.601743e+00 -2.381629e+00 5.407218e-01 -8.053458e+00 -4.364558e+00 -1.314229e+01 -4.454772e+00 -7.523034e+00 5.921291e+01 -5.906211e-01 -2.608480e-01 -1.922867e-01 6.907350e-02 3.714497e-01 4.422872e-01 4.308820e-01 9.061594e-02 2.453269e-02 1.249721e-01 1.548521e-01 -1.351118e-01 -3.740281e-01 6.193682e-03 -6.065600e-02 -3.239638e-02 -2.895514e-02 -2.806720e-02 1.692782e-02 1.407092e-02 3.222740e-02 3.149411e-03 4.054208e-02 -1.211160e-03 -2.493742e-03 2.421823e-02
<VARIANCE> 39
 3.288304e+01 2.319379e+01 1.701227e+01 2.371520e+01 4.281012e+01 4.981338e+01 4.556896e+01 4.112563e+01 6.074471e+01 4.506431e+01 3.421925e+01 2.717715e+01 1.022347e+01 1.952275e-01 6.411417e-01 5.854448e-01 7.246564e-01 1.264791e+00 1.537398e+00 1.493228e+00 1.994697e+00 2.260119e+00 2.002001e+00 1.586111e+00 1.630953e+00 1.170503e-01 2.708937e-02 7.475333e-02 1.101180e-01 1.338587e-01 1.845838e-01 2.420728e-01 2.413539e-01 3.361648e-01 4.071631e-01 3.582266e-01 2.862988e-01 3.014832e-01 8.070860e-03
<GCONST> 9.049185e+01
<TRANSP> 5
 0.000000e+00 1.000000e+00 0.000000e+00 0.000000e+00 0.000000e+00
 0.000000e+00 9.490415e-01 5.095854e-02 0.000000e+00 0.000000e+00
 0.000000e+00 0.000000e+00 9.765542e-01 2.344586e-02 0.000000e+00
 0.000000e+00 0.000000e+00 0.000000e+00 9.667315e-01 3.326847e-02
 0.000000e+00 0.000000e+00 0.000000e+00 0.000000e+00 0.000000e+00
<ENDHMM>
