~o
<STREAMINFO> 1 39
<VECSIZE> 39<NULLD><MFCC_D_A_0><DIAGC>
~h "seperempat"
<BEGINHMM>
<NUMSTATES> 5
<STATE> 2
<MEAN> 39
 -2.231588e+01 2.414896e+00 -8.536334e+00 -3.803638e-02 -8.982170e-01 -7.443361e+00 3.117815e+00 -9.050897e+00 3.245854e+00 -7.542328e+00 2.204981e+00 -5.930349e+00 6.032737e+01 5.677154e-01 1.221051e+00 -6.300613e-01 9.289788e-02 -5.782942e-01 -1.295945e+00 -7.972839e-01 -4.394760e-01 5.962270e-01 3.721536e-01 -1.688260e-01 -2.652709e-01 1.039099e+00 4.859858e-01 -1.486068e-01 5.375171e-02 -2.276225e-01 -8.175061e-05 -4.086476e-02 -3.715979e-01 -5.015506e-02 -7.373663e-04 1.526727e-01 -9.345167e-02 -1.628967e-01 1.723542e-01
<VARIANCE> 39
 2.551222e+01 4.468178e+01 2.200036e+01 2.429044e+01 2.835435e+01 4.447868e+01 3.367874e+01 2.500229e+01 2.543320e+01 3.316405e+01 2.061522e+01 2.471969e+01 1.018968e+01 8.579240e+00 2.338388e+00 2.388103e+00 3.890841e+00 2.866920e+00 4.480055e+00 8.822761e+00 2.519777e+00 2.072025e+00 2.987440e+00 3.056737e+00 2.759941e+00 7.063888e-01 8.653588e-01 4.252005e-01 4.594654e-01 5.401282e-01 4.975475e-01 7.925943e-01 1.043921e+00 5.456581e-01 3.361478e-01 3.698080e-01 5.202779e-01 5.294478e-01 8.938859e-02
<GCONST> 1.189797e+02
<STATE> 3
<MEAN> 39
 -1.753962e+00 -4.280021e+00 -6.497064e+00 -6.518178e+00 -1.047545e+00 -6.718762e+00 -5.137811e+00 -1.196037e+01 -1.450048e+00 -3.397365e+00 -8.582143e-01 -1.157300e+01 6.806973e+01 1.586430e-01 -2.783325e-01 4.786013e-02 -4.500008e-02 7.143541e-02 2.394275e-01 3.332232e-02 4.787176e-02 -9.225691e-02 -1.451907e-01 -1.643385e-01 -7.684402e-02 -4.895465e-03 -1.102299e-01 2.829390e-02 1.209684e-03 3.113886e-02 1.600970e-02 2.977273e-02 9.933276e-02 2.311482e-02 -1.290417e-02 -4.077073e-02 1.135811e-02 2.524906e-02 -6.197185e-02
<VARIANCE> 39
 2.358661e+01 6.065567e+01 5.399367e+01 2.605930e+01 5.353142e+01 7.245090e+01 7.047873e+01 6.003874e+01 5.916391e+01 8.542131e+01 6.672971e+01 4.094643e+01 2.428510e+01 2.488004e+00 2.381274e+00 3.335309e+00 2.690229e+00 2.349511e+00 2.708440e+00 3.187489e+00 3.157253e+00 2.673340e+00 4.289319e+00 2.419039e+00 2.927593e+00 1.946962e+00 4.396123e-01 2.461703e-01 5.680944e-01 5.337281e-01 4.050316e-01 4.948947e-01 6.037895e-01 5.662425e-01 4.428394e-01 7.683091e-01 4.574241e-01 5.203393e-01 2.833509e-01
<GCONST> 1.257606e+02
<STATE> 4
<MEAN> 39
 -1.159112e+01 -5.142758e+00 -4.402813e+00 -5.957887e+00 1.494239e+00 -9.401552e-01 3.117494e+00 -3.980258e+00 -4.058307e-01 -1.150449e+01 -6.866280e+00 -1.174121e+01 6.010819e+01 -7.692783e-01 1.465512e-01 2.846744e-01 1.821880e-01 2.834063e-01 3.796268e-01 7.015215e-01 3.769326e-01 -1.656666e-01 -6.729287e-02 3.337031e-01 1.527175e-01 -5.863784e-01 3.330735e-02 -6.270563e-02 2.624527e-03 2.443472e-02 -1.986186e-02 -1.930222e-02 -5.153482e-02 -2.121624e-02 1.336384e-02 2.265189e-02 2.276112e-02 5.393612e-02 5.065544e-02
<VARIANCE> 39
 2.119543e+01 6.721819e+00 1.455772e+01 1.646911e+01 2.748925e+01 2.371924e+01 3.102957e+01 2.963064e+01 2.200295e+01 3.159026e+01 3.261651e+01 2.048357e+01 1.182969e+01 1.410736e-01 4.157410e-01 5.300393e-01 8.481410e-01 1.062776e+00 1.167605e+00 1.634251e+00 1.398011e+00 1.263194e+00 1.348829e+00 1.389815e+00 1.184312e+00 1.008155e-01 2.211687e-02 4.725539e-02 7.617445e-02 1.164430e-01 1.660134e-01 1.712758e-01 2.639262e-01 2.215536e-01 2.262945e-01 1.984040e-01 2.168929e-01 2.260428e-01 7.867126e-03
<GCONST> 7.813019e+01
<TRANSP> 5
 0.000000e+00 1.000000e+00 0.000000e+00 0.000000e+00 0.000000e+00
 0.000000e+00 9.039567e-01 9.604331e-02 0.000000e+00 0.000000e+00
 0.000000e+00 0.000000e+00 9.819463e-01 1.805366e-02 0.000000e+00
 0.000000e+00 0.000000e+00 0.000000e+00 9.492334e-01 5.076657e-02
 0.000000e+00 0.000000e+00 0.000000e+00 0.000000e+00 0.000000e+00
<ENDHMM>
