~o
<STREAMINFO> 1 39
<VECSIZE> 39<NULLD><MFCC_D_A_0><DIAGC>
~h "setengah"
<BEGINHMM>
<NUMSTATES> 5
<STATE> 2
<MEAN> 39
 -1.293453e+01 -3.064232e-01 -8.293688e+00 -4.238129e+00 7.557370e-01 -1.093530e+01 -2.494536e+00 -8.597918e+00 4.092765e+00 -5.600797e+00 -4.848548e-02 -9.289836e+00 6.520604e+01 6.667958e-01 -4.415236e-03 -1.611097e-01 -1.856881e-01 7.957513e-03 -2.376547e-01 -3.570308e-01 -1.546852e-01 3.446019e-02 1.561092e-01 -2.406998e-01 -3.148650e-01 5.605946e-01 3.621372e-02 2.453097e-02 4.933197e-02 -7.732310e-03 -4.968617e-03 1.459726e-02 -1.618290e-02 1.769337e-02 -5.805429e-02 -5.379457e-04 1.369085e-02 5.298730e-02 -1.649996e-02
<VARIANCE> 39
 9.925029e+01 4.728590e+01 2.826285e+01 3.705971e+01 5.216257e+01 8.455565e+01 1.000713e+02 6.483813e+01 4.486673e+01 5.754361e+01 6.067357e+01 3.647628e+01 3.656798e+01 5.578075e+00 2.972207e+00 2.172838e+00 2.710214e+00 2.896887e+00 4.192466e+00 5.749615e+00 3.422904e+00 2.664236e+00 3.937471e+00 3.316556e+00 3.107328e+00 2.214577e+00 8.685201e-01 3.563881e-01 3.885078e-01 4.561294e-01 5.592642e-01 6.462116e-01 9.164068e-01 5.063018e-01 4.584018e-01 6.916896e-01 5.947343e-01 6.355027e-01 4.060705e-01
<GCONST> 1.312366e+02
<STATE> 3
<MEAN> 39
 1.041744e+00 -7.009371e+00 -4.306591e+00 -7.873897e+00 1.223262e+00 -6.884162e+00 -6.363576e+00 -7.171101e+00 1.031768e+00 -9.028460e+00 -5.637486e+00 -6.918725e+00 7.083012e+01 -1.325645e-01 -7.938204e-02 1.798850e-01 4.328677e-01 1.973112e-01 3.352790e-02 4.699427e-02 9.392519e-02 1.792014e-03 -7.160007e-01 -2.132387e-01 3.634613e-01 -9.583791e-02 -7.053562e-02 -2.857356e-02 -3.183198e-02 3.597466e-02 2.981466e-02 -2.593457e-02 2.945657e-02 1.160443e-03 5.566883e-02 -1.450380e-02 1.250153e-02 -4.154647e-02 -2.060208e-02
<VARIANCE> 39
 6.216438e+00 5.766669e+01 5.311265e+01 4.076649e+01 6.411373e+01 6.021153e+01 6.209686e+01 1.073815e+02 6.721873e+01 8.722807e+01 7.699297e+01 5.537983e+01 1.254401e+01 2.483552e-01 2.251949e+00 1.500438e+00 1.717103e+00 2.154890e+00 2.149956e+00 1.751181e+00 2.642858e+00 2.912511e+00 1.474295e+00 2.102215e+00 2.259750e+00 6.035590e-01 3.949341e-02 2.199258e-01 1.928164e-01 2.037934e-01 3.120221e-01 2.567664e-01 2.589352e-01 3.959540e-01 3.954498e-01 2.261319e-01 3.127691e-01 3.413810e-01 5.944768e-02
<GCONST> 1.075490e+02
<STATE> 4
<MEAN> 39
 -1.256894e+01 -9.076684e+00 -1.325356e+00 3.274681e+00 9.199983e+00 -3.557570e+00 2.273218e+00 -2.894239e+00 1.175336e+00 -1.749204e+01 -6.917947e+00 -6.857095e+00 6.197171e+01 -6.545184e-01 1.260482e-01 7.336998e-02 -1.097385e-01 -3.909089e-02 5.176375e-01 5.483460e-01 5.236732e-02 -2.271144e-01 4.238663e-01 3.815890e-01 -1.467831e-01 -5.874122e-01 3.278161e-02 -1.437515e-02 -2.148534e-02 -6.765348e-02 -6.987362e-02 3.385172e-02 -3.538229e-02 -2.870008e-02 -2.290263e-02 6.819794e-02 -1.363241e-02 -4.575004e-03 2.552787e-02
<VARIANCE> 39
 2.309444e+01 1.950379e+01 1.580668e+01 2.418853e+01 3.458917e+01 5.829987e+01 6.112304e+01 4.518377e+01 8.114205e+01 8.129548e+01 4.259178e+01 3.914319e+01 2.696321e+01 2.419314e-01 5.325160e-01 6.379888e-01 1.080886e+00 1.055636e+00 1.461306e+00 1.867322e+00 1.733982e+00 1.494043e+00 1.888250e+00 2.269802e+00 2.204106e+00 1.467410e-01 2.600866e-02 6.473301e-02 1.060432e-01 1.412918e-01 1.830460e-01 2.041834e-01 3.256546e-01 2.951649e-01 2.583598e-01 2.732151e-01 3.869488e-01 3.709335e-01 1.035642e-02
<GCONST> 9.331094e+01
<TRANSP> 5
 0.000000e+00 1.000000e+00 0.000000e+00 0.000000e+00 0.000000e+00
 0.000000e+00 9.649172e-01 3.508287e-02 0.000000e+00 0.000000e+00
 0.000000e+00 0.000000e+00 9.606680e-01 3.933205e-02 0.000000e+00
 0.000000e+00 0.000000e+00 0.000000e+00 9.578739e-01 4.212613e-02
 0.000000e+00 0.000000e+00 0.000000e+00 0.000000e+00 0.000000e+00
<ENDHMM>
