~o
<STREAMINFO> 1 39
<VECSIZE> 39<NULLD><MFCC_D_A_0><DIAGC>
~h "sil"
<BEGINHMM>
<NUMSTATES> 5
<STATE> 2
<MEAN> 39
 -1.735229e+01 -7.535984e+00 -6.565412e-01 -3.555930e+00 4.262833e+00 7.972296e-01 4.527678e+00 -3.063138e+00 -3.482527e-01 -8.318705e+00 -1.705604e+00 -7.322209e+00 5.572476e+01 -1.938961e-01 -1.986563e-01 -3.954212e-02 -5.013148e-02 -4.065892e-02 -8.300995e-02 2.731535e-03 1.736829e-01 1.609752e-01 1.065977e-01 5.045073e-02 -1.673885e-03 -3.052183e-02 1.980055e-02 2.812995e-02 -1.463268e-02 1.518293e-02 -1.397864e-02 -2.648990e-02 -3.995327e-02 -3.402000e-02 -1.395513e-02 1.451309e-02 8.462367e-03 9.630157e-03 -4.617710e-02
<VARIANCE> 39
 3.248518e+01 3.575558e+01 3.577580e+01 4.739860e+01 5.757798e+01 8.432442e+01 8.260817e+01 6.461345e+01 6.671339e+01 5.635096e+01 4.757526e+01 3.677726e+01 1.078708e+01 4.607318e-01 5.952137e-01 8.799742e-01 1.408609e+00 1.846965e+00 2.202711e+00 2.287416e+00 2.504565e+00 2.479503e+00 2.531908e+00 2.172288e+00 1.851550e+00 7.760354e-01 4.632889e-02 8.788243e-02 1.460686e-01 2.331464e-01 3.139866e-01 3.697054e-01 4.011015e-01 4.320948e-01 4.485753e-01 4.459370e-01 3.885297e-01 3.415840e-01 1.892466e-01
<GCONST> 1.082803e+02
<STATE> 3
<MEAN> 39
 -1.860639e+01 -7.672695e+00 -2.035993e+00 -2.840451e+00 3.610466e+00 -1.303365e-02 4.483285e+00 -3.088805e+00 2.156618e-01 -7.722956e+00 -1.195099e+00 -7.055605e+00 5.586312e+01 7.350703e-03 -2.390235e-02 -5.138315e-02 -4.420804e-02 -1.249189e-01 -1.611401e-01 -1.441104e-01 -5.166454e-02 6.544785e-02 1.132234e-01 1.243120e-01 9.456090e-02 1.514181e-02 1.199693e-02 1.461509e-02 2.446116e-03 -9.743380e-03 -1.516300e-02 -2.312504e-02 -2.843176e-02 -2.903990e-02 -9.401239e-03 -4.659959e-03 -7.962076e-04 -5.203100e-04 6.501422e-03
<VARIANCE> 39
 4.034303e+00 8.242269e+00 1.286725e+01 1.799295e+01 2.378509e+01 3.006250e+01 3.144595e+01 3.236687e+01 3.393257e+01 3.428992e+01 3.412318e+01 2.967741e+01 9.263164e-01 2.169012e-01 4.415570e-01 7.356231e-01 1.111346e+00 1.627542e+00 1.882299e+00 2.082975e+00 2.281073e+00 2.352815e+00 2.377690e+00 2.087483e+00 1.825062e+00 5.376945e-02 3.655973e-02 7.721745e-02 1.379879e-01 2.086523e-01 2.950884e-01 3.342867e-01 3.740027e-01 4.220856e-01 4.365597e-01 4.549412e-01 3.892156e-01 3.446776e-01 9.241698e-03
<GCONST> 8.640474e+01
<STATE> 4
<MEAN> 39
 -1.750688e+01 -6.902744e+00 -2.698697e+00 -4.497157e+00 4.573814e-01 -4.295347e+00 6.036568e-01 -5.635160e+00 1.757329e-01 -6.788480e+00 2.708882e-01 -5.893785e+00 5.660050e+01 -3.715046e-03 -8.516117e-03 -1.189198e-02 -1.251525e-02 -2.218723e-02 -4.068944e-02 -3.265236e-02 -1.648338e-02 4.836759e-03 7.121711e-03 -4.532585e-03 4.337152e-03 9.786272e-04 8.264796e-04 1.495642e-03 3.361401e-03 7.075269e-03 8.629463e-03 1.039311e-02 8.739037e-03 3.471994e-03 2.389007e-03 -3.949569e-04 -2.730038e-03 -2.476889e-03 9.554306e-04
<VARIANCE> 39
 1.422117e+00 2.787815e+00 4.884707e+00 6.969548e+00 8.951438e+00 1.107246e+01 1.311205e+01 1.423925e+01 1.470509e+01 1.384607e+01 1.282229e+01 1.174698e+01 3.741922e-01 1.295627e-01 2.747228e-01 4.739301e-01 6.634383e-01 8.830286e-01 1.122440e+00 1.317387e+00 1.418984e+00 1.479621e+00 1.413547e+00 1.311129e+00 1.193833e+00 3.278565e-02 2.592661e-02 5.600454e-02 9.602410e-02 1.336701e-01 1.776918e-01 2.251320e-01 2.663700e-01 2.880197e-01 3.005058e-01 2.854556e-01 2.652191e-01 2.382423e-01 6.725736e-03
<GCONST> 6.275220e+01
<TRANSP> 5
 0.000000e+00 1.000000e+00 0.000000e+00 0.000000e+00 0.000000e+00
 0.000000e+00 8.464575e-01 1.535425e-01 0.000000e+00 0.000000e+00
 0.000000e+00 0.000000e+00 9.258982e-01 7.410181e-02 0.000000e+00
 0.000000e+00 0.000000e+00 0.000000e+00 9.638139e-01 3.618611e-02
 0.000000e+00 0.000000e+00 0.000000e+00 0.000000e+00 0.000000e+00
<ENDHMM>
