~o
<STREAMINFO> 1 39
<VECSIZE> 39<NULLD><MFCC_D_A_0><DIAGC>
~h "tiga"
<BEGINHMM>
<NUMSTATES> 5
<STATE> 2
<MEAN> 39
 -9.266256e+00 8.984911e-01 1.434442e+01 -3.085109e+00 -9.192351e+00 -1.176169e+01 -4.291754e+00 -1.346178e+01 -7.753082e+00 -6.538514e+00 1.761304e+00 -8.159692e+00 6.563297e+01 5.282449e-01 -1.067833e-01 4.481312e-01 1.990075e-01 -8.234277e-01 -7.432007e-01 -1.512253e-02 1.912936e-01 -1.404762e-01 -1.206090e-01 2.105054e-01 7.329013e-02 6.260547e-01 2.813873e-02 -7.131995e-02 -9.551450e-02 -1.944669e-02 6.288230e-02 5.526251e-02 -6.100765e-03 1.402985e-01 9.423868e-02 -3.623180e-02 -1.142586e-01 -1.402835e-02 8.465471e-03
<VARIANCE> 39
 2.356700e+01 4.378561e+01 1.368503e+02 7.082276e+01 1.553802e+02 9.728804e+01 7.696772e+01 1.110960e+02 4.311975e+01 5.213878e+01 7.944536e+01 5.149532e+01 2.801538e+01 1.979264e+00 3.402941e+00 8.246141e+00 3.397275e+00 9.226167e+00 5.989356e+00 5.793259e+00 7.588811e+00 4.841925e+00 3.403106e+00 5.636722e+00 3.235245e+00 1.748133e+00 3.349070e-01 4.298462e-01 1.151921e+00 5.234729e-01 1.610576e+00 1.092942e+00 9.651043e-01 1.028405e+00 8.190207e-01 6.380312e-01 1.057757e+00 5.030566e-01 2.071336e-01
<GCONST> 1.403990e+02
<STATE> 3
<MEAN> 39
 -1.437675e+00 -1.398744e+01 -2.467198e-01 -4.444164e+00 -1.033768e+01 -1.635662e+01 -2.341288e+00 3.201090e+00 -1.144341e-02 -1.026383e+01 -6.598279e+00 -8.560047e+00 7.470828e+01 -9.274512e-02 -7.630540e-02 -1.081504e+00 -5.358644e-01 1.250460e+00 1.061770e+00 -4.378746e-01 1.615552e-02 4.256458e-01 -2.511951e-01 -1.490584e+00 -4.987081e-01 -3.940163e-01 -1.206765e-01 2.393878e-01 2.142676e-01 5.670442e-02 -9.355929e-02 -1.002246e-01 4.625787e-03 -3.298537e-01 -1.938732e-01 2.332301e-02 2.368103e-01 5.675189e-02 -1.605413e-01
<VARIANCE> 39
 3.693618e+00 1.563860e+01 6.761695e+01 3.368430e+01 1.692457e+02 1.139634e+02 5.014502e+01 1.264292e+02 6.325864e+01 3.721165e+01 1.401399e+02 5.007774e+01 9.077298e+00 2.717044e-01 1.443340e+00 1.724329e+00 1.359262e+00 2.165059e+00 2.393306e+00 1.634995e+00 3.482542e+00 2.301049e+00 2.237937e+00 2.509745e+00 1.559859e+00 5.021104e-01 2.830745e-02 1.011670e-01 1.616618e-01 1.882202e-01 3.014875e-01 2.371768e-01 2.989419e-01 4.555316e-01 3.019167e-01 3.134524e-01 2.437271e-01 2.401032e-01 2.352936e-02
<GCONST> 1.036017e+02
<STATE> 4
<MEAN> 39
 -1.105491e+01 -4.610773e+00 -4.186952e+00 -5.950667e+00 5.270959e-01 -5.237798e+00 -1.435337e+00 -3.169210e+00 2.580296e+00 -1.156289e+01 -7.737469e+00 -9.044338e+00 6.054733e+01 -6.695508e-01 3.514889e-01 -1.153294e-01 -8.745431e-02 6.819681e-01 7.821251e-01 3.913098e-01 -1.317450e-01 2.416270e-01 2.584263e-01 3.245509e-01 4.543006e-03 -7.153661e-01 2.625121e-02 -6.992203e-02 -3.040804e-02 -2.674189e-02 4.151491e-04 1.985672e-02 6.269429e-03 7.710356e-02 4.590696e-02 5.567947e-02 -8.347902e-03 -1.046933e-02 6.263532e-02
<VARIANCE> 39
 2.068738e+01 1.419531e+01 1.538870e+01 2.110330e+01 5.832475e+01 5.420373e+01 2.210562e+01 4.239257e+01 3.170440e+01 4.108121e+01 3.944796e+01 3.432274e+01 1.974483e+01 1.341674e-01 4.555368e-01 5.663639e-01 9.705902e-01 1.095102e+00 1.414471e+00 1.306739e+00 1.720096e+00 1.650061e+00 1.383855e+00 1.507882e+00 1.922194e+00 1.570723e-01 1.708102e-02 4.517954e-02 8.044852e-02 1.257566e-01 1.612235e-01 1.674499e-01 2.707744e-01 2.764370e-01 2.364444e-01 2.063468e-01 1.991345e-01 2.868268e-01 6.358532e-03
<GCONST> 8.439741e+01
<TRANSP> 5
 0.000000e+00 1.000000e+00 0.000000e+00 0.000000e+00 0.000000e+00
 0.000000e+00 9.656453e-01 3.435469e-02 0.000000e+00 0.000000e+00
 0.000000e+00 0.000000e+00 9.244803e-01 7.551971e-02 0.000000e+00
 0.000000e+00 0.000000e+00 0.000000e+00 9.509816e-01 4.901845e-02
 0.000000e+00 0.000000e+00 0.000000e+00 0.000000e+00 0.000000e+00
<ENDHMM>
