~o
<STREAMINFO> 1 39
<VECSIZE> 39<NULLD><MFCC_D_A_0><DIAGC>
~h "tujuh"
<BEGINHMM>
<NUMSTATES> 5
<STATE> 2
<MEAN> 39
 -9.892318e+00 -2.265686e-01 3.907018e+00 -4.019634e+00 -4.543489e+00 -1.466972e+01 -7.129867e+00 -9.794961e+00 -3.821707e+00 -8.271305e+00 -2.403480e+00 -6.708162e+00 6.488297e+01 5.831916e-01 4.016977e-01 4.364492e-01 1.782701e-01 -4.256305e-01 -7.296176e-01 -6.422977e-01 -1.540746e-02 -2.114194e-01 -4.491892e-02 1.124918e-01 -8.121742e-02 6.316144e-01 7.017158e-02 -6.478359e-03 -3.278023e-02 -1.230505e-03 5.241038e-02 3.899678e-02 -3.289915e-02 4.865486e-02 2.373548e-03 2.167560e-02 4.978707e-03 -2.963124e-02 1.214476e-02
<VARIANCE> 39
 6.178436e+01 3.230670e+01 3.588120e+01 3.766301e+01 8.383891e+01 1.300747e+02 6.766053e+01 5.652313e+01 6.346927e+01 5.386424e+01 8.763167e+01 5.446645e+01 3.698450e+01 4.980209e+00 2.003168e+00 1.909917e+00 2.658856e+00 5.607667e+00 1.177387e+01 5.260788e+00 4.580950e+00 4.453895e+00 3.320760e+00 4.648333e+00 2.757900e+00 1.476968e+00 7.389535e-01 3.637369e-01 3.576951e-01 5.416416e-01 1.011423e+00 1.938454e+00 9.250724e-01 8.819827e-01 7.204811e-01 5.853724e-01 5.979015e-01 4.862685e-01 1.945305e-01
<GCONST> 1.349606e+02
<STATE> 3
<MEAN> 39
 -3.189336e+00 2.377697e+00 8.795340e+00 -4.863914e-01 -3.408926e+00 -1.591850e+01 -1.239334e+01 -8.616573e+00 -8.403055e+00 -5.727520e+00 9.220171e+00 -5.826576e+00 6.957047e+01 2.891184e-02 -5.079342e-02 -3.196552e-01 -4.954815e-03 5.187198e-01 5.196919e-01 1.177536e-01 -5.270455e-01 5.039864e-02 2.538018e-01 3.248331e-02 3.104609e-02 -2.836162e-01 -9.612152e-02 4.118039e-03 4.552639e-02 3.313805e-02 1.812567e-02 2.034469e-02 1.083192e-01 3.483299e-04 2.079992e-02 -4.432239e-02 -3.485934e-02 3.436055e-02 -4.419352e-02
<VARIANCE> 39
 2.393008e+01 3.244730e+01 9.535081e+01 4.731606e+01 9.038054e+01 5.596857e+01 5.960429e+01 1.023449e+02 7.344626e+01 6.158233e+01 9.434406e+01 5.606615e+01 1.919445e+01 1.240370e+00 1.363024e+00 2.801190e+00 1.804473e+00 4.265547e+00 3.142938e+00 2.497453e+00 4.215594e+00 3.864043e+00 3.346970e+00 3.339319e+00 2.507141e+00 7.868817e-01 1.622802e-01 2.026366e-01 3.641745e-01 2.982992e-01 5.959325e-01 5.406644e-01 3.985119e-01 7.400296e-01 6.806971e-01 5.076682e-01 5.748949e-01 4.386631e-01 6.710546e-02
<GCONST> 1.223467e+02
<STATE> 4
<MEAN> 39
 -1.172694e+01 -2.120579e+00 -5.348110e-01 -1.366331e+00 4.297556e+00 -3.678325e+00 -2.352941e+00 -1.164297e+01 -2.087380e+00 -7.044566e+00 -8.828259e-01 -6.916781e+00 5.908696e+01 -5.203796e-01 -3.037539e-01 -7.957190e-02 -7.864252e-02 3.594410e-02 3.399321e-01 5.777942e-01 5.193866e-01 2.006167e-01 -2.144733e-01 -2.225667e-01 -6.953234e-02 -3.019507e-01 1.635183e-02 -2.053801e-03 -5.030714e-03 -2.084920e-02 -3.805628e-02 -1.735835e-02 -2.748547e-02 -6.651536e-03 -1.740277e-02 4.608423e-03 2.231010e-02 2.840685e-03 2.333534e-02
<VARIANCE> 39
 2.776781e+01 2.022186e+01 1.546907e+01 2.080598e+01 2.523924e+01 5.078916e+01 6.837122e+01 6.993862e+01 3.992883e+01 2.984532e+01 4.843774e+01 3.495213e+01 7.513420e+00 1.918884e-01 4.147701e-01 6.535532e-01 9.973351e-01 1.163950e+00 1.498926e+00 1.538516e+00 2.115033e+00 1.731886e+00 1.881477e+00 1.602098e+00 1.395968e+00 6.598151e-02 2.767434e-02 5.873239e-02 1.101201e-01 1.905980e-01 1.970038e-01 2.779942e-01 2.713256e-01 3.472207e-01 3.232320e-01 3.318934e-01 2.355512e-01 2.148692e-01 5.450282e-03
<GCONST> 8.800935e+01
<TRANSP> 5
 0.000000e+00 1.000000e+00 0.000000e+00 0.000000e+00 0.000000e+00
 0.000000e+00 9.572207e-01 4.277927e-02 0.000000e+00 0.000000e+00
 0.000000e+00 0.000000e+00 9.570782e-01 4.292177e-02 0.000000e+00
 0.000000e+00 0.000000e+00 0.000000e+00 9.654092e-01 3.459086e-02
 0.000000e+00 0.000000e+00 0.000000e+00 0.000000e+00 0.000000e+00
<ENDHMM>
