~o
<STREAMINFO> 1 39
<VECSIZE> 39<NULLD><MFCC_D_A_0><DIAGC>
~h "belas"
<BEGINHMM>
<NUMSTATES> 20
<STATE> 2
<MEAN> 39
 -1.611856e+01 -6.459597e+00 3.587428e-02 -4.041301e+00 3.118811e+00 -4.825862e+00 2.327391e+00 -5.791044e+00 1.103377e+00 -6.850396e+00 3.059074e-01 -5.113969e+00 5.665520e+01 7.159862e-01 1.094346e+00 8.881071e-01 7.185743e-01 2.020488e-02 -2.183205e-01 -4.997293e-01 -7.675003e-01 -1.085670e+00 -9.680641e-01 -4.576653e-01 -4.776880e-01 3.592503e-01 4.623292e-01 4.896077e-01 3.979119e-01 2.403532e-01 -5.305452e-02 -2.199430e-01 -4.670368e-01 -4.678306e-01 -3.650013e-01 -2.053932e-01 -1.485297e-01 -2.167479e-01 2.001818e-01
<VARIANCE> 39
 2.227462e+00 8.306539e+00 7.921050e+00 1.556629e+01 1.541201e+01 2.027221e+01 1.686386e+01 2.393962e+01 1.861532e+01 1.633811e+01 1.297879e+01 1.631378e+01 6.126546e-01 1.304920e+00 1.982448e+00 1.747619e+00 1.851591e+00 1.226187e+00 1.927295e+00 2.610847e+00 3.519542e+00 3.435591e+00 2.631865e+00 2.287857e+00 2.421688e+00 2.338528e-01 1.788472e-01 2.355763e-01 2.030156e-01 3.145524e-01 2.745405e-01 3.314006e-01 3.242693e-01 3.290583e-01 4.380623e-01 3.842616e-01 3.569953e-01 3.694901e-01 3.598376e-02
<GCONST> 9.171647e+01
<STATE> 3
<MEAN> 39
 -6.959156e+00 5.183084e+00 9.044211e+00 2.022767e+00 2.401506e+00 -8.878876e+00 -5.650556e+00 -1.469284e+01 -7.861821e+00 -1.345534e+01 -5.123376e+00 -1.079669e+01 6.091220e+01 2.288940e+00 1.681896e+00 5.441470e-01 -2.398839e-01 -7.721803e-01 -1.136268e+00 -2.167443e+00 -1.484859e+00 -9.641659e-03 1.328623e+00 4.429458e-01 -6.226717e-01 1.342664e+00 -5.676550e-02 -9.470351e-01 -1.061530e+00 -9.994751e-01 -3.978999e-01 5.699007e-02 -2.174173e-01 1.473867e-01 9.738414e-01 1.252169e+00 6.353695e-01 3.132137e-01 2.046816e-01
<VARIANCE> 39
 8.425052e+00 1.335889e+01 9.607175e+00 1.426746e+01 2.643455e+01 3.231956e+01 3.702164e+01 3.766727e+01 3.222398e+01 2.623205e+01 5.492664e+01 3.912808e+01 2.376624e+00 1.304007e+00 4.025207e+00 4.913117e+00 5.279499e+00 3.104601e+00 3.127532e+00 3.223557e+00 3.417374e+00 3.495761e+00 6.793763e+00 5.430775e+00 2.718685e+00 4.805553e-01 1.346803e-01 3.349477e-01 4.007131e-01 5.816035e-01 9.189691e-01 4.761142e-01 5.684845e-01 1.005034e+00 6.085281e-01 6.236672e-01 5.960215e-01 5.336226e-01 7.587968e-02
<GCONST> 1.146687e+02
<STATE> 4
<MEAN> 39
 8.161069e-01 3.053786e+00 2.055755e+00 -7.081714e+00 -4.187868e+00 -1.264068e+01 -1.618093e+01 -1.897468e+01 5.389815e-01 2.430501e+00 3.184145e+00 -1.001790e+01 6.777012e+01 1.774885e+00 -2.332870e+00 -2.736215e+00 -2.530145e+00 -1.347175e+00 1.584695e-01 -2.541577e+00 -7.156425e-01 2.939300e+00 2.872940e+00 5.764582e-01 -7.842629e-02 2.139045e+00 -5.532917e-01 -4.328491e-01 1.537620e-01 4.669109e-01 5.409229e-01 6.254596e-01 6.460446e-01 7.389047e-01 -8.991486e-02 -1.183437e+00 -8.564605e-01 1.220123e-01 -2.718317e-01
<VARIANCE> 39
 6.037585e+00 2.189911e+01 4.052849e+01 2.495648e+01 7.077906e+01 6.813339e+01 5.976233e+01 8.127622e+01 3.047932e+01 6.422086e+01 7.646808e+01 3.651496e+01 7.720864e+00 7.277727e-01 1.778621e+00 3.536461e+00 4.015111e+00 1.442975e+01 7.022101e+00 3.319294e+00 9.166792e+00 5.003922e+00 1.167959e+01 4.185074e+00 4.415409e+00 3.677430e-01 1.267357e-01 4.892295e-01 7.606521e-01 6.383877e-01 8.455251e-01 2.963075e-01 3.368436e-01 9.446572e-01 7.723678e-01 6.140680e-01 5.059545e-01 3.511689e-01 1.152770e-01
<GCONST> 1.242709e+02
<STATE> 5
<MEAN> 39
 2.658900e+00 -3.967978e+00 -3.283716e+00 -9.567149e+00 -3.760778e+00 -8.781254e+00 -1.833956e+01 -1.746846e+01 5.803295e+00 1.560684e+00 -1.180646e+00 -8.563378e+00 7.137574e+01 9.604842e-02 -9.821844e-01 -3.321418e-01 -4.177532e-01 3.353041e-01 7.677386e-01 -4.100516e-01 6.711084e-01 1.010050e+00 -3.437261e-01 -1.191624e+00 7.587216e-01 4.468031e-01 -2.491572e-01 6.712067e-01 6.157919e-01 2.424242e-01 2.462698e-01 -1.255551e-01 3.172521e-01 -7.333898e-02 -6.485273e-01 -1.830738e-01 6.287696e-02 -8.444873e-02 -3.843167e-01
<VARIANCE> 39
 2.787668e+00 1.925363e+01 5.182160e+01 2.333403e+01 1.274401e+02 1.123871e+02 7.289554e+01 1.266889e+02 4.962188e+01 1.288128e+02 1.314970e+02 3.077165e+01 3.998169e+00 9.172186e-02 1.103832e+00 1.954450e+00 8.790732e-01 1.262694e+00 1.130013e+00 1.508508e+00 2.244806e+00 2.618351e+00 2.229607e+00 2.552179e+00 1.582498e+00 1.982694e-01 5.016174e-02 1.287466e-01 3.709075e-01 2.226801e-01 7.648461e-01 2.700727e-01 3.567788e-01 4.662374e-01 7.224347e-01 1.195789e+00 5.816768e-01 4.348024e-01 5.432566e-02
<GCONST> 1.059400e+02
<STATE> 6
<MEAN> 39
 2.589296e+00 -2.986379e+00 -3.695790e+00 -1.022125e+01 -5.720941e-03 -1.147096e+01 -1.948503e+01 -1.435471e+01 4.709379e+00 1.486213e+00 -4.743925e+00 -7.953029e+00 7.120346e+01 -7.513469e-03 1.579951e-02 -1.747202e-01 -5.502663e-01 4.500166e-01 2.913995e-01 4.111021e-01 1.804470e-01 -1.599922e-01 5.035110e-01 -1.571542e-01 -4.206237e-01 8.559727e-02 2.527829e-03 -9.755705e-02 -1.639932e-01 -9.854497e-02 -5.760996e-02 7.241080e-03 2.407106e-01 2.417350e-01 2.157996e-02 -1.056661e-01 -1.222665e-01 -1.995948e-01 4.913035e-02
<VARIANCE> 39
 1.488234e+00 1.797821e+01 3.319087e+01 2.300066e+01 8.073527e+01 1.534382e+02 3.357275e+01 1.403625e+02 4.285922e+01 7.453037e+01 1.481350e+02 3.172170e+01 6.024983e+00 6.221872e-02 3.199289e-01 5.819287e-01 5.328354e-01 4.896883e-01 4.164998e-01 1.131618e+00 1.101047e+00 1.524167e+00 1.466485e+00 1.371581e+00 7.339168e-01 4.803762e-02 8.068425e-03 6.161157e-02 8.825249e-02 1.139413e-01 7.713950e-02 1.152277e-01 1.439646e-01 2.481107e-01 2.346310e-01 3.455499e-01 3.574748e-01 1.632582e-01 1.172019e-02
<GCONST> 7.906055e+01
<STATE> 7
<MEAN> 39
 2.611425e+00 -5.271430e+00 -3.227645e+00 -1.608424e+01 4.952360e-01 -4.310739e+00 -1.597285e+01 -1.115452e+01 6.288806e+00 4.962558e+00 -2.403278e+00 -1.382175e+01 7.347059e+01 -1.993276e-01 -1.808321e+00 -5.495014e-01 -6.854370e-01 2.025334e-02 7.278761e-01 1.607280e+00 2.970795e+00 -3.494606e-02 -1.447110e+00 -2.322708e+00 -8.701814e-01 8.444641e-01 -1.243248e-01 -3.793379e-01 1.746649e-01 3.501349e-01 -1.609924e-01 1.074505e-01 2.111159e-01 2.579641e-01 -2.912221e-01 -6.014776e-01 -2.366238e-01 4.215177e-01 1.050303e-01
<VARIANCE> 39
 6.515138e-01 1.757550e+01 5.605213e+01 2.095863e+01 1.596743e+02 1.442943e+02 7.493889e+01 2.057025e+02 5.633452e+01 5.940579e+01 1.871906e+02 3.318457e+01 7.626469e+00 2.144940e-01 1.514539e+00 1.025957e+00 1.599950e+00 1.117121e+00 1.217745e+00 1.954768e+00 2.251038e+00 2.121974e+00 2.863483e+00 1.695336e+00 1.794000e+00 2.849919e-01 1.764839e-02 1.674835e-01 1.560453e-01 2.279690e-01 2.288328e-01 1.494367e-01 2.808503e-01 5.986962e-01 4.113243e-01 1.917718e-01 4.238375e-01 2.470898e-01 2.781351e-02
<GCONST> 9.987860e+01
<STATE> 8
<MEAN> 39
 2.641989e-01 -1.551377e+01 -2.128235e+00 -1.424212e+01 -3.216345e+00 1.190924e+00 -8.572696e+00 -3.220369e+00 3.817157e+00 -3.336039e+00 -1.147090e+01 -9.301138e+00 7.781774e+01 -2.252333e-01 -5.998763e-01 -1.551049e-01 6.020969e-01 -2.331813e-01 -1.696614e-01 8.049349e-01 6.591395e-01 -5.588273e-01 -1.778389e+00 -7.624633e-01 1.026400e+00 1.616765e-01 3.336069e-02 4.975233e-01 -1.209185e-02 5.629812e-02 4.928581e-02 -3.219241e-01 -2.214047e-01 -4.172802e-01 6.309677e-02 1.762232e-01 4.011254e-01 4.934515e-02 -2.281190e-01
<VARIANCE> 39
 2.418102e+00 1.006650e+01 5.068355e+01 1.242600e+01 1.816381e+02 1.753067e+02 3.690107e+01 2.136146e+02 1.043117e+02 2.977104e+01 9.235702e+01 7.178230e+01 1.133694e+01 1.427179e-01 1.863962e+00 7.998451e-01 9.684528e-01 1.748398e+00 1.219620e+00 1.207676e+00 2.353676e+00 1.472233e+00 2.288547e+00 1.498257e+00 8.832583e-01 3.345250e-01 4.269022e-02 1.100309e-01 1.580661e-01 1.732115e-01 1.929758e-01 1.460688e-01 1.599072e-01 4.526752e-01 1.810834e-01 3.667196e-01 1.608284e-01 2.192672e-01 2.139997e-02
<GCONST> 9.549163e+01
<STATE> 9
<MEAN> 39
 5.869192e-01 -1.070205e+01 -8.565869e+00 -1.062263e+01 -6.580242e-01 -1.288616e+01 -6.541862e+00 4.865557e-01 -5.334956e-01 -1.330315e+01 -1.527519e+01 -5.055707e+00 7.402387e+01 -2.481650e-01 6.446398e-01 6.116144e-01 7.562587e-01 -9.019179e-02 -6.648424e-01 4.723100e-01 -1.234381e-01 -4.225388e-01 -4.489090e-01 2.285388e-01 3.756829e-01 -4.669361e-01 -1.437603e-01 1.867895e-01 1.735050e-01 2.647206e-01 1.585873e-01 5.184327e-02 -1.407038e-02 -2.640537e-01 1.523746e-02 2.318910e-01 5.348559e-02 -1.256294e-02 -1.318462e-01
<VARIANCE> 39
 2.172685e+00 1.809132e+01 2.455693e+01 2.217304e+01 4.535467e+01 1.937804e+02 1.774063e+01 9.616078e+01 6.382074e+01 2.415078e+01 3.244433e+01 6.558337e+01 8.384421e+00 2.518087e-01 8.294940e-01 9.697455e-01 8.561050e-01 1.904466e+00 1.385718e+00 1.006241e+00 1.940431e+00 9.070518e-01 8.802239e-01 5.581723e-01 1.215528e+00 2.583212e-01 6.515690e-02 1.364711e-01 1.089280e-01 1.920519e-01 2.647297e-01 2.415279e-01 2.347345e-01 1.749825e-01 1.998729e-01 1.858388e-01 1.070960e-01 2.003546e-01 9.449909e-03
<GCONST> 8.689378e+01
<STATE> 10
<MEAN> 39
 -2.219251e+00 -7.581665e+00 -1.827579e+00 -5.657377e+00 -1.433599e+00 -8.866643e+00 -4.229734e+00 -5.768612e+00 2.121142e-01 -1.124071e+01 -1.428846e+01 -4.848830e+00 7.055968e+01 -1.732238e+00 1.775273e+00 -1.472481e-02 1.621123e+00 7.101980e-01 -1.797860e-01 1.141396e+00 -1.241861e+00 2.187184e-01 -2.163696e-01 7.805083e-01 -2.446154e-01 -9.417123e-01 -6.985999e-01 6.088743e-01 -8.508616e-01 -7.637197e-02 -9.548750e-02 -9.041108e-02 5.407710e-01 -2.382963e-01 4.002828e-01 -1.224733e-01 2.919689e-01 -5.321980e-01 2.572010e-01
<VARIANCE> 39
 4.426003e+00 8.976408e+00 1.377656e+01 2.777812e+01 2.257962e+01 1.212835e+02 1.514530e+01 5.162661e+01 9.660115e+01 3.017813e+01 5.817127e+01 3.287122e+01 1.333178e+01 7.898389e-01 2.169038e+00 1.828896e+00 1.443353e+00 1.183550e+00 2.431634e+00 2.438299e+00 2.174905e+00 4.149229e+00 1.455063e+00 2.237767e+00 3.342361e+00 2.164200e-01 1.296663e-01 2.365544e-01 1.616144e-01 2.446121e-01 3.253813e-01 3.598690e-01 3.315920e-01 1.878273e-01 7.552241e-01 2.753123e-01 4.708250e-01 3.825917e-01 5.433419e-02
<GCONST> 1.026882e+02
<STATE> 11
<MEAN> 39
 -9.903372e+00 -1.543437e-01 -5.225112e+00 -2.546988e+00 7.594835e-01 -1.089131e+01 1.327306e+00 -9.635518e+00 2.962907e+00 -1.352373e+01 -9.549495e+00 -1.027797e+01 6.995548e+01 -3.955200e+00 4.139303e+00 -2.710091e+00 1.910320e+00 5.282841e-01 -1.090721e+00 2.712765e+00 -1.644205e+00 1.140605e+00 -8.940746e-01 1.319214e+00 -5.763516e-01 3.400413e-01 -2.665260e-01 2.213363e-01 -3.776818e-01 -4.677334e-02 -4.885719e-02 -9.949820e-02 -5.655551e-02 4.560501e-01 -2.048857e-01 2.530635e-01 -1.068348e-02 5.018042e-01 2.732852e-01
<VARIANCE> 39
 1.726729e+01 1.136159e+01 1.187997e+01 2.424849e+01 3.240239e+01 6.766024e+01 2.006582e+01 3.695149e+01 3.615764e+01 2.627234e+01 4.459933e+01 4.033950e+01 1.283978e+01 3.644891e-01 2.195528e+00 1.227026e+00 1.833012e+00 5.610075e+00 2.202467e+00 2.286629e+00 3.150494e+00 6.371411e+00 1.280311e+00 4.008964e+00 1.859240e+00 2.555475e-01 1.838190e-01 2.312070e-01 1.874741e-01 2.663460e-01 2.728824e-01 9.612306e-02 2.284772e-01 2.913413e-01 6.800742e-01 3.085299e-01 2.816358e-01 1.986622e-01 2.961417e-02
<GCONST> 1.011746e+02
<STATE> 12
<MEAN> 39
 -1.949776e+01 1.005785e+01 -1.284263e+01 2.124510e+00 8.464497e-01 -1.301794e+01 6.967648e+00 -9.867968e+00 3.214286e+00 -1.373357e+01 -6.034445e+00 -6.640039e+00 7.183908e+01 -2.668428e+00 2.517929e+00 -1.401247e+00 7.117850e-01 7.256270e-01 -4.637422e-01 1.056944e+00 1.336532e-01 -6.237719e-01 5.708098e-01 8.553753e-01 1.858327e-01 7.075892e-02 6.073721e-01 -7.382409e-01 7.511797e-01 -3.606657e-01 9.165422e-02 3.040043e-01 -5.478619e-01 3.298584e-01 -3.881076e-01 2.898203e-01 -1.743593e-01 9.973420e-03 -1.509964e-01
<VARIANCE> 39
 1.169535e+01 1.738601e+01 1.647414e+01 2.804116e+01 6.300582e+01 4.846418e+01 3.980335e+01 1.515888e+01 2.469731e+01 5.075139e+01 4.812999e+01 4.431459e+01 7.861962e+00 8.688627e-01 1.642301e+00 2.012367e+00 1.193138e+00 1.803869e+00 1.928048e+00 1.804197e+00 1.400451e+00 3.063364e+00 1.616654e+00 1.364523e+00 1.418044e+00 1.845856e-01 7.281575e-02 1.694028e-01 1.281756e-01 2.359865e-01 5.809539e-01 2.786931e-01 3.686530e-01 2.852980e-01 5.606717e-01 2.515949e-01 3.335391e-01 1.909815e-01 2.092333e-02
<GCONST> 9.784464e+01
<STATE> 13
<MEAN> 39
 -2.504658e+01 1.446234e+01 -1.133263e+01 3.020573e+00 4.399715e+00 -1.415251e+01 7.419731e+00 -7.769574e+00 -3.642570e-01 -1.219821e+01 -1.736801e+00 -8.605827e+00 7.024277e+01 -6.655188e-01 2.430667e-01 1.236802e-01 -4.917689e-02 1.610895e-01 4.861861e-01 1.115979e-01 3.139997e-01 -2.104035e-01 2.985453e-01 5.912160e-01 -4.918805e-02 -4.589883e-01 1.865751e-01 -3.009111e-01 2.157659e-02 -5.567479e-02 -8.682715e-02 1.209631e-01 3.512248e-02 -5.150313e-02 1.452472e-01 -7.555293e-02 -1.466705e-02 3.698760e-02 -5.903107e-02
<VARIANCE> 39
 5.625123e+00 2.070285e+01 1.592462e+01 2.925327e+01 6.632382e+01 5.114822e+01 2.684093e+01 2.902467e+01 2.706032e+01 4.155781e+01 5.288966e+01 3.256236e+01 7.144376e+00 2.477584e-01 5.019429e-01 4.826460e-01 9.507457e-01 1.072973e+00 1.417450e+00 2.066538e+00 1.447933e+00 2.197777e+00 8.822985e-01 9.745542e-01 1.563581e+00 1.001147e-01 6.131325e-02 5.690797e-02 9.396443e-02 1.298303e-01 2.510251e-01 2.005893e-01 3.730203e-01 2.827111e-01 3.243541e-01 1.238293e-01 1.686437e-01 3.210467e-01 1.487140e-02
<GCONST> 8.560072e+01
<STATE> 14
<MEAN> 39
 -2.912430e+01 1.698583e+01 -1.633742e+01 4.893383e+00 4.348021e+00 -9.334393e+00 8.774639e+00 -6.312068e+00 -2.510355e+00 -3.331899e+00 -3.600767e+00 -3.315170e+00 6.723442e+01 -1.454539e-01 -4.600102e-01 1.455169e-01 1.683926e-01 -2.714215e-02 9.022807e-02 1.029256e-01 2.085175e-02 -2.568982e-01 -7.454145e-02 2.819833e-01 4.064512e-01 -4.927321e-01 7.772709e-02 -1.073855e-01 3.186134e-02 -5.423066e-03 3.469280e-02 2.093662e-02 5.706654e-07 -8.866927e-02 -6.566422e-02 -1.466880e-01 -2.887481e-02 3.758490e-03 -2.587471e-02
<VARIANCE> 39
 5.098036e+00 1.113914e+01 1.425941e+01 2.318860e+01 2.759933e+01 1.302557e+01 1.812979e+01 1.497512e+01 2.380041e+01 2.781083e+01 2.899667e+01 3.869223e+01 7.786615e+00 2.608358e-01 4.366049e-01 3.690024e-01 6.004176e-01 9.803513e-01 9.175090e-01 1.146989e+00 1.179684e+00 1.559612e+00 1.292504e+00 1.179457e+00 8.519127e-01 1.682915e-01 5.238049e-02 5.335700e-02 4.101648e-02 7.081200e-02 2.381800e-01 1.660083e-01 2.262528e-01 2.466529e-01 3.606648e-01 2.351407e-01 1.863064e-01 1.116011e-01 2.348963e-02
<GCONST> 7.608758e+01
<STATE> 15
<MEAN> 39
 -2.628220e+01 7.014802e+00 -1.026441e+01 1.454004e+00 4.334538e+00 -6.868011e+00 8.431719e+00 -7.987273e+00 -2.086184e+00 -1.334808e+01 -1.653567e-01 -6.006887e+00 6.309438e+01 3.884944e-01 -1.218771e+00 4.287987e-01 -4.925163e-03 3.289353e-01 1.120827e+00 -9.554467e-03 -3.919466e-01 -7.969408e-02 -5.241762e-01 -6.584875e-01 -1.386800e-01 -8.897688e-01 8.971486e-02 2.586113e-02 9.958053e-02 7.230273e-02 7.344277e-02 7.155273e-02 -9.937073e-02 -7.499341e-04 1.203807e-01 1.586131e-01 -1.183206e-01 -1.861757e-01 1.516392e-02
<VARIANCE> 39
 6.597894e+00 1.590817e+01 2.335211e+01 3.809753e+01 7.605073e+01 2.262403e+01 1.688721e+01 2.229525e+01 5.167041e+01 2.625032e+01 3.411816e+01 3.869344e+01 8.210870e+00 1.357992e-01 4.555037e-01 7.225552e-01 7.388585e-01 1.411529e+00 8.460071e-01 1.360491e+00 1.412569e+00 1.494762e+00 1.560775e+00 1.588736e+00 8.763334e-01 9.179605e-02 3.051202e-02 7.606864e-02 1.007863e-01 1.211875e-01 1.417196e-01 1.700660e-01 2.800831e-01 1.576262e-01 3.232960e-01 2.852941e-01 2.628136e-01 1.736773e-01 1.658547e-02
<GCONST> 8.233044e+01
<STATE> 16
<MEAN> 39
 -2.420205e+01 4.963300e+00 -7.804666e+00 4.602115e+00 8.041281e+00 -3.012765e+00 1.059045e+01 -1.017615e+01 1.404813e+00 -1.197897e+01 -2.096231e+00 -8.578989e+00 6.054790e+01 6.954076e-01 -1.195038e+00 6.810397e-01 -3.268310e-01 3.225943e-02 7.855912e-01 -9.737973e-02 2.026767e-01 6.112149e-01 7.952610e-01 -2.188681e-01 -1.000199e+00 -5.054452e-01 -1.324843e-02 -1.522984e-01 -1.395117e-01 -1.808777e-01 -2.794109e-01 -1.592081e-01 -3.946959e-02 1.842556e-01 8.109150e-03 -4.653038e-02 -1.003084e-01 -7.562158e-02 1.151257e-02
<VARIANCE> 39
 6.123716e+00 2.422522e+01 1.133553e+01 1.270579e+01 3.064818e+01 5.128732e+01 2.705065e+01 3.092961e+01 5.626239e+01 3.234948e+01 1.720100e+01 2.362504e+01 5.715867e+00 1.074150e-01 6.386607e-01 7.249297e-01 1.517274e+00 1.350814e+00 1.524015e+00 1.452170e+00 3.013272e+00 2.765045e+00 1.717761e+00 9.857787e-01 1.512335e+00 6.201324e-02 1.680509e-02 7.719211e-02 1.277190e-01 1.709242e-01 9.844251e-02 1.658202e-01 2.503490e-01 3.967808e-01 5.620258e-01 3.188245e-01 1.702181e-01 3.259956e-01 1.076379e-02
<GCONST> 8.374551e+01
<STATE> 17
<MEAN> 39
 -2.245724e+01 -2.275823e+00 -6.673345e+00 1.450264e+00 4.388049e+00 -3.625641e-01 8.178468e+00 -7.490401e+00 2.030314e+00 -1.110276e+01 -5.794495e+00 -1.090314e+01 5.789687e+01 4.691760e-01 -1.062049e+00 7.037519e-01 -2.535531e-01 -2.566800e-01 3.025419e-01 -6.613992e-01 -1.572991e-01 -5.663205e-01 -6.017206e-01 -2.323854e-01 2.357480e-01 -5.260149e-01 2.701941e-02 2.121208e-01 1.266499e-01 5.804216e-02 1.208774e-01 -3.063970e-02 -7.656949e-02 -8.777923e-02 -2.935562e-01 -1.399233e-01 3.687417e-01 5.157422e-01 5.555528e-02
<VARIANCE> 39
 6.401809e+00 1.262734e+01 1.025392e+01 1.130939e+01 1.916926e+01 3.246798e+01 2.381932e+01 3.214947e+01 5.458808e+01 2.481482e+01 3.517361e+01 2.752615e+01 2.007840e+00 1.013591e-01 5.095503e-01 8.212122e-01 6.107069e-01 1.034319e+00 2.317497e+00 2.209954e+00 2.442125e+00 2.025322e+00 1.998026e+00 2.098754e+00 2.026331e+00 5.802004e-02 2.574698e-02 7.483190e-02 1.050361e-01 1.031130e-01 2.035043e-01 2.925133e-01 3.801837e-01 4.927527e-01 3.058240e-01 3.660015e-01 2.962598e-01 2.900596e-01 7.236232e-03
<GCONST> 8.274007e+01
<STATE> 18
<MEAN> 39
 -1.995508e+01 -6.369835e+00 -2.058266e+00 1.128402e+00 6.757481e+00 3.102799e+00 4.949697e+00 -8.313169e+00 -4.269228e+00 -1.371941e+01 -3.470715e+00 -5.199032e+00 5.591631e+01 6.566739e-01 -6.941274e-01 7.091304e-01 -4.819282e-01 4.806613e-01 5.321388e-01 8.651258e-02 2.561651e-01 -5.728471e-01 -2.118504e-01 -2.544253e-02 3.117756e-01 -2.467266e-01 -3.176064e-02 -4.280068e-02 -1.233708e-01 -2.088210e-01 -9.955489e-02 -9.369211e-02 7.954802e-02 3.076316e-01 2.378797e-01 1.588339e-01 -1.656940e-01 -3.013149e-01 2.710898e-02
<VARIANCE> 39
 6.362129e+00 1.879294e+01 1.027984e+01 2.699716e+01 2.833594e+01 2.291241e+01 1.833643e+01 3.273071e+01 6.359259e+01 3.715900e+01 4.019298e+01 1.693518e+01 1.456327e+00 2.424921e-01 7.889408e-01 1.183610e+00 1.140258e+00 1.296093e+00 9.185361e-01 1.660258e+00 2.728427e+00 2.054649e+00 2.674020e+00 2.350937e+00 1.374516e+00 4.802323e-02 2.791830e-02 1.090170e-01 2.352349e-01 2.130090e-01 2.422657e-01 2.305314e-01 3.271384e-01 7.367487e-01 5.255652e-01 4.383168e-01 4.109150e-01 1.988175e-01 1.089214e-02
<GCONST> 8.820943e+01
<STATE> 19
<MEAN> 39
 -1.851968e+01 -8.205050e+00 -1.367853e+00 -2.908466e+00 6.486167e+00 2.923977e+00 6.271626e+00 -6.071434e+00 -4.194278e+00 -1.335951e+01 -5.084366e+00 -8.488345e+00 5.535992e+01 1.277852e-01 -1.283588e+00 1.861193e-01 -9.437763e-01 -4.634096e-01 -1.652651e-01 -6.415503e-01 1.287190e+00 2.923757e-01 5.490825e-01 3.200986e-01 -3.524880e-01 -3.158033e-01 -9.234592e-02 -2.266282e-02 1.023553e-01 2.076745e-01 1.663864e-02 -6.315895e-02 -3.159972e-02 -5.240226e-02 -6.068648e-02 7.569586e-02 2.663455e-02 5.342316e-02 -1.244470e-02
<VARIANCE> 39
 5.648567e+00 1.957051e+01 1.361578e+01 1.848602e+01 1.095880e+01 2.131729e+01 3.366859e+01 3.105595e+01 4.647705e+01 4.048711e+01 2.189598e+01 1.878148e+01 2.437979e+00 2.533305e-01 4.160317e-01 5.264000e-01 1.180322e+00 1.045434e+00 1.264646e+00 1.499860e+00 2.691324e+00 2.420466e+00 2.359288e+00 2.738574e+00 1.290401e+00 8.948389e-02 3.010581e-02 6.816263e-02 6.120978e-02 1.277730e-01 2.712205e-01 2.351704e-01 3.114751e-01 2.723020e-01 2.622066e-01 3.712067e-01 3.892673e-01 1.904683e-01 1.097898e-02
<GCONST> 8.260431e+01
<TRANSP> 20
 0.000000e+00 1.000000e+00 0.000000e+00 0.000000e+00 0.000000e+00 0.000000e+00 0.000000e+00 0.000000e+00 0.000000e+00 0.000000e+00 0.000000e+00 0.000000e+00 0.000000e+00 0.000000e+00 0.000000e+00 0.000000e+00 0.000000e+00 0.000000e+00 0.000000e+00 0.000000e+00
 0.000000e+00 8.064538e-01 1.935462e-01 0.000000e+00 0.000000e+00 0.000000e+00 0.000000e+00 0.000000e+00 0.000000e+00 0.000000e+00 0.000000e+00 0.000000e+00 0.000000e+00 0.000000e+00 0.000000e+00 0.000000e+00 0.000000e+00 0.000000e+00 0.000000e+00 0.000000e+00
 0.000000e+00 0.000000e+00 7.645578e-01 2.354422e-01 0.000000e+00 0.000000e+00 0.000000e+00 0.000000e+00 0.000000e+00 0.000000e+00 0.000000e+00 0.000000e+00 0.000000e+00 0.000000e+00 0.000000e+00 0.000000e+00 0.000000e+00 0.000000e+00 0.000000e+00 0.000000e+00
 0.000000e+00 0.000000e+00 0.000000e+00 6.473668e-01 3.526332e-01 0.000000e+00 0.000000e+00 0.000000e+00 0.000000e+00 0.000000e+00 0.000000e+00 0.000000e+00 0.000000e+00 0.000000e+00 0.000000e+00 0.000000e+00 0.000000e+00 0.000000e+00 0.000000e+00 0.000000e+00
 0.000000e+00 0.000000e+00 0.000000e+00 0.000000e+00 6.618332e-01 3.381669e-01 0.000000e+00 0.000000e+00 0.000000e+00 0.000000e+00 0.000000e+00 0.000000e+00 0.000000e+00 0.000000e+00 0.000000e+00 0.000000e+00 0.000000e+00 0.000000e+00 0.000000e+00 0.000000e+00
 0.000000e+00 0.000000e+00 0.000000e+00 0.000000e+00 0.000000e+00 8.202789e-01 1.797212e-01 0.000000e+00 0.000000e+00 0.000000e+00 0.000000e+00 0.000000e+00 0.000000e+00 0.000000e+00 0.000000e+00 0.000000e+00 0.000000e+00 0.000000e+00 0.000000e+00 0.000000e+00
 0.000000e+00 0.000000e+00 0.000000e+00 0.000000e+00 0.000000e+00 0.000000e+00 7.054281e-01 2.945719e-01 0.000000e+00 0.000000e+00 0.000000e+00 0.000000e+00 0.000000e+00 0.000000e+00 0.000000e+00 0.000000e+00 0.000000e+00 0.000000e+00 0.000000e+00 0.000000e+00
 0.000000e+00 0.000000e+00 0.000000e+00 0.000000e+00 0.000000e+00 0.000000e+00 0.000000e+00 7.952657e-01 2.047343e-01 0.000000e+00 0.000000e+00 0.000000e+00 0.000000e+00 0.000000e+00 0.000000e+00 0.000000e+00 0.000000e+00 0.000000e+00 0.000000e+00 0.000000e+00
 0.000000e+00 0.000000e+00 0.000000e+00 0.000000e+00 0.000000e+00 0.000000e+00 0.000000e+00 0.000000e+00 8.077771e-01 1.922229e-01 0.000000e+00 0.000000e+00 0.000000e+00 0.000000e+00 0.000000e+00 0.000000e+00 0.000000e+00 0.000000e+00 0.000000e+00 0.000000e+00
 0.000000e+00 0.000000e+00 0.000000e+00 0.000000e+00 0.000000e+00 0.000000e+00 0.000000e+00 0.000000e+00 0.000000e+00 6.662919e-01 3.337081e-01 0.000000e+00 0.000000e+00 0.000000e+00 0.000000e+00 0.000000e+00 0.000000e+00 0.000000e+00 0.000000e+00 0.000000e+00
 0.000000e+00 0.000000e+00 0.000000e+00 0.000000e+00 0.000000e+00 0.000000e+00 0.000000e+00 0.000000e+00 0.000000e+00 0.000000e+00 5.191378e-01 4.808622e-01 0.000000e+00 0.000000e+00 0.000000e+00 0.000000e+00 0.000000e+00 0.000000e+00 0.000000e+00 0.000000e+00
 0.000000e+00 0.000000e+00 0.000000e+00 0.000000e+00 0.000000e+00 0.000000e+00 0.000000e+00 0.000000e+00 0.000000e+00 0.000000e+00 0.000000e+00 7.041647e-01 2.958353e-01 0.000000e+00 0.000000e+00 0.000000e+00 0.000000e+00 0.000000e+00 0.000000e+00 0.000000e+00
 0.000000e+00 0.000000e+00 0.000000e+00 0.000000e+00 0.000000e+00 0.000000e+00 0.000000e+00 0.000000e+00 0.000000e+00 0.000000e+00 0.000000e+00 0.000000e+00 8.310392e-01 1.689607e-01 0.000000e+00 0.000000e+00 0.000000e+00 0.000000e+00 0.000000e+00 0.000000e+00
 0.000000e+00 0.000000e+00 0.000000e+00 0.000000e+00 0.000000e+00 0.000000e+00 0.000000e+00 0.000000e+00 0.000000e+00 0.000000e+00 0.000000e+00 0.000000e+00 0.000000e+00 8.433372e-01 1.566628e-01 0.000000e+00 0.000000e+00 0.000000e+00 0.000000e+00 0.000000e+00
 0.000000e+00 0.000000e+00 0.000000e+00 0.000000e+00 0.000000e+00 0.000000e+00 0.000000e+00 0.000000e+00 0.000000e+00 0.000000e+00 0.000000e+00 0.000000e+00 0.000000e+00 0.000000e+00 8.169153e-01 1.830847e-01 0.000000e+00 0.000000e+00 0.000000e+00 0.000000e+00
 0.000000e+00 0.000000e+00 0.000000e+00 0.000000e+00 0.000000e+00 0.000000e+00 0.000000e+00 0.000000e+00 0.000000e+00 0.000000e+00 0.000000e+00 0.000000e+00 0.000000e+00 0.000000e+00 0.000000e+00 7.208998e-01 2.791002e-01 0.000000e+00 0.000000e+00 0.000000e+00
 0.000000e+00 0.000000e+00 0.000000e+00 0.000000e+00 0.000000e+00 0.000000e+00 0.000000e+00 0.000000e+00 0.000000e+00 0.000000e+00 0.000000e+00 0.000000e+00 0.000000e+00 0.000000e+00 0.000000e+00 0.000000e+00 7.149084e-01 2.850916e-01 0.000000e+00 0.000000e+00
 0.000000e+00 0.000000e+00 0.000000e+00 0.000000e+00 0.000000e+00 0.000000e+00 0.000000e+00 0.000000e+00 0.000000e+00 0.000000e+00 0.000000e+00 0.000000e+00 0.000000e+00 0.000000e+00 0.000000e+00 0.000000e+00 0.000000e+00 7.857912e-01 2.142089e-01 0.000000e+00
 0.000000e+00 0.000000e+00 0.000000e+00 0.000000e+00 0.000000e+00 0.000000e+00 0.000000e+00 0.000000e+00 0.000000e+00 0.000000e+00 0.000000e+00 0.000000e+00 0.000000e+00 0.000000e+00 0.000000e+00 0.000000e+00 0.000000e+00 0.000000e+00 6.776213e-01 3.223787e-01
 0.000000e+00 0.000000e+00 0.000000e+00 0.000000e+00 0.000000e+00 0.000000e+00 0.000000e+00 0.000000e+00 0.000000e+00 0.000000e+00 0.000000e+00 0.000000e+00 0.000000e+00 0.000000e+00 0.000000e+00 0.000000e+00 0.000000e+00 0.000000e+00 0.000000e+00 0.000000e+00
<ENDHMM>
