~o
<STREAMINFO> 1 39
<VECSIZE> 39<NULLD><MFCC_D_A_0><DIAGC>
~h "nol"
<BEGINHMM>
<NUMSTATES> 20
<STATE> 2
<MEAN> 39
 -1.770839e+01 -4.559824e+00 -1.851453e+00 -3.753468e+00 2.328756e+00 -5.168619e+00 2.991608e+00 -6.947011e+00 3.719916e-01 -6.939141e+00 -2.347314e-01 -5.612661e+00 5.744030e+01 1.011655e+00 1.355426e+00 1.420295e+00 1.003804e+00 2.088839e-01 -5.316948e-01 -7.469418e-01 -7.403407e-01 -4.149092e-01 -2.273572e-01 -5.658332e-02 -1.408330e-01 4.513272e-01 5.182906e-01 5.256193e-01 4.099087e-01 2.022935e-01 -1.429991e-01 -4.329920e-01 -4.850807e-01 -4.189744e-01 -2.204523e-01 -9.628170e-02 -2.658342e-02 -2.137572e-02 2.208358e-01
<VARIANCE> 39
 8.205605e+00 8.988124e+00 1.046594e+01 8.337708e+00 1.449122e+01 2.488140e+01 2.662875e+01 2.143282e+01 2.070204e+01 1.080679e+01 1.572853e+01 1.359066e+01 1.008565e+00 2.238697e+00 2.373952e+00 2.359925e+00 2.026847e+00 1.389359e+00 2.702464e+00 3.467472e+00 3.710923e+00 2.509512e+00 1.640247e+00 3.154853e+00 2.131150e+00 3.484470e-01 3.016486e-01 3.280714e-01 2.397906e-01 2.271395e-01 2.663830e-01 4.685559e-01 4.840253e-01 6.717787e-01 4.502538e-01 2.134949e-01 4.553750e-01 2.962463e-01 6.036409e-02
<GCONST> 9.726456e+01
<STATE> 3
<MEAN> 39
 -6.942679e+00 5.949574e+00 9.441791e+00 2.983451e+00 1.014822e+00 -1.063343e+01 -7.903957e+00 -1.452743e+01 -6.085233e+00 -9.989938e+00 -6.116942e-01 -6.890553e+00 6.116090e+01 3.298021e+00 3.300282e+00 2.432960e+00 3.943552e-01 -1.608494e+00 -2.687736e+00 -3.086035e+00 -2.204524e+00 -1.185232e+00 -7.901819e-02 5.135833e-01 2.649951e-01 1.497885e+00 -2.807167e-01 -7.514616e-01 -1.046484e+00 -9.878317e-01 -3.095911e-01 3.604677e-01 3.840906e-01 5.789134e-01 7.729731e-01 5.166397e-01 2.068050e-01 1.227220e-01 1.191493e-02
<VARIANCE> 39
 8.134550e+00 9.925322e+00 1.206308e+01 1.796850e+01 2.252925e+01 2.046796e+01 2.093423e+01 1.629712e+01 2.521795e+01 3.102245e+01 4.940583e+01 4.403595e+01 1.946161e+00 6.935070e-01 1.286186e+00 1.873868e+00 2.168225e+00 9.366261e-01 1.736393e+00 1.944419e+00 2.661224e+00 2.909502e+00 2.297692e+00 4.097558e+00 2.137241e+00 1.175077e-01 1.973138e-01 2.641524e-01 3.281833e-01 2.749253e-01 3.892254e-01 5.796075e-01 2.406743e-01 3.941163e-01 5.719315e-01 2.612651e-01 6.199679e-01 4.645278e-01 4.829162e-02
<GCONST> 9.839234e+01
<STATE> 4
<MEAN> 39
 -1.085786e+00 9.089789e+00 8.942051e+00 -7.149678e-01 -2.992347e+00 -1.396066e+01 -1.228435e+01 -1.583393e+01 -3.536569e+00 -5.769667e+00 1.538348e+00 -5.865381e+00 6.469408e+01 1.310764e+00 -1.126718e+00 -2.459848e+00 -1.938590e+00 5.228291e-01 6.419423e-01 -7.392503e-01 8.065951e-01 1.380848e+00 1.150713e+00 1.764473e-01 -8.664130e-01 1.385110e+00 -3.166215e-01 -1.215085e+00 -1.189139e+00 -5.754704e-01 8.479195e-01 1.088979e+00 5.462426e-01 7.728096e-01 2.477954e-01 -5.083750e-02 -8.518214e-02 -4.094983e-01 1.416850e-01
<VARIANCE> 39
 2.705894e+00 6.306486e+00 2.126837e+01 2.036732e+01 1.430871e+01 1.688875e+01 2.686983e+01 2.359740e+01 3.955840e+01 5.361307e+01 8.869461e+01 4.547639e+01 1.720624e+00 5.333607e-01 3.633791e+00 4.137254e+00 2.322872e+00 4.438533e+00 3.292873e+00 3.296700e+00 3.014747e+00 3.877099e+00 2.325840e+00 4.265595e+00 4.177413e+00 4.690535e-01 1.098288e-01 2.942475e-01 3.501491e-01 3.015756e-01 4.197173e-01 4.880724e-01 6.192845e-01 4.943618e-01 6.448156e-01 3.294085e-01 5.006971e-01 5.194783e-01 7.197268e-02
<GCONST> 1.072783e+02
<STATE> 5
<MEAN> 39
 2.699828e+00 -3.003948e+00 -5.689023e+00 -1.203187e+01 5.733337e+00 -4.259659e+00 -1.406592e+01 -6.968217e+00 8.513864e-01 -3.745442e+00 2.862006e+00 -1.293802e+01 7.201141e+01 7.640072e-01 -3.021121e+00 -3.318725e+00 -3.091820e+00 1.481769e+00 3.789341e+00 9.691784e-01 1.329285e+00 2.523128e-01 -4.637345e-01 4.066074e-01 -4.451911e-01 1.521704e+00 -2.664627e-01 6.393933e-01 8.511967e-01 4.166431e-01 -5.865317e-01 -4.314735e-03 5.940094e-01 -8.325848e-01 -5.198517e-01 -3.601258e-01 -2.031508e-03 6.937761e-01 -4.425225e-01
<VARIANCE> 39
 1.832498e+00 3.737822e+01 6.165562e+01 3.363346e+01 6.957895e+01 4.250650e+01 6.485126e+01 1.120762e+02 7.682198e+01 1.467659e+02 2.060560e+02 4.888103e+01 7.444749e+00 3.294227e-01 2.190379e+00 4.269291e+00 2.651212e+00 5.818409e+00 1.095347e+00 3.794080e+00 5.471810e+00 4.091332e+00 3.458941e+00 3.611077e+00 4.452654e+00 5.947354e-01 3.781760e-02 4.046097e-01 2.940935e-01 5.120507e-01 6.680618e-01 4.654463e-01 4.426956e-01 5.004916e-01 6.775674e-01 9.309297e-01 8.619240e-01 7.099103e-01 4.132252e-02
<GCONST> 1.199863e+02
<STATE> 6
<MEAN> 39
 3.592992e+00 -5.473586e+00 -1.083125e+01 -1.715083e+01 4.754275e+00 3.064784e+00 -8.725924e+00 -1.080188e+01 -8.452475e-02 -6.524212e+00 2.015108e+00 -9.779108e+00 7.268677e+01 2.027110e-01 -1.178627e-01 -4.405078e-01 -1.099283e+00 -1.274941e-01 2.256488e+00 1.183324e+00 -1.408037e+00 -4.775145e-01 -8.087675e-01 -1.980231e-01 7.812535e-01 1.828512e-01 -1.117563e-01 4.774521e-01 5.690370e-01 4.041827e-01 -1.407786e-01 -4.694246e-01 -4.840830e-01 -1.154728e-01 -1.104598e-01 -1.489572e-01 -1.363827e-01 -1.481788e-02 -1.884340e-01
<VARIANCE> 39
 9.136238e-01 3.355029e+01 8.175045e+01 1.662548e+01 7.021967e+01 4.271707e+01 4.886822e+01 1.097243e+02 5.871375e+01 5.459266e+01 1.580705e+02 3.262216e+01 8.310895e+00 1.121736e-01 5.516764e-01 1.557147e+00 5.772153e-01 2.132210e+00 1.108339e+00 1.258318e+00 1.244027e+00 1.469754e+00 3.916675e+00 1.364019e+00 2.090529e+00 4.110583e-02 1.300662e-02 1.649776e-01 2.870584e-01 1.341734e-01 2.615179e-01 2.406429e-01 1.568944e-01 3.948845e-01 1.851167e-01 2.834592e-01 2.526777e-01 2.510819e-01 1.980139e-02
<GCONST> 9.109652e+01
<STATE> 7
<MEAN> 39
 4.282402e+00 -1.804735e-01 -1.268504e+01 -2.011381e+01 -3.184217e+00 6.355639e+00 -1.565185e+00 -1.757707e+01 -7.851636e+00 -8.333026e+00 4.222974e+00 -4.173141e+00 7.044698e+01 -3.819230e-02 1.209657e-01 -3.508288e-01 -4.216180e-01 -1.854883e-01 3.838600e-01 1.310813e-01 8.312257e-02 -3.106440e-01 1.195910e-03 -4.431717e-02 7.164057e-02 -1.943336e-02 -3.115905e-02 -3.826130e-02 2.774098e-02 3.988733e-02 3.826055e-02 -1.364333e-01 -1.401590e-01 6.914674e-02 1.366436e-01 2.199268e-01 -1.030050e-02 -6.972772e-02 4.587481e-03
<VARIANCE> 39
 8.973427e-01 1.530000e+01 2.493888e+01 7.429955e+00 2.779888e+01 4.010437e+01 3.195264e+01 3.595372e+01 4.205874e+01 1.608090e+01 5.143268e+01 1.993354e+01 4.508301e+00 7.686500e-02 2.171582e-01 3.975627e-01 1.829750e-01 4.423389e-01 9.269115e-01 4.769425e-01 1.043688e+00 7.119905e-01 1.448762e+00 1.086652e+00 6.780593e-01 3.323388e-02 1.669972e-02 4.348605e-02 8.233570e-02 3.591200e-02 1.297309e-01 1.888899e-01 7.732235e-02 1.754706e-01 1.266641e-01 2.095013e-01 1.490840e-01 1.300705e-01 6.752288e-03
<GCONST> 6.292529e+01
<STATE> 8
<MEAN> 39
 1.935980e+00 -7.222898e+00 -1.207964e+00 -2.537856e+01 9.759526e+00 7.040282e+00 -1.661132e+01 -1.472927e+00 -6.478182e+00 -5.589831e+00 9.953826e+00 -1.025632e+01 7.653508e+01 -4.501111e-03 3.277262e-01 -1.988052e-01 -2.677067e-01 9.594071e-02 -7.966553e-01 -3.498522e-01 -3.385579e-01 -3.781651e-01 4.930884e-01 5.392182e-02 -2.481508e-02 -1.002573e-01 3.479075e-02 9.240671e-02 5.666726e-02 1.354553e-01 -7.132739e-02 -1.078820e-01 1.442930e-01 1.584683e-02 1.005560e-01 1.741691e-01 -4.088816e-02 -8.026706e-02 -6.037939e-02
<VARIANCE> 39
 1.629491e+00 2.140123e+01 9.076041e+01 1.373406e+01 4.992150e+01 4.462512e+01 6.270156e+01 8.828963e+01 5.543403e+01 2.661795e+01 7.167177e+01 1.728432e+01 1.242989e+01 8.450756e-02 8.302966e-01 3.850809e-01 7.024703e-01 1.165516e+00 1.708871e+00 1.155433e+00 1.030681e+00 1.816594e+00 9.801511e-01 7.425854e-01 6.610725e-01 1.575231e-01 1.232330e-02 1.141003e-01 9.044736e-02 1.158120e-01 1.755770e-01 2.169521e-01 1.234242e-01 2.118056e-01 3.314046e-01 1.859230e-01 1.655026e-01 2.111536e-01 9.410052e-03
<GCONST> 8.169570e+01
<STATE> 9
<MEAN> 39
 3.266363e+00 -9.184302e+00 -1.472761e+01 -1.902666e+01 5.227767e+00 1.021691e+01 -1.114801e+01 -2.200352e+01 4.055160e+00 -1.284677e+01 -1.378481e+01 -1.176231e+01 7.299362e+01 -2.007466e-01 3.001951e-01 7.828127e-01 -1.149906e-01 -9.357302e-01 3.373491e-02 -3.417835e-01 -3.965960e-01 -5.698650e-05 1.220728e-01 -5.572261e-02 -6.891641e-02 -3.251444e-01 -4.927758e-02 7.768256e-02 6.020349e-02 6.430426e-02 -9.881531e-02 -1.604313e-01 2.067905e-02 9.846402e-02 -7.391812e-02 -1.083466e-01 -1.266688e-03 -1.109241e-02 -7.229318e-02
<VARIANCE> 39
 8.941752e-01 2.954622e+01 3.587883e+01 1.254224e+01 4.019825e+01 4.198282e+01 4.815178e+01 6.854720e+01 5.565687e+01 5.098113e+01 1.581899e+02 1.800224e+01 5.310630e+00 1.110167e-01 7.485104e-01 1.309910e+00 8.230855e-01 9.173369e-01 1.735812e+00 2.349425e+00 2.403486e+00 1.512936e+00 2.265929e+00 1.602393e+00 7.931712e-01 1.250450e-01 1.095177e-02 8.683599e-02 2.534928e-01 1.265483e-01 1.152570e-01 1.964697e-01 3.917351e-01 3.729789e-01 2.848667e-01 1.698299e-01 3.106675e-01 1.636369e-01 4.837045e-03
<GCONST> 8.589666e+01
<STATE> 10
<MEAN> 39
 2.069543e+00 -2.230263e+00 -8.312966e+00 -2.292781e+01 -1.057918e+01 1.580408e+01 -2.748530e+00 -2.068081e+01 2.168311e+00 2.119423e+00 1.210395e+00 -3.527787e-01 7.120207e+01 -1.724509e-01 4.196919e-01 1.020246e+00 3.267268e-01 -4.632125e-01 -1.561840e-01 -1.426491e-01 -1.280643e-01 5.376222e-01 -6.801274e-02 -6.339360e-01 3.197310e-01 -2.650511e-01 -4.603165e-02 8.594353e-02 2.530219e-02 3.499689e-01 3.178037e-01 -1.844843e-01 9.782312e-02 1.670412e-01 -3.285397e-01 -4.135975e-01 5.595656e-02 -9.300149e-02 -8.876397e-02
<VARIANCE> 39
 2.362842e+00 7.439650e+00 2.280110e+01 1.409290e+01 8.689716e+01 7.283928e+01 4.915849e+01 6.230821e+01 5.052044e+01 5.757532e+01 4.942487e+01 4.747210e+01 2.019238e+00 1.481224e-01 5.841351e-01 6.293801e-01 9.581156e-01 2.766784e+00 1.891500e+00 9.075149e-01 2.055943e+00 3.127202e+00 1.986721e+00 9.180983e-01 1.962094e+00 1.284149e-01 3.275209e-02 5.879029e-02 6.393747e-02 1.051632e-01 3.975680e-01 1.784779e-01 1.632518e-01 3.009795e-01 3.015547e-01 2.221036e-01 1.710498e-01 1.841800e-01 9.477775e-03
<GCONST> 8.549021e+01
<STATE> 11
<MEAN> 39
 2.672153e+00 1.029852e+00 -7.756502e+00 -1.931214e+01 1.365002e+00 3.391523e-01 -8.260993e+00 -1.152331e+01 -8.060230e+00 -7.262799e+00 1.975633e+00 -1.093862e+01 6.954804e+01 -4.752023e-01 5.210084e-01 5.554910e-01 1.385692e+00 3.807192e-02 -4.581210e-01 6.820509e-01 -3.919741e-01 -3.067451e-01 -9.622875e-01 -6.081813e-01 -2.027798e-01 -7.379461e-01 -1.451032e-01 -5.606123e-02 8.623432e-02 1.252392e-01 1.278613e-01 1.126498e-01 6.739879e-02 -8.350358e-02 -1.791138e-02 -1.250128e-02 4.250283e-02 1.693759e-01 -5.103285e-02
<VARIANCE> 39
 3.320597e+00 6.355579e+00 3.558268e+01 8.402391e+00 5.899832e+01 4.172642e+01 4.264719e+01 7.437427e+01 3.424203e+01 3.677884e+01 9.043072e+01 3.253587e+01 4.519198e+00 1.696699e-01 2.293265e-01 7.163806e-01 6.736517e-01 1.479068e+00 1.181053e+00 5.569234e-01 1.516253e+00 1.579627e+00 8.492982e-01 8.660019e-01 8.324008e-01 5.789986e-02 1.975358e-02 3.933503e-02 4.238594e-02 1.257953e-01 2.968948e-01 2.025854e-01 8.985206e-02 2.336733e-01 1.983154e-01 2.843506e-01 1.044242e-01 1.278137e-01 9.222185e-03
<GCONST> 7.551598e+01
<STATE> 12
<MEAN> 39
 9.172414e-02 2.317916e+00 -4.202427e+00 -1.401998e+01 8.808465e-01 9.890068e-01 -7.611124e+00 -1.618709e+01 -7.141332e+00 -1.053776e+01 -3.422851e+00 -9.819021e+00 6.689888e+01 -8.905195e-01 9.325548e-02 5.411926e-01 1.451525e+00 3.644442e-01 -3.005167e-01 1.077437e+00 2.715119e-01 -1.663416e-01 2.524792e-01 8.351596e-02 2.939536e-01 -7.973791e-01 -1.412393e-01 -3.007706e-01 -1.519863e-01 -4.962296e-02 -1.013027e-01 -1.233709e-01 1.987621e-01 3.088281e-01 3.371955e-01 2.138840e-01 1.868021e-01 -7.775621e-02 -2.108331e-02
<VARIANCE> 39
 1.253155e+00 1.381597e+01 1.000544e+01 1.227197e+01 4.046328e+01 5.161586e+01 2.888481e+01 4.731728e+01 3.871831e+01 7.599240e+01 1.275832e+02 3.323518e+01 2.067395e+00 7.269123e-02 3.447095e-01 5.399901e-01 8.414657e-01 2.314195e+00 6.829237e-01 8.674445e-01 2.018809e+00 1.192136e+00 1.783117e+00 1.682246e+00 1.208163e+00 5.413847e-02 1.035702e-02 3.163157e-02 4.017822e-02 6.470735e-02 9.490082e-02 1.175693e-01 8.542384e-02 2.104610e-01 1.936906e-01 3.557588e-01 2.472234e-01 1.887617e-01 5.366387e-03
<GCONST> 7.290134e+01
<STATE> 13
<MEAN> 39
 -3.055877e+00 1.671551e+00 -1.385530e+00 -9.725698e+00 6.295686e-01 5.615191e+00 6.970961e-01 -1.203448e+01 -2.106313e+00 -6.406438e+00 2.113395e+00 -3.396214e+00 6.508091e+01 -1.005727e+00 -1.490093e-01 2.850728e-01 1.263264e+00 5.282479e-01 -1.284266e+00 1.017266e+00 1.500557e+00 1.485338e-01 -3.579448e-01 -2.278051e-01 -5.699257e-01 -8.132774e-01 1.571653e-02 -3.053921e-02 -5.282855e-02 -2.612042e-01 -2.788109e-01 -9.503177e-02 -2.323211e-01 -4.411371e-02 7.905611e-02 1.306531e-02 -1.970121e-01 -1.387773e-01 4.230210e-02
<VARIANCE> 39
 2.448262e+00 6.188826e+00 1.219329e+01 1.428546e+01 2.198755e+01 4.814857e+01 3.633599e+01 4.727404e+01 2.501176e+01 2.884430e+01 5.097083e+01 3.107463e+01 1.679088e+00 1.008689e-01 4.660394e-01 3.707010e-01 6.439226e-01 2.433656e+00 9.484977e-01 1.373214e+00 1.526296e+00 1.313401e+00 1.149269e+00 1.613828e+00 1.343773e+00 5.153093e-02 8.858331e-03 6.897152e-02 6.437938e-02 1.520933e-01 2.766502e-01 1.678417e-01 1.851898e-01 3.100217e-01 1.439919e-01 2.629994e-01 1.926298e-01 1.470584e-01 5.892479e-03
<GCONST> 7.381747e+01
<STATE> 14
<MEAN> 39
 -5.331886e+00 2.167225e-02 -3.583838e+00 -9.801435e+00 -1.218392e-01 -1.546730e+00 -2.822387e+00 -1.362011e+01 -5.274988e+00 -1.285921e+01 -6.839211e+00 -1.260856e+01 6.312581e+01 -8.558714e-01 9.813958e-02 4.758904e-01 7.744250e-01 -1.749862e-02 -6.567280e-01 7.207839e-01 5.733263e-01 -4.381174e-01 -2.271909e-01 -1.382638e-01 -3.725358e-02 -6.569564e-01 3.225346e-02 4.025745e-02 1.676880e-02 -3.996961e-02 2.698867e-02 4.675506e-02 -1.105508e-01 -1.100329e-01 -1.620394e-01 -7.129367e-02 -5.265238e-02 4.232917e-02 4.584244e-02
<VARIANCE> 39
 3.183704e+00 1.123432e+01 1.251996e+01 1.541292e+01 9.359357e+00 1.482797e+01 1.956449e+01 2.085365e+01 1.590121e+01 3.286415e+01 4.737396e+01 2.551881e+01 1.104339e+00 2.502039e-01 4.102551e-01 4.447864e-01 7.848152e-01 4.990898e-01 1.470290e+00 1.045100e+00 1.544675e+00 2.303825e+00 1.590618e+00 2.196844e+00 1.497507e+00 3.719161e-02 4.958681e-02 6.347076e-02 9.001409e-02 1.104571e-01 1.143531e-01 1.852833e-01 9.756059e-02 2.608665e-01 3.877467e-01 1.892645e-01 2.490416e-01 3.803149e-01 8.542667e-03
<GCONST> 7.332568e+01
<STATE> 15
<MEAN> 39
 -7.739325e+00 1.548888e+00 -1.591347e-01 -4.716411e+00 8.198050e-02 -4.052323e+00 4.563304e-01 -9.818648e+00 -5.597864e+00 -1.143492e+01 -4.497967e+00 -9.773546e+00 6.105197e+01 -7.542687e-01 -1.056530e-01 4.772680e-01 9.209773e-01 -3.407314e-01 -6.463545e-01 -8.042392e-02 -2.138540e-01 -7.408006e-02 -5.057136e-01 -8.512710e-01 -5.072079e-01 -5.177094e-01 4.831700e-02 -4.507084e-02 7.183436e-03 4.013165e-02 7.256615e-02 2.023352e-01 5.681084e-02 -4.191726e-02 1.372198e-01 1.384136e-01 9.960227e-02 5.561230e-02 3.521314e-02
<VARIANCE> 39
 4.188383e+00 5.247240e+00 1.223388e+01 2.961323e+01 1.444706e+01 2.576340e+01 2.060096e+01 2.734861e+01 2.080377e+01 1.985159e+01 2.964833e+01 1.683584e+01 1.118908e+00 1.170996e-01 2.730950e-01 2.704597e-01 6.575704e-01 7.303308e-01 1.206677e+00 9.017109e-01 1.440127e+00 9.024796e-01 6.039955e-01 8.539360e-01 1.128255e+00 2.344568e-02 2.799634e-02 5.857549e-02 7.695318e-02 1.315086e-01 1.705874e-01 1.968102e-01 2.580324e-01 2.826242e-01 2.049897e-01 1.490242e-01 1.602222e-01 2.459753e-01 6.886345e-03
<GCONST> 6.711100e+01
<STATE> 16
<MEAN> 39
 -1.050222e+01 1.845058e-02 8.978565e-01 -2.191586e+00 1.777902e+00 -3.242094e+00 6.514416e-01 -1.024923e+01 -5.880257e+00 -1.276692e+01 -5.585928e+00 -1.112924e+01 5.967523e+01 -6.076723e-01 -3.194534e-01 2.103781e-01 4.954641e-01 1.578143e-01 -1.102580e-01 2.751158e-01 4.500678e-01 5.171285e-01 2.993103e-01 3.047712e-01 3.779286e-01 -3.291508e-01 1.021307e-02 -9.691737e-02 -1.311595e-01 -2.214766e-01 -1.322555e-01 -6.642026e-02 2.350009e-02 2.132361e-02 1.028204e-01 5.440675e-02 6.114021e-02 1.960267e-01 2.238565e-02
<VARIANCE> 39
 1.844406e+00 2.769867e+00 5.434401e+00 1.941453e+01 1.405426e+01 1.697177e+01 2.426290e+01 2.891873e+01 2.121602e+01 1.835301e+01 2.521985e+01 2.420565e+01 4.934348e-01 1.359645e-01 3.374111e-01 7.194546e-01 8.921801e-01 1.018451e+00 7.437446e-01 1.706842e+00 1.388743e+00 1.050115e+00 1.086423e+00 1.543206e+00 1.448201e+00 6.195286e-02 1.619593e-02 3.394342e-02 7.866608e-02 1.254644e-01 1.297126e-01 1.024721e-01 2.828421e-01 2.065258e-01 1.999868e-01 1.407471e-01 2.906688e-01 2.574068e-01 6.231380e-03
<GCONST> 6.635569e+01
<STATE> 17
<MEAN> 39
 -1.296259e+01 -2.175069e+00 1.143193e-01 -1.476313e+00 -4.208196e-01 -5.607638e+00 1.924478e+00 -9.496036e+00 -2.885139e+00 -1.127598e+01 -6.563248e+00 -9.260378e+00 5.808119e+01 -5.297429e-01 -2.802801e-01 1.478266e-01 3.111056e-01 7.775398e-02 6.704085e-03 3.107592e-01 4.565435e-01 1.619540e-01 -8.880235e-02 -4.165949e-01 1.694427e-01 -2.745789e-01 4.499182e-02 9.210104e-02 5.041487e-02 2.187141e-02 1.957645e-01 1.915148e-01 -8.938937e-02 -3.183302e-02 -1.621172e-01 -1.126565e-01 4.011348e-02 -2.461565e-02 3.540010e-02
<VARIANCE> 39
 2.570729e+00 4.742542e+00 4.074541e+00 2.156643e+01 1.879462e+01 2.257972e+01 1.750512e+01 3.712846e+01 1.997402e+01 2.560456e+01 2.076805e+01 3.993064e+01 4.372481e-01 1.439204e-01 3.455309e-01 6.902180e-01 1.079955e+00 9.211276e-01 9.915504e-01 1.446365e+00 1.387229e+00 1.486626e+00 9.533636e-01 1.679853e+00 3.323920e+00 3.778767e-02 1.860972e-02 8.244221e-02 1.118562e-01 1.966258e-01 1.798686e-01 1.470634e-01 2.807113e-01 3.025788e-01 2.094680e-01 1.786660e-01 3.902472e-01 5.520449e-01 7.360743e-03
<GCONST> 7.328831e+01
<STATE> 18
<MEAN> 39
 -1.457171e+01 -2.504862e+00 8.721451e-01 -2.836312e-01 3.537181e+00 -8.570905e-01 4.306756e+00 -6.606216e+00 -2.451843e+00 -1.029589e+01 -4.563770e+00 -6.652166e+00 5.742002e+01 -3.943985e-01 -4.863267e-01 -4.622034e-01 -3.923516e-01 1.651122e-01 2.986484e-01 -5.423114e-02 4.359945e-02 1.667049e-01 4.014670e-01 8.020931e-01 1.588755e-01 -9.445838e-02 5.952245e-02 -9.245712e-02 -1.878668e-01 -2.236552e-01 -2.411027e-01 -1.842220e-01 -6.018407e-02 6.101808e-02 1.506528e-01 1.948230e-01 1.709943e-01 -1.175018e-01 4.120851e-02
<VARIANCE> 39
 2.332619e+00 4.678294e+00 7.695343e+00 2.567760e+01 1.926455e+01 3.472987e+01 1.936535e+01 2.472158e+01 1.519741e+01 1.311983e+01 3.441216e+01 1.482603e+01 4.291310e-01 7.055152e-02 3.781310e-01 5.437827e-01 8.180466e-01 1.142282e+00 1.518413e+00 1.909932e+00 1.318364e+00 1.855598e+00 9.124649e-01 1.977801e+00 1.432067e+00 3.649304e-02 2.005229e-02 6.534962e-02 1.156709e-01 1.097514e-01 1.447528e-01 2.702035e-01 3.764753e-01 4.065514e-01 3.897305e-01 1.418757e-01 3.567925e-01 2.245077e-01 7.066960e-03
<GCONST> 7.151762e+01
<STATE> 19
<MEAN> 39
 -1.604712e+01 -5.491713e+00 -2.248899e+00 -4.979059e+00 -8.886652e-01 -4.872778e+00 2.930060e-01 -6.447068e+00 -1.149432e-01 -7.811103e+00 -9.810030e-01 -7.724378e+00 5.727290e+01 -3.179927e-01 -4.501482e-01 -3.461045e-01 -3.986632e-01 -3.674585e-01 -1.422004e-01 1.123430e-01 5.327490e-01 6.085296e-01 8.363208e-01 5.644926e-01 1.980790e-02 -1.309448e-01 3.878724e-02 8.215335e-02 1.038237e-01 1.574299e-01 1.618065e-01 1.152500e-01 1.428527e-01 9.725999e-02 -2.306498e-02 -7.919773e-02 -2.149641e-01 -8.837725e-02 6.632696e-03
<VARIANCE> 39
 2.251913e+00 6.297439e+00 1.346377e+01 1.408120e+01 2.097165e+01 2.334923e+01 2.659135e+01 1.237593e+01 1.869519e+01 2.379483e+01 2.124955e+01 1.312774e+01 5.942612e-01 1.085061e-01 2.733254e-01 5.731544e-01 7.464386e-01 7.090307e-01 1.090862e+00 1.308215e+00 1.528392e+00 6.632381e-01 1.530638e+00 1.591992e+00 1.851763e+00 3.118210e-02 2.033404e-02 4.125649e-02 7.737163e-02 1.481032e-01 1.164194e-01 1.551776e-01 2.334841e-01 2.083975e-01 1.355895e-01 4.157802e-01 3.051939e-01 2.970380e-01 6.067439e-03
<GCONST> 6.749927e+01
<TRANSP> 20
 0.000000e+00 1.000000e+00 0.000000e+00 0.000000e+00 0.000000e+00 0.000000e+00 0.000000e+00 0.000000e+00 0.000000e+00 0.000000e+00 0.000000e+00 0.000000e+00 0.000000e+00 0.000000e+00 0.000000e+00 0.000000e+00 0.000000e+00 0.000000e+00 0.000000e+00 0.000000e+00
 0.000000e+00 8.031024e-01 1.968977e-01 0.000000e+00 0.000000e+00 0.000000e+00 0.000000e+00 0.000000e+00 0.000000e+00 0.000000e+00 0.000000e+00 0.000000e+00 0.000000e+00 0.000000e+00 0.000000e+00 0.000000e+00 0.000000e+00 0.000000e+00 0.000000e+00 0.000000e+00
 0.000000e+00 0.000000e+00 5.847229e-01 4.152771e-01 0.000000e+00 0.000000e+00 0.000000e+00 0.000000e+00 0.000000e+00 0.000000e+00 0.000000e+00 0.000000e+00 0.000000e+00 0.000000e+00 0.000000e+00 0.000000e+00 0.000000e+00 0.000000e+00 0.000000e+00 0.000000e+00
 0.000000e+00 0.000000e+00 0.000000e+00 7.400043e-01 2.599958e-01 0.000000e+00 0.000000e+00 0.000000e+00 0.000000e+00 0.000000e+00 0.000000e+00 0.000000e+00 0.000000e+00 0.000000e+00 0.000000e+00 0.000000e+00 0.000000e+00 0.000000e+00 0.000000e+00 0.000000e+00
 0.000000e+00 0.000000e+00 0.000000e+00 0.000000e+00 6.570443e-01 3.429557e-01 0.000000e+00 0.000000e+00 0.000000e+00 0.000000e+00 0.000000e+00 0.000000e+00 0.000000e+00 0.000000e+00 0.000000e+00 0.000000e+00 0.000000e+00 0.000000e+00 0.000000e+00 0.000000e+00
 0.000000e+00 0.000000e+00 0.000000e+00 0.000000e+00 0.000000e+00 6.448790e-01 3.551210e-01 0.000000e+00 0.000000e+00 0.000000e+00 0.000000e+00 0.000000e+00 0.000000e+00 0.000000e+00 0.000000e+00 0.000000e+00 0.000000e+00 0.000000e+00 0.000000e+00 0.000000e+00
 0.000000e+00 0.000000e+00 0.000000e+00 0.000000e+00 0.000000e+00 0.000000e+00 8.404130e-01 1.595870e-01 0.000000e+00 0.000000e+00 0.000000e+00 0.000000e+00 0.000000e+00 0.000000e+00 0.000000e+00 0.000000e+00 0.000000e+00 0.000000e+00 0.000000e+00 0.000000e+00
 0.000000e+00 0.000000e+00 0.000000e+00 0.000000e+00 0.000000e+00 0.000000e+00 0.000000e+00 7.339633e-01 2.660367e-01 0.000000e+00 0.000000e+00 0.000000e+00 0.000000e+00 0.000000e+00 0.000000e+00 0.000000e+00 0.000000e+00 0.000000e+00 0.000000e+00 0.000000e+00
 0.000000e+00 0.000000e+00 0.000000e+00 0.000000e+00 0.000000e+00 0.000000e+00 0.000000e+00 0.000000e+00 7.275456e-01 2.724544e-01 0.000000e+00 0.000000e+00 0.000000e+00 0.000000e+00 0.000000e+00 0.000000e+00 0.000000e+00 0.000000e+00 0.000000e+00 0.000000e+00
 0.000000e+00 0.000000e+00 0.000000e+00 0.000000e+00 0.000000e+00 0.000000e+00 0.000000e+00 0.000000e+00 0.000000e+00 6.570895e-01 3.429105e-01 0.000000e+00 0.000000e+00 0.000000e+00 0.000000e+00 0.000000e+00 0.000000e+00 0.000000e+00 0.000000e+00 0.000000e+00
 0.000000e+00 0.000000e+00 0.000000e+00 0.000000e+00 0.000000e+00 0.000000e+00 0.000000e+00 0.000000e+00 0.000000e+00 0.000000e+00 7.067789e-01 2.932211e-01 0.000000e+00 0.000000e+00 0.000000e+00 0.000000e+00 0.000000e+00 0.000000e+00 0.000000e+00 0.000000e+00
 0.000000e+00 0.000000e+00 0.000000e+00 0.000000e+00 0.000000e+00 0.000000e+00 0.000000e+00 0.000000e+00 0.000000e+00 0.000000e+00 0.000000e+00 5.542457e-01 4.457544e-01 0.000000e+00 0.000000e+00 0.000000e+00 0.000000e+00 0.000000e+00 0.000000e+00 0.000000e+00
 0.000000e+00 0.000000e+00 0.000000e+00 0.000000e+00 0.000000e+00 0.000000e+00 0.000000e+00 0.000000e+00 0.000000e+00 0.000000e+00 0.000000e+00 0.000000e+00 6.371027e-01 3.628973e-01 0.000000e+00 0.000000e+00 0.000000e+00 0.000000e+00 0.000000e+00 0.000000e+00
 0.000000e+00 0.000000e+00 0.000000e+00 0.000000e+00 0.000000e+00 0.000000e+00 0.000000e+00 0.000000e+00 0.000000e+00 0.000000e+00 0.000000e+00 0.000000e+00 0.000000e+00 6.785980e-01 3.214020e-01 0.000000e+00 0.000000e+00 0.000000e+00 0.000000e+00 0.000000e+00
 0.000000e+00 0.000000e+00 0.000000e+00 0.000000e+00 0.000000e+00 0.000000e+00 0.000000e+00 0.000000e+00 0.000000e+00 0.000000e+00 0.000000e+00 0.000000e+00 0.000000e+00 0.000000e+00 7.123662e-01 2.876338e-01 0.000000e+00 0.000000e+00 0.000000e+00 0.000000e+00
 0.000000e+00 0.000000e+00 0.000000e+00 0.000000e+00 0.000000e+00 0.000000e+00 0.000000e+00 0.000000e+00 0.000000e+00 0.000000e+00 0.000000e+00 0.000000e+00 0.000000e+00 0.000000e+00 0.000000e+00 7.485070e-01 2.514930e-01 0.000000e+00 0.000000e+00 0.000000e+00
 0.000000e+00 0.000000e+00 0.000000e+00 0.000000e+00 0.000000e+00 0.000000e+00 0.000000e+00 0.000000e+00 0.000000e+00 0.000000e+00 0.000000e+00 0.000000e+00 0.000000e+00 0.000000e+00 0.000000e+00 0.000000e+00 7.472887e-01 2.527113e-01 0.000000e+00 0.000000e+00
 0.000000e+00 0.000000e+00 0.000000e+00 0.000000e+00 0.000000e+00 0.000000e+00 0.000000e+00 0.000000e+00 0.000000e+00 0.000000e+00 0.000000e+00 0.000000e+00 0.000000e+00 0.000000e+00 0.000000e+00 0.000000e+00 0.000000e+00 7.286550e-01 2.713450e-01 0.000000e+00
 0.000000e+00 0.000000e+00 0.000000e+00 0.000000e+00 0.000000e+00 0.000000e+00 0.000000e+00 0.000000e+00 0.000000e+00 0.000000e+00 0.000000e+00 0.000000e+00 0.000000e+00 0.000000e+00 0.000000e+00 0.000000e+00 0.000000e+00 0.000000e+00 7.176080e-01 2.823921e-01
 0.000000e+00 0.000000e+00 0.000000e+00 0.000000e+00 0.000000e+00 0.000000e+00 0.000000e+00 0.000000e+00 0.000000e+00 0.000000e+00 0.000000e+00 0.000000e+00 0.000000e+00 0.000000e+00 0.000000e+00 0.000000e+00 0.000000e+00 0.000000e+00 0.000000e+00 0.000000e+00
<ENDHMM>
