~o
<STREAMINFO> 1 39
<VECSIZE> 39<NULLD><MFCC_D_A_0><DIAGC>
~h "empat"
<BEGINHMM>
<NUMSTATES> 5
<STATE> 2
<MEAN> 39
 -5.324440e+00 2.088893e-01 6.458694e-02 -5.064816e+00 1.483251e+00 -1.945493e+00 -4.533586e+00 -1.600016e+01 -6.551006e+00 -7.141273e+00 1.582892e+00 -5.459036e+00 6.374814e+01 6.651205e-01 1.754095e-02 -3.528564e-01 -3.407689e-01 -3.518630e-02 2.364955e-01 -1.498239e-01 -3.728688e-01 -2.991907e-02 9.816149e-02 -7.650968e-02 -1.955070e-01 4.766439e-01 7.847908e-02 -1.130920e-01 -1.127283e-01 -1.090985e-01 -2.559307e-02 9.189904e-02 -5.855724e-03 4.753028e-04 1.090633e-01 9.014773e-02 -4.104691e-02 -8.071303e-02 9.026213e-02
<VARIANCE> 39
 4.280469e+01 2.958779e+01 3.134527e+01 4.468771e+01 4.363583e+01 4.150317e+01 4.632439e+01 7.274706e+01 5.190649e+01 5.238976e+01 3.085846e+01 4.055376e+01 2.297003e+01 3.805350e+00 2.034314e+00 3.480975e+00 3.827595e+00 2.299462e+00 3.666332e+00 3.280516e+00 4.599232e+00 3.339157e+00 3.924317e+00 2.227252e+00 3.070128e+00 2.290076e+00 4.518034e-01 2.228286e-01 3.987147e-01 4.985702e-01 3.946863e-01 5.278270e-01 4.875680e-01 6.262997e-01 4.202635e-01 4.932785e-01 4.156153e-01 5.012277e-01 2.717129e-01
<GCONST> 1.235590e+02
<STATE> 3
<MEAN> 39
 1.450469e+00 -1.482577e+01 -1.260235e+01 -1.158564e+01 -1.585102e+00 8.676695e-03 -5.620318e+00 -1.140751e+01 4.698669e+00 -5.434555e+00 -8.939176e+00 -1.157027e+01 7.460722e+01 -1.284369e-01 -4.073696e-01 3.846973e-01 5.815038e-01 -2.759010e-01 -8.434234e-01 -1.826457e-01 7.536674e-01 3.393773e-01 -6.809446e-01 -7.555984e-01 2.591195e-01 1.023894e-01 -3.168629e-01 3.458070e-01 3.247066e-01 2.589001e-01 5.858748e-02 -1.818448e-01 1.286044e-01 5.205240e-02 -2.834562e-01 -2.027576e-01 1.325473e-01 1.522900e-01 -3.787271e-01
<VARIANCE> 39
 5.031755e+00 2.328530e+01 9.859313e+01 4.481784e+01 7.345153e+01 9.084801e+01 6.011076e+01 1.127319e+02 4.301947e+01 1.021417e+02 5.256017e+01 6.363635e+01 1.150874e+01 1.009462e+00 3.718467e+00 2.361306e+00 2.827252e+00 2.006121e+00 3.292221e+00 1.889461e+00 3.261688e+00 3.608825e+00 4.034707e+00 2.277849e+00 2.974678e+00 2.187896e+00 2.213957e-01 2.442937e-01 5.603557e-01 7.760249e-01 3.301849e-01 7.372370e-01 4.609499e-01 6.385300e-01 5.335823e-01 8.233956e-01 4.152134e-01 5.163198e-01 7.804268e-02
<GCONST> 1.224110e+02
<STATE> 4
<MEAN> 39
 -1.062515e+01 -5.759415e+00 -4.449689e+00 -5.630764e+00 -1.775551e-01 -4.895034e+00 -4.001779e-01 -5.638012e+00 -8.324246e-01 -1.143096e+01 -6.257621e+00 -9.302945e+00 6.105238e+01 -8.042086e-01 3.079429e-01 3.944446e-01 2.641037e-01 2.104782e-01 1.724565e-01 5.141979e-01 2.790977e-01 -2.415883e-01 -8.564760e-03 4.042735e-01 1.532284e-01 -7.182133e-01 2.557539e-02 -7.419980e-02 -1.635420e-02 2.084895e-02 2.297134e-03 1.718444e-02 1.129437e-02 3.407379e-02 5.281877e-02 2.580519e-02 -6.761528e-03 5.950094e-02 6.729393e-02
<VARIANCE> 39
 2.447378e+01 8.673824e+00 2.054630e+01 2.143732e+01 1.857816e+01 2.794007e+01 4.979432e+01 3.570641e+01 2.192122e+01 2.068861e+01 3.680889e+01 3.758488e+01 1.739940e+01 1.684943e-01 4.846308e-01 6.423662e-01 8.441321e-01 9.245090e-01 1.247406e+00 1.613923e+00 1.406163e+00 1.556402e+00 1.358127e+00 1.364854e+00 1.023381e+00 1.816861e-01 2.060678e-02 5.472685e-02 7.170741e-02 1.352437e-01 1.557699e-01 2.023563e-01 2.324835e-01 2.156580e-01 2.839159e-01 2.433417e-01 2.200091e-01 1.571276e-01 1.098048e-02
<GCONST> 8.186378e+01
<TRANSP> 5
 0.000000e+00 1.000000e+00 0.000000e+00 0.000000e+00 0.000000e+00
 0.000000e+00 9.632778e-01 3.672216e-02 0.000000e+00 0.000000e+00
 0.000000e+00 0.000000e+00 9.169391e-01 8.306087e-02 0.000000e+00
 0.000000e+00 0.000000e+00 0.000000e+00 9.503620e-01 4.963797e-02
 0.000000e+00 0.000000e+00 0.000000e+00 0.000000e+00 0.000000e+00
<ENDHMM>
