~o
<STREAMINFO> 1 39
<VECSIZE> 39<NULLD><MFCC_D_A_0><DIAGC>
~h "kurang"
<BEGINHMM>
<NUMSTATES> 5
<STATE> 2
<MEAN> 39
 -2.908828e+00 -3.072526e+00 -7.979123e+00 -1.005509e+01 -3.330787e+00 -5.053189e+00 -5.629556e+00 -1.168412e+01 -4.150154e+00 -4.044140e+00 6.124623e+00 -3.691665e+00 6.617876e+01 8.042648e-01 -3.916657e-01 -3.725308e-01 8.568434e-02 -1.406239e-01 -1.487663e-01 -2.279841e-01 7.424802e-02 1.432208e-01 2.220195e-01 -1.368258e-02 -3.203803e-01 7.089723e-01 -1.510997e-02 -3.758490e-02 1.105909e-03 -2.389177e-03 -1.455791e-02 3.451740e-02 4.218321e-02 2.796277e-02 1.766837e-02 -1.728395e-02 -6.705029e-02 -1.623929e-02 1.323198e-02
<VARIANCE> 39
 7.181657e+01 6.696172e+01 4.315397e+01 6.352825e+01 6.466484e+01 7.418532e+01 8.382937e+01 1.003514e+02 6.715918e+01 6.949320e+01 7.072637e+01 6.935040e+01 3.482235e+01 2.386189e+00 4.678216e+00 3.298239e+00 4.366232e+00 3.416924e+00 4.657961e+00 4.458486e+00 6.551843e+00 5.220140e+00 5.571153e+00 4.147882e+00 4.829867e+00 7.331860e-01 3.395023e-01 5.779644e-01 7.100074e-01 5.885414e-01 5.478338e-01 7.897688e-01 7.045777e-01 7.917143e-01 8.480688e-01 1.066576e+00 6.328412e-01 7.207367e-01 1.370138e-01
<GCONST> 1.365648e+02
<STATE> 3
<MEAN> 39
 1.328168e+00 -8.429924e+00 -8.020729e+00 -6.171609e+00 3.203603e-01 -4.471272e+00 -4.624674e+00 -5.934515e+00 8.615738e-01 -5.737296e+00 -4.151956e+00 -1.203043e+01 7.117903e+01 -2.910878e-01 1.006068e+00 6.359626e-01 -7.443663e-02 4.108035e-01 2.943045e-01 7.213417e-02 -2.370383e-01 -3.662425e-01 -5.502832e-01 -2.515488e-01 6.810941e-02 -5.281258e-01 -4.682735e-02 6.978623e-02 4.837506e-02 6.659605e-02 3.062255e-02 -7.107691e-02 -1.472241e-02 -2.502630e-02 -1.892759e-03 5.999015e-03 6.550063e-02 3.760906e-03 -6.578267e-02
<VARIANCE> 39
 5.232684e+00 6.847086e+01 6.664923e+01 2.011327e+01 7.157729e+01 5.260645e+01 2.375133e+01 7.865953e+01 5.370181e+01 7.558792e+01 6.639082e+01 4.823340e+01 1.710074e+01 2.138490e-01 6.822165e-01 1.105051e+00 1.150520e+00 1.548331e+00 1.427754e+00 1.184951e+00 2.171192e+00 3.240519e+00 1.646281e+00 1.579091e+00 1.812188e+00 1.857505e-01 3.678565e-02 8.666442e-02 1.425231e-01 1.551664e-01 1.749014e-01 1.871491e-01 1.921935e-01 2.891277e-01 4.768634e-01 2.839664e-01 2.221676e-01 3.067397e-01 2.009008e-02
<GCONST> 9.637854e+01
<STATE> 4
<MEAN> 39
 -1.238970e+01 -3.070771e-02 3.395629e+00 8.882708e-01 5.945825e+00 -7.870296e-02 3.452718e+00 -4.260087e+00 -1.714237e+00 -1.157026e+01 -5.409534e+00 -1.060687e+01 5.868997e+01 -6.959662e-01 -4.079096e-01 2.541408e-02 1.977422e-01 4.813370e-02 1.916815e-01 4.602643e-01 3.145729e-01 1.791655e-01 9.403609e-02 3.812220e-02 7.153638e-02 -3.720539e-01 2.576768e-02 -3.908144e-02 -5.013981e-02 -3.727948e-02 -2.948395e-03 8.705231e-03 -2.838792e-02 1.212421e-02 -2.168582e-04 8.333697e-03 1.354267e-02 1.835282e-02 2.581858e-02
<VARIANCE> 39
 2.660353e+01 1.943556e+01 1.629279e+01 1.772872e+01 2.466548e+01 2.916261e+01 5.232893e+01 7.574747e+01 6.219719e+01 6.175743e+01 4.364009e+01 3.064198e+01 7.516798e+00 2.828644e-01 5.495215e-01 8.348115e-01 8.925508e-01 1.141130e+00 1.372962e+00 1.708293e+00 1.399744e+00 1.351015e+00 1.362270e+00 1.276474e+00 1.085958e+00 1.029528e-01 3.504073e-02 8.252267e-02 1.087310e-01 1.473983e-01 1.971413e-01 2.094307e-01 2.880675e-01 2.603483e-01 2.594429e-01 2.445573e-01 2.157287e-01 1.964619e-01 1.030276e-02
<GCONST> 8.750087e+01
<TRANSP> 5
 0.000000e+00 1.000000e+00 0.000000e+00 0.000000e+00 0.000000e+00
 0.000000e+00 9.606335e-01 3.936654e-02 0.000000e+00 0.000000e+00
 0.000000e+00 0.000000e+00 9.487287e-01 5.127127e-02 0.000000e+00
 0.000000e+00 0.000000e+00 0.000000e+00 9.584952e-01 4.150483e-02
 0.000000e+00 0.000000e+00 0.000000e+00 0.000000e+00 0.000000e+00
<ENDHMM>
