~o
<STREAMINFO> 1 39
<VECSIZE> 39<NULLD><MFCC_D_A_0><DIAGC>
~h "lebih"
<BEGINHMM>
<NUMSTATES> 5
<STATE> 2
<MEAN> 39
 -4.964256e+00 -2.032469e+00 3.408371e+00 -3.825572e+00 -2.209272e+00 -9.978040e+00 -1.283598e+01 -1.001133e+01 1.538324e+00 -1.894443e+00 1.649611e+00 -9.688526e+00 6.615407e+01 1.374357e+00 4.397283e-01 5.629013e-01 -7.681070e-02 -4.845923e-01 -6.547119e-01 -1.168724e+00 -4.332339e-01 -7.284184e-02 3.543729e-01 -7.402585e-03 -4.389512e-01 1.049423e+00 -1.374077e-01 -4.171853e-02 7.576471e-04 -4.341256e-02 1.162226e-01 1.771298e-01 1.893918e-01 8.536243e-02 1.085394e-02 -6.581877e-02 -3.201363e-02 -4.247909e-02 -9.685138e-02
<VARIANCE> 39
 5.129215e+01 2.510239e+01 7.468950e+01 2.495573e+01 9.054525e+01 1.011210e+02 1.215586e+02 1.407220e+02 6.033873e+01 1.125916e+02 8.794263e+01 3.309828e+01 4.494583e+01 2.882593e+00 3.609699e+00 3.959884e+00 2.405411e+00 5.219944e+00 7.484884e+00 8.183931e+00 9.480382e+00 6.958195e+00 8.704350e+00 5.663916e+00 3.512501e+00 2.346893e+00 4.041306e-01 6.367719e-01 6.133305e-01 4.675641e-01 8.204934e-01 1.277138e+00 1.064958e+00 1.590782e+00 1.280190e+00 1.575134e+00 9.825485e-01 7.595171e-01 3.924727e-01
<GCONST> 1.438441e+02
<STATE> 3
<MEAN> 39
 -5.658745e+00 2.635434e+00 1.181455e+01 -5.943015e-01 -8.897316e+00 -1.144494e+01 -7.954915e+00 -1.349281e+01 -5.727143e+00 -7.454653e+00 1.967361e+00 -8.115547e+00 6.598917e+01 -4.913342e-01 2.341233e-01 4.415779e-01 2.684481e-01 6.003790e-02 2.215045e-01 3.962533e-01 -3.151118e-01 -2.083117e-01 -3.158137e-01 1.125326e-01 4.356236e-01 -2.924374e-01 -1.627124e-02 -5.954640e-02 -8.062419e-02 -1.958551e-02 1.928531e-02 -7.352906e-03 -8.299987e-03 4.741748e-04 4.060061e-02 6.415440e-02 -1.611090e-02 4.481609e-02 7.174805e-03
<VARIANCE> 39
 1.809411e+01 1.675987e+01 1.075934e+02 5.307201e+01 1.700515e+02 5.630622e+01 4.520378e+01 9.785414e+01 6.609159e+01 6.808498e+01 1.096717e+02 4.313990e+01 1.065489e+01 5.110599e-01 9.936411e-01 2.151809e+00 2.117567e+00 7.608138e+00 4.473257e+00 2.571454e+00 2.815814e+00 3.156053e+00 2.977219e+00 3.792382e+00 2.582615e+00 6.578612e-01 8.240528e-02 1.591523e-01 2.403575e-01 3.035029e-01 1.043416e+00 7.517750e-01 4.008889e-01 3.997363e-01 4.692575e-01 4.593949e-01 5.449036e-01 4.749619e-01 9.203494e-02
<GCONST> 1.189949e+02
<STATE> 4
<MEAN> 39
 -1.576621e+01 -1.455548e+00 5.823855e+00 -1.689428e-01 4.296510e+00 -1.030920e+00 -4.435408e-01 -1.217251e+01 -2.905322e+00 -1.201368e+01 -2.964808e+00 -4.179794e+00 5.897783e+01 -3.876675e-01 -5.207777e-01 -7.317921e-01 -5.732183e-02 5.577263e-01 4.348187e-01 4.529824e-01 6.095065e-01 2.123308e-01 -1.518489e-01 -3.437739e-01 -2.273004e-01 -3.697757e-01 2.392248e-02 -6.881250e-03 -4.088579e-03 -1.306008e-02 -7.541761e-02 -3.213891e-02 -4.247274e-03 5.053280e-02 2.950685e-02 1.811080e-02 2.182979e-02 -3.672963e-02 1.491392e-02
<VARIANCE> 39
 1.902570e+01 1.845964e+01 4.198948e+01 2.511957e+01 6.025209e+01 4.939038e+01 6.081886e+01 6.662262e+01 4.428557e+01 4.956319e+01 3.646389e+01 3.162183e+01 9.964121e+00 2.122838e-01 3.910427e-01 5.830442e-01 9.969240e-01 1.346987e+00 1.062626e+00 1.272257e+00 1.602949e+00 1.530138e+00 1.925162e+00 1.865059e+00 1.458311e+00 8.682784e-02 2.921607e-02 6.801686e-02 8.365152e-02 1.680855e-01 1.648436e-01 1.672742e-01 1.924575e-01 2.358488e-01 3.033883e-01 2.752261e-01 3.200651e-01 2.638428e-01 9.899485e-03
<GCONST> 8.878645e+01
<TRANSP> 5
 0.000000e+00 1.000000e+00 0.000000e+00 0.000000e+00 0.000000e+00
 0.000000e+00 9.210077e-01 7.899231e-02 0.000000e+00 0.000000e+00
 0.000000e+00 0.000000e+00 9.531821e-01 4.681792e-02 0.000000e+00
 0.000000e+00 0.000000e+00 0.000000e+00 9.548480e-01 4.515200e-02
 0.000000e+00 0.000000e+00 0.000000e+00 0.000000e+00 0.000000e+00
<ENDHMM>
