~o
<STREAMINFO> 1 39
<VECSIZE> 39<NULLD><MFCC_D_A_0><DIAGC>
~h "lima"
<BEGINHMM>
<NUMSTATES> 5
<STATE> 2
<MEAN> 39
 -7.334126e+00 1.827205e+00 1.519221e+01 2.058338e-01 -1.347973e+01 -1.348788e+01 -6.601991e+00 -1.478844e+01 -8.308996e+00 -5.065417e+00 5.032563e+00 -4.280675e+00 6.448506e+01 9.548327e-01 6.685322e-01 7.722973e-01 -5.214848e-02 -5.432898e-01 -2.637789e-01 -4.476241e-01 -8.849018e-01 -7.556636e-01 2.988738e-01 3.513405e-01 -1.911995e-01 6.380468e-01 -1.114685e-02 -6.192437e-02 -1.500880e-01 -1.113688e-01 9.559079e-02 1.367467e-01 8.472896e-02 7.029624e-02 3.492247e-02 6.224022e-03 -3.545941e-02 4.460339e-03 -2.638438e-03
<VARIANCE> 39
 3.144738e+01 3.701494e+01 1.121501e+02 4.091892e+01 1.784534e+02 4.449524e+01 4.352390e+01 1.024429e+02 6.762695e+01 6.440942e+01 9.236092e+01 5.999424e+01 2.577838e+01 2.110829e+00 2.849123e+00 4.659831e+00 3.349139e+00 1.048265e+01 5.988131e+00 5.576128e+00 4.462421e+00 2.799628e+00 4.630394e+00 2.857318e+00 2.696331e+00 1.095856e+00 3.151509e-01 5.052149e-01 4.193394e-01 5.626729e-01 1.253143e+00 9.540626e-01 1.041541e+00 7.486103e-01 5.209373e-01 8.363768e-01 5.603036e-01 4.252271e-01 1.165464e-01
<GCONST> 1.336237e+02
<STATE> 3
<MEAN> 39
 2.669179e-01 -7.769954e-01 6.610937e-01 -8.937603e+00 6.335250e-01 -2.304128e+00 -8.576885e+00 -1.561631e+01 -6.703788e+00 -4.354897e+00 3.326323e+00 -7.400430e+00 6.916270e+01 7.621255e-02 -8.799320e-01 -1.497133e+00 -4.162117e-01 9.261906e-01 5.210421e-01 -2.852553e-01 5.219845e-01 1.128493e+00 -2.130417e-01 -8.417800e-01 -4.233790e-01 1.338157e-01 -1.178527e-01 7.580237e-02 1.624616e-01 1.324452e-01 -1.154772e-01 -1.633148e-01 2.861038e-02 4.794764e-02 -2.239054e-02 -2.887728e-02 -7.062264e-03 -3.575944e-02 -1.099480e-01
<VARIANCE> 39
 8.824926e+00 7.233462e+01 1.871887e+02 3.811411e+01 6.675037e+01 3.021571e+01 4.168504e+01 9.816624e+01 1.045677e+02 4.512321e+01 8.352195e+01 6.836119e+01 1.088252e+01 6.502137e-01 2.076919e+00 3.617723e+00 3.133338e+00 2.113519e+00 1.820565e+00 2.063920e+00 3.154393e+00 4.298793e+00 3.255153e+00 3.280514e+00 3.652531e+00 6.939268e-01 5.599655e-02 3.045163e-01 4.365061e-01 4.086640e-01 3.166869e-01 2.470655e-01 3.554848e-01 5.329961e-01 7.717522e-01 5.378810e-01 5.809422e-01 5.936028e-01 7.633321e-02
<GCONST> 1.186139e+02
<STATE> 4
<MEAN> 39
 -1.081884e+01 -4.078885e+00 -3.813179e+00 -4.901185e+00 4.964202e+00 -2.138327e+00 -3.229819e+00 -8.634121e+00 -1.657745e+00 -1.008091e+01 -4.339562e+00 -1.072267e+01 6.043665e+01 -7.793079e-01 1.137893e-01 3.736154e-01 3.451406e-01 -2.174279e-02 6.738860e-03 6.248634e-01 2.393512e-01 -4.182953e-01 -2.987785e-01 2.741137e-02 1.615516e-01 -5.954106e-01 4.016965e-02 -5.818862e-02 -1.358777e-02 -6.719586e-03 1.052808e-02 4.968762e-02 -7.544874e-03 -3.593599e-03 2.494704e-02 1.793881e-02 -1.103962e-02 -1.558568e-03 5.800044e-02
<VARIANCE> 39
 2.310837e+01 1.220110e+01 1.959252e+01 1.545915e+01 1.405993e+01 2.069164e+01 5.721587e+01 3.130683e+01 2.486597e+01 2.136326e+01 2.768453e+01 1.926110e+01 1.240353e+01 1.686707e-01 6.354886e-01 7.412577e-01 6.593907e-01 1.262229e+00 1.136951e+00 1.703136e+00 1.620900e+00 1.455313e+00 1.553235e+00 1.669560e+00 1.115667e+00 2.008685e-01 2.040588e-02 5.862233e-02 8.417629e-02 1.163982e-01 2.320136e-01 1.857090e-01 2.601034e-01 2.431457e-01 2.406493e-01 2.821945e-01 2.528803e-01 2.129016e-01 1.182819e-02
<GCONST> 8.222018e+01
<TRANSP> 5
 0.000000e+00 1.000000e+00 0.000000e+00 0.000000e+00 0.000000e+00
 0.000000e+00 9.425188e-01 5.748125e-02 0.000000e+00 0.000000e+00
 0.000000e+00 0.000000e+00 9.361871e-01 6.381296e-02 0.000000e+00
 0.000000e+00 0.000000e+00 0.000000e+00 9.508575e-01 4.914251e-02
 0.000000e+00 0.000000e+00 0.000000e+00 0.000000e+00 0.000000e+00
<ENDHMM>
