~o
<STREAMINFO> 1 39
<VECSIZE> 39<NULLD><MFCC_D_A_0><DIAGC>
~h "pasang"
<BEGINHMM>
<NUMSTATES> 5
<STATE> 2
<MEAN> 39
 -1.009606e+01 8.862976e-01 -1.148481e+01 -3.146845e+00 4.463734e+00 -7.006191e+00 -8.519410e-01 -9.075670e+00 1.714607e+00 -8.622215e+00 -3.321583e+00 -9.748352e+00 6.912997e+01 4.266395e-01 -4.354909e-02 -4.212044e-01 -3.160996e-02 4.131492e-02 -1.301992e-01 -2.093310e-01 -5.485350e-02 1.045665e-01 -7.276204e-03 -1.620001e-01 -9.709938e-02 5.667949e-01 -1.664632e-03 -5.115815e-02 3.060839e-02 1.707964e-02 3.673445e-02 3.272430e-02 -1.257940e-02 -5.064671e-03 -1.841426e-02 -2.791224e-02 6.556273e-03 1.091999e-02 -1.665627e-02
<VARIANCE> 39
 1.054878e+02 9.985975e+01 5.075964e+01 6.132325e+01 6.588194e+01 4.976679e+01 6.039904e+01 6.743308e+01 3.156486e+01 7.620283e+01 8.364249e+01 2.489335e+01 3.373175e+01 7.438232e+00 4.975268e+00 3.267648e+00 3.622448e+00 2.630245e+00 3.334063e+00 3.917202e+00 3.523332e+00 2.646134e+00 3.684705e+00 3.110263e+00 2.078733e+00 1.612631e+00 8.102950e-01 3.990316e-01 5.885069e-01 5.354186e-01 4.071802e-01 5.308101e-01 5.878454e-01 5.847149e-01 5.251841e-01 5.387693e-01 5.181520e-01 3.376577e-01 2.423371e-01
<GCONST> 1.305283e+02
<STATE> 3
<MEAN> 39
 2.038257e-01 -5.530415e+00 -4.070809e+00 -1.031325e+01 3.296273e+00 -7.932409e+00 -1.005873e+01 -9.097394e+00 -3.575092e+00 -9.952652e+00 -5.673081e+00 -1.004859e+01 6.944549e+01 4.491896e-03 3.924453e-01 1.191690e+00 -4.102104e-02 1.306200e-01 1.535324e-01 7.877854e-02 -2.235217e-01 -6.256002e-01 -3.151846e-01 -7.427485e-02 -8.058985e-02 -7.397719e-01 -7.029900e-02 8.858062e-02 1.069037e-02 3.939089e-02 -4.799376e-02 -4.546212e-02 7.026287e-02 4.701837e-03 2.073605e-02 3.819212e-02 -2.857787e-02 -2.357274e-02 -3.143387e-02
<VARIANCE> 39
 8.885487e+00 2.029939e+01 1.032614e+02 3.802968e+01 4.527465e+01 7.302277e+01 4.894985e+01 1.292258e+02 8.520040e+01 8.391923e+01 6.861590e+01 3.018688e+01 3.186399e+01 3.868181e-01 7.034999e-01 7.732635e-01 1.283310e+00 1.635406e+00 1.780270e+00 1.873577e+00 2.028725e+00 3.535969e+00 1.608971e+00 2.301892e+00 1.547450e+00 1.157207e-01 3.563725e-02 1.123402e-01 1.047223e-01 1.155663e-01 2.025903e-01 2.231196e-01 2.636757e-01 3.164589e-01 5.371980e-01 2.943143e-01 3.440764e-01 2.216572e-01 1.689070e-02
<GCONST> 9.990889e+01
<STATE> 4
<MEAN> 39
 -1.160535e+01 -1.263808e+00 7.974468e+00 -8.891492e-01 2.265584e+00 -6.308434e+00 -2.027886e+00 -8.987761e+00 -9.565515e+00 -1.492433e+01 -7.955626e+00 -7.319379e+00 5.756339e+01 -6.287081e-01 -1.586861e-01 -9.154410e-02 3.051335e-01 -1.172286e-01 3.335220e-03 2.174579e-01 2.613186e-01 1.266891e-01 2.034108e-03 1.009044e-01 2.338325e-01 -2.327588e-01 1.609034e-02 -1.984497e-02 -5.023095e-02 -2.587855e-02 4.418975e-03 -1.122356e-02 -4.095930e-02 5.614395e-04 3.515966e-02 -4.193453e-03 2.395301e-02 -7.264203e-03 2.295092e-02
<VARIANCE> 39
 2.279182e+01 1.062515e+01 2.903488e+01 2.211566e+01 4.526292e+01 4.167249e+01 4.909298e+01 8.273332e+01 5.972881e+01 6.520564e+01 4.200049e+01 6.436074e+01 4.219300e+00 2.215987e-01 4.576775e-01 7.900832e-01 1.079589e+00 1.393929e+00 1.716864e+00 2.120670e+00 1.665707e+00 2.315250e+00 2.165765e+00 2.090230e+00 1.844847e+00 7.672821e-02 2.810737e-02 7.609300e-02 1.128254e-01 1.695849e-01 2.366621e-01 2.886161e-01 3.939773e-01 2.368687e-01 4.095181e-01 3.723906e-01 3.838649e-01 3.539893e-01 1.014061e-02
<GCONST> 9.354696e+01
<TRANSP> 5
 0.000000e+00 1.000000e+00 0.000000e+00 0.000000e+00 0.000000e+00
 0.000000e+00 9.698164e-01 3.018360e-02 0.000000e+00 0.000000e+00
 0.000000e+00 0.000000e+00 9.490562e-01 5.094380e-02 0.000000e+00
 0.000000e+00 0.000000e+00 0.000000e+00 9.583161e-01 4.168392e-02
 0.000000e+00 0.000000e+00 0.000000e+00 0.000000e+00 0.000000e+00
<ENDHMM>
