~o
<STREAMINFO> 1 39
<VECSIZE> 39<NULLD><MFCC_D_A_0><DIAGC>
~h "pukul"
<BEGINHMM>
<NUMSTATES> 5
<STATE> 2
<MEAN> 39
 -4.630797e+00 2.605090e+00 -3.194209e+00 -1.294650e+01 -5.427458e+00 -5.174967e+00 -1.492404e+00 -9.101556e+00 -6.282894e+00 -1.083104e+01 1.962813e+00 -3.953543e+00 6.354144e+01 6.522963e-01 3.818136e-01 -1.561618e-01 -4.838279e-01 -2.271511e-01 6.900827e-02 -2.664129e-01 -4.051081e-01 -4.518205e-01 -6.543088e-02 3.332330e-01 1.233496e-01 3.917710e-01 1.286853e-03 -2.496981e-02 -6.011235e-03 -1.278880e-02 1.710517e-02 4.068696e-02 -2.380200e-02 -1.944600e-02 7.491698e-03 7.688111e-02 4.233188e-02 -2.454038e-02 1.182629e-02
<VARIANCE> 39
 5.000734e+01 3.290165e+01 2.541678e+01 5.616002e+01 4.850684e+01 4.077263e+01 3.591244e+01 5.082897e+01 4.201479e+01 2.476381e+01 5.859560e+01 3.239238e+01 1.640497e+01 3.674446e+00 2.397962e+00 2.032786e+00 4.819794e+00 3.243931e+00 2.913874e+00 4.042216e+00 4.059357e+00 2.671552e+00 2.100368e+00 3.373338e+00 2.150924e+00 1.165714e+00 4.692802e-01 3.651794e-01 3.941162e-01 7.072208e-01 5.581490e-01 5.360260e-01 7.553395e-01 7.052297e-01 4.493736e-01 3.697890e-01 5.151603e-01 4.016539e-01 1.326429e-01
<GCONST> 1.218333e+02
<STATE> 3
<MEAN> 39
 1.348106e+00 2.308928e+00 -5.371476e+00 -1.814335e+01 -2.940064e+00 -2.138876e+00 -1.349177e+01 -2.040089e+01 -9.502742e+00 -5.850130e-01 6.735061e+00 -8.806018e+00 6.938132e+01 -3.888625e-01 -2.201312e-01 2.917332e-01 6.355590e-01 3.149639e-01 -1.593846e-01 -8.722931e-02 -1.635980e-01 3.637029e-01 1.516017e-01 -5.767991e-01 -4.269227e-01 -2.787245e-01 -6.180991e-02 2.525401e-02 3.094274e-02 8.713744e-02 4.285507e-03 -7.907683e-02 5.243898e-02 7.228989e-02 -1.195359e-02 -1.299375e-01 -8.399294e-02 2.854675e-02 -6.424456e-02
<VARIANCE> 39
 8.603863e+00 1.244029e+01 5.261797e+01 5.141280e+01 4.833408e+01 6.529329e+01 9.416651e+01 8.566077e+01 6.116627e+01 4.704274e+01 9.715666e+01 5.730288e+01 1.174924e+01 2.433157e-01 5.450086e-01 8.977121e-01 1.065643e+00 1.332326e+00 1.538568e+00 2.069512e+00 3.177266e+00 1.994457e+00 4.061304e+00 1.807734e+00 1.903495e+00 2.422679e-01 3.150195e-02 7.001030e-02 1.075281e-01 1.378158e-01 1.889163e-01 2.444999e-01 2.864800e-01 3.773074e-01 3.726754e-01 4.888200e-01 3.166719e-01 3.281542e-01 1.242545e-02
<GCONST> 9.882188e+01
<STATE> 4
<MEAN> 39
 -1.245196e+01 -2.279646e+00 4.332367e-01 -1.271599e+00 3.662531e+00 -3.534242e+00 -3.298692e+00 -1.259890e+01 -4.758450e+00 -9.160748e+00 -3.471979e+00 -1.127016e+01 5.890947e+01 -6.310564e-01 -4.049899e-01 -1.966739e-02 2.994096e-01 2.599127e-01 2.614432e-01 6.273514e-01 7.228890e-01 1.630854e-01 -2.084634e-01 -2.366117e-01 -8.145499e-02 -3.353733e-01 3.071447e-02 -8.375281e-03 -2.171006e-02 -5.231633e-02 -2.195242e-02 4.525459e-02 3.806478e-02 4.843047e-02 4.136080e-02 3.059372e-02 1.531383e-02 -1.174677e-02 2.684683e-02
<VARIANCE> 39
 1.812507e+01 1.382797e+01 8.441963e+00 1.627749e+01 3.100009e+01 4.832280e+01 5.261127e+01 5.150793e+01 2.820851e+01 2.581452e+01 3.807660e+01 3.188913e+01 4.666403e+00 1.709794e-01 3.426959e-01 6.553829e-01 8.677472e-01 9.547037e-01 1.220749e+00 1.171419e+00 1.714894e+00 1.521777e+00 1.317031e+00 1.680674e+00 1.722349e+00 5.683311e-02 2.409676e-02 5.908570e-02 1.126258e-01 1.515361e-01 1.746994e-01 2.003269e-01 2.140154e-01 3.012295e-01 3.014574e-01 2.458978e-01 2.904842e-01 3.086597e-01 6.021158e-03
<GCONST> 8.206792e+01
<TRANSP> 5
 0.000000e+00 1.000000e+00 0.000000e+00 0.000000e+00 0.000000e+00
 0.000000e+00 9.692625e-01 3.073744e-02 0.000000e+00 0.000000e+00
 0.000000e+00 0.000000e+00 9.525004e-01 4.749959e-02 0.000000e+00
 0.000000e+00 0.000000e+00 0.000000e+00 9.553844e-01 4.461556e-02
 0.000000e+00 0.000000e+00 0.000000e+00 0.000000e+00 0.000000e+00
<ENDHMM>
