~o
<STREAMINFO> 1 39
<VECSIZE> 39<NULLD><MFCC_D_A_0><DIAGC>
~h "sebelas"
<BEGINHMM>
<NUMSTATES> 5
<STATE> 2
<MEAN> 39
 -1.554905e+01 3.979863e+00 -6.353909e+00 -3.128875e+00 2.050089e+00 -1.041912e+01 1.061220e+00 -1.193395e+01 2.528770e+00 -5.676414e+00 6.293257e-01 -6.843242e+00 6.385887e+01 7.991332e-01 3.370402e-01 -3.658707e-02 -2.414132e-01 -2.263386e-01 -5.978705e-01 -8.058786e-01 -6.588150e-01 7.812034e-03 3.437788e-01 2.203523e-01 -1.159625e-01 6.836847e-01 5.885203e-02 -9.269213e-02 2.841129e-02 -3.884993e-02 -2.319701e-02 7.562871e-02 -4.232632e-02 4.369070e-02 4.852019e-02 4.333799e-02 -3.373860e-02 -5.362492e-02 1.801423e-02
<VARIANCE> 39
 1.193760e+02 4.643694e+01 3.480806e+01 2.342108e+01 6.652718e+01 7.046767e+01 1.155254e+02 7.278885e+01 3.284543e+01 6.621496e+01 3.312860e+01 2.565854e+01 3.041193e+01 6.164966e+00 3.371482e+00 2.830710e+00 2.701044e+00 4.534409e+00 4.953126e+00 8.070344e+00 5.095592e+00 3.519118e+00 4.616450e+00 2.925466e+00 2.326237e+00 1.357490e+00 8.250688e-01 3.560845e-01 4.284684e-01 4.509909e-01 8.274441e-01 8.669326e-01 1.323337e+00 9.424605e-01 6.186506e-01 7.489905e-01 6.178249e-01 3.817962e-01 2.448657e-01
<GCONST> 1.326428e+02
<STATE> 3
<MEAN> 39
 -6.184582e-01 -3.666116e+00 -4.229812e+00 -9.748454e+00 1.200637e+00 -9.564819e+00 -8.975717e+00 -9.389629e+00 -7.292960e-02 -3.115737e+00 -5.542494e+00 -1.040128e+01 7.117700e+01 -5.553691e-01 3.250513e-01 -2.629510e-01 3.191626e-01 8.625731e-02 1.029400e-02 6.566516e-01 1.897321e-01 -1.902409e-02 -3.845219e-01 -2.970440e-01 4.253577e-02 -4.029221e-02 -1.032306e-01 1.042283e-01 -4.828876e-02 6.275241e-02 2.030464e-02 -3.212700e-02 5.736765e-02 -1.130889e-04 -5.430551e-02 -1.672902e-02 2.032936e-02 2.107279e-02 -1.954197e-02
<VARIANCE> 39
 3.389801e+01 5.622986e+01 4.019718e+01 3.569922e+01 8.729333e+01 1.388418e+02 8.847566e+01 1.856941e+02 5.866269e+01 1.092655e+02 1.333077e+02 6.214261e+01 1.278006e+01 1.842162e+00 3.391327e+00 2.039757e+00 1.993669e+00 1.828442e+00 2.475200e+00 2.637829e+00 4.402470e+00 3.428560e+00 2.344546e+00 3.019771e+00 2.280763e+00 5.488029e-01 1.347269e-01 2.923323e-01 3.086184e-01 2.720809e-01 3.044211e-01 3.242608e-01 4.045547e-01 6.172799e-01 6.011993e-01 4.068275e-01 4.365372e-01 3.907276e-01 8.010041e-02
<GCONST> 1.214388e+02
<STATE> 4
<MEAN> 39
 -2.464613e+01 4.986588e+00 -8.928917e+00 3.929250e+00 6.493552e+00 -2.427488e+00 1.131027e+01 -7.688144e+00 -1.022699e+00 -1.188003e+01 -3.500909e+00 -8.275016e+00 6.165032e+01 1.929403e-02 -6.961453e-01 4.255185e-01 -1.027723e-01 2.648477e-01 6.587704e-01 5.461001e-03 2.565625e-01 -2.070857e-01 6.221103e-02 1.433768e-01 2.983632e-02 -4.921321e-01 9.147672e-02 -7.997410e-02 6.297513e-02 -6.106244e-02 -1.258960e-02 -7.643105e-03 -4.702029e-02 9.316424e-03 -7.002281e-03 -1.933333e-02 -2.575841e-02 8.190869e-03 -3.719703e-03
<VARIANCE> 39
 1.903885e+01 1.146264e+02 4.571627e+01 1.925799e+01 4.084643e+01 8.707317e+01 3.181870e+01 3.123606e+01 3.470542e+01 4.019292e+01 3.897892e+01 3.272184e+01 3.219834e+01 5.863451e-01 1.089992e+00 6.424143e-01 1.102985e+00 1.270688e+00 1.837029e+00 1.948018e+00 1.920505e+00 1.884044e+00 1.770197e+00 1.928776e+00 1.521521e+00 1.317459e-01 5.499924e-02 1.148031e-01 1.037529e-01 1.847222e-01 2.251190e-01 3.224904e-01 3.393822e-01 3.328716e-01 3.595162e-01 3.141739e-01 3.286458e-01 2.921167e-01 1.793256e-02
<GCONST> 9.834828e+01
<TRANSP> 5
 0.000000e+00 1.000000e+00 0.000000e+00 0.000000e+00 0.000000e+00
 0.000000e+00 9.554142e-01 4.458576e-02 0.000000e+00 0.000000e+00
 0.000000e+00 0.000000e+00 9.711726e-01 2.882741e-02 0.000000e+00
 0.000000e+00 0.000000e+00 0.000000e+00 9.687975e-01 3.120247e-02
 0.000000e+00 0.000000e+00 0.000000e+00 0.000000e+00 0.000000e+00
<ENDHMM>
