~o
<STREAMINFO> 1 39
<VECSIZE> 39<NULLD><MFCC_D_A_0><DIAGC>
~h "setengah"
<BEGINHMM>
<NUMSTATES> 5
<STATE> 2
<MEAN> 39
 -1.293443e+01 -3.063802e-01 -8.293543e+00 -4.238445e+00 7.556038e-01 -1.093494e+01 -2.494463e+00 -8.597352e+00 4.093030e+00 -5.600250e+00 -4.798549e-02 -9.289775e+00 6.520621e+01 6.667874e-01 -4.431372e-03 -1.611319e-01 -1.857065e-01 7.992133e-03 -2.376838e-01 -3.569570e-01 -1.546680e-01 3.449475e-02 1.561199e-01 -2.408073e-01 -3.147904e-01 5.606108e-01 3.621961e-02 2.454952e-02 4.933074e-02 -7.729589e-03 -4.962676e-03 1.459650e-02 -1.617044e-02 1.768278e-02 -5.805871e-02 -5.656042e-04 1.367317e-02 5.299721e-02 -1.651423e-02
<VARIANCE> 39
 9.925401e+01 4.728732e+01 2.826501e+01 3.706202e+01 5.216463e+01 8.455704e+01 1.000741e+02 6.483943e+01 4.486636e+01 5.754599e+01 6.066516e+01 3.647844e+01 3.657018e+01 5.578142e+00 2.972170e+00 2.172774e+00 2.710347e+00 2.896929e+00 4.192523e+00 5.749704e+00 3.422905e+00 2.664320e+00 3.937521e+00 3.316193e+00 3.107541e+00 2.214576e+00 8.685262e-01 3.564059e-01 3.885065e-01 4.561774e-01 5.592797e-01 6.462123e-01 9.164058e-01 5.063133e-01 4.584108e-01 6.917090e-01 5.947112e-01 6.355295e-01 4.060915e-01
<GCONST> 1.312373e+02
<STATE> 3
<MEAN> 39
 1.034610e+00 -7.013613e+00 -4.303330e+00 -7.858305e+00 1.235319e+00 -6.890289e+00 -6.366737e+00 -7.173865e+00 1.028613e+00 -9.054156e+00 -5.649120e+00 -6.919349e+00 7.082806e+01 -1.344073e-01 -7.845228e-02 1.802066e-01 4.337799e-01 1.984580e-01 3.207170e-02 4.786288e-02 9.388989e-02 3.149047e-03 -7.161086e-01 -2.104657e-01 3.635623e-01 -9.696688e-02 -7.045354e-02 -2.912655e-02 -3.242716e-02 3.537407e-02 2.941537e-02 -2.542594e-02 2.961641e-02 1.743081e-03 5.575997e-02 -1.404687e-02 1.295946e-02 -4.190945e-02 -2.044699e-02
<VARIANCE> 39
 6.242250e+00 5.759908e+01 5.308145e+01 4.086562e+01 6.416302e+01 6.020429e+01 6.204376e+01 1.073381e+02 6.724548e+01 8.763240e+01 7.703853e+01 5.534471e+01 1.253828e+01 2.505315e-01 2.249290e+00 1.500442e+00 1.715829e+00 2.153657e+00 2.148460e+00 1.751715e+00 2.641506e+00 2.913344e+00 1.473871e+00 2.105766e+00 2.257171e+00 6.035380e-01 3.949316e-02 2.198399e-01 1.928278e-01 2.037607e-01 3.121246e-01 2.568673e-01 2.587685e-01 3.962682e-01 3.954920e-01 2.262798e-01 3.128173e-01 3.414398e-01 5.938835e-02
<GCONST> 1.075641e+02
<STATE> 4
<MEAN> 39
 -1.258549e+01 -9.075399e+00 -1.323434e+00 3.277703e+00 9.201605e+00 -3.545288e+00 2.292048e+00 -2.883638e+00 1.179740e+00 -1.747973e+01 -6.908378e+00 -6.856006e+00 6.195834e+01 -6.534263e-01 1.254229e-01 7.286745e-02 -1.116282e-01 -4.075491e-02 5.200874e-01 5.481848e-01 5.230500e-02 -2.290091e-01 4.259650e-01 3.797664e-01 -1.478855e-01 -5.870655e-01 3.286932e-02 -1.377706e-02 -2.082169e-02 -6.719187e-02 -6.962346e-02 3.341382e-02 -3.568674e-02 -2.936686e-02 -2.313797e-02 6.788360e-02 -1.414939e-02 -4.135109e-03 2.545824e-02
<VARIANCE> 39
 2.297337e+01 1.952586e+01 1.578019e+01 2.420922e+01 3.458196e+01 5.824760e+01 6.098995e+01 4.506260e+01 8.114452e+01 8.118536e+01 4.251370e+01 3.915456e+01 2.689351e+01 2.411919e-01 5.327919e-01 6.364214e-01 1.079611e+00 1.054474e+00 1.459640e+00 1.867638e+00 1.733760e+00 1.489836e+00 1.886897e+00 2.269384e+00 2.206034e+00 1.467454e-01 2.598955e-02 6.452025e-02 1.058601e-01 1.413098e-01 1.827956e-01 2.040437e-01 3.259379e-01 2.945958e-01 2.580445e-01 2.732027e-01 3.870161e-01 3.708682e-01 1.032586e-02
<GCONST> 9.327039e+01
<TRANSP> 5
 0.000000e+00 1.000000e+00 0.000000e+00 0.000000e+00 0.000000e+00
 0.000000e+00 9.649168e-01 3.508321e-02 0.000000e+00 0.000000e+00
 0.000000e+00 0.000000e+00 9.607322e-01 3.926783e-02 0.000000e+00
 0.000000e+00 0.000000e+00 0.000000e+00 9.578006e-01 4.219946e-02
 0.000000e+00 0.000000e+00 0.000000e+00 0.000000e+00 0.000000e+00
<ENDHMM>
