~o
<STREAMINFO> 1 39
<VECSIZE> 39<NULLD><MFCC_D_A_0><DIAGC>
~h "tiga"
<BEGINHMM>
<NUMSTATES> 5
<STATE> 2
<MEAN> 39
 -9.266317e+00 8.982922e-01 1.434450e+01 -3.084971e+00 -9.192695e+00 -1.176175e+01 -4.291528e+00 -1.346160e+01 -7.753254e+00 -6.538493e+00 1.761454e+00 -8.159831e+00 6.563302e+01 5.282404e-01 -1.067753e-01 4.481202e-01 1.990160e-01 -8.234558e-01 -7.432234e-01 -1.510224e-02 1.913088e-01 -1.404881e-01 -1.206096e-01 2.105107e-01 7.330663e-02 6.260502e-01 2.813826e-02 -7.131600e-02 -9.551422e-02 -1.944847e-02 6.287801e-02 5.526421e-02 -6.099311e-03 1.402924e-01 9.423539e-02 -3.622898e-02 -1.142604e-01 -1.402700e-02 8.464989e-03
<VARIANCE> 39
 2.356652e+01 4.378584e+01 1.368563e+02 7.082429e+01 1.553830e+02 9.729179e+01 7.696727e+01 1.110909e+02 4.312032e+01 5.213714e+01 7.944595e+01 5.149382e+01 2.801576e+01 1.979232e+00 3.402936e+00 8.246249e+00 3.397283e+00 9.226132e+00 5.989252e+00 5.793409e+00 7.588617e+00 4.842012e+00 3.402924e+00 5.636724e+00 3.235214e+00 1.748139e+00 3.348983e-01 4.298584e-01 1.151931e+00 5.234701e-01 1.610548e+00 1.092917e+00 9.651536e-01 1.028378e+00 8.190280e-01 6.380000e-01 1.057751e+00 5.030592e-01 2.071346e-01
<GCONST> 1.403989e+02
<STATE> 3
<MEAN> 39
 -1.437740e+00 -1.398722e+01 -2.470534e-01 -4.443878e+00 -1.033853e+01 -1.635677e+01 -2.340628e+00 3.200880e+00 -1.166078e-02 -1.026366e+01 -6.598407e+00 -8.559587e+00 7.470815e+01 -9.275673e-02 -7.631017e-02 -1.081473e+00 -5.358612e-01 1.250501e+00 1.061802e+00 -4.379151e-01 1.608565e-02 4.256048e-01 -2.511881e-01 -1.490577e+00 -4.986826e-01 -3.940268e-01 -1.206742e-01 2.393762e-01 2.142652e-01 5.669928e-02 -9.355080e-02 -1.002262e-01 4.622761e-03 -3.298416e-01 -1.938630e-01 2.331776e-02 2.368082e-01 5.674732e-02 -1.605375e-01
<VARIANCE> 39
 3.693808e+00 1.563874e+01 6.761454e+01 3.368364e+01 1.692471e+02 1.139727e+02 5.013876e+01 1.264222e+02 6.326300e+01 3.721041e+01 1.401337e+02 5.007697e+01 9.077534e+00 2.717110e-01 1.443298e+00 1.724330e+00 1.359259e+00 2.165055e+00 2.393320e+00 1.634979e+00 3.482446e+00 2.301065e+00 2.237905e+00 2.509840e+00 1.559889e+00 5.020997e-01 2.830793e-02 1.011670e-01 1.616633e-01 1.882227e-01 3.014961e-01 2.371794e-01 2.989445e-01 4.555519e-01 3.019201e-01 3.134473e-01 2.437407e-01 2.401177e-01 2.353032e-02
<GCONST> 1.036019e+02
<STATE> 4
<MEAN> 39
 -1.105506e+01 -4.610841e+00 -4.187090e+00 -5.950816e+00 5.270294e-01 -5.237714e+00 -1.435332e+00 -3.169266e+00 2.580429e+00 -1.156272e+01 -7.737442e+00 -9.044098e+00 6.054723e+01 -6.695454e-01 3.514818e-01 -1.153373e-01 -8.747669e-02 6.819849e-01 7.821395e-01 3.912865e-01 -1.317316e-01 2.416739e-01 2.584184e-01 3.245447e-01 4.523083e-03 -7.153586e-01 2.625253e-02 -6.992057e-02 -3.040869e-02 -2.673878e-02 4.187009e-04 1.985949e-02 6.270674e-03 7.710341e-02 4.590042e-02 5.567426e-02 -8.351983e-03 -1.046900e-02 6.263644e-02
<VARIANCE> 39
 2.068709e+01 1.419550e+01 1.538816e+01 2.110258e+01 5.832470e+01 5.420427e+01 2.210463e+01 4.239281e+01 3.170577e+01 4.107927e+01 3.944611e+01 3.432281e+01 1.974438e+01 1.341751e-01 4.555326e-01 5.663504e-01 9.705697e-01 1.095089e+00 1.414469e+00 1.306707e+00 1.720048e+00 1.650094e+00 1.383864e+00 1.507862e+00 1.922207e+00 1.570751e-01 1.708173e-02 4.518034e-02 8.044884e-02 1.257535e-01 1.612186e-01 1.674447e-01 2.707683e-01 2.764322e-01 2.364466e-01 2.063543e-01 1.991298e-01 2.868276e-01 6.358571e-03
<GCONST> 8.439720e+01
<TRANSP> 5
 0.000000e+00 1.000000e+00 0.000000e+00 0.000000e+00 0.000000e+00
 0.000000e+00 9.656454e-01 3.435455e-02 0.000000e+00 0.000000e+00
 0.000000e+00 0.000000e+00 9.244812e-01 7.551885e-02 0.000000e+00
 0.000000e+00 0.000000e+00 0.000000e+00 9.509813e-01 4.901872e-02
 0.000000e+00 0.000000e+00 0.000000e+00 0.000000e+00 0.000000e+00
<ENDHMM>
