~o
<STREAMINFO> 1 39
<VECSIZE> 39<NULLD><MFCC_D_A_0><DIAGC>
~h "alarm"
<BEGINHMM>
<NUMSTATES> 5
<STATE> 2
<MEAN> 39
 -9.302437e+00 -1.217916e+01 -8.796843e+00 -6.116134e+00 2.921127e+00 -2.900759e+00 -1.753342e+00 -9.383283e+00 1.039784e+00 -7.776584e+00 -4.650189e+00 -9.933803e+00 6.507578e+01 2.217603e+00 -1.190690e+00 -1.327522e+00 -5.630511e-01 2.768607e-01 4.741753e-01 -7.452533e-01 -5.497711e-01 1.002725e-01 -2.459209e-01 -1.011806e+00 -7.717894e-01 2.361700e+00 -1.897989e-02 7.491431e-02 1.299683e-01 1.876695e-02 -1.372356e-01 -4.666009e-02 -8.752576e-02 6.277071e-02 -1.258928e-01 5.133460e-02 5.891852e-02 8.232006e-02 1.280390e-02
<VARIANCE> 39
 5.636429e+01 3.289535e+01 6.117304e+01 2.237432e+01 5.481347e+01 4.503324e+01 7.068497e+01 8.074033e+01 5.706214e+01 5.851031e+01 4.476339e+01 2.622936e+01 6.586198e+01 2.737355e+00 2.836403e+00 4.403413e+00 2.666817e+00 4.984875e+00 3.409528e+00 4.149582e+00 7.916091e+00 4.014899e+00 4.984665e+00 4.179276e+00 2.753451e+00 2.824054e+00 7.068965e-01 7.241314e-01 8.733145e-01 4.061463e-01 7.858246e-01 5.698177e-01 6.709622e-01 1.170562e+00 6.754327e-01 6.774892e-01 6.370066e-01 6.051302e-01 7.840992e-01
<GCONST> 1.348398e+02
<STATE> 3
<MEAN> 39
 1.346741e+00 -1.004415e+01 -8.710313e+00 -8.966643e+00 3.693264e-01 -5.097462e+00 -7.130353e+00 -7.512822e+00 -1.128335e-01 -4.676670e+00 -4.347049e+00 -1.241037e+01 7.356095e+01 -1.181317e-02 4.539422e-01 3.208638e-01 1.073838e-01 -1.439262e-01 -2.371370e-01 -2.367819e-02 -2.997651e-02 -1.304625e-01 -3.205995e-02 8.110155e-02 -1.403778e-02 -2.303422e-01 -2.891718e-02 2.979731e-02 1.796350e-02 2.395724e-02 4.844868e-02 1.083216e-02 1.055950e-02 -2.282968e-02 2.274919e-03 -4.033460e-02 -5.738563e-03 -5.948076e-03 -3.901113e-02
<VARIANCE> 39
 4.475272e+00 2.587338e+01 8.276038e+01 3.936476e+01 8.433389e+01 6.693393e+01 6.279170e+01 1.441394e+02 4.127720e+01 7.614672e+01 1.136772e+02 3.766911e+01 1.388057e+01 2.516759e-01 1.659569e+00 1.417675e+00 1.312726e+00 1.614849e+00 1.765669e+00 1.350225e+00 2.042023e+00 1.843151e+00 2.474199e+00 1.626518e+00 1.767831e+00 3.601915e-01 4.630577e-02 1.884146e-01 1.966790e-01 1.938117e-01 2.376605e-01 2.839991e-01 2.164568e-01 3.100096e-01 2.918371e-01 4.320864e-01 2.713299e-01 2.953770e-01 6.064380e-02
<GCONST> 1.038719e+02
<STATE> 4
<MEAN> 39
 -1.072300e+01 3.050954e+00 7.248408e+00 8.562683e-01 -6.622470e-01 -8.432709e+00 -4.046543e+00 -1.103666e+01 -6.323082e+00 -1.239220e+01 -3.269810e+00 -9.167790e+00 5.923338e+01 -5.604580e-01 -7.237806e-02 2.428643e-01 2.002876e-01 1.216894e-01 9.588227e-02 1.498663e-01 1.156053e-01 3.772675e-02 1.807989e-02 1.866987e-01 3.089709e-01 -3.613780e-01 3.400903e-03 -6.612901e-02 -5.880487e-02 -3.068793e-02 -2.172676e-02 -9.413338e-03 6.885751e-03 2.468440e-02 3.131326e-02 3.119841e-02 -1.023188e-03 7.768117e-03 1.766368e-02
<VARIANCE> 39
 3.724815e+01 1.552229e+01 3.433797e+01 3.190200e+01 3.695141e+01 4.092774e+01 4.591040e+01 4.742683e+01 4.358998e+01 4.619589e+01 4.958682e+01 3.638330e+01 1.328346e+01 2.219635e-01 6.820827e-01 1.123643e+00 9.495232e-01 1.390887e+00 1.529662e+00 1.547791e+00 2.114428e+00 1.840143e+00 1.817885e+00 1.667061e+00 1.790401e+00 1.071560e-01 3.016363e-02 7.783889e-02 1.540369e-01 1.757768e-01 2.310553e-01 2.555859e-01 2.630471e-01 3.513903e-01 3.155421e-01 3.411849e-01 2.935137e-01 3.301514e-01 8.352777e-03
<GCONST> 9.369856e+01
<TRANSP> 5
 0.000000e+00 1.000000e+00 0.000000e+00 0.000000e+00 0.000000e+00
 0.000000e+00 8.782955e-01 1.217045e-01 0.000000e+00 0.000000e+00
 0.000000e+00 0.000000e+00 9.732988e-01 2.670119e-02 0.000000e+00
 0.000000e+00 0.000000e+00 0.000000e+00 9.688295e-01 3.117054e-02
 0.000000e+00 0.000000e+00 0.000000e+00 0.000000e+00 0.000000e+00
<ENDHMM>
