~o
<STREAMINFO> 1 39
<VECSIZE> 39<NULLD><MFCC_D_A_0><DIAGC>
~h "dua"
<BEGINHMM>
<NUMSTATES> 5
<STATE> 2
<MEAN> 39
 -8.568267e+00 1.131565e+00 4.608591e+00 6.080512e-01 2.325180e-01 -9.033481e+00 -7.846338e+00 -1.283154e+01 -5.025023e+00 -8.976424e+00 -1.035979e+00 -7.710672e+00 6.139013e+01 1.473792e+00 1.004596e+00 4.382247e-01 4.570704e-02 -2.794116e-01 -6.076474e-01 -1.423591e+00 -1.304495e+00 -7.939478e-01 4.135314e-01 6.330575e-01 9.122252e-02 8.693259e-01 -1.371941e-03 -1.559625e-02 -1.706200e-01 -2.062910e-01 -1.617018e-02 1.322041e-01 1.271159e-01 -3.589463e-03 -4.036839e-02 2.540274e-02 1.283254e-01 1.300633e-01 -1.877510e-02
<VARIANCE> 39
 4.581326e+01 3.809256e+01 4.912443e+01 2.840722e+01 3.067947e+01 5.672278e+01 9.033331e+01 8.330021e+01 3.800246e+01 4.992581e+01 6.306026e+01 4.163623e+01 2.024660e+01 9.823433e-01 2.753933e+00 5.067654e+00 4.140761e+00 3.339870e+00 5.051274e+00 4.376225e+00 3.823061e+00 4.785280e+00 7.450123e+00 6.852798e+00 4.414881e+00 5.533519e-01 2.108999e-01 5.103788e-01 6.582574e-01 5.185999e-01 6.348154e-01 1.067477e+00 1.054113e+00 8.324276e-01 9.725429e-01 1.512720e+00 1.010112e+00 6.705979e-01 1.141820e-01
<GCONST> 1.312762e+02
<STATE> 3
<MEAN> 39
 1.859536e+00 -1.120030e+00 -5.251857e+00 -1.241681e+01 -3.774834e+00 -3.685881e+00 -9.087360e+00 -1.519635e+01 -4.414316e+00 -2.352590e+00 1.641470e+00 -6.965173e+00 7.001707e+01 -1.089297e-01 -4.986954e-01 -3.572513e-01 -2.950653e-01 5.350915e-02 3.217071e-01 3.460014e-01 4.885105e-01 4.560729e-01 -1.486474e-01 -7.264169e-01 -3.519718e-01 7.216436e-02 -4.908067e-02 1.628427e-02 6.939591e-02 9.948691e-02 7.121917e-03 -8.128149e-02 -1.640215e-02 2.672965e-02 3.106624e-02 -2.484800e-02 -2.119637e-02 -1.939671e-02 -4.156488e-02
<VARIANCE> 39
 5.579830e+00 9.541827e+01 8.039005e+01 2.810228e+01 4.537221e+01 8.488658e+01 3.234346e+01 1.060790e+02 1.071461e+02 5.922212e+01 1.233457e+02 9.347420e+01 1.748435e+01 2.755542e-01 1.648169e+00 1.349261e+00 1.041877e+00 1.328090e+00 2.412828e+00 2.199551e+00 3.493762e+00 3.622883e+00 3.931417e+00 3.238596e+00 3.679659e+00 4.515572e-01 3.652265e-02 1.524102e-01 1.784826e-01 1.237656e-01 1.974330e-01 2.902212e-01 3.034303e-01 4.920092e-01 4.781770e-01 5.230742e-01 5.550048e-01 5.262818e-01 3.386672e-02
<GCONST> 1.103711e+02
<STATE> 4
<MEAN> 39
 -9.982515e+00 -4.943167e+00 -4.768188e+00 -7.681888e+00 -8.891491e-01 -4.950856e+00 -1.755967e+00 -5.701896e+00 1.043941e+00 -9.447031e+00 -6.445396e+00 -9.191345e+00 6.139643e+01 -6.824653e-01 2.210959e-01 2.475998e-01 3.017115e-01 5.282395e-02 3.730262e-02 6.278249e-01 1.902760e-01 -3.152196e-01 -2.006228e-01 5.798024e-01 4.425820e-01 -6.287487e-01 1.877075e-02 -6.028848e-02 -2.450968e-02 -3.969326e-02 -9.213979e-03 8.812125e-02 2.482105e-02 2.988502e-02 2.596836e-02 5.031804e-02 1.410051e-02 6.375160e-03 4.711752e-02
<VARIANCE> 39
 2.271860e+01 1.268706e+01 2.413872e+01 1.736624e+01 1.372973e+01 3.439026e+01 3.242313e+01 3.718538e+01 2.290369e+01 2.167888e+01 4.541262e+01 3.143755e+01 1.522106e+01 1.527267e-01 4.990940e-01 6.147075e-01 7.307166e-01 1.138043e+00 1.808752e+00 1.324418e+00 1.743830e+00 1.316942e+00 1.446179e+00 1.614045e+00 1.148507e+00 1.340657e-01 1.886831e-02 5.701043e-02 9.695464e-02 1.122547e-01 1.636516e-01 2.083104e-01 2.188651e-01 2.614142e-01 2.023715e-01 2.458024e-01 2.372524e-01 1.974008e-01 6.484732e-03
<GCONST> 8.156686e+01
<TRANSP> 5
 0.000000e+00 1.000000e+00 0.000000e+00 0.000000e+00 0.000000e+00
 0.000000e+00 9.201103e-01 7.988969e-02 0.000000e+00 0.000000e+00
 0.000000e+00 0.000000e+00 9.666663e-01 3.333368e-02 0.000000e+00
 0.000000e+00 0.000000e+00 0.000000e+00 9.515733e-01 4.842675e-02
 0.000000e+00 0.000000e+00 0.000000e+00 0.000000e+00 0.000000e+00
<ENDHMM>
