~o
<STREAMINFO> 1 39
<VECSIZE> 39<NULLD><MFCC_D_A_0><DIAGC>
~h "enam"
<BEGINHMM>
<NUMSTATES> 5
<STATE> 2
<MEAN> 39
 -5.158741e+00 -2.968115e+00 4.805605e-01 -3.205947e+00 -9.478560e-01 -9.691313e+00 -5.698803e+00 -6.038110e+00 -4.080540e-01 -9.625051e+00 -3.469859e+00 -5.495010e+00 6.516967e+01 7.825791e-01 -2.075073e-01 -1.966699e-01 -8.216622e-02 1.758087e-01 -1.665718e-01 -4.349973e-01 1.354126e-01 6.568194e-02 -1.429604e-01 -2.420688e-01 -6.134705e-02 7.015276e-01 2.736328e-03 -8.299544e-03 -1.610372e-02 -6.935924e-03 2.870147e-02 6.445491e-03 1.022841e-02 -8.462339e-03 -2.185753e-02 -2.462782e-02 2.816748e-03 2.421791e-02 8.167865e-03
<VARIANCE> 39
 7.454481e+01 6.186323e+01 5.695999e+01 2.579986e+01 5.261225e+01 6.315379e+01 6.309901e+01 7.419859e+01 4.123929e+01 9.284695e+01 1.015907e+02 4.913954e+01 4.539781e+01 1.660692e+00 4.174029e+00 3.150176e+00 2.367432e+00 3.698541e+00 3.323620e+00 3.321141e+00 4.437305e+00 3.396773e+00 4.294605e+00 3.814477e+00 3.351753e+00 1.355192e+00 2.394886e-01 5.719457e-01 4.155102e-01 3.890818e-01 5.014601e-01 4.914826e-01 5.700992e-01 6.906733e-01 6.385508e-01 7.071691e-01 5.618293e-01 4.883982e-01 2.281297e-01
<GCONST> 1.295159e+02
<STATE> 3
<MEAN> 39
 1.546870e+00 -3.806837e+00 -3.994929e+00 -5.737444e+00 1.983541e+00 -5.632098e+00 -8.488955e+00 -1.180846e+01 -1.986767e+00 -1.203667e+01 -3.619395e+00 -7.154214e+00 7.033337e+01 -2.288859e-01 6.062459e-01 3.874529e-01 1.573511e-01 -5.115072e-02 2.171134e-01 2.159170e-01 -5.515671e-01 -4.085149e-01 -5.532512e-02 1.209589e-01 2.397530e-02 -4.105947e-01 -4.319172e-02 7.195107e-03 2.323193e-02 2.606484e-02 -1.730891e-02 -1.657881e-03 1.507392e-02 3.933774e-02 3.508973e-02 3.466137e-02 2.078010e-03 -1.436098e-02 -3.606824e-02
<VARIANCE> 39
 5.048376e+00 5.532323e+01 5.606034e+01 2.423673e+01 4.732224e+01 4.005655e+01 5.043054e+01 1.019293e+02 8.994180e+01 5.820974e+01 7.946304e+01 5.122164e+01 1.899080e+01 2.261584e-01 1.288494e+00 1.428048e+00 1.103597e+00 1.361315e+00 1.117270e+00 1.836361e+00 2.760711e+00 2.325033e+00 1.513848e+00 1.518017e+00 1.465562e+00 2.693063e-01 2.259820e-02 1.436891e-01 2.075513e-01 1.562674e-01 1.956027e-01 1.954657e-01 3.556507e-01 3.898652e-01 3.526594e-01 2.987973e-01 3.002601e-01 2.145237e-01 2.416702e-02
<GCONST> 9.933130e+01
<STATE> 4
<MEAN> 39
 -1.229252e+01 -5.807356e-01 2.023990e+00 -1.235059e+00 3.453859e+00 -1.136340e+00 1.309249e+00 -9.443830e+00 -4.188201e+00 -9.574528e+00 -1.491141e+00 -7.367324e+00 5.878237e+01 -4.500494e-01 -3.598838e-01 -1.905854e-01 -7.177375e-02 -5.902168e-02 6.090846e-03 1.872445e-01 3.555591e-01 2.653705e-01 1.600824e-01 1.209994e-01 5.860195e-02 -2.302114e-01 3.095868e-02 -9.993093e-03 -1.842147e-02 -2.149540e-02 -3.976850e-03 -3.166875e-03 -2.679867e-02 -3.416814e-02 -1.101590e-02 1.488682e-02 1.729823e-02 3.860533e-03 2.271002e-02
<VARIANCE> 39
 1.589152e+01 1.896666e+01 1.878332e+01 2.551707e+01 2.682483e+01 2.977436e+01 3.145302e+01 4.452644e+01 4.268579e+01 3.347633e+01 3.070981e+01 2.614306e+01 3.881339e+00 2.207567e-01 4.320173e-01 6.899101e-01 1.136633e+00 1.239109e+00 1.412001e+00 1.643486e+00 2.322154e+00 1.698017e+00 1.939942e+00 1.869202e+00 1.737840e+00 1.023747e-01 2.681441e-02 9.643178e-02 1.349596e-01 1.960353e-01 2.016203e-01 2.433450e-01 2.985305e-01 4.601644e-01 3.299991e-01 3.740636e-01 3.472782e-01 3.339399e-01 1.198034e-02
<GCONST> 8.893078e+01
<TRANSP> 5
 0.000000e+00 1.000000e+00 0.000000e+00 0.000000e+00 0.000000e+00
 0.000000e+00 9.604257e-01 3.957430e-02 0.000000e+00 0.000000e+00
 0.000000e+00 0.000000e+00 9.624329e-01 3.756707e-02 0.000000e+00
 0.000000e+00 0.000000e+00 0.000000e+00 9.660395e-01 3.396047e-02
 0.000000e+00 0.000000e+00 0.000000e+00 0.000000e+00 0.000000e+00
<ENDHMM>
