~o
<STREAMINFO> 1 39
<VECSIZE> 39<NULLD><MFCC_D_A_0><DIAGC>
~h "jam"
<BEGINHMM>
<NUMSTATES> 20
<STATE> 2
<MEAN> 39
 -1.681595e+01 -5.729629e+00 -8.607195e-01 -2.003576e+00 3.949957e+00 -3.401052e-01 2.885128e+00 -4.919862e+00 4.625428e-01 -7.994723e+00 -2.270131e+00 -8.106924e+00 5.685470e+01 1.488568e+00 1.913358e+00 1.726512e+00 1.337134e+00 5.835669e-01 -1.746433e-01 -9.201931e-01 -1.463656e+00 -1.831678e+00 -1.286309e+00 -9.739835e-01 -6.458957e-01 5.973290e-01 3.480094e-01 5.753812e-01 4.959338e-01 2.510080e-01 -1.931538e-02 -3.365097e-01 -2.987561e-01 -4.078746e-01 -4.724160e-01 -2.641023e-01 -2.073534e-01 -2.297775e-01 1.852648e-01
<VARIANCE> 39
 4.692541e+00 8.904979e+00 8.752886e+00 1.332774e+01 1.563719e+01 1.305175e+01 2.320482e+01 2.379539e+01 2.047883e+01 1.651303e+01 1.967749e+01 1.682878e+01 8.436062e-01 1.393547e+00 2.925042e+00 2.610535e+00 1.295317e+00 8.508283e-01 1.736926e+00 3.175562e+00 3.347987e+00 4.054981e+00 3.363902e+00 3.286046e+00 2.086043e+00 2.279523e-01 1.543915e-01 2.143137e-01 2.291709e-01 1.715228e-01 1.923677e-01 2.712171e-01 4.494586e-01 4.852850e-01 6.250472e-01 5.303584e-01 3.410933e-01 2.959996e-01 1.732229e-02
<GCONST> 9.312107e+01
<STATE> 3
<MEAN> 39
 -7.411524e+00 6.311874e+00 9.436109e+00 3.800129e+00 4.115188e+00 -4.966749e+00 -3.067541e+00 -1.175737e+01 -7.372302e+00 -1.453508e+01 -6.967385e+00 -1.133976e+01 6.096121e+01 1.897825e-01 1.083420e+00 5.186160e-01 1.509339e-01 4.747933e-01 -8.596448e-01 2.538695e-01 -6.624742e-01 -1.137276e-01 1.301910e-03 -4.289444e-02 1.893555e-02 6.445137e-01 -8.050081e-01 -3.718552e-01 -5.763056e-01 -6.015088e-01 8.368856e-02 -4.299769e-01 4.381534e-01 1.699657e-01 5.088642e-01 4.612447e-01 4.610374e-01 3.403112e-01 1.094831e-01
<VARIANCE> 39
 7.529790e+00 1.013780e+01 8.522969e+00 1.959465e+01 3.348444e+01 4.915461e+01 4.618193e+01 3.136335e+01 5.352364e+01 7.029740e+01 6.705115e+01 4.705305e+01 1.628788e+00 3.864943e+00 2.784900e+00 2.665024e+00 2.043252e+00 1.564371e+00 2.587823e+00 3.004807e+00 2.971595e+00 3.265840e+00 4.700110e+00 2.348658e+00 2.998800e+00 3.685178e-01 1.946076e-01 4.773280e-01 3.536298e-01 4.946352e-01 4.284106e-01 1.074775e+00 4.438246e-01 8.539640e-01 5.727179e-01 7.817272e-01 5.252718e-01 5.267195e-01 1.710749e-01
<GCONST> 1.142158e+02
<STATE> 4
<MEAN> 39
 -1.649232e+01 7.969804e+00 5.481641e+00 -1.404911e+00 1.138786e+01 -1.202450e+01 2.818607e+00 -1.413544e+01 -2.831837e+00 -9.985506e+00 -3.515791e+00 -8.082925e+00 6.526984e+01 -1.421572e+00 1.234817e+00 -1.111858e-01 -2.766393e+00 -1.378475e+00 -5.829161e+00 -7.092755e-01 -3.761557e-01 2.029640e-01 1.296277e+00 3.094253e+00 1.963672e+00 2.517576e+00 1.079924e+00 -6.549720e-01 5.572574e-01 4.944827e-02 -1.976765e+00 -7.780935e-01 -6.422598e-01 1.153211e+00 -5.629759e-01 -1.224900e-01 8.376721e-01 3.228441e-01 3.335751e-01
<VARIANCE> 39
 2.043377e+01 3.491970e+01 3.819164e+01 5.728008e+01 4.373528e+01 7.187617e+01 3.943620e+01 6.496043e+01 6.357657e+01 5.742379e+01 1.016753e+02 5.936073e+01 1.538729e+01 4.066959e+00 1.283479e+00 5.235496e+00 3.780908e+00 1.130562e+01 3.121224e+00 4.385773e+00 8.597187e+00 5.388412e+00 6.582688e+00 8.655003e+00 5.020143e+00 4.055361e-01 5.847238e-01 6.774756e-01 5.947213e-01 1.202854e+00 9.316835e-01 9.350009e-01 4.483313e-01 1.286159e+00 1.510981e+00 8.192961e-01 8.397614e-01 7.926525e-01 1.592592e-01
<GCONST> 1.357699e+02
<STATE> 5
<MEAN> 39
 -1.214453e+01 6.853582e+00 1.180040e+01 -5.518126e+00 -6.891393e+00 -3.102924e+01 -2.150548e+00 -6.773791e+00 -8.151721e+00 -7.604757e+00 1.162320e+01 -7.431682e-01 7.331874e+01 2.864544e+00 -3.373578e+00 1.271615e+00 -5.500628e-02 -5.899168e+00 -3.474971e+00 -4.325428e-01 4.407823e+00 -1.059190e+00 1.237554e-01 2.576280e+00 1.308044e+00 2.397332e+00 3.915909e-01 -1.141930e+00 -7.800553e-01 5.357682e-01 1.026748e+00 1.911073e+00 5.350382e-01 5.495765e-01 5.687408e-01 -2.257337e-01 -1.469489e+00 -8.755464e-01 -3.920386e-01
<VARIANCE> 39
 2.656916e+01 2.726157e+01 7.892921e+01 4.890498e+01 1.297843e+02 2.847628e+01 2.787201e+01 1.353315e+02 2.829222e+01 6.300254e+01 1.824415e+02 5.382211e+01 1.214183e+01 1.198275e+00 2.602029e+00 4.262432e+00 2.513336e+00 7.618743e+00 6.595758e+00 3.705898e+00 5.089300e+00 1.358979e+01 2.615587e+00 6.118367e+00 3.595367e+00 6.698388e-01 7.395630e-01 3.504183e-01 1.049600e+00 7.278729e-01 2.658269e+00 4.263634e-01 3.232169e-01 1.733583e+00 9.681016e-01 8.687516e-01 8.553484e-01 6.013852e-01 6.179783e-02
<GCONST> 1.330741e+02
<STATE> 6
<MEAN> 39
 -5.850716e+00 -4.908652e+00 9.895227e+00 -4.688687e+00 -1.338708e+01 -3.210934e+01 1.662084e-01 5.573464e+00 -6.273258e+00 -8.674723e+00 1.030951e+01 -2.234061e+00 7.737499e+01 1.362927e+00 -3.614544e+00 -2.167156e+00 8.852308e-02 1.219424e+00 1.908315e+00 6.950305e-02 1.852316e+00 1.158008e+00 2.277255e-02 -2.211411e+00 -1.584450e+00 7.548366e-01 -4.133239e-01 4.226768e-01 -6.528509e-01 -1.333080e-01 1.727638e+00 1.193056e+00 -3.020194e-01 -1.386302e+00 9.320883e-02 -3.534106e-03 -9.774849e-01 -6.589157e-01 -4.436150e-01
<VARIANCE> 39
 6.185306e+00 2.013408e+01 9.210592e+01 2.225375e+01 7.069021e+01 5.350635e+01 3.656427e+01 1.018650e+02 7.696242e+01 2.813548e+01 1.867282e+02 4.349503e+01 1.301603e+01 4.366316e-01 9.589837e-01 3.814463e+00 1.906187e+00 4.015178e+00 3.142823e+00 1.584636e+00 5.164554e+00 3.043059e+00 3.598090e+00 1.561913e+00 2.917031e+00 2.143475e-01 5.438230e-02 1.639629e-01 4.882532e-01 2.541648e-01 7.189648e-01 4.230076e-01 3.383214e-01 7.012581e-01 1.013988e+00 2.534555e-01 3.216936e-01 4.246502e-01 4.584641e-02
<GCONST> 1.120900e+02
<STATE> 7
<MEAN> 39
 -2.388064e+00 -1.364568e+01 1.378040e-01 -6.301764e+00 -2.695255e+00 -2.234617e+01 -2.785667e+00 3.553921e+00 -4.188834e+00 -8.134147e+00 -7.238696e-01 -9.721036e+00 7.806252e+01 8.817119e-01 -1.447932e+00 -1.999426e+00 -5.297130e-01 1.979896e+00 3.255765e+00 -5.588902e-01 -8.874345e-01 4.432246e-01 6.025802e-01 -2.297845e+00 -2.475846e+00 -2.796583e-02 -1.143569e-01 6.507741e-01 3.651785e-01 -8.450946e-02 -4.088331e-01 7.825007e-02 -5.204690e-02 -4.542272e-01 -1.031709e-01 3.106178e-01 4.656294e-01 1.091308e-01 -1.841041e-01
<VARIANCE> 39
 3.883570e+00 9.777899e+00 8.200209e+01 7.257249e+00 5.637691e+01 6.588372e+01 4.377198e+01 1.035070e+02 8.363905e+01 3.522715e+01 2.090519e+02 5.579024e+01 9.781440e+00 1.220116e-01 9.148527e-01 9.972923e-01 7.608646e-01 1.483390e+00 2.216242e+00 1.390720e+00 4.300856e+00 1.944280e+00 2.141701e+00 1.623396e+00 1.173785e+00 1.187407e-01 1.844118e-02 6.971303e-02 1.354901e-01 1.546554e-01 1.974740e-01 2.276560e-01 1.674816e-01 4.559216e-01 3.544381e-01 5.157543e-01 2.169931e-01 4.602674e-01 1.668454e-02
<GCONST> 9.413220e+01
<STATE> 8
<MEAN> 39
 7.272870e-02 -1.529137e+01 -4.218453e+00 -8.905788e+00 -1.501524e+00 -7.499668e+00 -4.828028e+00 -2.074837e+00 -3.373313e+00 -1.262461e+00 -2.483033e+00 -1.688598e+01 7.677477e+01 3.698361e-01 4.236276e-01 -6.041692e-01 -4.021047e-01 2.585068e-01 1.554556e+00 -7.027211e-01 -1.335615e+00 6.943713e-01 7.148268e-01 -1.617954e-01 -2.808655e-01 -5.520393e-01 -8.042845e-02 3.168107e-01 2.083314e-01 3.289237e-02 -2.064301e-01 -4.510157e-01 2.412362e-02 8.086708e-02 -5.069675e-02 -1.903655e-01 3.305550e-01 3.181008e-01 -1.074772e-01
<VARIANCE> 39
 2.735979e+00 1.005798e+01 4.711924e+01 7.589251e+00 6.310464e+01 1.336345e+02 3.383804e+01 8.247300e+01 6.911815e+01 1.869988e+01 8.499487e+01 1.938762e+01 8.367669e+00 1.207041e-01 4.713739e-01 3.739586e-01 6.012274e-01 8.289219e-01 1.435110e+00 1.127553e+00 1.167930e+00 1.033136e+00 1.183006e+00 1.221533e+00 1.613404e+00 9.393493e-02 2.077999e-02 4.425494e-02 7.444632e-02 9.044522e-02 1.706471e-01 2.042121e-01 2.026613e-01 3.219686e-01 2.809275e-01 1.464935e-01 1.726969e-01 1.649990e-01 8.639627e-03
<GCONST> 7.956695e+01
<STATE> 9
<MEAN> 39
 1.361483e+00 -1.112447e+01 -6.418131e+00 -1.077865e+01 -5.863563e-02 -5.088246e+00 -7.990238e+00 -7.771990e+00 9.388036e-01 -1.029872e+00 -2.748793e+00 -1.575285e+01 7.376534e+01 5.473947e-02 2.124547e+00 7.688847e-01 2.711965e-01 -4.565332e-01 -1.586812e-01 -4.211295e-01 -1.023685e+00 -5.306994e-01 -3.381770e-01 9.328269e-01 8.470941e-01 -1.222156e+00 -1.289091e-01 2.927209e-01 5.467789e-01 5.284889e-01 9.001072e-02 -3.222979e-01 6.938884e-02 9.979683e-02 -5.612268e-01 -5.288399e-01 -2.566578e-01 2.469477e-01 -7.521572e-02
<VARIANCE> 39
 2.188724e+00 8.256345e+00 5.515351e+01 8.453443e+00 1.953374e+01 9.144791e+01 4.243364e+01 6.767146e+01 4.040163e+01 1.886690e+01 1.189911e+02 1.437549e+01 5.011979e+00 1.033284e-01 3.356033e-01 1.055165e+00 1.077138e+00 2.599970e+00 9.682565e-01 9.871554e-01 3.516812e+00 1.330987e+00 2.029799e+00 1.418583e+00 1.640303e+00 6.961408e-02 2.320576e-02 9.907241e-02 6.542718e-02 8.899110e-02 8.620615e-02 1.372333e-01 1.783844e-01 3.457021e-01 1.951207e-01 5.978662e-01 3.971669e-01 2.825139e-01 1.248075e-02
<GCONST> 8.280332e+01
<STATE> 10
<MEAN> 39
 8.084368e-01 -4.075325e+00 -1.998899e-01 -6.894128e+00 3.024253e-02 -5.167150e+00 -8.097795e+00 -8.941630e+00 -3.599876e+00 -3.736589e+00 -1.048747e+00 -1.315521e+01 7.020028e+01 -1.515855e-01 1.773238e+00 1.173804e+00 8.389500e-01 3.773255e-01 -2.359352e-01 -4.863902e-01 -6.362017e-01 -1.993739e+00 -1.875546e+00 -6.144604e-01 2.387587e-01 -8.545858e-01 -2.620728e-02 -2.329368e-01 -2.127764e-01 -1.187625e-01 1.979530e-01 1.426972e-01 -5.102634e-02 -7.784787e-04 -1.269219e-01 -2.160566e-01 -2.006397e-01 -9.065489e-02 1.376761e-01
<VARIANCE> 39
 2.338999e+00 5.040937e+00 3.712777e+01 1.351524e+01 1.190147e+01 6.195851e+01 4.508505e+01 3.328666e+01 3.283467e+01 3.249847e+01 1.055583e+02 2.409022e+01 2.341774e+00 9.223834e-02 4.403834e-01 1.037619e+00 8.050288e-01 1.595057e+00 1.046121e+00 1.443675e+00 2.874259e+00 1.218968e+00 1.964014e+00 1.377511e+00 2.283694e+00 1.033007e-01 1.274468e-02 4.477937e-02 7.348262e-02 1.590458e-01 1.358231e-01 1.325107e-01 1.645781e-01 1.553519e-01 1.536233e-01 2.416486e-01 2.778928e-01 3.341681e-01 6.928251e-03
<GCONST> 7.800056e+01
<STATE> 11
<MEAN> 39
 3.568555e-01 4.265294e-01 -4.005766e-02 -4.987988e+00 1.893490e+00 -6.207541e+00 -1.029767e+01 -1.357047e+01 -1.073065e+01 -1.272566e+01 -5.957088e+00 -1.351499e+01 6.771841e+01 -2.342115e-01 1.014232e+00 4.213596e-01 5.742947e-01 5.505398e-01 1.163628e-02 -3.215022e-01 -1.078964e+00 -8.514035e-01 -8.032852e-01 1.899587e-01 3.588044e-01 -6.193070e-01 -3.966250e-02 -1.046798e-01 -5.954076e-02 4.143555e-02 8.484559e-03 2.550939e-02 1.332609e-01 1.020741e-02 4.819482e-01 3.960402e-01 1.267104e-01 -4.736711e-02 7.257665e-03
<VARIANCE> 39
 2.988644e+00 4.472296e+00 2.398656e+01 8.420565e+00 2.115610e+01 3.090364e+01 3.238630e+01 5.086796e+01 2.039559e+01 7.012836e+01 1.501554e+02 5.134607e+01 1.492733e+00 1.705938e-01 5.065847e-01 8.642046e-01 7.747248e-01 9.843272e-01 9.452953e-01 8.236817e-01 2.214184e+00 1.499585e+00 1.660660e+00 1.402082e+00 1.855974e+00 4.567912e-02 3.020211e-02 1.107571e-01 1.108408e-01 8.937308e-02 1.207476e-01 2.296688e-01 2.010180e-01 2.463032e-01 2.576398e-01 1.953249e-01 2.429850e-01 3.048555e-01 1.219364e-02
<GCONST> 7.964181e+01
<STATE> 12
<MEAN> 39
 -6.920000e-01 3.768445e+00 1.248997e+00 -2.731236e+00 2.044618e+00 -7.478654e+00 -1.369358e+01 -1.967027e+01 -1.003051e+01 -1.364737e+01 -6.739244e+00 -1.366121e+01 6.528734e+01 -5.554767e-01 6.235378e-01 3.808589e-01 4.359932e-01 5.607543e-01 8.186327e-01 6.377030e-01 -3.189429e-01 2.592463e-01 -4.730944e-01 -7.960778e-02 9.735654e-02 -6.597839e-01 -1.577269e-01 -2.003743e-01 -9.050970e-02 -1.279144e-01 4.038988e-02 1.155083e-01 3.118371e-01 3.618484e-01 1.040264e-01 6.619408e-02 1.279690e-02 6.317478e-02 -3.970535e-02
<VARIANCE> 39
 2.004538e+00 7.102757e+00 2.181675e+01 1.086152e+01 1.322393e+01 1.826379e+01 2.042180e+01 3.018547e+01 2.034908e+01 5.321440e+01 6.460506e+01 4.629165e+01 1.028540e+00 1.145487e-01 2.197934e-01 2.850667e-01 1.028717e+00 5.752692e-01 1.091408e+00 1.651461e+00 9.095254e-01 1.294505e+00 1.177796e+00 1.242810e+00 1.073410e+00 4.614075e-02 1.230552e-02 2.231710e-02 6.953395e-02 1.800719e-01 1.356993e-01 2.066756e-01 2.233123e-01 1.370719e-01 1.653188e-01 3.045563e-01 1.168235e-01 1.410065e-01 3.545025e-03
<GCONST> 6.701962e+01
<STATE> 13
<MEAN> 39
 -3.346307e+00 6.939374e+00 3.268608e+00 -1.191619e+00 1.020759e+01 9.665246e-01 -5.952273e+00 -1.384709e+01 -6.497568e+00 -9.636990e+00 -9.993576e-01 -7.157681e+00 6.258161e+01 -8.087003e-01 3.601667e-01 -2.851388e-01 -3.762239e-02 5.657284e-01 6.119307e-01 3.495530e-01 1.076958e-02 7.682140e-01 9.714109e-02 -4.840247e-01 4.463050e-01 -7.982453e-01 -6.768918e-02 -1.386936e-01 -1.044106e-02 -1.281596e-01 -2.538246e-01 -8.409489e-02 -1.074600e-01 -1.044471e-01 -7.985368e-03 1.694810e-01 -2.553952e-03 -3.278104e-02 1.889607e-02
<VARIANCE> 39
 3.854342e+00 1.287333e+01 2.039552e+01 2.247504e+01 3.451222e+01 3.461155e+01 2.148817e+01 7.722377e+01 2.187890e+01 3.099183e+01 3.943583e+01 3.825492e+01 2.308522e+00 1.738660e-01 4.498294e-01 3.434589e-01 6.477941e-01 1.286520e+00 1.436611e+00 1.213793e+00 9.750292e-01 1.128884e+00 1.204456e+00 1.389418e+00 7.757525e-01 3.577078e-02 9.415076e-03 2.254139e-02 1.001385e-01 1.449267e-01 1.374670e-01 2.601413e-01 2.283860e-01 1.738753e-01 1.562809e-01 2.808705e-01 1.935153e-01 1.942694e-01 4.216370e-03
<GCONST> 7.354360e+01
<STATE> 14
<MEAN> 39
 -6.968493e+00 3.772110e+00 1.818154e+00 -3.154675e+00 2.440435e+00 -4.253737e+00 -7.892943e+00 -1.859952e+01 -9.930535e+00 -1.573673e+01 -9.010517e+00 -1.329393e+01 6.066059e+01 -8.896891e-01 -8.048394e-02 4.619006e-01 3.198115e-01 -1.302494e-01 5.122738e-01 4.750631e-01 -2.666200e-01 1.498214e-01 2.540943e-01 1.275253e-01 9.435710e-02 -5.584742e-01 5.066460e-02 -1.093786e-02 4.154141e-02 1.452342e-01 6.174824e-02 3.636904e-03 4.425169e-02 1.654644e-02 -6.768582e-03 -7.466847e-02 -2.215664e-02 -4.363186e-02 7.022311e-02
<VARIANCE> 39
 2.552952e+00 1.142083e+01 1.158369e+01 1.078634e+01 3.502076e+01 2.625044e+01 2.023550e+01 3.112798e+01 3.283031e+01 6.142800e+01 4.380677e+01 6.077579e+01 1.239868e+00 1.738715e-01 2.731287e-01 4.361223e-01 8.118896e-01 7.677110e-01 1.136191e+00 1.427821e+00 1.533319e+00 1.296430e+00 1.610701e+00 1.259357e+00 1.091323e+00 6.071838e-02 3.049958e-02 6.213195e-02 1.005613e-01 1.686934e-01 1.341928e-01 1.370207e-01 2.920444e-01 3.128255e-01 2.633078e-01 3.839620e-01 2.388795e-01 2.732386e-01 7.840007e-03
<GCONST> 7.706874e+01
<STATE> 15
<MEAN> 39
 -1.091949e+01 2.327867e+00 3.767935e+00 2.742664e-01 4.841430e+00 -1.486019e+00 -4.354375e+00 -1.696276e+01 -8.598691e+00 -1.373722e+01 -6.668656e+00 -1.070665e+01 5.875213e+01 -5.962394e-01 -2.518533e-01 1.325901e-01 1.584522e-01 3.561508e-01 4.469603e-01 7.932879e-01 5.749182e-01 -1.633897e-01 -1.278676e-01 -1.037664e-01 -3.121989e-01 -2.449166e-01 7.535068e-02 3.262620e-02 -4.317847e-02 -1.013234e-01 8.115835e-02 1.698843e-01 4.347093e-02 7.478770e-02 2.954503e-02 2.675797e-02 -1.189798e-01 -1.932613e-01 3.453924e-02
<VARIANCE> 39
 5.639452e+00 2.081683e+01 1.613387e+01 2.264910e+01 3.011424e+01 2.565645e+01 2.148838e+01 3.124219e+01 3.764343e+01 3.914274e+01 1.741589e+01 2.581030e+01 7.629725e-01 1.709549e-01 4.578346e-01 4.781793e-01 8.502422e-01 1.082816e+00 1.203726e+00 1.043498e+00 6.614680e-01 1.862575e+00 2.383562e+00 1.553373e+00 1.697989e+00 4.453564e-02 3.534862e-02 1.106170e-01 1.169482e-01 1.570706e-01 2.010812e-01 2.938367e-01 2.531291e-01 8.279246e-02 4.866788e-01 3.566594e-01 2.466195e-01 1.670326e-01 1.141615e-02
<GCONST> 7.878286e+01
<STATE> 16
<MEAN> 39
 -1.232352e+01 6.704456e+00 4.936626e+00 -1.765167e+00 1.169592e+01 9.311281e+00 -6.949120e-01 -1.737674e+01 -4.599879e+00 -7.574809e+00 -4.604421e+00 -1.135888e+01 5.678714e+01 -6.560390e-01 -6.064736e-01 -1.804641e-01 -4.068099e-01 -1.148902e-01 8.402632e-01 9.610739e-01 3.242294e-01 -3.824431e-03 5.031193e-01 2.465813e-01 -4.887893e-01 -2.457773e-01 3.975204e-02 -1.599407e-01 -1.345531e-01 4.460360e-02 -2.498233e-02 -1.482691e-01 -1.962468e-02 6.424416e-02 3.484347e-02 2.548947e-02 7.207989e-02 2.981423e-01 5.019046e-02
<VARIANCE> 39
 5.582405e+00 1.463517e+01 8.676782e+00 1.794297e+01 4.216520e+01 4.040509e+01 3.056897e+01 6.323523e+01 4.282390e+01 8.000033e+01 3.727662e+01 2.659851e+01 1.233262e+00 1.869046e-01 4.900426e-01 6.874200e-01 1.028070e+00 3.263151e+00 2.601148e+00 1.783984e+00 2.041986e+00 2.791105e+00 1.539472e+00 1.890017e+00 2.106227e+00 5.483860e-02 2.412385e-02 6.587910e-02 8.617486e-02 1.266048e-01 4.509490e-01 2.618062e-01 2.393459e-01 2.876304e-01 4.565858e-01 3.250420e-01 3.022740e-01 2.881284e-01 4.614808e-03
<GCONST> 8.651131e+01
<STATE> 17
<MEAN> 39
 -1.435827e+01 -2.434389e-01 2.750690e+00 -3.760784e-01 8.082019e+00 5.392436e+00 3.906725e+00 -1.115739e+01 -5.987977e+00 -1.293166e+01 -9.113053e+00 -1.461387e+01 5.737629e+01 -3.009620e-01 -4.939415e-01 -5.826191e-01 -9.208400e-02 2.208983e-01 5.408178e-01 8.704785e-01 1.083436e+00 1.346050e+00 9.019093e-01 7.583534e-02 2.169181e-01 -1.353629e-01 -2.021207e-02 -6.217574e-02 -1.061537e-01 -9.573094e-02 -2.277523e-01 -3.575504e-01 -2.850172e-01 1.669881e-01 2.821808e-02 1.539900e-03 2.702727e-01 7.208318e-02 -1.786977e-02
<VARIANCE> 39
 1.270902e+00 6.353433e+00 8.516770e+00 2.472284e+01 1.725095e+01 1.983846e+01 3.356184e+01 3.505926e+01 3.907723e+01 6.442421e+01 7.739688e+01 2.306290e+01 6.463717e-01 1.265346e-01 7.202467e-01 1.133958e+00 9.070447e-01 1.569676e+00 1.216771e+00 1.925531e+00 1.505825e+00 1.172268e+00 2.805269e+00 2.694439e+00 1.135607e+00 4.139376e-02 1.546365e-02 8.564137e-02 1.465215e-01 1.474045e-01 3.866968e-01 1.689990e-01 3.023570e-01 4.589861e-01 3.660408e-01 7.354472e-01 3.761370e-01 1.838016e-01 6.091014e-03
<GCONST> 8.112218e+01
<STATE> 18
<MEAN> 39
 -1.505274e+01 -1.467664e+00 -4.286447e-01 -1.903595e+00 8.734696e+00 6.429060e+00 4.691226e+00 -6.517818e+00 -9.455035e-01 -6.967588e+00 -2.148727e+00 -1.016987e+01 5.690615e+01 -3.137680e-01 -8.200894e-01 -3.473057e-01 -4.360866e-02 -5.974969e-01 -9.911121e-01 -4.230601e-01 7.784524e-01 3.228928e-01 -4.070715e-01 3.783590e-01 7.889608e-01 -6.198792e-02 -5.645720e-02 1.911840e-02 3.227638e-01 1.428370e-01 4.669116e-03 -1.624056e-01 -8.869436e-02 -3.269692e-01 -3.533653e-01 -3.806140e-01 -2.384066e-01 -9.248198e-02 -2.113982e-02
<VARIANCE> 39
 1.258683e+00 5.435121e+00 8.314951e+00 3.016966e+01 1.906738e+01 2.045337e+01 1.798751e+01 3.089371e+01 1.934065e+01 2.013768e+01 4.771259e+01 4.638832e+01 6.353073e-01 1.832523e-01 4.296394e-01 7.556131e-01 9.856757e-01 1.618126e+00 1.224296e+00 8.181535e-01 2.036572e+00 1.466792e+00 1.896560e+00 2.075420e+00 1.580401e+00 5.294915e-02 3.590767e-02 3.544863e-02 1.242625e-01 1.394668e-01 2.766575e-01 2.783955e-01 1.814795e-01 1.849206e-01 2.893894e-01 1.778512e-01 5.007472e-01 4.780188e-01 9.258134e-03
<GCONST> 7.649653e+01
<STATE> 19
<MEAN> 39
 -1.811391e+01 -3.953592e+00 1.684329e+00 5.975955e-01 9.478009e+00 5.142927e+00 4.071119e+00 -7.335854e+00 -3.710402e+00 -1.167454e+01 -6.412780e+00 -1.163136e+01 5.551986e+01 -5.025892e-01 -6.276764e-01 6.185380e-02 2.898496e-01 8.402071e-02 4.902247e-02 4.491230e-01 3.026762e-01 7.222757e-02 1.048772e-01 -2.203788e-01 -3.110641e-01 -1.630097e-01 7.864255e-02 1.003801e-01 -2.377887e-02 -4.453529e-02 1.660777e-02 1.049133e-01 1.649599e-02 -1.210962e-01 3.508808e-02 1.125269e-01 4.609636e-02 1.320945e-02 3.206092e-02
<VARIANCE> 39
 4.033498e+00 1.258599e+01 1.105219e+01 2.860019e+01 3.363474e+01 3.250282e+01 2.545520e+01 2.381386e+01 3.183646e+01 2.641337e+01 2.501036e+01 3.694109e+01 7.936291e-01 2.330928e-01 3.352101e-01 8.173954e-01 6.239342e-01 7.660936e-01 1.741892e+00 1.547588e+00 2.276285e+00 1.765601e+00 2.816373e+00 2.805997e+00 3.280757e+00 5.660306e-02 4.281915e-02 5.789519e-02 1.357666e-01 1.025775e-01 2.276004e-01 4.104606e-01 3.907812e-01 3.192664e-01 3.468533e-01 4.810688e-01 4.559129e-01 6.332787e-01 1.084215e-02
<GCONST> 8.509065e+01
<TRANSP> 20
 0.000000e+00 1.000000e+00 0.000000e+00 0.000000e+00 0.000000e+00 0.000000e+00 0.000000e+00 0.000000e+00 0.000000e+00 0.000000e+00 0.000000e+00 0.000000e+00 0.000000e+00 0.000000e+00 0.000000e+00 0.000000e+00 0.000000e+00 0.000000e+00 0.000000e+00 0.000000e+00
 0.000000e+00 7.330698e-01 2.669302e-01 0.000000e+00 0.000000e+00 0.000000e+00 0.000000e+00 0.000000e+00 0.000000e+00 0.000000e+00 0.000000e+00 0.000000e+00 0.000000e+00 0.000000e+00 0.000000e+00 0.000000e+00 0.000000e+00 0.000000e+00 0.000000e+00 0.000000e+00
 0.000000e+00 0.000000e+00 8.065748e-01 1.934252e-01 0.000000e+00 0.000000e+00 0.000000e+00 0.000000e+00 0.000000e+00 0.000000e+00 0.000000e+00 0.000000e+00 0.000000e+00 0.000000e+00 0.000000e+00 0.000000e+00 0.000000e+00 0.000000e+00 0.000000e+00 0.000000e+00
 0.000000e+00 0.000000e+00 0.000000e+00 6.672436e-01 3.327564e-01 0.000000e+00 0.000000e+00 0.000000e+00 0.000000e+00 0.000000e+00 0.000000e+00 0.000000e+00 0.000000e+00 0.000000e+00 0.000000e+00 0.000000e+00 0.000000e+00 0.000000e+00 0.000000e+00 0.000000e+00
 0.000000e+00 0.000000e+00 0.000000e+00 0.000000e+00 6.358574e-01 3.641426e-01 0.000000e+00 0.000000e+00 0.000000e+00 0.000000e+00 0.000000e+00 0.000000e+00 0.000000e+00 0.000000e+00 0.000000e+00 0.000000e+00 0.000000e+00 0.000000e+00 0.000000e+00 0.000000e+00
 0.000000e+00 0.000000e+00 0.000000e+00 0.000000e+00 0.000000e+00 6.249490e-01 3.750510e-01 0.000000e+00 0.000000e+00 0.000000e+00 0.000000e+00 0.000000e+00 0.000000e+00 0.000000e+00 0.000000e+00 0.000000e+00 0.000000e+00 0.000000e+00 0.000000e+00 0.000000e+00
 0.000000e+00 0.000000e+00 0.000000e+00 0.000000e+00 0.000000e+00 0.000000e+00 7.481918e-01 2.518082e-01 0.000000e+00 0.000000e+00 0.000000e+00 0.000000e+00 0.000000e+00 0.000000e+00 0.000000e+00 0.000000e+00 0.000000e+00 0.000000e+00 0.000000e+00 0.000000e+00
 0.000000e+00 0.000000e+00 0.000000e+00 0.000000e+00 0.000000e+00 0.000000e+00 0.000000e+00 8.184426e-01 1.815574e-01 0.000000e+00 0.000000e+00 0.000000e+00 0.000000e+00 0.000000e+00 0.000000e+00 0.000000e+00 0.000000e+00 0.000000e+00 0.000000e+00 0.000000e+00
 0.000000e+00 0.000000e+00 0.000000e+00 0.000000e+00 0.000000e+00 0.000000e+00 0.000000e+00 0.000000e+00 6.033732e-01 3.966268e-01 0.000000e+00 0.000000e+00 0.000000e+00 0.000000e+00 0.000000e+00 0.000000e+00 0.000000e+00 0.000000e+00 0.000000e+00 0.000000e+00
 0.000000e+00 0.000000e+00 0.000000e+00 0.000000e+00 0.000000e+00 0.000000e+00 0.000000e+00 0.000000e+00 0.000000e+00 7.028651e-01 2.971349e-01 0.000000e+00 0.000000e+00 0.000000e+00 0.000000e+00 0.000000e+00 0.000000e+00 0.000000e+00 0.000000e+00 0.000000e+00
 0.000000e+00 0.000000e+00 0.000000e+00 0.000000e+00 0.000000e+00 0.000000e+00 0.000000e+00 0.000000e+00 0.000000e+00 0.000000e+00 7.432405e-01 2.567595e-01 0.000000e+00 0.000000e+00 0.000000e+00 0.000000e+00 0.000000e+00 0.000000e+00 0.000000e+00 0.000000e+00
 0.000000e+00 0.000000e+00 0.000000e+00 0.000000e+00 0.000000e+00 0.000000e+00 0.000000e+00 0.000000e+00 0.000000e+00 0.000000e+00 0.000000e+00 7.061722e-01 2.938278e-01 0.000000e+00 0.000000e+00 0.000000e+00 0.000000e+00 0.000000e+00 0.000000e+00 0.000000e+00
 0.000000e+00 0.000000e+00 0.000000e+00 0.000000e+00 0.000000e+00 0.000000e+00 0.000000e+00 0.000000e+00 0.000000e+00 0.000000e+00 0.000000e+00 0.000000e+00 7.207717e-01 2.792283e-01 0.000000e+00 0.000000e+00 0.000000e+00 0.000000e+00 0.000000e+00 0.000000e+00
 0.000000e+00 0.000000e+00 0.000000e+00 0.000000e+00 0.000000e+00 0.000000e+00 0.000000e+00 0.000000e+00 0.000000e+00 0.000000e+00 0.000000e+00 0.000000e+00 0.000000e+00 7.277628e-01 2.722372e-01 0.000000e+00 0.000000e+00 0.000000e+00 0.000000e+00 0.000000e+00
 0.000000e+00 0.000000e+00 0.000000e+00 0.000000e+00 0.000000e+00 0.000000e+00 0.000000e+00 0.000000e+00 0.000000e+00 0.000000e+00 0.000000e+00 0.000000e+00 0.000000e+00 0.000000e+00 8.142089e-01 1.857911e-01 0.000000e+00 0.000000e+00 0.000000e+00 0.000000e+00
 0.000000e+00 0.000000e+00 0.000000e+00 0.000000e+00 0.000000e+00 0.000000e+00 0.000000e+00 0.000000e+00 0.000000e+00 0.000000e+00 0.000000e+00 0.000000e+00 0.000000e+00 0.000000e+00 0.000000e+00 7.424109e-01 2.575891e-01 0.000000e+00 0.000000e+00 0.000000e+00
 0.000000e+00 0.000000e+00 0.000000e+00 0.000000e+00 0.000000e+00 0.000000e+00 0.000000e+00 0.000000e+00 0.000000e+00 0.000000e+00 0.000000e+00 0.000000e+00 0.000000e+00 0.000000e+00 0.000000e+00 0.000000e+00 6.823887e-01 3.176113e-01 0.000000e+00 0.000000e+00
 0.000000e+00 0.000000e+00 0.000000e+00 0.000000e+00 0.000000e+00 0.000000e+00 0.000000e+00 0.000000e+00 0.000000e+00 0.000000e+00 0.000000e+00 0.000000e+00 0.000000e+00 0.000000e+00 0.000000e+00 0.000000e+00 0.000000e+00 6.270576e-01 3.729424e-01 0.000000e+00
 0.000000e+00 0.000000e+00 0.000000e+00 0.000000e+00 0.000000e+00 0.000000e+00 0.000000e+00 0.000000e+00 0.000000e+00 0.000000e+00 0.000000e+00 0.000000e+00 0.000000e+00 0.000000e+00 0.000000e+00 0.000000e+00 0.000000e+00 0.000000e+00 7.811693e-01 2.188307e-01
 0.000000e+00 0.000000e+00 0.000000e+00 0.000000e+00 0.000000e+00 0.000000e+00 0.000000e+00 0.000000e+00 0.000000e+00 0.000000e+00 0.000000e+00 0.000000e+00 0.000000e+00 0.000000e+00 0.000000e+00 0.000000e+00 0.000000e+00 0.000000e+00 0.000000e+00 0.000000e+00
<ENDHMM>
