~o
<STREAMINFO> 1 39
<VECSIZE> 39<NULLD><MFCC_D_A_0><DIAGC>
~h "lebih"
<BEGINHMM>
<NUMSTATES> 20
<STATE> 2
<MEAN> 39
 -1.655962e+01 -5.573859e+00 -2.147667e+00 -4.085570e+00 -5.221265e-03 -4.702550e+00 2.597062e-01 -6.377341e+00 -1.086032e+00 -7.752140e+00 -1.901930e-01 -5.878400e+00 5.700000e+01 2.408529e+00 1.996179e+00 1.413212e+00 6.675419e-01 -7.866991e-01 -1.861137e+00 -2.253328e+00 -2.128996e+00 -1.039933e+00 -1.791076e-01 -3.950800e-01 -2.158760e-01 1.206270e+00 7.674219e-01 1.965915e-01 8.285429e-02 -1.804636e-01 -3.775292e-01 -4.597919e-01 -8.155303e-01 -6.139526e-01 2.078211e-01 7.227588e-01 -1.521051e-01 -2.951045e-01 5.627671e-01
<VARIANCE> 39
 6.598779e+00 1.142467e+01 1.075834e+01 1.042173e+01 8.005021e+00 7.025094e+00 1.282802e+01 1.520597e+01 1.225927e+01 1.803742e+01 2.097816e+01 1.628250e+01 1.125766e+00 2.372230e+00 2.021493e+00 1.819983e+00 1.974078e+00 3.043415e+00 4.232779e+00 6.572802e+00 4.647554e+00 3.259996e+00 5.685288e+00 3.398889e+00 3.310521e+00 8.064337e-01 1.243575e-01 2.781241e-01 3.120524e-01 4.518323e-01 6.292410e-01 6.183943e-01 5.250301e-01 8.900850e-01 4.837923e-01 6.961636e-01 6.164894e-01 4.361050e-01 8.868194e-02
<GCONST> 1.034674e+02
<STATE> 3
<MEAN> 39
 -3.984849e+00 3.525167e+00 4.977074e+00 -2.102164e+00 -2.822038e+00 -1.450332e+01 -1.567543e+01 -1.701443e+01 -2.063957e+00 -3.057135e+00 -5.299862e-01 -8.763704e+00 6.413057e+01 2.797898e+00 3.660554e-01 3.217565e-01 -5.784909e-01 -1.058555e+00 -1.863640e+00 -3.549840e+00 -6.987344e-01 2.195093e+00 3.016472e+00 3.678263e-03 -1.328495e+00 2.371985e+00 -5.686719e-01 -1.038536e+00 -6.218035e-01 -3.445632e-01 2.714860e-01 8.204700e-01 6.900508e-01 1.079078e+00 8.348388e-01 3.221597e-01 9.845349e-02 -1.543116e-01 -1.314416e-02
<VARIANCE> 39
 8.718488e+00 8.785969e+00 2.187318e+01 2.391197e+01 8.056540e+01 4.124625e+01 4.971952e+01 3.733363e+01 2.889810e+01 6.968034e+01 3.785242e+01 3.663548e+01 7.447559e+00 1.795898e+00 3.591158e+00 2.967220e+00 2.541864e+00 7.671678e+00 1.038128e+01 4.699259e+00 1.316792e+01 3.740106e+00 5.791948e+00 6.761314e+00 3.934864e+00 1.020252e+00 1.063875e-01 1.479086e-01 3.572017e-01 3.162369e-01 7.877030e-01 9.677899e-01 7.050179e-01 1.022848e+00 9.496335e-01 1.482790e+00 6.789197e-01 8.009137e-01 8.476986e-02
<GCONST> 1.238589e+02
<STATE> 4
<MEAN> 39
 6.580577e-01 -4.508782e+00 1.029997e+00 -7.016148e+00 -6.258655e+00 -1.208172e+01 -1.864414e+01 -1.198101e+01 8.570065e+00 7.154565e+00 -1.404423e+00 -1.327281e+01 7.239341e+01 7.958612e-01 -1.220251e+00 -5.838790e-01 -4.281166e-01 1.860330e-01 1.224534e+00 -3.953278e-01 3.800553e-02 2.482065e-01 2.243509e-01 5.088585e-02 1.139134e-01 1.066979e+00 -5.306883e-01 6.009122e-01 2.412670e-01 4.803908e-01 6.815366e-01 4.913326e-01 8.760673e-01 -2.697255e-01 -1.124075e+00 -1.232312e+00 4.122499e-02 4.385492e-01 -8.501813e-01
<VARIANCE> 39
 3.244982e+00 2.025587e+01 7.607157e+01 1.777998e+01 1.576130e+02 2.157115e+02 1.270067e+02 1.895107e+02 4.188263e+01 1.020378e+02 1.142207e+02 3.377361e+01 1.643522e+01 4.499953e-01 2.316624e+00 2.407835e+00 1.440333e+00 3.354673e+00 4.737004e+00 3.348024e+00 9.503498e+00 6.567650e+00 7.254763e+00 4.974182e+00 3.735869e+00 1.489493e+00 1.852801e-01 3.792833e-01 4.837732e-01 2.500187e-01 8.386904e-01 1.871652e+00 6.794763e-01 1.475592e+00 5.482219e-01 8.848516e-01 1.121628e+00 8.155282e-01 1.359659e-01
<GCONST> 1.305861e+02
<STATE> 5
<MEAN> 39
 1.020540e+00 -1.867782e+00 1.093969e+00 -5.976730e+00 -2.554843e+00 -6.904510e+00 -1.505858e+01 -1.452437e+01 3.056697e+00 1.718193e+00 -4.775777e-01 -1.158369e+01 7.019447e+01 -5.062492e-01 1.376690e+00 5.767884e-01 6.431144e-01 1.223864e+00 6.379030e-01 1.787657e+00 1.799495e-01 -7.733409e-01 -2.339983e+00 -9.691954e-01 -6.137388e-01 -1.199415e+00 -3.015695e-01 1.264614e-01 1.956953e-01 5.631619e-02 -3.088946e-01 -4.227912e-01 2.335697e-01 3.708538e-01 2.478665e-01 -3.714506e-02 -1.851247e-01 -1.756921e-01 -1.907503e-01
<VARIANCE> 39
 3.575509e+00 1.127691e+01 4.041783e+01 1.596659e+01 8.951850e+01 1.345377e+02 1.106402e+02 1.664735e+02 3.096146e+01 8.948106e+01 1.089081e+02 3.655499e+01 1.177487e+01 2.060944e-01 4.319629e-01 1.342120e+00 5.356094e-01 2.710707e+00 3.947121e+00 2.316994e+00 2.779737e+00 1.632159e+00 2.803254e+00 3.173803e+00 2.695539e+00 2.663403e-01 6.221693e-02 1.523595e-01 1.538554e-01 1.173245e-01 2.254773e-01 2.038392e-01 4.419525e-01 4.730168e-01 3.825005e-01 7.002881e-01 7.528918e-01 6.557302e-01 8.470343e-02
<GCONST> 1.057614e+02
<STATE> 6
<MEAN> 39
 -2.560923e+00 2.027727e+00 3.204595e+00 -2.854730e+00 -1.135497e+00 -9.908138e+00 -1.015866e+01 -1.132955e+01 1.218186e+00 -5.043342e+00 -3.807385e+00 -1.222223e+01 6.543076e+01 -7.624361e-01 6.077963e-01 4.402152e-01 5.050585e-01 2.713976e-01 2.229433e-01 1.117147e+00 6.974228e-01 -8.024309e-01 -7.502213e-01 -1.949726e-02 1.165127e-01 -8.315157e-01 3.320642e-02 -1.219987e-01 -1.794406e-02 -3.198893e-02 7.746036e-03 4.223259e-02 -1.568218e-01 4.642484e-03 -5.433569e-02 1.212218e-01 1.300288e-01 9.909701e-02 1.035280e-01
<VARIANCE> 39
 5.343969e+00 4.979677e+00 1.455230e+01 1.514617e+01 3.939785e+01 4.351148e+01 3.699871e+01 8.287399e+01 2.749930e+01 3.494783e+01 7.774942e+01 3.380074e+01 6.400974e+00 9.976138e-02 3.068948e-01 4.357512e-01 7.035052e-01 7.594029e-01 1.736622e+00 1.595091e+00 1.643891e+00 1.137759e+00 1.469307e+00 2.196871e+00 1.242399e+00 7.554741e-02 1.963917e-02 6.388325e-02 6.167493e-02 1.282982e-01 9.574242e-02 1.812800e-01 2.151314e-01 3.049587e-01 1.686724e-01 2.855731e-01 3.937518e-01 2.949498e-01 6.964049e-03
<GCONST> 7.948337e+01
<STATE> 7
<MEAN> 39
 -4.236682e+00 4.162629e+00 4.792816e+00 -1.996136e+00 3.640232e-01 -7.166692e+00 -7.037114e+00 -9.765434e+00 -7.416714e-01 -7.397101e+00 -3.964932e+00 -1.179993e+01 6.329522e+01 -4.841202e-01 -9.103535e-02 9.069062e-01 1.052771e+00 -7.584346e-02 -7.327965e-01 2.609158e-01 6.101631e-01 -5.429355e-01 -1.530435e+00 1.996814e-01 5.155867e-01 -1.389074e-01 1.776415e-01 -3.976861e-01 5.260963e-01 2.860102e-01 -9.970351e-01 -1.177569e+00 -4.262508e-01 -1.843877e-02 -5.356616e-01 -7.390004e-02 6.975603e-01 4.029945e-01 4.620557e-01
<VARIANCE> 39
 5.497401e+00 4.324004e+00 5.709333e+00 1.576876e+01 2.313081e+01 2.314429e+01 3.725906e+01 4.161890e+01 2.024665e+01 2.179597e+01 3.801912e+01 1.395521e+01 3.036518e+00 1.157155e-01 5.486557e-01 8.730214e-01 1.347363e+00 1.106987e+00 4.673161e+00 2.279338e+00 2.231908e+00 2.252883e+00 1.933892e+00 2.991930e+00 2.134216e+00 2.299857e-01 3.984923e-02 1.065464e-01 3.552805e-01 2.817877e-01 7.907881e-01 2.940701e-01 5.328474e-01 6.722116e-01 5.796117e-01 6.578816e-01 8.394485e-01 3.004446e-01 4.744010e-02
<GCONST> 9.334267e+01
<STATE> 8
<MEAN> 39
 -5.473336e+00 1.578540e+00 9.024256e+00 3.424182e+00 -2.951244e+00 -1.482170e+01 -6.736035e+00 -7.195705e+00 -6.285474e+00 -1.265075e+01 1.769905e-01 -8.608012e+00 6.446881e+01 2.184855e-01 -9.828178e-01 2.954836e+00 1.168324e+00 -4.756007e+00 -3.904829e+00 -2.518843e-01 -7.183463e-02 -3.488179e+00 -4.653003e-01 3.280665e+00 1.668682e+00 1.354213e+00 1.667019e-01 7.043111e-02 4.634280e-01 -4.567759e-01 -1.144671e+00 3.045320e-01 -9.958118e-02 -6.035724e-01 -8.324341e-02 8.812146e-01 3.863698e-01 -1.176833e-01 2.999191e-01
<VARIANCE> 39
 7.105272e+00 9.552482e+00 2.645170e+01 3.035464e+01 6.485953e+01 6.513387e+01 2.709155e+01 7.529087e+01 6.326946e+01 2.603473e+01 4.476055e+01 2.850419e+01 7.410928e+00 3.800669e-01 1.384551e+00 3.654382e+00 5.043324e+00 7.397181e+00 2.129259e+00 5.389853e+00 7.723939e+00 5.327074e+00 6.462152e+00 5.090716e+00 2.544597e+00 3.865059e-01 7.943420e-02 2.548725e-01 3.283686e-01 6.781021e-01 8.222720e-01 1.432252e+00 5.898946e-01 5.826834e-01 8.431711e-01 2.626688e-01 8.863225e-01 6.509845e-01 9.567034e-02
<GCONST> 1.183103e+02
<STATE> 9
<MEAN> 39
 -4.555864e+00 -9.408052e-01 2.083045e+01 2.484593e+00 -2.089823e+01 -1.943487e+01 -7.751426e+00 -8.702595e+00 -1.482243e+01 -8.967456e+00 1.138949e+01 -7.664627e+00 6.982629e+01 -1.438254e-01 1.398654e-01 2.327153e+00 -6.392113e-01 -3.630583e+00 5.826504e-01 -7.216330e-01 -1.501979e+00 -5.683389e-01 1.102317e+00 1.257017e+00 6.796764e-01 8.304931e-01 -2.078404e-01 4.391097e-01 -7.800046e-01 -2.461223e-01 1.529524e+00 1.233942e+00 -1.330471e-01 -1.134378e-01 9.927356e-01 -1.443351e-01 -9.358026e-01 -1.574697e-01 -4.899465e-01
<VARIANCE> 39
 3.863283e+00 1.488536e+01 9.097579e+01 6.872546e+01 1.638120e+02 2.986842e+01 8.021504e+01 2.759843e+02 4.433634e+01 7.786528e+01 1.165858e+02 2.577513e+01 1.426812e+01 7.522135e-01 1.009520e+00 2.981282e+00 4.327517e+00 8.206903e+00 5.076175e+00 2.727470e+00 4.763762e+00 5.177464e+00 3.909932e+00 3.918090e+00 4.601204e+00 6.334985e-01 4.506898e-02 1.228006e-01 3.301279e-01 6.789026e-01 8.060292e-01 6.244442e-01 5.261755e-01 1.174116e+00 5.733678e-01 9.180101e-01 5.565370e-01 8.542012e-01 4.158542e-02
<GCONST> 1.233767e+02
<STATE> 10
<MEAN> 39
 -7.526349e+00 3.879638e+00 1.685837e+01 -2.696769e+00 -1.110122e+01 -1.320757e+01 -9.767114e+00 -1.219143e+01 -5.758580e+00 -1.298310e+01 7.633435e+00 -2.557177e+00 6.826096e+01 -7.957118e-01 6.273903e-01 2.968277e-01 -5.788516e-01 8.136389e-01 1.304935e+00 2.162519e-01 -4.246288e-01 5.310384e-01 -3.388057e-01 3.111920e-01 4.580104e-03 -3.324203e-01 1.819642e-02 8.899232e-03 -2.243374e-01 2.361459e-01 6.656424e-01 6.020100e-02 2.334301e-01 1.761798e-01 -5.339579e-02 -1.008750e-02 -2.104713e-01 -3.311458e-01 -2.052847e-01
<VARIANCE> 39
 2.522009e+01 2.100742e+01 8.411888e+01 1.131541e+02 3.815924e+02 3.727732e+01 7.036324e+01 8.547559e+01 8.779935e+01 9.194683e+01 8.603345e+01 2.131587e+01 9.493301e+00 7.963333e-01 3.011691e-01 6.087249e-01 1.827213e+00 1.838387e+00 1.139388e+00 3.232064e+00 1.384321e+00 1.200006e+00 2.270386e+00 2.297275e+00 2.452986e+00 1.899323e-01 1.688408e-01 3.975179e-02 2.080946e-01 3.942057e-01 7.681294e-01 4.779116e-01 5.277011e-01 2.808775e-01 5.804234e-01 6.057224e-01 2.814787e-01 4.945178e-01 5.141313e-02
<GCONST> 1.097221e+02
<STATE> 11
<MEAN> 39
 -7.407415e+00 3.974291e+00 2.360427e+01 3.343042e+00 -1.782213e+01 -1.060700e+01 -7.439057e+00 -1.337615e+01 -1.305696e+01 -6.953518e+00 1.258128e+01 -7.627218e+00 6.805131e+01 -1.218929e-01 6.854004e-01 -4.888380e-01 4.721320e-02 2.091328e+00 6.046405e-01 5.340250e-01 -1.174608e-01 6.902697e-01 2.454148e-01 -5.126646e-01 3.594345e-01 -7.627608e-01 -5.650846e-02 -1.482564e-01 -2.951370e-01 6.235152e-02 2.587982e-01 -1.175604e-01 3.146288e-01 1.160872e-01 1.259155e-01 -9.814328e-02 -2.289062e-01 2.523189e-01 -9.382296e-02
<VARIANCE> 39
 1.409984e+01 1.144219e+01 5.113587e+01 6.609278e+01 1.570445e+02 3.450986e+01 3.316335e+01 8.191286e+01 3.366462e+01 5.067650e+01 7.837506e+01 3.208592e+01 5.642941e+00 2.306736e-01 3.860900e-01 8.969603e-01 1.340105e+00 2.729930e+00 1.467967e+00 1.935928e+00 1.390153e+00 1.837279e+00 1.085743e+00 1.199428e+00 1.978321e+00 2.697831e-01 5.696192e-02 6.819509e-02 8.931781e-02 1.298151e-01 2.468967e-01 2.741983e-01 2.911991e-01 2.334983e-01 1.777252e-01 2.007764e-01 1.503573e-01 3.770916e-01 1.563975e-02
<GCONST> 9.303158e+01
<STATE> 12
<MEAN> 39
 -7.418152e+00 5.492150e+00 1.638128e+01 8.354500e-01 -7.002836e+00 -1.046613e+01 -6.791373e+00 -1.363802e+01 -6.688250e+00 -8.245960e+00 4.045236e+00 -4.619624e+00 6.399461e+01 -7.908224e-01 -2.150404e-01 -9.278103e-01 8.393583e-02 1.360472e+00 1.226722e+00 6.272764e-01 -8.685712e-01 4.510358e-01 8.311962e-02 -1.244037e+00 2.733861e-01 -5.417296e-01 -1.097431e-01 -2.580131e-01 -1.051580e-01 -2.224078e-01 -1.925298e-01 -7.948488e-02 -7.106303e-02 -8.026049e-02 -7.919688e-02 -1.205813e-02 9.983963e-02 4.922747e-02 1.051116e-01
<VARIANCE> 39
 8.275582e+00 7.879662e+00 4.211401e+01 2.507377e+01 7.577280e+01 1.966064e+01 3.313550e+01 9.174107e+01 1.983267e+01 8.752085e+01 6.548003e+01 2.229019e+01 3.094448e+00 3.356857e-01 2.808492e-01 8.754886e-01 1.441682e+00 1.329082e+00 1.183861e+00 1.273058e+00 2.935579e+00 2.192418e+00 2.139296e+00 2.594616e+00 1.409954e+00 9.433778e-02 3.630442e-02 3.710014e-02 7.261743e-02 6.263215e-02 1.725395e-01 2.217009e-01 1.640945e-01 3.966564e-01 2.482812e-01 2.900564e-01 2.887660e-01 3.025318e-01 2.014627e-02
<GCONST> 8.717032e+01
<STATE> 13
<MEAN> 39
 -1.274323e+01 2.545105e-01 1.246305e+01 -9.367084e-01 -6.237062e+00 -5.216478e+00 -6.179988e+00 -2.202983e+01 -4.952207e+00 -6.836047e+00 1.289257e-01 -2.706562e+00 6.389827e+01 -7.507498e-01 -6.496730e-01 -8.824247e-01 -4.534955e-01 1.368227e+00 5.690778e-01 2.585122e-01 -5.908170e-01 3.980374e-01 -2.552531e-01 -6.929027e-01 5.050351e-01 -2.938555e-01 9.592866e-02 5.770859e-02 1.396108e-01 3.264219e-02 -1.847669e-01 -2.355981e-01 -2.409614e-01 2.205325e-01 -2.074648e-01 -2.919518e-01 8.303224e-02 -1.816661e-01 -3.725637e-04
<VARIANCE> 39
 1.097707e+01 3.489023e+01 5.482513e+01 2.278938e+01 6.927939e+01 1.318873e+01 2.628489e+01 4.582435e+01 1.757274e+01 6.346619e+01 2.793639e+01 5.148341e+01 4.880297e+00 5.122086e-01 1.583522e+00 1.168409e+00 1.641870e+00 1.285033e+00 1.095908e+00 8.167652e-01 1.604822e+00 1.401698e+00 1.295149e+00 3.162140e+00 1.910404e+00 5.049221e-01 7.097807e-02 3.099313e-01 2.346236e-01 2.061215e-01 2.074442e-01 2.591341e-01 1.696697e-01 1.630332e-01 4.165666e-01 3.548214e-01 4.559239e-01 1.638195e-01 8.915979e-02
<GCONST> 9.702639e+01
<STATE> 14
<MEAN> 39
 -1.250605e+01 2.522382e-01 7.621258e+00 -4.252651e-01 -4.011006e+00 -7.901958e+00 -7.115647e+00 -1.875117e+01 -7.001422e+00 -8.928584e+00 -9.453708e-02 -2.364498e+00 6.049914e+01 -4.251832e-01 -4.290325e-01 -7.758917e-01 4.185271e-02 1.121014e+00 9.729023e-02 -1.185350e-01 3.896193e-01 -3.017948e-01 -9.522359e-01 -4.753468e-01 -1.144803e-01 -4.865041e-01 4.436010e-02 6.947364e-02 7.103597e-02 1.688031e-01 1.534286e-01 1.445207e-01 1.760426e-01 1.808275e-01 9.398690e-02 -1.004408e-02 -4.864870e-02 -5.008168e-02 2.260072e-02
<VARIANCE> 39
 5.427900e+00 8.659070e+00 2.959605e+01 2.177338e+01 4.076426e+01 1.426407e+01 1.436543e+01 2.692362e+01 1.268175e+01 4.044868e+01 1.734593e+01 2.118362e+01 3.402605e+00 1.791927e-01 3.797093e-01 4.911681e-01 8.828762e-01 1.239285e+00 7.717911e-01 1.281297e+00 2.133340e+00 9.155271e-01 1.350950e+00 1.624581e+00 1.141105e+00 6.416968e-02 2.477989e-02 6.144409e-02 9.627381e-02 2.066956e-01 1.100548e-01 1.061578e-01 1.904990e-01 2.886736e-01 1.829600e-01 1.741047e-01 2.281420e-01 2.665912e-01 7.578311e-03
<GCONST> 7.432838e+01
<STATE> 15
<MEAN> 39
 -2.011559e+01 1.528322e-01 1.208545e+01 -4.743366e+00 6.689199e+00 4.069209e-01 -2.021777e+00 -1.885698e+01 1.757517e+00 -1.978829e+01 -7.757441e+00 1.504285e+00 6.232349e+01 -1.882198e-01 -5.471073e-01 -9.781451e-01 9.626918e-02 7.148933e-01 9.623979e-01 7.292950e-01 7.467865e-01 7.651693e-01 2.674215e-01 -5.873796e-01 -3.904070e-01 -5.175075e-01 5.778682e-02 -1.724344e-02 -8.184407e-02 -2.797905e-02 -8.779150e-02 7.804111e-02 1.357127e-01 1.395892e-01 1.687051e-02 2.686747e-01 1.420071e-01 -7.596636e-02 -3.184260e-02
<VARIANCE> 39
 2.279694e+01 1.330399e+01 4.190408e+01 2.140522e+01 2.073500e+01 3.289382e+01 3.321590e+01 3.751051e+01 6.193563e+01 3.383458e+01 5.606144e+01 2.725493e+01 8.874583e+00 2.812150e-01 3.679538e-01 5.018830e-01 7.000390e-01 1.246416e+00 6.380498e-01 1.213736e+00 1.343598e+00 2.237697e+00 1.839195e+00 8.191251e-01 1.162758e+00 7.951967e-02 2.710152e-02 5.302355e-02 6.693923e-02 1.021378e-01 8.939484e-02 1.378385e-01 1.935710e-01 2.319433e-01 4.776474e-01 2.446210e-01 3.033774e-01 2.406597e-01 9.450180e-03
<GCONST> 8.232984e+01
<STATE> 16
<MEAN> 39
 -1.381530e+01 -1.358626e-01 5.737921e+00 2.000813e+00 6.719534e+00 -3.816024e-01 1.442029e+00 -9.562762e+00 -3.646845e+00 -1.024773e+01 -1.524642e+00 -6.338715e+00 5.837809e+01 -3.277393e-01 -3.459183e-01 -6.037812e-01 -3.237559e-02 4.597381e-01 6.978543e-01 8.134957e-01 9.148613e-01 5.189888e-01 2.055676e-02 -3.966879e-01 -4.351563e-01 -3.365667e-01 -6.026426e-02 -9.391993e-02 -1.015990e-01 -1.332171e-01 -2.028008e-01 -1.790983e-01 -1.852372e-01 -9.019680e-02 3.322450e-02 1.698840e-02 4.548710e-02 3.763897e-02 1.188048e-02
<VARIANCE> 39
 6.072196e+00 6.421647e+00 1.277278e+01 2.004320e+01 1.283377e+01 1.878432e+01 2.367267e+01 1.906002e+01 1.973196e+01 1.378214e+01 2.966858e+01 1.276437e+01 1.325942e+00 1.497980e-01 3.604974e-01 6.463757e-01 8.994782e-01 9.821645e-01 9.330325e-01 9.067286e-01 1.116090e+00 1.603977e+00 1.167957e+00 1.306441e+00 1.277376e+00 7.462098e-02 2.534559e-02 2.308813e-02 4.790290e-02 1.474070e-01 1.814055e-01 1.105928e-01 1.048663e-01 2.073431e-01 3.178810e-01 2.070673e-01 2.940401e-01 2.169544e-01 8.513704e-03
<GCONST> 6.894231e+01
<STATE> 17
<MEAN> 39
 -1.784197e+01 -4.280634e+00 1.601398e+00 -4.106619e-01 8.080600e+00 5.228502e+00 6.169852e+00 -5.332527e+00 1.267127e-02 -1.123399e+01 -6.215637e+00 -8.901564e+00 5.623890e+01 -3.097805e-01 -4.536394e-01 -5.537162e-01 4.805277e-01 2.399924e-01 3.782046e-01 7.198467e-01 1.074415e+00 4.376529e-01 3.199305e-01 1.474590e-01 4.529101e-02 -2.813223e-01 -4.899750e-02 -8.604968e-02 4.761453e-02 1.672269e-02 -3.047617e-02 -4.631857e-02 3.312154e-02 -4.694469e-03 -4.723020e-02 1.101731e-01 3.118025e-01 1.858380e-01 3.929055e-02
<VARIANCE> 39
 5.914511e+00 5.466943e+00 5.841903e+00 1.561586e+01 2.292596e+01 4.936306e+01 5.237978e+01 3.747752e+01 5.179032e+01 1.976833e+01 1.683269e+01 2.967492e+01 1.126772e+00 2.197846e-01 4.738196e-01 9.182049e-01 6.788596e-01 1.708340e+00 1.300349e+00 7.127371e-01 8.609527e-01 7.995067e-01 1.397776e+00 1.592643e+00 2.286388e+00 8.302169e-02 2.835855e-02 1.047215e-01 1.203793e-01 5.357803e-02 1.650580e-01 2.510268e-01 1.194417e-01 1.627295e-01 1.916143e-01 1.249354e-01 8.766412e-02 3.398404e-01 8.752005e-03
<GCONST> 7.406313e+01
<STATE> 18
<MEAN> 39
 -1.720628e+01 -4.099956e+00 1.024430e+00 1.850547e+00 9.073396e+00 1.069912e+00 1.146347e+00 -6.538324e+00 -2.038919e+00 -1.351178e+01 -3.527020e+00 -5.216547e+00 5.621132e+01 -5.495031e-01 -8.507388e-01 -7.368409e-01 -8.704817e-02 5.389302e-01 4.709905e-01 4.652188e-01 5.123190e-01 1.278414e-02 -9.892108e-02 3.096327e-01 -2.687954e-01 -2.096942e-01 4.841518e-02 9.421746e-03 -5.473959e-03 -1.160826e-01 -5.917988e-02 3.894678e-02 4.781862e-02 -1.170209e-01 -1.767811e-01 -6.855008e-02 -2.180315e-01 -2.410897e-01 3.292552e-02
<VARIANCE> 39
 2.869019e+00 4.769114e+00 4.843651e+00 1.855217e+01 3.208834e+01 3.076231e+01 6.723771e+01 4.668151e+01 4.683876e+01 6.972406e+01 2.548711e+01 1.864322e+01 8.228680e-01 8.756437e-02 3.441216e-01 3.983971e-01 7.962328e-01 7.456824e-01 1.178452e+00 1.840561e+00 1.480365e+00 1.512155e+00 2.649512e+00 2.288441e+00 1.376985e+00 6.832535e-02 1.470075e-02 4.513410e-02 7.986463e-02 2.312585e-01 2.010774e-01 1.464445e-01 1.854363e-01 1.764823e-01 2.727453e-01 5.406473e-01 4.804459e-01 2.511349e-01 5.917136e-03
<GCONST> 7.645962e+01
<STATE> 19
<MEAN> 39
 -1.967407e+01 -7.667450e+00 -1.882100e+00 -3.312484e-02 9.667389e+00 4.447741e+00 5.666332e+00 -5.494226e+00 -2.292684e+00 -1.213059e+01 -4.653074e+00 -7.623070e+00 5.549244e+01 -3.012720e-01 -6.445699e-01 -8.739408e-01 -9.118080e-01 -5.366031e-01 -1.464018e-01 4.476242e-01 8.141986e-01 1.136478e-01 2.010718e-01 -3.445397e-01 -4.242966e-01 -2.114609e-01 8.843509e-02 1.524933e-01 5.092320e-02 -1.265945e-01 -2.410194e-01 -1.570325e-01 -1.286954e-01 9.895290e-02 4.343181e-01 -3.463365e-02 -1.922272e-01 1.212902e-01 1.673412e-02
<VARIANCE> 39
 5.408972e+00 1.017535e+01 4.991129e+00 2.132786e+01 3.270747e+01 4.794422e+01 8.967062e+01 4.853417e+01 5.966505e+01 4.534058e+01 2.251402e+01 1.027805e+01 2.095897e+00 1.293348e-01 2.802157e-01 3.407671e-01 7.792577e-01 9.927588e-01 1.022604e+00 1.086083e+00 1.609645e+00 1.936550e+00 2.418754e+00 2.465689e+00 1.535787e+00 5.592581e-02 2.907884e-02 1.260921e-01 5.747728e-02 2.127108e-01 1.304575e-01 1.576854e-01 2.329293e-01 2.191481e-01 1.835939e-01 3.206991e-01 3.895886e-01 2.196040e-01 2.066246e-02
<GCONST> 8.005629e+01
<TRANSP> 20
 0.000000e+00 1.000000e+00 0.000000e+00 0.000000e+00 0.000000e+00 0.000000e+00 0.000000e+00 0.000000e+00 0.000000e+00 0.000000e+00 0.000000e+00 0.000000e+00 0.000000e+00 0.000000e+00 0.000000e+00 0.000000e+00 0.000000e+00 0.000000e+00 0.000000e+00 0.000000e+00
 0.000000e+00 6.666742e-01 3.333258e-01 0.000000e+00 0.000000e+00 0.000000e+00 0.000000e+00 0.000000e+00 0.000000e+00 0.000000e+00 0.000000e+00 0.000000e+00 0.000000e+00 0.000000e+00 0.000000e+00 0.000000e+00 0.000000e+00 0.000000e+00 0.000000e+00 0.000000e+00
 0.000000e+00 0.000000e+00 6.916142e-01 3.083858e-01 0.000000e+00 0.000000e+00 0.000000e+00 0.000000e+00 0.000000e+00 0.000000e+00 0.000000e+00 0.000000e+00 0.000000e+00 0.000000e+00 0.000000e+00 0.000000e+00 0.000000e+00 0.000000e+00 0.000000e+00 0.000000e+00
 0.000000e+00 0.000000e+00 0.000000e+00 6.847008e-01 3.152992e-01 0.000000e+00 0.000000e+00 0.000000e+00 0.000000e+00 0.000000e+00 0.000000e+00 0.000000e+00 0.000000e+00 0.000000e+00 0.000000e+00 0.000000e+00 0.000000e+00 0.000000e+00 0.000000e+00 0.000000e+00
 0.000000e+00 0.000000e+00 0.000000e+00 0.000000e+00 6.553445e-01 3.446554e-01 0.000000e+00 0.000000e+00 0.000000e+00 0.000000e+00 0.000000e+00 0.000000e+00 0.000000e+00 0.000000e+00 0.000000e+00 0.000000e+00 0.000000e+00 0.000000e+00 0.000000e+00 0.000000e+00
 0.000000e+00 0.000000e+00 0.000000e+00 0.000000e+00 0.000000e+00 7.823017e-01 2.176983e-01 0.000000e+00 0.000000e+00 0.000000e+00 0.000000e+00 0.000000e+00 0.000000e+00 0.000000e+00 0.000000e+00 0.000000e+00 0.000000e+00 0.000000e+00 0.000000e+00 0.000000e+00
 0.000000e+00 0.000000e+00 0.000000e+00 0.000000e+00 0.000000e+00 0.000000e+00 6.011834e-01 3.988166e-01 0.000000e+00 0.000000e+00 0.000000e+00 0.000000e+00 0.000000e+00 0.000000e+00 0.000000e+00 0.000000e+00 0.000000e+00 0.000000e+00 0.000000e+00 0.000000e+00
 0.000000e+00 0.000000e+00 0.000000e+00 0.000000e+00 0.000000e+00 0.000000e+00 0.000000e+00 5.377839e-01 4.622161e-01 0.000000e+00 0.000000e+00 0.000000e+00 0.000000e+00 0.000000e+00 0.000000e+00 0.000000e+00 0.000000e+00 0.000000e+00 0.000000e+00 0.000000e+00
 0.000000e+00 0.000000e+00 0.000000e+00 0.000000e+00 0.000000e+00 0.000000e+00 0.000000e+00 0.000000e+00 5.986145e-01 4.013855e-01 0.000000e+00 0.000000e+00 0.000000e+00 0.000000e+00 0.000000e+00 0.000000e+00 0.000000e+00 0.000000e+00 0.000000e+00 0.000000e+00
 0.000000e+00 0.000000e+00 0.000000e+00 0.000000e+00 0.000000e+00 0.000000e+00 0.000000e+00 0.000000e+00 0.000000e+00 6.462718e-01 3.537282e-01 0.000000e+00 0.000000e+00 0.000000e+00 0.000000e+00 0.000000e+00 0.000000e+00 0.000000e+00 0.000000e+00 0.000000e+00
 0.000000e+00 0.000000e+00 0.000000e+00 0.000000e+00 0.000000e+00 0.000000e+00 0.000000e+00 0.000000e+00 0.000000e+00 0.000000e+00 6.683490e-01 3.316510e-01 0.000000e+00 0.000000e+00 0.000000e+00 0.000000e+00 0.000000e+00 0.000000e+00 0.000000e+00 0.000000e+00
 0.000000e+00 0.000000e+00 0.000000e+00 0.000000e+00 0.000000e+00 0.000000e+00 0.000000e+00 0.000000e+00 0.000000e+00 0.000000e+00 0.000000e+00 7.121594e-01 2.878406e-01 0.000000e+00 0.000000e+00 0.000000e+00 0.000000e+00 0.000000e+00 0.000000e+00 0.000000e+00
 0.000000e+00 0.000000e+00 0.000000e+00 0.000000e+00 0.000000e+00 0.000000e+00 0.000000e+00 0.000000e+00 0.000000e+00 0.000000e+00 0.000000e+00 0.000000e+00 5.930297e-01 4.069703e-01 0.000000e+00 0.000000e+00 0.000000e+00 0.000000e+00 0.000000e+00 0.000000e+00
 0.000000e+00 0.000000e+00 0.000000e+00 0.000000e+00 0.000000e+00 0.000000e+00 0.000000e+00 0.000000e+00 0.000000e+00 0.000000e+00 0.000000e+00 0.000000e+00 0.000000e+00 7.963656e-01 2.036344e-01 0.000000e+00 0.000000e+00 0.000000e+00 0.000000e+00 0.000000e+00
 0.000000e+00 0.000000e+00 0.000000e+00 0.000000e+00 0.000000e+00 0.000000e+00 0.000000e+00 0.000000e+00 0.000000e+00 0.000000e+00 0.000000e+00 0.000000e+00 0.000000e+00 0.000000e+00 6.914746e-01 3.085254e-01 0.000000e+00 0.000000e+00 0.000000e+00 0.000000e+00
 0.000000e+00 0.000000e+00 0.000000e+00 0.000000e+00 0.000000e+00 0.000000e+00 0.000000e+00 0.000000e+00 0.000000e+00 0.000000e+00 0.000000e+00 0.000000e+00 0.000000e+00 0.000000e+00 0.000000e+00 7.645177e-01 2.354823e-01 0.000000e+00 0.000000e+00 0.000000e+00
 0.000000e+00 0.000000e+00 0.000000e+00 0.000000e+00 0.000000e+00 0.000000e+00 0.000000e+00 0.000000e+00 0.000000e+00 0.000000e+00 0.000000e+00 0.000000e+00 0.000000e+00 0.000000e+00 0.000000e+00 0.000000e+00 6.252369e-01 3.747632e-01 0.000000e+00 0.000000e+00
 0.000000e+00 0.000000e+00 0.000000e+00 0.000000e+00 0.000000e+00 0.000000e+00 0.000000e+00 0.000000e+00 0.000000e+00 0.000000e+00 0.000000e+00 0.000000e+00 0.000000e+00 0.000000e+00 0.000000e+00 0.000000e+00 0.000000e+00 6.575699e-01 3.424301e-01 0.000000e+00
 0.000000e+00 0.000000e+00 0.000000e+00 0.000000e+00 0.000000e+00 0.000000e+00 0.000000e+00 0.000000e+00 0.000000e+00 0.000000e+00 0.000000e+00 0.000000e+00 0.000000e+00 0.000000e+00 0.000000e+00 0.000000e+00 0.000000e+00 0.000000e+00 5.716679e-01 4.283321e-01
 0.000000e+00 0.000000e+00 0.000000e+00 0.000000e+00 0.000000e+00 0.000000e+00 0.000000e+00 0.000000e+00 0.000000e+00 0.000000e+00 0.000000e+00 0.000000e+00 0.000000e+00 0.000000e+00 0.000000e+00 0.000000e+00 0.000000e+00 0.000000e+00 0.000000e+00 0.000000e+00
<ENDHMM>
