~o
<STREAMINFO> 1 39
<VECSIZE> 39<NULLD><MFCC_D_A_0><DIAGC>
~h "lima"
<BEGINHMM>
<NUMSTATES> 20
<STATE> 2
<MEAN> 39
 -1.737918e+01 -4.667249e+00 8.731990e-01 -2.176229e+00 2.087767e-02 -6.165249e+00 -4.721799e-01 -7.053540e+00 -2.268630e+00 -9.310760e+00 1.232106e+00 -3.478265e+00 5.647097e+01 2.137677e+00 2.059067e+00 1.304161e+00 2.458688e-01 -8.935149e-01 -1.849293e+00 -2.037345e+00 -2.188287e+00 -1.526143e+00 -5.439854e-01 9.163892e-02 -1.528467e-01 1.090858e+00 7.129151e-01 6.026070e-01 5.709550e-01 8.985254e-02 -6.671316e-01 -7.071673e-01 -4.612721e-01 -2.837552e-01 -1.010827e-01 2.584771e-01 4.786707e-02 -2.020046e-02 4.438500e-01
<VARIANCE> 39
 8.655331e+00 8.380525e+00 1.863948e+01 1.390496e+01 1.599965e+01 2.466484e+01 1.608419e+01 2.046179e+01 2.556821e+01 3.625472e+01 2.586155e+01 1.864607e+01 2.327270e+00 2.315304e+00 2.348895e+00 2.836936e+00 2.779405e+00 4.609098e+00 3.820706e+00 3.293656e+00 2.194309e+00 3.437281e+00 4.793553e+00 3.096090e+00 2.309658e+00 6.583401e-01 1.634493e-01 2.712435e-01 3.140426e-01 3.919407e-01 9.021296e-01 3.357450e-01 5.170631e-01 4.245255e-01 4.415538e-01 7.324938e-01 4.498910e-01 4.409285e-01 5.052246e-02
<GCONST> 1.064507e+02
<STATE> 3
<MEAN> 39
 -5.764676e+00 7.048914e+00 1.015457e+01 -3.649266e-01 -7.234282e+00 -1.663619e+01 -1.136265e+01 -1.626810e+01 -7.188903e+00 -8.441560e+00 2.499845e+00 -3.109219e+00 6.253785e+01 2.236153e+00 1.381706e+00 2.348455e+00 4.151371e-01 -3.000111e+00 -2.330377e+00 -1.221555e+00 -7.880376e-01 -1.431529e-01 1.156814e+00 9.078579e-01 4.459565e-01 1.708978e+00 -6.861425e-01 -1.021747e+00 -4.999964e-02 -1.597616e-01 -4.590132e-01 6.385705e-01 1.137132e+00 6.881849e-01 1.871688e-01 1.629911e-01 -2.955266e-02 2.488409e-02 -1.047842e-01
<VARIANCE> 39
 8.527954e+00 1.148477e+01 1.869065e+01 2.062350e+01 4.166195e+01 1.968490e+01 3.324625e+01 1.811720e+01 2.323938e+01 4.735588e+01 7.231157e+01 4.339551e+01 4.035502e+00 1.804772e+00 4.243768e+00 2.585456e+00 4.320857e+00 8.053656e+00 4.027938e+00 7.372268e+00 6.648766e+00 2.595995e+00 5.973228e+00 3.904597e+00 3.337849e+00 5.411622e-01 1.060051e-01 2.340683e-01 3.300475e-01 5.551308e-01 9.456853e-01 6.080305e-01 9.515694e-01 7.055777e-01 8.138319e-01 1.293790e+00 7.310703e-01 4.240521e-01 2.924366e-02
<GCONST> 1.172949e+02
<STATE> 4
<MEAN> 39
 -3.723876e+00 1.958036e+00 2.035047e+01 4.406104e+00 -2.144121e+01 -2.057987e+01 -3.887659e+00 -1.154417e+01 -9.488592e+00 -2.440469e+00 9.159753e+00 -1.664400e+00 6.828149e+01 -2.106734e-01 -1.222049e+00 2.655538e+00 -1.119047e+00 -3.163495e+00 1.417924e+00 4.822659e-01 -2.038496e-02 -6.518685e-01 1.638606e+00 3.415331e-01 -8.708997e-01 1.183111e+00 -4.014253e-01 2.544073e-01 -4.017604e-01 -8.232160e-01 1.413228e+00 1.200803e+00 -8.661594e-01 -2.841116e-01 2.544899e-01 -1.174487e-01 -3.580673e-01 -3.684830e-01 -3.876623e-01
<VARIANCE> 39
 2.346065e+00 4.039500e+01 4.955274e+01 6.214568e+01 1.538309e+02 4.434216e+01 3.620323e+01 7.988687e+01 1.033073e+02 9.034275e+01 8.646097e+01 6.618900e+01 5.955513e+00 4.812676e-01 1.642285e+00 1.965454e+00 3.828695e+00 1.026734e+01 5.566875e+00 8.078992e+00 5.286486e+00 5.382482e+00 5.533646e+00 2.443023e+00 3.673441e+00 4.517582e-01 1.154197e-01 4.058042e-01 2.923006e-01 5.206268e-01 1.066958e+00 8.575407e-01 1.039836e+00 7.163891e-01 7.688988e-01 1.137163e+00 6.198485e-01 4.876328e-01 7.105178e-02
<GCONST> 1.257114e+02
<STATE> 5
<MEAN> 39
 -5.688893e+00 1.369035e+00 2.562351e+01 -4.163324e+00 -2.353139e+01 -1.092751e+01 -1.028636e+01 -1.407580e+01 -7.961167e+00 -4.362120e-02 6.168667e+00 -5.845600e+00 7.003679e+01 -1.828282e-01 2.816797e-01 8.675470e-01 -1.536574e+00 3.005395e-01 1.612466e+00 -9.445677e-01 -1.758565e-01 -5.460515e-01 -1.254115e-01 -4.748284e-01 -4.613985e-01 2.373365e-01 1.689149e-01 8.263329e-02 -6.641313e-01 6.940995e-01 4.171022e-01 -6.929487e-01 4.890121e-01 1.736245e-03 -3.112254e-01 -3.682786e-01 9.133318e-02 2.548265e-01 -2.700198e-01
<VARIANCE> 39
 6.594428e+00 4.273960e+01 8.320048e+01 7.921053e+01 2.186240e+02 4.217420e+01 1.088192e+01 1.142137e+02 8.040697e+01 7.633918e+01 9.814005e+01 1.001849e+02 5.201020e+00 3.316177e-01 5.424368e-01 1.142009e+00 2.514089e+00 3.020504e+00 2.079290e+00 3.550400e+00 3.472484e+00 1.526250e+00 2.366912e+00 2.905328e+00 2.015180e+00 1.254873e-01 5.039117e-02 1.263833e-01 9.450126e-02 3.019401e-01 4.757744e-01 7.321764e-01 2.535429e-01 8.515230e-01 2.561683e-01 6.655958e-01 2.493163e-01 4.859050e-01 2.108465e-02
<GCONST> 1.076560e+02
<STATE> 6
<MEAN> 39
 -4.406485e+00 6.318493e+00 2.431499e+01 -4.806206e+00 -1.385952e+01 -1.330533e+01 -9.909795e+00 -1.325333e+01 -1.543679e+01 -2.698792e+00 8.984700e+00 -8.158859e+00 6.778210e+01 2.535988e-01 5.358282e-03 -3.228716e-01 5.599349e-01 -2.985633e-01 1.351600e-01 9.646810e-01 -8.709580e-01 -2.059937e-01 3.678786e-01 2.000923e-01 -3.058999e-01 -1.552652e-01 4.763769e-02 2.692121e-02 -4.147788e-01 4.632436e-01 4.495341e-01 -1.839977e-01 7.802302e-02 1.124715e-01 1.146029e-01 -2.233517e-01 1.110424e-01 1.669598e-01 -1.482149e-01
<VARIANCE> 39
 8.781876e+00 1.660073e+01 9.441882e+01 5.354907e+01 1.530448e+02 2.228817e+01 2.616846e+01 1.600530e+02 8.447095e+01 7.705625e+01 1.469438e+02 5.770776e+01 3.318327e+00 1.402007e-01 1.778680e-01 7.943597e-01 1.627669e+00 1.584738e+00 2.125754e+00 1.316949e+00 1.596742e+00 2.023140e+00 1.685118e+00 1.475286e+00 1.581929e+00 8.598766e-02 2.590371e-02 4.566208e-02 1.627667e-01 2.241552e-01 7.021140e-01 1.784558e-01 4.345859e-01 5.672217e-01 2.316343e-01 3.908707e-01 5.705950e-01 2.939748e-01 1.569409e-02
<GCONST> 9.696227e+01
<STATE> 7
<MEAN> 39
 -4.076647e+00 1.735755e+00 1.991071e+01 4.906138e-01 -2.073468e+01 -1.257183e+01 -5.837970e+00 -1.925946e+01 -8.914843e+00 -2.619029e+00 4.510467e+00 -4.597747e+00 6.747031e+01 3.506391e-01 4.732173e-01 -1.921407e+00 5.815681e-01 3.296575e+00 8.001223e-01 6.158516e-01 -3.451521e-01 -5.752618e-01 -8.338952e-01 1.070013e-01 1.097387e-01 -7.010492e-01 8.527663e-03 -2.061179e-02 -1.670163e-01 -2.082947e-01 3.033640e-01 4.148128e-01 -1.413202e-01 -4.040572e-01 -1.228729e-01 6.126126e-02 -1.101520e-01 -5.338897e-02 5.911666e-02
<VARIANCE> 39
 4.069464e+00 2.597083e+01 4.803385e+01 4.861307e+01 1.154978e+02 1.408295e+01 3.299928e+01 6.482424e+01 1.669111e+01 1.928520e+01 6.797746e+01 6.541239e+01 5.156409e+00 1.966327e-01 3.479337e-01 6.064222e-01 1.251869e+00 2.223511e+00 2.221970e+00 1.967378e+00 3.630854e+00 1.471437e+00 2.494723e+00 9.545871e-01 1.599091e+00 1.326152e-01 2.907785e-02 5.365060e-02 1.163352e-01 1.656867e-01 5.154710e-01 3.171254e-01 2.484971e-01 3.139426e-01 3.649382e-01 4.330870e-01 2.424993e-01 2.494407e-01 4.394041e-02
<GCONST> 9.273019e+01
<STATE> 8
<MEAN> 39
 -9.630764e-01 6.111973e+00 9.052064e+00 -3.847143e+00 -5.341793e+00 -6.397927e+00 -6.015282e+00 -2.025222e+01 -1.315236e+01 -7.792187e+00 4.934658e+00 -1.910719e+00 6.608036e+01 3.289205e-01 -3.295842e-01 -1.585504e+00 3.293946e-02 1.834463e+00 1.330740e+00 6.951532e-02 -1.123374e+00 -5.794141e-01 -9.255316e-01 1.940593e-01 1.062849e+00 5.520548e-02 2.932586e-02 -8.842559e-02 -8.477793e-02 -2.946303e-01 -2.529121e-01 -1.262387e-01 -6.903120e-02 2.002552e-01 8.692715e-02 1.272147e-01 1.614153e-01 -7.484905e-02 1.118314e-01
<VARIANCE> 39
 8.668079e+00 8.896590e+00 9.758353e+01 5.650441e+01 3.188757e+01 1.758103e+01 1.170597e+01 4.474018e+01 2.775054e+01 2.678925e+01 4.189530e+01 3.455932e+01 2.258278e+00 1.874932e-01 4.053251e-01 7.612057e-01 8.809648e-01 1.168651e+00 9.777139e-01 7.102436e-01 1.779423e+00 1.865775e+00 1.091864e+00 3.441919e+00 1.810325e+00 6.740931e-02 3.762767e-02 4.344702e-02 1.256368e-01 1.122808e-01 1.345526e-01 2.676077e-01 1.152619e-01 2.440532e-01 2.414219e-01 2.553862e-01 3.911589e-01 2.789867e-01 1.207563e-02
<GCONST> 8.217592e+01
<STATE> 9
<MEAN> 39
 -1.102868e+00 4.758412e+00 9.169454e+00 2.486365e-01 -2.046586e+00 -3.601727e+00 -3.452173e+00 -2.415910e+01 -1.752839e+01 -8.770630e+00 7.710707e+00 -8.102199e-01 6.609707e+01 7.361672e-01 -1.040064e-01 -2.675261e+00 -1.723763e+00 7.630046e-01 4.389052e-01 -1.402421e-01 4.013344e-01 4.111544e-01 7.710273e-01 4.352094e-01 -3.768234e-01 2.921973e-01 1.459171e-01 -3.969123e-01 -5.908787e-01 -7.210633e-01 -3.004026e-01 -8.950337e-02 -2.104756e-01 8.582610e-01 9.968784e-01 7.659476e-01 4.720454e-02 -6.767809e-01 2.389126e-01
<VARIANCE> 39
 3.446340e+00 1.469540e+01 3.757343e+01 2.928061e+01 2.606242e+01 1.917189e+01 2.750426e+01 3.716366e+01 2.347695e+01 3.149105e+01 4.389600e+01 4.608599e+01 1.242896e+00 1.639902e-01 4.581402e-01 8.900600e-01 1.844186e+00 1.244535e+00 8.208715e-01 7.007329e-01 2.266797e+00 2.740415e+00 1.243506e+00 2.441237e+00 2.439097e+00 1.043455e-01 1.387218e-02 1.161396e-01 1.519297e-01 2.497420e-01 3.077448e-01 3.783176e-01 2.674747e-01 2.814038e-01 2.499340e-01 3.005944e-01 5.387213e-01 3.394891e-01 1.239574e-02
<GCONST> 8.620815e+01
<STATE> 10
<MEAN> 39
 1.065768e+00 2.787836e+00 9.794135e-02 -7.871724e+00 -2.446863e+00 -3.118767e+00 -6.161143e+00 -2.178972e+01 -1.117539e+01 -3.053468e+00 8.935483e+00 -4.698351e+00 6.760940e+01 8.854381e-01 -1.835432e+00 -3.937591e+00 -2.558450e+00 1.268773e+00 1.092662e+00 -7.111401e-01 1.804068e+00 2.453385e+00 1.566612e+00 4.407643e-02 -1.862550e+00 9.258217e-01 -1.474887e-01 -6.104162e-01 -6.428288e-02 1.802303e-01 4.190744e-01 1.595343e-01 -1.373412e-01 4.219219e-01 6.937079e-01 -7.715653e-02 -8.675999e-01 -4.788549e-01 1.325925e-01
<VARIANCE> 39
 3.341268e+00 1.202630e+01 3.587167e+01 1.928889e+01 2.756190e+01 1.904666e+01 2.628914e+01 8.510975e+01 3.781902e+01 3.537183e+01 3.827472e+01 6.315255e+01 2.055559e+00 3.633059e-01 1.404775e+00 2.741139e+00 4.226394e+00 1.367328e+00 3.038982e+00 3.282557e+00 2.997863e+00 3.931650e+00 3.199538e+00 2.548033e+00 3.577804e+00 3.190762e-01 5.062676e-02 1.598665e-01 3.838755e-01 5.471286e-01 1.039521e-01 2.066033e-01 5.722178e-01 8.016770e-01 5.221878e-01 4.797257e-01 5.796122e-01 7.916811e-01 3.898858e-02
<GCONST> 1.042790e+02
<STATE> 11
<MEAN> 39
 2.959094e+00 -3.950752e+00 -9.928152e+00 -1.380238e+01 3.109078e+00 1.110228e+00 -7.289050e+00 -1.610490e+01 -4.317995e+00 8.985692e-01 5.218111e+00 -1.163012e+01 7.055305e+01 1.111309e-01 -2.696930e+00 -2.443537e+00 -7.080962e-01 2.203368e+00 9.724674e-01 -1.088705e+00 1.900057e+00 3.338507e+00 5.356771e-01 -2.580254e+00 -2.045247e+00 9.079505e-01 -3.863487e-01 1.805669e-01 1.082291e+00 8.788645e-01 -1.703350e-01 -4.505807e-01 -1.151485e-01 -2.044789e-01 -1.928379e-01 -6.183123e-01 -3.877514e-01 5.257064e-01 -2.296191e-01
<VARIANCE> 39
 1.422090e+00 1.954266e+01 4.574963e+01 8.789740e+00 4.602676e+01 1.180358e+01 2.463528e+01 6.941599e+01 3.790750e+01 2.206123e+01 5.716396e+01 4.810369e+01 4.156810e+00 3.662762e-01 1.978031e+00 2.406142e+00 2.221742e+00 1.331426e+00 2.153218e+00 2.273140e+00 2.382636e+00 2.260344e+00 3.298903e+00 2.574531e+00 3.576747e+00 3.928151e-01 2.980899e-02 2.021080e-01 2.448858e-01 2.349521e-01 1.641806e-01 2.324616e-01 3.975366e-01 3.763925e-01 6.548620e-01 4.452676e-01 4.328512e-01 5.678143e-01 1.750688e-02
<GCONST> 9.839151e+01
<STATE> 12
<MEAN> 39
 1.791529e+00 -1.054848e+01 -1.052647e+01 -1.147301e+01 9.279706e+00 9.194396e-01 -1.361569e+01 -1.148597e+01 4.583498e+00 -2.287660e+00 -2.744575e+00 -1.245427e+01 7.264581e+01 -6.221049e-01 -1.394484e+00 4.025262e-01 6.562230e-01 4.646811e-01 -1.370791e-01 -1.117373e+00 6.625775e-01 1.933539e+00 -1.264589e+00 -2.357968e+00 -2.541911e-01 1.799567e-01 -1.851066e-01 7.751784e-01 5.762568e-01 9.215622e-02 -6.731480e-01 -2.005074e-01 4.691404e-01 -3.204999e-01 -8.789119e-01 -3.878313e-01 4.337762e-01 2.714637e-01 -4.219129e-01
<VARIANCE> 39
 2.380359e+00 1.519502e+01 6.205278e+01 1.539760e+01 2.857236e+01 2.586613e+01 5.126025e+01 1.131368e+02 3.607169e+01 4.247037e+01 8.272694e+01 3.286136e+01 8.290158e+00 9.599549e-02 1.128798e+00 1.506105e+00 9.790808e-01 1.929720e+00 1.107595e+00 1.940345e+00 1.625305e+00 2.518262e+00 3.096403e+00 1.564862e+00 3.490949e+00 3.194720e-01 5.224397e-02 1.554468e-01 2.838502e-01 1.064794e-01 1.721553e-01 1.765976e-01 3.971648e-01 3.863803e-01 4.267635e-01 5.592940e-01 2.933159e-01 5.451787e-01 4.975492e-02
<GCONST> 9.749427e+01
<STATE> 13
<MEAN> 39
 -4.517658e-01 -1.197859e+01 -6.176094e+00 -1.021717e+01 6.851917e+00 1.958911e-02 -1.398985e+01 -7.230146e+00 4.594369e+00 -6.475147e+00 -4.585202e+00 -1.441321e+01 7.213596e+01 -1.046442e+00 6.937636e-01 2.902247e-01 7.410044e-01 -5.004651e-01 -6.548871e-01 8.467939e-01 2.547968e-01 -4.564044e-01 -1.002513e+00 -7.492583e-01 -3.000678e-01 -1.261937e+00 -1.389600e-01 5.153014e-01 5.249495e-02 -1.116632e-01 -1.270535e-01 -1.080119e-01 2.641550e-01 -5.223935e-02 -5.268155e-01 1.463476e-01 4.385758e-01 1.176975e-01 -3.325905e-01
<VARIANCE> 39
 4.295781e+00 1.654349e+01 8.602505e+01 2.191767e+01 1.805766e+01 4.491807e+01 4.662777e+01 1.314988e+02 6.812408e+01 3.492452e+01 9.387595e+01 3.596502e+01 9.336644e+00 1.544734e-01 7.704020e-01 8.098488e-01 5.268816e-01 1.280561e+00 6.380613e-01 7.300016e-01 2.085499e+00 1.397188e+00 1.062594e+00 9.209538e-01 7.885725e-01 2.723511e-01 2.791605e-02 7.483535e-02 2.534008e-01 1.606637e-01 2.409073e-01 1.809818e-01 2.063532e-01 3.485697e-01 4.217420e-01 2.680962e-01 3.845932e-01 2.898467e-01 3.059850e-02
<GCONST> 9.005046e+01
<STATE> 14
<MEAN> 39
 -4.159003e+00 -5.863542e+00 -7.408143e+00 -8.377721e+00 4.349926e+00 -2.127759e+00 -8.809286e+00 -1.078861e+01 2.162575e+00 -8.213126e+00 -6.687585e+00 -1.306567e+01 6.574159e+01 -1.098932e+00 9.929293e-01 6.343068e-01 1.294711e-01 -4.375295e-01 -6.155510e-01 4.173745e-01 -5.597250e-03 -9.274958e-01 -3.839268e-01 2.804187e-01 9.729757e-02 -1.183258e+00 1.284129e-02 -1.604933e-01 1.007782e-02 3.088607e-02 7.068073e-02 2.205470e-02 -1.070988e-01 -1.254857e-01 -3.549012e-02 9.705520e-02 1.965611e-01 1.274611e-01 1.032029e-01
<VARIANCE> 39
 4.692004e+00 1.112561e+01 2.995354e+01 1.284330e+01 9.960758e+00 2.454940e+01 2.532955e+01 4.204111e+01 2.245370e+01 1.634459e+01 5.240916e+01 1.561339e+01 1.921795e+00 1.532020e-01 3.529950e-01 7.742015e-01 6.133933e-01 1.043870e+00 8.904617e-01 7.001019e-01 2.955872e+00 2.110301e+00 1.430791e+00 1.808458e+00 9.918153e-01 1.180108e-01 1.978961e-02 4.245255e-02 4.229325e-02 1.025002e-01 1.753646e-01 1.223525e-01 6.994891e-02 3.432905e-01 2.852035e-01 2.123258e-01 1.673595e-01 1.208554e-01 1.464951e-02
<GCONST> 7.284295e+01
<STATE> 15
<MEAN> 39
 -8.011353e+00 -3.627410e+00 -6.446260e+00 -8.068705e+00 2.742402e+00 -4.999660e+00 -7.999219e+00 -1.209229e+01 -1.358183e+00 -7.836684e+00 -3.519695e+00 -1.105216e+01 6.195716e+01 -9.089750e-01 3.499697e-01 7.101389e-01 8.145184e-01 4.734609e-01 1.982036e-01 6.354725e-01 1.589496e-01 -4.775550e-01 -3.132480e-01 2.335610e-01 2.559580e-01 -7.138587e-01 1.164869e-01 1.223779e-02 1.043230e-01 1.744093e-01 1.645090e-01 2.319911e-01 1.831114e-01 1.354015e-01 6.566497e-02 -1.190092e-01 -1.357797e-01 -5.092534e-02 1.048906e-01
<VARIANCE> 39
 3.310801e+00 5.939590e+00 9.728230e+00 6.647645e+00 6.861875e+00 1.773223e+01 1.754752e+01 1.219538e+01 1.555269e+01 1.550313e+01 2.011275e+01 1.808445e+01 1.291569e+00 1.571289e-01 1.810641e-01 6.384959e-01 5.387871e-01 1.011615e+00 1.129980e+00 1.518203e+00 9.734071e-01 7.020861e-01 7.143139e-01 1.266480e+00 8.716799e-01 6.797674e-02 2.346766e-02 4.174573e-02 7.497893e-02 5.616611e-02 1.602808e-01 1.803254e-01 1.748026e-01 2.226908e-01 1.798383e-01 1.393233e-01 8.013146e-02 1.675837e-01 5.780343e-03
<GCONST> 6.090959e+01
<STATE> 16
<MEAN> 39
 -1.046834e+01 -1.407504e+00 -2.568313e+00 -3.633384e+00 6.876441e+00 -2.268666e+00 -5.048646e+00 -9.830736e+00 -2.808032e+00 -1.193458e+01 -5.324659e+00 -1.201378e+01 5.991108e+01 -7.368767e-01 2.136613e-01 7.074089e-01 5.326034e-01 3.776320e-02 1.355713e-01 1.027918e+00 1.000656e+00 -2.303942e-01 -5.516145e-01 7.205674e-02 1.646872e-01 -5.300484e-01 -2.535255e-02 -1.724837e-01 -1.842968e-01 -2.612977e-01 -2.719683e-01 -9.211182e-02 7.350949e-02 7.607343e-02 1.675299e-01 1.897982e-01 6.611176e-02 1.005358e-01 1.846434e-02
<VARIANCE> 39
 2.895459e+00 8.666690e+00 1.097680e+01 4.930217e+00 1.155175e+01 6.692285e+00 1.941913e+01 1.907331e+01 1.918530e+01 2.242408e+01 1.876465e+01 1.517007e+01 1.516139e+00 8.066582e-02 2.347834e-01 5.232168e-01 5.831205e-01 1.078034e+00 8.652299e-01 1.832546e+00 1.082011e+00 6.883997e-01 1.516179e+00 1.314704e+00 8.393435e-01 3.334064e-02 1.635338e-02 1.877439e-02 6.057210e-02 5.511639e-02 1.507524e-01 1.490170e-01 2.396672e-01 2.166776e-01 1.581453e-01 1.862588e-01 2.357949e-01 1.552572e-01 7.137710e-03
<GCONST> 6.116750e+01
<STATE> 17
<MEAN> 39
 -1.303554e+01 -2.232455e+00 -1.212100e+00 -3.133254e+00 4.189303e+00 -8.724268e-01 2.276245e+00 -3.814290e+00 -1.198293e+00 -1.014556e+01 -3.135538e+00 -9.198191e+00 5.832169e+01 -6.589959e-01 -5.277469e-01 -8.505630e-02 1.653672e-01 -2.181669e-01 4.842038e-02 9.129639e-01 4.247980e-01 -1.013995e-01 -7.590562e-02 -1.672878e-01 2.454264e-01 -3.446836e-01 1.343855e-02 -6.473856e-02 -4.548764e-02 3.349056e-02 1.369687e-01 5.779047e-02 -1.656471e-01 -2.765476e-01 -1.656121e-01 -2.221315e-02 4.876623e-02 -3.516502e-02 4.807864e-02
<VARIANCE> 39
 1.562075e+00 5.206916e+00 1.071391e+01 9.274053e+00 1.157764e+01 1.327827e+01 1.973602e+01 2.087887e+01 1.458694e+01 2.091159e+01 1.605940e+01 1.308122e+01 7.797843e-01 1.240723e-01 2.888803e-01 5.235658e-01 4.805993e-01 1.021555e+00 7.184807e-01 1.095714e+00 9.976415e-01 2.196548e+00 2.537416e+00 6.492143e-01 7.026173e-01 5.801702e-02 1.350456e-02 5.883393e-02 1.246376e-01 7.140577e-02 1.816964e-01 1.316045e-01 1.113272e-01 1.975184e-01 2.829685e-01 4.633328e-01 1.806773e-01 1.550529e-01 6.820017e-03
<GCONST> 6.340018e+01
<STATE> 18
<MEAN> 39
 -1.508621e+01 -5.688295e+00 -2.825242e+00 -2.575721e+00 6.398950e+00 -3.097079e+00 -1.637642e+00 -8.790185e+00 -4.145011e+00 -1.091901e+01 -3.180186e+00 -8.564574e+00 5.796782e+01 -6.707638e-01 -6.331488e-01 -1.114862e-01 6.227348e-01 6.082736e-01 6.344567e-01 2.288553e-01 -2.044038e-02 -3.790328e-02 3.261330e-01 7.928547e-01 5.635500e-01 -3.111295e-01 -1.987159e-03 2.613261e-02 3.232772e-02 2.651841e-02 -2.248119e-02 7.468890e-02 4.328158e-02 4.638838e-02 2.320228e-02 -5.560922e-02 -4.002828e-02 -7.291219e-02 -2.364565e-02
<VARIANCE> 39
 1.626686e+00 1.286851e+01 8.405396e+00 7.397649e+00 2.488123e+01 2.802395e+01 4.399052e+01 2.822897e+01 1.339677e+01 2.318103e+01 1.643563e+01 1.654634e+01 1.901075e+00 5.336940e-02 7.131858e-01 7.372209e-01 3.117661e-01 2.202670e+00 1.667475e+00 3.479844e+00 1.259376e+00 1.752116e+00 1.703465e+00 9.870260e-01 1.330652e+00 1.327600e-01 9.693635e-03 1.289246e-01 8.969128e-02 1.377107e-01 5.237297e-01 2.510224e-01 6.896021e-01 1.112916e-01 2.101750e-01 5.102751e-01 2.649969e-01 1.997681e-01 2.199896e-02
<GCONST> 7.722997e+01
<STATE> 19
<MEAN> 39
 -1.722449e+01 -5.665856e+00 -1.666114e+00 -1.942384e+00 5.621190e+00 6.240662e-01 4.832996e+00 -6.114718e+00 -4.122396e+00 -1.183910e+01 -3.721951e+00 -8.868776e+00 5.642893e+01 -5.025514e-01 -2.364414e-01 1.544606e-01 -1.768933e-01 -3.751352e-01 -3.567915e-02 3.828092e-01 -1.427864e-01 -5.098118e-01 -5.445908e-01 -7.700590e-01 -2.247207e-01 -2.323247e-01 1.132047e-01 3.508118e-02 1.335734e-02 -4.513333e-03 -5.033913e-04 -4.038168e-03 -7.290912e-02 1.204506e-01 6.460498e-02 -3.176295e-02 -2.259395e-01 -1.305115e-01 6.874809e-02
<VARIANCE> 39
 2.070667e+00 8.278448e+00 9.260985e+00 8.339897e+00 1.301378e+01 1.642366e+01 5.091172e+01 1.817945e+01 2.590837e+01 1.387089e+01 2.889371e+01 1.788666e+01 9.400120e-01 1.884650e-01 2.845170e-01 5.248583e-01 6.592131e-01 7.835076e-01 9.612685e-01 1.830444e+00 1.214816e+00 9.405695e-01 1.346851e+00 2.544936e+00 1.805708e+00 6.688099e-02 1.673908e-02 4.256298e-02 7.641423e-02 1.732873e-01 1.940544e-01 2.472292e-01 3.611116e-01 1.912400e-01 2.633551e-01 2.405697e-01 4.928768e-01 4.366363e-01 6.934470e-03
<GCONST> 7.216869e+01
<TRANSP> 20
 0.000000e+00 1.000000e+00 0.000000e+00 0.000000e+00 0.000000e+00 0.000000e+00 0.000000e+00 0.000000e+00 0.000000e+00 0.000000e+00 0.000000e+00 0.000000e+00 0.000000e+00 0.000000e+00 0.000000e+00 0.000000e+00 0.000000e+00 0.000000e+00 0.000000e+00 0.000000e+00
 0.000000e+00 7.142622e-01 2.857377e-01 0.000000e+00 0.000000e+00 0.000000e+00 0.000000e+00 0.000000e+00 0.000000e+00 0.000000e+00 0.000000e+00 0.000000e+00 0.000000e+00 0.000000e+00 0.000000e+00 0.000000e+00 0.000000e+00 0.000000e+00 0.000000e+00 0.000000e+00
 0.000000e+00 0.000000e+00 7.272360e-01 2.727640e-01 0.000000e+00 0.000000e+00 0.000000e+00 0.000000e+00 0.000000e+00 0.000000e+00 0.000000e+00 0.000000e+00 0.000000e+00 0.000000e+00 0.000000e+00 0.000000e+00 0.000000e+00 0.000000e+00 0.000000e+00 0.000000e+00
 0.000000e+00 0.000000e+00 0.000000e+00 5.721065e-01 4.278936e-01 0.000000e+00 0.000000e+00 0.000000e+00 0.000000e+00 0.000000e+00 0.000000e+00 0.000000e+00 0.000000e+00 0.000000e+00 0.000000e+00 0.000000e+00 0.000000e+00 0.000000e+00 0.000000e+00 0.000000e+00
 0.000000e+00 0.000000e+00 0.000000e+00 0.000000e+00 5.360942e-01 4.639058e-01 0.000000e+00 0.000000e+00 0.000000e+00 0.000000e+00 0.000000e+00 0.000000e+00 0.000000e+00 0.000000e+00 0.000000e+00 0.000000e+00 0.000000e+00 0.000000e+00 0.000000e+00 0.000000e+00
 0.000000e+00 0.000000e+00 0.000000e+00 0.000000e+00 0.000000e+00 6.928800e-01 3.071200e-01 0.000000e+00 0.000000e+00 0.000000e+00 0.000000e+00 0.000000e+00 0.000000e+00 0.000000e+00 0.000000e+00 0.000000e+00 0.000000e+00 0.000000e+00 0.000000e+00 0.000000e+00
 0.000000e+00 0.000000e+00 0.000000e+00 0.000000e+00 0.000000e+00 0.000000e+00 6.946034e-01 3.053966e-01 0.000000e+00 0.000000e+00 0.000000e+00 0.000000e+00 0.000000e+00 0.000000e+00 0.000000e+00 0.000000e+00 0.000000e+00 0.000000e+00 0.000000e+00 0.000000e+00
 0.000000e+00 0.000000e+00 0.000000e+00 0.000000e+00 0.000000e+00 0.000000e+00 0.000000e+00 7.254932e-01 2.745068e-01 0.000000e+00 0.000000e+00 0.000000e+00 0.000000e+00 0.000000e+00 0.000000e+00 0.000000e+00 0.000000e+00 0.000000e+00 0.000000e+00 0.000000e+00
 0.000000e+00 0.000000e+00 0.000000e+00 0.000000e+00 0.000000e+00 0.000000e+00 0.000000e+00 0.000000e+00 4.787537e-01 5.212463e-01 0.000000e+00 0.000000e+00 0.000000e+00 0.000000e+00 0.000000e+00 0.000000e+00 0.000000e+00 0.000000e+00 0.000000e+00 0.000000e+00
 0.000000e+00 0.000000e+00 0.000000e+00 0.000000e+00 0.000000e+00 0.000000e+00 0.000000e+00 0.000000e+00 0.000000e+00 5.718833e-01 4.281168e-01 0.000000e+00 0.000000e+00 0.000000e+00 0.000000e+00 0.000000e+00 0.000000e+00 0.000000e+00 0.000000e+00 0.000000e+00
 0.000000e+00 0.000000e+00 0.000000e+00 0.000000e+00 0.000000e+00 0.000000e+00 0.000000e+00 0.000000e+00 0.000000e+00 0.000000e+00 5.691091e-01 4.308909e-01 0.000000e+00 0.000000e+00 0.000000e+00 0.000000e+00 0.000000e+00 0.000000e+00 0.000000e+00 0.000000e+00
 0.000000e+00 0.000000e+00 0.000000e+00 0.000000e+00 0.000000e+00 0.000000e+00 0.000000e+00 0.000000e+00 0.000000e+00 0.000000e+00 0.000000e+00 5.726603e-01 4.273397e-01 0.000000e+00 0.000000e+00 0.000000e+00 0.000000e+00 0.000000e+00 0.000000e+00 0.000000e+00
 0.000000e+00 0.000000e+00 0.000000e+00 0.000000e+00 0.000000e+00 0.000000e+00 0.000000e+00 0.000000e+00 0.000000e+00 0.000000e+00 0.000000e+00 0.000000e+00 5.992135e-01 4.007865e-01 0.000000e+00 0.000000e+00 0.000000e+00 0.000000e+00 0.000000e+00 0.000000e+00
 0.000000e+00 0.000000e+00 0.000000e+00 0.000000e+00 0.000000e+00 0.000000e+00 0.000000e+00 0.000000e+00 0.000000e+00 0.000000e+00 0.000000e+00 0.000000e+00 0.000000e+00 7.394875e-01 2.605125e-01 0.000000e+00 0.000000e+00 0.000000e+00 0.000000e+00 0.000000e+00
 0.000000e+00 0.000000e+00 0.000000e+00 0.000000e+00 0.000000e+00 0.000000e+00 0.000000e+00 0.000000e+00 0.000000e+00 0.000000e+00 0.000000e+00 0.000000e+00 0.000000e+00 0.000000e+00 7.322845e-01 2.677155e-01 0.000000e+00 0.000000e+00 0.000000e+00 0.000000e+00
 0.000000e+00 0.000000e+00 0.000000e+00 0.000000e+00 0.000000e+00 0.000000e+00 0.000000e+00 0.000000e+00 0.000000e+00 0.000000e+00 0.000000e+00 0.000000e+00 0.000000e+00 0.000000e+00 0.000000e+00 7.345097e-01 2.654904e-01 0.000000e+00 0.000000e+00 0.000000e+00
 0.000000e+00 0.000000e+00 0.000000e+00 0.000000e+00 0.000000e+00 0.000000e+00 0.000000e+00 0.000000e+00 0.000000e+00 0.000000e+00 0.000000e+00 0.000000e+00 0.000000e+00 0.000000e+00 0.000000e+00 0.000000e+00 6.764526e-01 3.235474e-01 0.000000e+00 0.000000e+00
 0.000000e+00 0.000000e+00 0.000000e+00 0.000000e+00 0.000000e+00 0.000000e+00 0.000000e+00 0.000000e+00 0.000000e+00 0.000000e+00 0.000000e+00 0.000000e+00 0.000000e+00 0.000000e+00 0.000000e+00 0.000000e+00 0.000000e+00 5.538520e-01 4.461479e-01 0.000000e+00
 0.000000e+00 0.000000e+00 0.000000e+00 0.000000e+00 0.000000e+00 0.000000e+00 0.000000e+00 0.000000e+00 0.000000e+00 0.000000e+00 0.000000e+00 0.000000e+00 0.000000e+00 0.000000e+00 0.000000e+00 0.000000e+00 0.000000e+00 0.000000e+00 7.144278e-01 2.855723e-01
 0.000000e+00 0.000000e+00 0.000000e+00 0.000000e+00 0.000000e+00 0.000000e+00 0.000000e+00 0.000000e+00 0.000000e+00 0.000000e+00 0.000000e+00 0.000000e+00 0.000000e+00 0.000000e+00 0.000000e+00 0.000000e+00 0.000000e+00 0.000000e+00 0.000000e+00 0.000000e+00
<ENDHMM>
