~o
<STREAMINFO> 1 39
<VECSIZE> 39<NULLD><MFCC_D_A_0><DIAGC>
~h "nol"
<BEGINHMM>
<NUMSTATES> 20
<STATE> 2
<MEAN> 39
 -1.770823e+01 -4.559908e+00 -1.851354e+00 -3.753445e+00 2.328682e+00 -5.168296e+00 2.991394e+00 -6.946793e+00 3.718284e-01 -6.939183e+00 -2.347241e-01 -5.612790e+00 5.744027e+01 1.011679e+00 1.355457e+00 1.420334e+00 1.003840e+00 2.088748e-01 -5.316959e-01 -7.469950e-01 -7.403821e-01 -4.149273e-01 -2.273617e-01 -5.662449e-02 -1.408992e-01 4.513335e-01 5.183021e-01 5.256374e-01 4.099209e-01 2.023006e-01 -1.430066e-01 -4.330224e-01 -4.851057e-01 -4.189995e-01 -2.204590e-01 -9.630142e-02 -2.659583e-02 -2.137773e-02 2.208396e-01
<VARIANCE> 39
 8.205103e+00 8.987388e+00 1.046572e+01 8.337458e+00 1.449090e+01 2.488055e+01 2.662681e+01 2.143230e+01 2.070148e+01 1.080668e+01 1.572765e+01 1.359067e+01 1.008497e+00 2.238575e+00 2.373886e+00 2.359867e+00 2.026909e+00 1.389376e+00 2.702499e+00 3.467438e+00 3.710911e+00 2.509433e+00 1.640300e+00 3.154829e+00 2.131198e+00 3.484233e-01 3.016349e-01 3.280565e-01 2.397858e-01 2.271447e-01 2.663757e-01 4.685555e-01 4.840128e-01 6.717454e-01 4.502298e-01 2.134980e-01 4.553671e-01 2.962472e-01 6.036044e-02
<GCONST> 9.726364e+01
<STATE> 3
<MEAN> 39
 -6.942826e+00 5.949483e+00 9.441696e+00 2.983421e+00 1.014771e+00 -1.063339e+01 -7.903961e+00 -1.452738e+01 -6.085187e+00 -9.990074e+00 -6.119274e-01 -6.890819e+00 6.116081e+01 3.297985e+00 3.300279e+00 2.432945e+00 3.943373e-01 -1.608486e+00 -2.687816e+00 -3.086042e+00 -2.204534e+00 -1.185237e+00 -7.908824e-02 5.135194e-01 2.649756e-01 1.497868e+00 -2.806912e-01 -7.514607e-01 -1.046485e+00 -9.878343e-01 -3.095767e-01 3.604705e-01 3.840744e-01 5.789141e-01 7.729613e-01 5.166349e-01 2.068146e-01 1.227405e-01 1.192935e-02
<VARIANCE> 39
 8.134553e+00 9.925503e+00 1.206290e+01 1.796871e+01 2.252898e+01 2.046897e+01 2.093379e+01 1.629784e+01 2.521908e+01 3.102208e+01 4.940530e+01 4.403505e+01 1.946138e+00 6.935233e-01 1.286171e+00 1.873842e+00 2.168269e+00 9.366404e-01 1.736444e+00 1.944505e+00 2.661268e+00 2.909520e+00 2.297673e+00 4.097441e+00 2.137305e+00 1.175105e-01 1.973144e-01 2.641626e-01 3.281945e-01 2.749441e-01 3.892329e-01 5.796356e-01 2.406719e-01 3.941354e-01 5.719706e-01 2.612708e-01 6.199804e-01 4.645168e-01 4.829290e-02
<GCONST> 9.839291e+01
<STATE> 4
<MEAN> 39
 -1.085882e+00 9.089704e+00 8.941895e+00 -7.150847e-01 -2.992420e+00 -1.396082e+01 -1.228461e+01 -1.583406e+01 -3.536627e+00 -5.769999e+00 1.537982e+00 -5.865595e+00 6.469401e+01 1.310804e+00 -1.126772e+00 -2.459925e+00 -1.938572e+00 5.228038e-01 6.419784e-01 -7.392620e-01 8.065537e-01 1.380924e+00 1.150638e+00 1.763755e-01 -8.663431e-01 1.385131e+00 -3.166123e-01 -1.215101e+00 -1.189167e+00 -5.754470e-01 8.479111e-01 1.089019e+00 5.462831e-01 7.727951e-01 2.478243e-01 -5.085135e-02 -8.519523e-02 -4.094687e-01 1.416865e-01
<VARIANCE> 39
 2.705945e+00 6.306574e+00 2.126828e+01 2.036683e+01 1.430833e+01 1.688886e+01 2.687078e+01 2.359805e+01 3.956063e+01 5.361360e+01 8.869903e+01 4.547820e+01 1.720641e+00 5.333818e-01 3.633859e+00 4.137313e+00 2.322830e+00 4.438318e+00 3.292984e+00 3.296855e+00 3.014689e+00 3.877365e+00 2.325880e+00 4.265760e+00 4.177327e+00 4.690631e-01 1.098282e-01 2.942607e-01 3.501484e-01 3.015674e-01 4.196981e-01 4.880977e-01 6.192617e-01 4.943770e-01 6.448280e-01 3.294138e-01 5.006849e-01 5.194843e-01 7.196893e-02
<GCONST> 1.072787e+02
<STATE> 5
<MEAN> 39
 2.699869e+00 -3.004112e+00 -5.689578e+00 -1.203156e+01 5.732867e+00 -4.259721e+00 -1.406591e+01 -6.968881e+00 8.518686e-01 -3.746351e+00 2.861038e+00 -1.293767e+01 7.201125e+01 7.640417e-01 -3.021113e+00 -3.318877e+00 -3.091760e+00 1.481810e+00 3.789348e+00 9.692587e-01 1.329187e+00 2.523772e-01 -4.637565e-01 4.066087e-01 -4.451109e-01 1.521696e+00 -2.664746e-01 6.394156e-01 8.512009e-01 4.166096e-01 -5.864764e-01 -4.338888e-03 5.939974e-01 -8.325542e-01 -5.199113e-01 -3.600783e-01 -1.970183e-03 6.937222e-01 -4.425263e-01
<VARIANCE> 39
 1.832540e+00 3.737780e+01 6.165457e+01 3.363081e+01 6.957681e+01 4.250455e+01 6.485609e+01 1.120681e+02 7.682342e+01 1.467687e+02 2.060616e+02 4.888018e+01 7.444262e+00 3.294216e-01 2.190364e+00 4.269104e+00 2.650993e+00 5.818139e+00 1.095326e+00 3.794030e+00 5.471461e+00 4.091389e+00 3.458990e+00 3.610960e+00 4.452506e+00 5.947145e-01 3.781810e-02 4.046071e-01 2.940997e-01 5.120267e-01 6.680380e-01 4.654436e-01 4.427256e-01 5.004593e-01 6.775627e-01 9.309539e-01 8.619201e-01 7.099040e-01 4.132039e-02
<GCONST> 1.199856e+02
<STATE> 6
<MEAN> 39
 3.593060e+00 -5.473713e+00 -1.083183e+01 -1.715061e+01 4.754267e+00 3.064700e+00 -8.725867e+00 -1.080230e+01 -8.424746e-02 -6.524721e+00 2.014594e+00 -9.778919e+00 7.268671e+01 2.027236e-01 -1.178083e-01 -4.405375e-01 -1.099322e+00 -1.274261e-01 2.256464e+00 1.183367e+00 -1.408022e+00 -4.775923e-01 -8.087232e-01 -1.979669e-01 7.812154e-01 1.828432e-01 -1.117582e-01 4.774586e-01 5.690601e-01 4.041921e-01 -1.408022e-01 -4.694297e-01 -4.840811e-01 -1.154637e-01 -1.104640e-01 -1.489598e-01 -1.364001e-01 -1.482308e-02 -1.884380e-01
<VARIANCE> 39
 9.136048e-01 3.355027e+01 8.174734e+01 1.662393e+01 7.021795e+01 4.271399e+01 4.887107e+01 1.097185e+02 5.871603e+01 5.459344e+01 1.580766e+02 3.262276e+01 8.310210e+00 1.121728e-01 5.516537e-01 1.557105e+00 5.771879e-01 2.132113e+00 1.108344e+00 1.258343e+00 1.244044e+00 1.469786e+00 3.916649e+00 1.364053e+00 2.090426e+00 4.110442e-02 1.300688e-02 1.649838e-01 2.870608e-01 1.341727e-01 2.615114e-01 2.406425e-01 1.568996e-01 3.948812e-01 1.851192e-01 2.834643e-01 2.526795e-01 2.510791e-01 1.980215e-02
<GCONST> 9.109625e+01
<STATE> 7
<MEAN> 39
 4.282401e+00 -1.804399e-01 -1.268527e+01 -2.011383e+01 -3.184330e+00 6.355520e+00 -1.565034e+00 -1.757692e+01 -7.851909e+00 -8.333333e+00 4.223077e+00 -4.173037e+00 7.044695e+01 -3.819803e-02 1.209806e-01 -3.508246e-01 -4.216151e-01 -1.854925e-01 3.838708e-01 1.310848e-01 8.312448e-02 -3.106548e-01 1.230444e-03 -4.432857e-02 7.162057e-02 -1.943163e-02 -3.115911e-02 -3.826523e-02 2.774715e-02 3.989054e-02 3.825863e-02 -1.364281e-01 -1.401605e-01 6.914476e-02 1.366501e-01 2.199303e-01 -1.031333e-02 -6.972137e-02 4.589276e-03
<VARIANCE> 39
 8.973287e-01 1.529992e+01 2.493625e+01 7.430138e+00 2.779903e+01 4.010440e+01 3.195347e+01 3.595169e+01 4.205920e+01 1.608098e+01 5.143548e+01 1.993255e+01 4.508077e+00 7.686463e-02 2.171571e-01 3.975539e-01 1.829721e-01 4.423521e-01 9.268974e-01 4.769313e-01 1.043730e+00 7.120215e-01 1.448750e+00 1.086658e+00 6.780725e-01 3.323268e-02 1.669996e-02 4.348537e-02 8.233323e-02 3.591229e-02 1.297264e-01 1.888841e-01 7.731783e-02 1.754714e-01 1.266650e-01 2.094946e-01 1.490842e-01 1.300698e-01 6.752138e-03
<GCONST> 6.292493e+01
<STATE> 8
<MEAN> 39
 1.936074e+00 -7.222609e+00 -1.208814e+00 -2.537831e+01 9.759398e+00 7.040436e+00 -1.661103e+01 -1.473470e+00 -6.477753e+00 -5.590245e+00 9.953517e+00 -1.025611e+01 7.653477e+01 -4.506248e-03 3.276969e-01 -1.987884e-01 -2.677300e-01 9.595491e-02 -7.965881e-01 -3.498645e-01 -3.385495e-01 -3.781486e-01 4.931331e-01 5.390730e-02 -2.482557e-02 -1.002430e-01 3.478782e-02 9.239653e-02 5.668004e-02 1.354540e-01 -7.133473e-02 -1.078790e-01 1.442966e-01 1.583609e-02 1.005644e-01 1.741755e-01 -4.087924e-02 -8.025777e-02 -6.037874e-02
<VARIANCE> 39
 1.629597e+00 2.140161e+01 9.076568e+01 1.373513e+01 4.992512e+01 4.462406e+01 6.270852e+01 8.829530e+01 5.543736e+01 2.661948e+01 7.168175e+01 1.728500e+01 1.243005e+01 8.450641e-02 8.302880e-01 3.850767e-01 7.024742e-01 1.165491e+00 1.708898e+00 1.155436e+00 1.030707e+00 1.816625e+00 9.802202e-01 7.426134e-01 6.610725e-01 1.575160e-01 1.232357e-02 1.141038e-01 9.044982e-02 1.158090e-01 1.755748e-01 2.169514e-01 1.234210e-01 2.118152e-01 3.314170e-01 1.859300e-01 1.655027e-01 2.111579e-01 9.409819e-03
<GCONST> 8.169665e+01
<STATE> 9
<MEAN> 39
 3.266368e+00 -9.184454e+00 -1.472778e+01 -1.902657e+01 5.227883e+00 1.021724e+01 -1.114806e+01 -2.200378e+01 4.055352e+00 -1.284710e+01 -1.378531e+01 -1.176242e+01 7.299363e+01 -2.007557e-01 3.001743e-01 7.828220e-01 -1.150077e-01 -9.357446e-01 3.375445e-02 -3.417692e-01 -3.966221e-01 -8.007391e-05 1.220795e-01 -5.571135e-02 -6.889206e-02 -3.251376e-01 -4.927858e-02 7.768374e-02 6.019935e-02 6.429751e-02 -9.882282e-02 -1.604418e-01 2.067793e-02 9.846386e-02 -7.392010e-02 -1.083423e-01 -1.250863e-03 -1.109157e-02 -7.229398e-02
<VARIANCE> 39
 8.941920e-01 2.954553e+01 3.587693e+01 1.254161e+01 4.019852e+01 4.198023e+01 4.815136e+01 6.854354e+01 5.565403e+01 5.098083e+01 1.581784e+02 1.800206e+01 5.310472e+00 1.110151e-01 7.485074e-01 1.309919e+00 8.230688e-01 9.173475e-01 1.735789e+00 2.349482e+00 2.403569e+00 1.512927e+00 2.265966e+00 1.602410e+00 7.931750e-01 1.250452e-01 1.095204e-02 8.683465e-02 2.534963e-01 1.265455e-01 1.152570e-01 1.964677e-01 3.917465e-01 3.729877e-01 2.848646e-01 1.698379e-01 3.106621e-01 1.636404e-01 4.836998e-03
<GCONST> 8.589641e+01
<STATE> 10
<MEAN> 39
 2.069444e+00 -2.230399e+00 -8.313063e+00 -2.292773e+01 -1.057969e+01 1.580463e+01 -2.748232e+00 -2.068127e+01 2.168418e+00 2.119747e+00 1.210203e+00 -3.525483e-01 7.120209e+01 -1.724679e-01 4.196630e-01 1.020267e+00 3.267131e-01 -4.632149e-01 -1.561755e-01 -1.426705e-01 -1.280851e-01 5.376441e-01 -6.801381e-02 -6.339011e-01 3.197518e-01 -2.650468e-01 -4.602867e-02 8.595354e-02 2.530394e-02 3.499603e-01 3.178034e-01 -1.844965e-01 9.781823e-02 1.670641e-01 -3.285341e-01 -4.136131e-01 5.595147e-02 -9.301464e-02 -8.876578e-02
<VARIANCE> 39
 2.362825e+00 7.439708e+00 2.280067e+01 1.409299e+01 8.689600e+01 7.283494e+01 4.915775e+01 6.230444e+01 5.051751e+01 5.757641e+01 4.942435e+01 4.747054e+01 2.019089e+00 1.481214e-01 5.841630e-01 6.293697e-01 9.580620e-01 2.766968e+00 1.891557e+00 9.075412e-01 2.056077e+00 3.127241e+00 1.986826e+00 9.180502e-01 1.962147e+00 1.284161e-01 3.275217e-02 5.878975e-02 6.393812e-02 1.051581e-01 3.975885e-01 1.784762e-01 1.632582e-01 3.009838e-01 3.015557e-01 2.220940e-01 1.710366e-01 1.841892e-01 9.477476e-03
<GCONST> 8.549006e+01
<STATE> 11
<MEAN> 39
 2.672128e+00 1.029752e+00 -7.756884e+00 -1.931227e+01 1.364698e+00 3.395522e-01 -8.260766e+00 -1.152374e+01 -8.060173e+00 -7.263195e+00 1.975264e+00 -1.093838e+01 6.954797e+01 -4.752098e-01 5.210161e-01 5.555407e-01 1.385677e+00 3.804955e-02 -4.581815e-01 6.820217e-01 -3.919620e-01 -3.067861e-01 -9.622789e-01 -6.081498e-01 -2.027919e-01 -7.379407e-01 -1.450999e-01 -5.605552e-02 8.623963e-02 1.252578e-01 1.278664e-01 1.126578e-01 6.739824e-02 -8.351137e-02 -1.790384e-02 -1.249447e-02 4.248916e-02 1.693751e-01 -5.103290e-02
<VARIANCE> 39
 3.320843e+00 6.356060e+00 3.558241e+01 8.402102e+00 5.899824e+01 4.172619e+01 4.264619e+01 7.437461e+01 3.424326e+01 3.677877e+01 9.043539e+01 3.253616e+01 4.519096e+00 1.696778e-01 2.293124e-01 7.163658e-01 6.736800e-01 1.479120e+00 1.181127e+00 5.569488e-01 1.516268e+00 1.579597e+00 8.492686e-01 8.659853e-01 8.324296e-01 5.789597e-02 1.975456e-02 3.933463e-02 4.238648e-02 1.257987e-01 2.968939e-01 2.025954e-01 8.985545e-02 2.336770e-01 1.983238e-01 2.843356e-01 1.044291e-01 1.278169e-01 9.222226e-03
<GCONST> 7.551644e+01
<STATE> 12
<MEAN> 39
 9.166618e-02 2.317811e+00 -4.202504e+00 -1.402008e+01 8.804515e-01 9.893948e-01 -7.610941e+00 -1.618757e+01 -7.141325e+00 -1.053827e+01 -3.423353e+00 -9.818924e+00 6.689883e+01 -8.905205e-01 9.325393e-02 5.412354e-01 1.451539e+00 3.645092e-01 -3.005307e-01 1.077422e+00 2.715769e-01 -1.663864e-01 2.524175e-01 8.350655e-02 2.938995e-01 -7.973694e-01 -1.412430e-01 -3.007765e-01 -1.519995e-01 -4.962647e-02 -1.013043e-01 -1.233739e-01 1.987669e-01 3.088302e-01 3.371874e-01 2.139049e-01 1.868270e-01 -7.775595e-02 -2.108524e-02
<VARIANCE> 39
 1.253147e+00 1.381679e+01 1.000599e+01 1.227098e+01 4.046336e+01 5.161410e+01 2.888505e+01 4.731631e+01 3.871926e+01 7.599117e+01 1.275853e+02 3.323458e+01 2.067492e+00 7.269240e-02 3.447247e-01 5.399722e-01 8.414493e-01 2.314030e+00 6.829266e-01 8.674893e-01 2.018813e+00 1.192148e+00 1.783132e+00 1.682325e+00 1.208149e+00 5.414286e-02 1.035735e-02 3.163357e-02 4.017792e-02 6.470277e-02 9.490362e-02 1.175770e-01 8.543041e-02 2.104500e-01 1.936944e-01 3.557380e-01 2.472148e-01 1.887510e-01 5.366424e-03
<GCONST> 7.290149e+01
<STATE> 13
<MEAN> 39
 -3.055971e+00 1.671539e+00 -1.385336e+00 -9.725463e+00 6.294867e-01 5.615342e+00 6.972154e-01 -1.203463e+01 -2.106300e+00 -6.406502e+00 2.113146e+00 -3.396161e+00 6.508089e+01 -1.005718e+00 -1.490025e-01 2.850657e-01 1.263279e+00 5.283061e-01 -1.284275e+00 1.017282e+00 1.500590e+00 1.484920e-01 -3.579426e-01 -2.277544e-01 -5.699078e-01 -8.132755e-01 1.571531e-02 -3.054149e-02 -5.283356e-02 -2.612107e-01 -2.787980e-01 -9.500541e-02 -2.323109e-01 -4.409869e-02 7.907222e-02 1.308137e-02 -1.969982e-01 -1.387680e-01 4.229958e-02
<VARIANCE> 39
 2.448256e+00 6.189207e+00 1.219380e+01 1.428575e+01 2.198816e+01 4.814634e+01 3.633681e+01 4.727473e+01 2.501099e+01 2.884466e+01 5.097179e+01 3.107411e+01 1.679117e+00 1.008717e-01 4.660578e-01 3.707043e-01 6.438940e-01 2.433644e+00 9.484230e-01 1.373173e+00 1.526219e+00 1.313363e+00 1.149305e+00 1.613837e+00 1.343753e+00 5.153093e-02 8.858356e-03 6.897247e-02 6.437734e-02 1.520760e-01 2.766347e-01 1.678290e-01 1.851896e-01 3.100123e-01 1.439789e-01 2.629855e-01 1.926344e-01 1.470586e-01 5.892661e-03
<GCONST> 7.381710e+01
<STATE> 14
<MEAN> 39
 -5.332035e+00 2.141116e-02 -3.584043e+00 -9.801629e+00 -1.219872e-01 -1.546594e+00 -2.822528e+00 -1.362027e+01 -5.275033e+00 -1.285956e+01 -6.839560e+00 -1.260864e+01 6.312577e+01 -8.558790e-01 9.816503e-02 4.758943e-01 7.743875e-01 -1.748498e-02 -6.567674e-01 7.207915e-01 5.733988e-01 -4.381431e-01 -2.271189e-01 -1.381809e-01 -3.727393e-02 -6.569682e-01 3.225444e-02 4.025970e-02 1.677000e-02 -3.997844e-02 2.698029e-02 4.675970e-02 -1.105497e-01 -1.100480e-01 -1.620333e-01 -7.129685e-02 -5.266431e-02 4.232228e-02 4.584343e-02
<VARIANCE> 39
 3.183638e+00 1.123434e+01 1.251991e+01 1.541257e+01 9.359226e+00 1.482765e+01 1.956511e+01 2.085489e+01 1.590135e+01 3.286331e+01 4.737399e+01 2.551912e+01 1.104363e+00 2.502111e-01 4.102553e-01 4.447572e-01 7.847471e-01 4.990819e-01 1.470235e+00 1.045081e+00 1.544592e+00 2.303759e+00 1.590542e+00 2.196843e+00 1.497499e+00 3.719098e-02 4.958907e-02 6.347049e-02 9.000675e-02 1.104531e-01 1.143526e-01 1.852808e-01 9.756032e-02 2.608687e-01 3.877310e-01 1.892667e-01 2.490410e-01 3.803170e-01 8.542468e-03
<GCONST> 7.332523e+01
<STATE> 15
<MEAN> 39
 -7.739399e+00 1.548805e+00 -1.592148e-01 -4.716715e+00 8.205817e-02 -4.052009e+00 4.564806e-01 -9.818450e+00 -5.597961e+00 -1.143491e+01 -4.497843e+00 -9.773571e+00 6.105195e+01 -7.542704e-01 -1.056725e-01 4.772563e-01 9.209512e-01 -3.407133e-01 -6.463404e-01 -8.043016e-02 -2.138536e-01 -7.409564e-02 -5.057055e-01 -8.512337e-01 -5.072211e-01 -5.177068e-01 4.832152e-02 -4.506899e-02 7.187051e-03 4.014490e-02 7.255718e-02 2.023256e-01 5.681006e-02 -4.192536e-02 1.372082e-01 1.383913e-01 9.960075e-02 5.561994e-02 3.521639e-02
<VARIANCE> 39
 4.188315e+00 5.247243e+00 1.223360e+01 2.961170e+01 1.444651e+01 2.576250e+01 2.060071e+01 2.734822e+01 2.080437e+01 1.985155e+01 2.964766e+01 1.683668e+01 1.118867e+00 1.170999e-01 2.730916e-01 2.704599e-01 6.575899e-01 7.302941e-01 1.206647e+00 9.017107e-01 1.440108e+00 9.024724e-01 6.039930e-01 8.538836e-01 1.128255e+00 2.344604e-02 2.799540e-02 5.857240e-02 7.695079e-02 1.315049e-01 1.705804e-01 1.967971e-01 2.580244e-01 2.826385e-01 2.049937e-01 1.490214e-01 1.602179e-01 2.459782e-01 6.886351e-03
<GCONST> 6.711047e+01
<STATE> 16
<MEAN> 39
 -1.050224e+01 1.839861e-02 8.978199e-01 -2.191786e+00 1.777915e+00 -3.242070e+00 6.513956e-01 -1.024934e+01 -5.880460e+00 -1.276698e+01 -5.585676e+00 -1.112912e+01 5.967524e+01 -6.076673e-01 -3.194240e-01 2.103938e-01 4.954748e-01 1.578129e-01 -1.102784e-01 2.751009e-01 4.501014e-01 5.171245e-01 2.992934e-01 3.047898e-01 3.779528e-01 -3.291515e-01 1.021168e-02 -9.691519e-02 -1.311581e-01 -2.214646e-01 -1.322510e-01 -6.641863e-02 2.349054e-02 2.132937e-02 1.028245e-01 5.441315e-02 6.112156e-02 1.960117e-01 2.238390e-02
<VARIANCE> 39
 1.844354e+00 2.769773e+00 5.434336e+00 1.941403e+01 1.405405e+01 1.697013e+01 2.426233e+01 2.891648e+01 2.121573e+01 1.835353e+01 2.521876e+01 2.420560e+01 4.934258e-01 1.359554e-01 3.374083e-01 7.194703e-01 8.921885e-01 1.018427e+00 7.437211e-01 1.706766e+00 1.388770e+00 1.050164e+00 1.086406e+00 1.543152e+00 1.448193e+00 6.194907e-02 1.619604e-02 3.394300e-02 7.866728e-02 1.254681e-01 1.297120e-01 1.024680e-01 2.828253e-01 2.065270e-01 1.999918e-01 1.407481e-01 2.906484e-01 2.574116e-01 6.231434e-03
<GCONST> 6.635508e+01
<STATE> 17
<MEAN> 39
 -1.296274e+01 -2.175201e+00 1.142961e-01 -1.476641e+00 -4.205746e-01 -5.607330e+00 1.924379e+00 -9.495579e+00 -2.885492e+00 -1.127633e+01 -6.563063e+00 -9.260660e+00 5.808120e+01 -5.297618e-01 -2.803014e-01 1.478013e-01 3.110941e-01 7.775050e-02 6.683166e-03 3.107033e-01 4.565100e-01 1.619211e-01 -8.882887e-02 -4.166252e-01 1.693844e-01 -2.745794e-01 4.499011e-02 9.209069e-02 5.040182e-02 2.185342e-02 1.957547e-01 1.915185e-01 -8.937426e-02 -3.184098e-02 -1.620981e-01 -1.126499e-01 4.011948e-02 -2.460894e-02 3.539946e-02
<VARIANCE> 39
 2.570598e+00 4.742065e+00 4.074460e+00 2.156417e+01 1.879332e+01 2.257792e+01 1.750503e+01 3.712370e+01 1.997271e+01 2.560226e+01 2.076797e+01 3.992830e+01 4.372367e-01 1.439144e-01 3.454907e-01 6.901381e-01 1.079862e+00 9.211059e-01 9.915922e-01 1.446371e+00 1.387252e+00 1.486479e+00 9.533464e-01 1.679760e+00 3.323931e+00 3.778806e-02 1.860799e-02 8.243190e-02 1.118454e-01 1.966143e-01 1.798688e-01 1.470716e-01 2.807159e-01 3.025847e-01 2.094615e-01 1.786651e-01 3.902357e-01 5.520610e-01 7.360815e-03
<GCONST> 7.328675e+01
<STATE> 18
<MEAN> 39
 -1.457184e+01 -2.504930e+00 8.720700e-01 -2.838882e-01 3.537160e+00 -8.570237e-01 4.306637e+00 -6.606063e+00 -2.451988e+00 -1.029612e+01 -4.563772e+00 -6.652382e+00 5.742000e+01 -3.943969e-01 -4.863300e-01 -4.621999e-01 -3.923595e-01 1.651205e-01 2.986686e-01 -5.421529e-02 4.361077e-02 1.667225e-01 4.014467e-01 8.020668e-01 1.588530e-01 -9.445773e-02 5.952864e-02 -9.245946e-02 -1.878665e-01 -2.236525e-01 -2.411008e-01 -1.842269e-01 -6.018737e-02 6.100403e-02 1.506379e-01 1.948260e-01 1.709945e-01 -1.175122e-01 4.121251e-02
<VARIANCE> 39
 2.332652e+00 4.678298e+00 7.695384e+00 2.567575e+01 1.926499e+01 3.472846e+01 1.936582e+01 2.472001e+01 1.519648e+01 1.312010e+01 3.440981e+01 1.482632e+01 4.291395e-01 7.055275e-02 3.781124e-01 5.437791e-01 8.180267e-01 1.142264e+00 1.518420e+00 1.909933e+00 1.318326e+00 1.855479e+00 9.124198e-01 1.977729e+00 1.432087e+00 3.649386e-02 2.005267e-02 6.534731e-02 1.156643e-01 1.097488e-01 1.447521e-01 2.701984e-01 3.764682e-01 4.065528e-01 3.897049e-01 1.418723e-01 3.567817e-01 2.245155e-01 7.066695e-03
<GCONST> 7.151694e+01
<STATE> 19
<MEAN> 39
 -1.604716e+01 -5.491691e+00 -2.248814e+00 -4.979054e+00 -8.884442e-01 -4.872621e+00 2.930252e-01 -6.446984e+00 -1.151854e-01 -7.811505e+00 -9.812917e-01 -7.724633e+00 5.727290e+01 -3.179784e-01 -4.501475e-01 -3.460890e-01 -3.986181e-01 -3.674326e-01 -1.421997e-01 1.123600e-01 5.327088e-01 6.085118e-01 8.363466e-01 5.645174e-01 1.985509e-02 -1.309372e-01 3.878734e-02 8.215467e-02 1.038268e-01 1.574467e-01 1.618080e-01 1.152511e-01 1.428691e-01 9.726300e-02 -2.305970e-02 -7.918397e-02 -2.149513e-01 -8.835892e-02 6.631554e-03
<VARIANCE> 39
 2.251874e+00 6.297433e+00 1.346450e+01 1.408181e+01 2.097239e+01 2.335038e+01 2.659140e+01 1.237615e+01 1.869521e+01 2.379531e+01 2.124925e+01 1.312751e+01 5.942615e-01 1.085059e-01 2.733338e-01 5.731854e-01 7.464007e-01 7.090219e-01 1.090813e+00 1.308208e+00 1.528425e+00 6.632417e-01 1.530632e+00 1.591984e+00 1.851779e+00 3.118158e-02 2.033466e-02 4.125690e-02 7.737483e-02 1.481011e-01 1.164191e-01 1.551692e-01 2.334689e-01 2.083836e-01 1.355920e-01 4.157831e-01 3.051912e-01 2.970390e-01 6.067690e-03
<GCONST> 6.749937e+01
<TRANSP> 20
 0.000000e+00 1.000000e+00 0.000000e+00 0.000000e+00 0.000000e+00 0.000000e+00 0.000000e+00 0.000000e+00 0.000000e+00 0.000000e+00 0.000000e+00 0.000000e+00 0.000000e+00 0.000000e+00 0.000000e+00 0.000000e+00 0.000000e+00 0.000000e+00 0.000000e+00 0.000000e+00
 0.000000e+00 8.030924e-01 1.969076e-01 0.000000e+00 0.000000e+00 0.000000e+00 0.000000e+00 0.000000e+00 0.000000e+00 0.000000e+00 0.000000e+00 0.000000e+00 0.000000e+00 0.000000e+00 0.000000e+00 0.000000e+00 0.000000e+00 0.000000e+00 0.000000e+00 0.000000e+00
 0.000000e+00 0.000000e+00 5.847283e-01 4.152717e-01 0.000000e+00 0.000000e+00 0.000000e+00 0.000000e+00 0.000000e+00 0.000000e+00 0.000000e+00 0.000000e+00 0.000000e+00 0.000000e+00 0.000000e+00 0.000000e+00 0.000000e+00 0.000000e+00 0.000000e+00 0.000000e+00
 0.000000e+00 0.000000e+00 0.000000e+00 7.400005e-01 2.599996e-01 0.000000e+00 0.000000e+00 0.000000e+00 0.000000e+00 0.000000e+00 0.000000e+00 0.000000e+00 0.000000e+00 0.000000e+00 0.000000e+00 0.000000e+00 0.000000e+00 0.000000e+00 0.000000e+00 0.000000e+00
 0.000000e+00 0.000000e+00 0.000000e+00 0.000000e+00 6.570421e-01 3.429579e-01 0.000000e+00 0.000000e+00 0.000000e+00 0.000000e+00 0.000000e+00 0.000000e+00 0.000000e+00 0.000000e+00 0.000000e+00 0.000000e+00 0.000000e+00 0.000000e+00 0.000000e+00 0.000000e+00
 0.000000e+00 0.000000e+00 0.000000e+00 0.000000e+00 0.000000e+00 6.448762e-01 3.551238e-01 0.000000e+00 0.000000e+00 0.000000e+00 0.000000e+00 0.000000e+00 0.000000e+00 0.000000e+00 0.000000e+00 0.000000e+00 0.000000e+00 0.000000e+00 0.000000e+00 0.000000e+00
 0.000000e+00 0.000000e+00 0.000000e+00 0.000000e+00 0.000000e+00 0.000000e+00 8.404152e-01 1.595848e-01 0.000000e+00 0.000000e+00 0.000000e+00 0.000000e+00 0.000000e+00 0.000000e+00 0.000000e+00 0.000000e+00 0.000000e+00 0.000000e+00 0.000000e+00 0.000000e+00
 0.000000e+00 0.000000e+00 0.000000e+00 0.000000e+00 0.000000e+00 0.000000e+00 0.000000e+00 7.339354e-01 2.660646e-01 0.000000e+00 0.000000e+00 0.000000e+00 0.000000e+00 0.000000e+00 0.000000e+00 0.000000e+00 0.000000e+00 0.000000e+00 0.000000e+00 0.000000e+00
 0.000000e+00 0.000000e+00 0.000000e+00 0.000000e+00 0.000000e+00 0.000000e+00 0.000000e+00 0.000000e+00 7.275608e-01 2.724392e-01 0.000000e+00 0.000000e+00 0.000000e+00 0.000000e+00 0.000000e+00 0.000000e+00 0.000000e+00 0.000000e+00 0.000000e+00 0.000000e+00
 0.000000e+00 0.000000e+00 0.000000e+00 0.000000e+00 0.000000e+00 0.000000e+00 0.000000e+00 0.000000e+00 0.000000e+00 6.571016e-01 3.428984e-01 0.000000e+00 0.000000e+00 0.000000e+00 0.000000e+00 0.000000e+00 0.000000e+00 0.000000e+00 0.000000e+00 0.000000e+00
 0.000000e+00 0.000000e+00 0.000000e+00 0.000000e+00 0.000000e+00 0.000000e+00 0.000000e+00 0.000000e+00 0.000000e+00 0.000000e+00 7.067732e-01 2.932268e-01 0.000000e+00 0.000000e+00 0.000000e+00 0.000000e+00 0.000000e+00 0.000000e+00 0.000000e+00 0.000000e+00
 0.000000e+00 0.000000e+00 0.000000e+00 0.000000e+00 0.000000e+00 0.000000e+00 0.000000e+00 0.000000e+00 0.000000e+00 0.000000e+00 0.000000e+00 5.542426e-01 4.457574e-01 0.000000e+00 0.000000e+00 0.000000e+00 0.000000e+00 0.000000e+00 0.000000e+00 0.000000e+00
 0.000000e+00 0.000000e+00 0.000000e+00 0.000000e+00 0.000000e+00 0.000000e+00 0.000000e+00 0.000000e+00 0.000000e+00 0.000000e+00 0.000000e+00 0.000000e+00 6.371086e-01 3.628914e-01 0.000000e+00 0.000000e+00 0.000000e+00 0.000000e+00 0.000000e+00 0.000000e+00
 0.000000e+00 0.000000e+00 0.000000e+00 0.000000e+00 0.000000e+00 0.000000e+00 0.000000e+00 0.000000e+00 0.000000e+00 0.000000e+00 0.000000e+00 0.000000e+00 0.000000e+00 6.785959e-01 3.214041e-01 0.000000e+00 0.000000e+00 0.000000e+00 0.000000e+00 0.000000e+00
 0.000000e+00 0.000000e+00 0.000000e+00 0.000000e+00 0.000000e+00 0.000000e+00 0.000000e+00 0.000000e+00 0.000000e+00 0.000000e+00 0.000000e+00 0.000000e+00 0.000000e+00 0.000000e+00 7.123573e-01 2.876427e-01 0.000000e+00 0.000000e+00 0.000000e+00 0.000000e+00
 0.000000e+00 0.000000e+00 0.000000e+00 0.000000e+00 0.000000e+00 0.000000e+00 0.000000e+00 0.000000e+00 0.000000e+00 0.000000e+00 0.000000e+00 0.000000e+00 0.000000e+00 0.000000e+00 0.000000e+00 7.485090e-01 2.514910e-01 0.000000e+00 0.000000e+00 0.000000e+00
 0.000000e+00 0.000000e+00 0.000000e+00 0.000000e+00 0.000000e+00 0.000000e+00 0.000000e+00 0.000000e+00 0.000000e+00 0.000000e+00 0.000000e+00 0.000000e+00 0.000000e+00 0.000000e+00 0.000000e+00 0.000000e+00 7.472966e-01 2.527033e-01 0.000000e+00 0.000000e+00
 0.000000e+00 0.000000e+00 0.000000e+00 0.000000e+00 0.000000e+00 0.000000e+00 0.000000e+00 0.000000e+00 0.000000e+00 0.000000e+00 0.000000e+00 0.000000e+00 0.000000e+00 0.000000e+00 0.000000e+00 0.000000e+00 0.000000e+00 7.286392e-01 2.713608e-01 0.000000e+00
 0.000000e+00 0.000000e+00 0.000000e+00 0.000000e+00 0.000000e+00 0.000000e+00 0.000000e+00 0.000000e+00 0.000000e+00 0.000000e+00 0.000000e+00 0.000000e+00 0.000000e+00 0.000000e+00 0.000000e+00 0.000000e+00 0.000000e+00 0.000000e+00 7.176028e-01 2.823972e-01
 0.000000e+00 0.000000e+00 0.000000e+00 0.000000e+00 0.000000e+00 0.000000e+00 0.000000e+00 0.000000e+00 0.000000e+00 0.000000e+00 0.000000e+00 0.000000e+00 0.000000e+00 0.000000e+00 0.000000e+00 0.000000e+00 0.000000e+00 0.000000e+00 0.000000e+00 0.000000e+00
<ENDHMM>
