~o
<STREAMINFO> 1 39
<VECSIZE> 39<NULLD><MFCC_D_A_0><DIAGC>
~h "pasang"
<BEGINHMM>
<NUMSTATES> 5
<STATE> 2
<MEAN> 39
 -1.009552e+01 8.851542e-01 -1.148541e+01 -3.147226e+00 4.462647e+00 -7.005601e+00 -8.514977e-01 -9.075954e+00 1.714872e+00 -8.620900e+00 -3.320973e+00 -9.748483e+00 6.913044e+01 4.266371e-01 -4.354420e-02 -4.210811e-01 -3.161799e-02 4.138537e-02 -1.301651e-01 -2.093826e-01 -5.481791e-02 1.045671e-01 -7.283189e-03 -1.620430e-01 -9.711903e-02 5.667220e-01 -1.661552e-03 -5.109739e-02 3.063440e-02 1.708747e-02 3.674713e-02 3.270736e-02 -1.256159e-02 -5.058413e-03 -1.845350e-02 -2.797550e-02 6.510489e-03 1.092483e-02 -1.667035e-02
<VARIANCE> 39
 1.054877e+02 9.987576e+01 5.075922e+01 6.132020e+01 6.588705e+01 4.976729e+01 6.039609e+01 6.743189e+01 3.156590e+01 7.622018e+01 8.365031e+01 2.489251e+01 3.373254e+01 7.437789e+00 4.975168e+00 3.267729e+00 3.622221e+00 2.630407e+00 3.333952e+00 3.916883e+00 3.523311e+00 2.646099e+00 3.684668e+00 3.110208e+00 2.078619e+00 1.612625e+00 8.102491e-01 3.990628e-01 5.884790e-01 5.353862e-01 4.071820e-01 5.307889e-01 5.878217e-01 5.847086e-01 5.252166e-01 5.388253e-01 5.181876e-01 3.376423e-01 2.423245e-01
<GCONST> 1.305285e+02
<STATE> 3
<MEAN> 39
 2.036929e-01 -5.528947e+00 -4.068470e+00 -1.031343e+01 3.297055e+00 -7.931931e+00 -1.005913e+01 -9.098148e+00 -3.576214e+00 -9.954662e+00 -5.674771e+00 -1.004836e+01 6.944419e+01 4.395748e-03 3.924745e-01 1.191656e+00 -4.095884e-02 1.305372e-01 1.535243e-01 7.899088e-02 -2.235382e-01 -6.256863e-01 -3.151752e-01 -7.423907e-02 -8.059724e-02 -7.397983e-01 -7.031568e-02 8.848030e-02 1.062749e-02 3.937543e-02 -4.802434e-02 -4.544564e-02 7.022854e-02 4.695867e-03 2.080882e-02 3.829933e-02 -2.848470e-02 -2.355761e-02 -3.140935e-02
<VARIANCE> 39
 8.886163e+00 2.028780e+01 1.032488e+02 3.803093e+01 4.527136e+01 7.302469e+01 4.894363e+01 1.292284e+02 8.519981e+01 8.389534e+01 6.858823e+01 3.018692e+01 3.186469e+01 3.868580e-01 7.033276e-01 7.732463e-01 1.283425e+00 1.635166e+00 1.780340e+00 1.873545e+00 2.028638e+00 3.536116e+00 1.608905e+00 2.301948e+00 1.547576e+00 1.157126e-01 3.563678e-02 1.122914e-01 1.047196e-01 1.155694e-01 2.025715e-01 2.231146e-01 2.636492e-01 3.164566e-01 5.371438e-01 2.941886e-01 3.440060e-01 2.216773e-01 1.688839e-02
<GCONST> 9.990586e+01
<STATE> 4
<MEAN> 39
 -1.160587e+01 -1.263958e+00 7.974905e+00 -8.885912e-01 2.266222e+00 -6.308113e+00 -2.027014e+00 -8.987031e+00 -9.565127e+00 -1.492425e+01 -7.955621e+00 -7.318703e+00 5.756309e+01 -6.287008e-01 -1.587077e-01 -9.159373e-02 3.051203e-01 -1.172400e-01 3.316435e-03 2.173852e-01 2.612891e-01 1.267179e-01 2.022874e-03 1.009485e-01 2.338815e-01 -2.327355e-01 1.609550e-02 -1.983777e-02 -5.021626e-02 -2.587488e-02 4.422729e-03 -1.121926e-02 -4.095404e-02 5.578828e-04 3.515797e-02 -4.194318e-03 2.393946e-02 -7.287447e-03 2.295078e-02
<VARIANCE> 39
 2.278904e+01 1.062564e+01 2.903749e+01 2.211543e+01 4.526823e+01 4.167516e+01 4.909573e+01 8.273457e+01 5.973362e+01 6.520660e+01 4.200037e+01 6.435940e+01 4.218741e+00 2.216000e-01 4.576831e-01 7.900841e-01 1.079624e+00 1.393896e+00 1.716845e+00 2.120668e+00 1.665692e+00 2.315282e+00 2.165789e+00 2.090152e+00 1.844737e+00 7.672029e-02 2.810561e-02 7.609333e-02 1.128239e-01 1.695970e-01 2.366510e-01 2.886196e-01 3.939812e-01 2.368660e-01 4.095293e-01 3.723928e-01 3.838691e-01 3.539804e-01 1.014067e-02
<GCONST> 9.354700e+01
<TRANSP> 5
 0.000000e+00 1.000000e+00 0.000000e+00 0.000000e+00 0.000000e+00
 0.000000e+00 9.698185e-01 3.018153e-02 0.000000e+00 0.000000e+00
 0.000000e+00 0.000000e+00 9.490537e-01 5.094632e-02 0.000000e+00
 0.000000e+00 0.000000e+00 0.000000e+00 9.583143e-01 4.168570e-02
 0.000000e+00 0.000000e+00 0.000000e+00 0.000000e+00 0.000000e+00
<ENDHMM>
