~o
<STREAMINFO> 1 39
<VECSIZE> 39<NULLD><MFCC_D_A_0><DIAGC>
~h "pukul"
<BEGINHMM>
<NUMSTATES> 5
<STATE> 2
<MEAN> 39
 -4.630820e+00 2.605176e+00 -3.193987e+00 -1.294650e+01 -5.427293e+00 -5.174983e+00 -1.492537e+00 -9.101274e+00 -6.282874e+00 -1.083099e+01 1.963005e+00 -3.953558e+00 6.354143e+01 6.522923e-01 3.818201e-01 -1.561433e-01 -4.838399e-01 -2.271479e-01 6.899287e-02 -2.664294e-01 -4.050833e-01 -4.518191e-01 -6.543895e-02 3.332393e-01 1.233432e-01 3.917692e-01 1.288335e-03 -2.496871e-02 -6.013332e-03 -1.279320e-02 1.710711e-02 4.068638e-02 -2.380266e-02 -1.944411e-02 7.487407e-03 7.687465e-02 4.233122e-02 -2.453680e-02 1.182671e-02
<VARIANCE> 39
 5.000776e+01 3.290206e+01 2.541591e+01 5.616202e+01 4.850796e+01 4.077324e+01 3.591418e+01 5.083046e+01 4.201435e+01 2.476295e+01 5.859634e+01 3.239111e+01 1.640529e+01 3.674453e+00 2.397981e+00 2.032736e+00 4.820028e+00 3.243896e+00 2.913846e+00 4.042342e+00 4.059480e+00 2.671568e+00 2.100288e+00 3.373321e+00 2.150901e+00 1.165735e+00 4.692798e-01 3.651800e-01 3.941081e-01 7.072417e-01 5.581439e-01 5.360208e-01 7.553532e-01 7.052547e-01 4.493758e-01 3.697821e-01 5.151564e-01 4.016487e-01 1.326447e-01
<GCONST> 1.218334e+02
<STATE> 3
<MEAN> 39
 1.348277e+00 2.309268e+00 -5.371619e+00 -1.814379e+01 -2.939583e+00 -2.139433e+00 -1.349209e+01 -2.040036e+01 -9.503224e+00 -5.854437e-01 6.735330e+00 -8.806154e+00 6.938129e+01 -3.888543e-01 -2.201449e-01 2.916985e-01 6.355695e-01 3.149756e-01 -1.593710e-01 -8.720697e-02 -1.636386e-01 3.636875e-01 1.516197e-01 -5.768039e-01 -4.269310e-01 -2.787202e-01 -6.181052e-02 2.525241e-02 3.094381e-02 8.714337e-02 4.278153e-03 -7.907499e-02 5.244199e-02 7.227964e-02 -1.194469e-02 -1.299287e-01 -8.399610e-02 2.854452e-02 -6.424471e-02
<VARIANCE> 39
 8.603681e+00 1.243941e+01 5.261478e+01 5.141543e+01 4.833348e+01 6.529138e+01 9.417025e+01 8.566438e+01 6.116280e+01 4.703996e+01 9.714861e+01 5.730241e+01 1.174778e+01 2.433236e-01 5.449806e-01 8.977231e-01 1.065671e+00 1.332312e+00 1.538552e+00 2.069568e+00 3.177165e+00 1.994333e+00 4.061115e+00 1.807698e+00 1.903426e+00 2.422553e-01 3.150349e-02 7.000931e-02 1.075275e-01 1.378230e-01 1.889186e-01 2.445004e-01 2.864801e-01 3.773095e-01 3.726528e-01 4.888017e-01 3.166623e-01 3.281401e-01 1.242530e-02
<GCONST> 9.882118e+01
<STATE> 4
<MEAN> 39
 -1.245193e+01 -2.279680e+00 4.332547e-01 -1.271471e+00 3.662797e+00 -3.533934e+00 -3.298517e+00 -1.259894e+01 -4.758614e+00 -9.160945e+00 -3.472361e+00 -1.127055e+01 5.890949e+01 -6.310598e-01 -4.049948e-01 -1.965960e-02 2.994170e-01 2.599048e-01 2.614620e-01 6.273642e-01 7.228941e-01 1.631054e-01 -2.084629e-01 -2.366168e-01 -8.145055e-02 -3.353754e-01 3.071473e-02 -8.374092e-03 -2.171140e-02 -5.231696e-02 -2.195119e-02 4.524913e-02 3.806055e-02 4.843344e-02 4.135663e-02 3.059106e-02 1.531736e-02 -1.174050e-02 2.684652e-02
<VARIANCE> 39
 1.812604e+01 1.382829e+01 8.441813e+00 1.627822e+01 3.100127e+01 4.832616e+01 5.261432e+01 5.150873e+01 2.820890e+01 2.581484e+01 3.807793e+01 3.188982e+01 4.666624e+00 1.709854e-01 3.426931e-01 6.553656e-01 8.677583e-01 9.546967e-01 1.220761e+00 1.171462e+00 1.714922e+00 1.521769e+00 1.316970e+00 1.680693e+00 1.722354e+00 5.683470e-02 2.409759e-02 5.908477e-02 1.126199e-01 1.515357e-01 1.746947e-01 2.003291e-01 2.140263e-01 3.012409e-01 3.014507e-01 2.458856e-01 2.904902e-01 3.086617e-01 6.021423e-03
<GCONST> 8.206844e+01
<TRANSP> 5
 0.000000e+00 1.000000e+00 0.000000e+00 0.000000e+00 0.000000e+00
 0.000000e+00 9.692628e-01 3.073718e-02 0.000000e+00 0.000000e+00
 0.000000e+00 0.000000e+00 9.525003e-01 4.749964e-02 0.000000e+00
 0.000000e+00 0.000000e+00 0.000000e+00 9.553851e-01 4.461496e-02
 0.000000e+00 0.000000e+00 0.000000e+00 0.000000e+00 0.000000e+00
<ENDHMM>
