~o
<STREAMINFO> 1 39
<VECSIZE> 39<NULLD><MFCC_D_A_0><DIAGC>
~h "satu"
<BEGINHMM>
<NUMSTATES> 5
<STATE> 2
<MEAN> 39
 -1.399695e+01 -5.959426e-02 -1.007512e+01 -4.769865e+00 1.347426e+00 -9.184227e+00 1.496145e+00 -1.122455e+01 4.221855e+00 -7.734813e+00 -2.627724e+00 -6.219359e+00 6.344727e+01 2.366646e-01 1.924099e-01 -1.062467e-01 -1.126298e-01 9.131058e-02 -5.290914e-02 -9.179138e-02 -1.237734e-02 -2.280369e-02 2.586779e-03 -9.797489e-02 -2.628591e-01 2.343479e-01 9.826495e-02 -3.808745e-02 3.975107e-02 -4.295946e-02 -1.214602e-02 -2.211614e-02 -5.472886e-02 2.562219e-02 -2.140771e-02 4.577162e-02 -1.526963e-02 -4.304381e-02 4.361516e-02
<VARIANCE> 39
 1.102557e+02 3.954319e+01 4.858422e+01 3.421529e+01 1.760671e+01 3.694783e+01 7.246756e+01 2.712011e+01 3.807793e+01 4.031093e+01 9.890459e+01 2.763059e+01 2.595974e+01 5.049885e+00 2.337020e+00 2.716505e+00 2.201270e+00 1.510486e+00 1.979378e+00 4.277339e+00 2.198220e+00 2.504133e+00 2.244045e+00 4.165077e+00 1.860723e+00 1.314246e+00 5.405467e-01 3.057263e-01 3.329617e-01 3.222550e-01 3.015949e-01 3.686627e-01 6.307270e-01 3.972721e-01 3.941738e-01 3.746868e-01 5.596563e-01 3.539235e-01 1.493200e-01
<GCONST> 1.186341e+02
<STATE> 3
<MEAN> 39
 -2.984007e+00 -3.289550e+00 -2.390470e+00 -1.119365e+01 3.986201e+00 -1.095283e+01 -8.947420e+00 -8.254251e+00 -5.465465e+00 -4.203453e-02 1.120985e+00 -8.221895e+00 7.013005e+01 6.945513e-01 2.299406e-01 -7.525671e-02 -5.513064e-01 -1.195883e-01 -4.633424e-02 -5.067554e-01 -6.151869e-01 -7.040778e-01 2.344028e-01 4.801858e-01 5.984790e-01 2.805330e-01 -9.264746e-02 5.120657e-02 -3.416926e-02 3.315097e-02 -5.350147e-02 9.004351e-02 8.811549e-02 1.880763e-02 -2.774727e-02 -1.117985e-01 -3.769350e-02 3.119516e-02 -9.607998e-02
<VARIANCE> 39
 2.409193e+01 4.476023e+01 5.294705e+01 4.558985e+01 6.027470e+01 6.544251e+01 1.446112e+02 1.821701e+02 8.063276e+01 5.921724e+01 6.258380e+01 6.270049e+01 4.524408e+01 2.653173e+00 2.648153e+00 2.437856e+00 1.777787e+00 3.175543e+00 6.346284e+00 5.135101e+00 5.910091e+00 3.542987e+00 5.223648e+00 2.825266e+00 3.222996e+00 2.609075e+00 4.319185e-01 2.536883e-01 3.868160e-01 3.348994e-01 4.661620e-01 1.092030e+00 8.450328e-01 9.323291e-01 5.905030e-01 7.998163e-01 4.862966e-01 5.246071e-01 2.777086e-01
<GCONST> 1.328189e+02
<STATE> 4
<MEAN> 39
 -7.397407e+00 2.211616e+00 1.636970e-01 -8.121529e+00 -3.979616e+00 -8.184550e+00 -4.352363e+00 -1.371754e+01 -8.412038e+00 -9.287826e+00 2.500955e+00 -1.174769e+00 6.133028e+01 -5.885876e-01 -2.578879e-01 2.515028e-01 4.983630e-01 3.650123e-02 1.557861e-01 3.672198e-01 3.880708e-01 2.891799e-01 -2.764646e-01 -2.617650e-01 -1.631272e-01 -3.745112e-01 -1.011855e-02 -2.749566e-02 -9.745517e-03 1.419029e-02 3.544289e-02 -1.413591e-02 -3.240045e-02 -1.010446e-02 2.969816e-02 4.063223e-02 4.917164e-03 -2.227373e-02 1.287883e-02
<VARIANCE> 39
 4.512083e+01 1.896959e+01 3.068374e+01 5.377304e+01 3.231931e+01 1.754623e+01 3.481063e+01 4.328669e+01 4.184518e+01 3.305205e+01 2.600480e+01 4.209928e+01 1.488598e+01 2.349181e-01 4.055891e-01 7.662544e-01 1.034561e+00 1.300928e+00 1.146830e+00 1.547789e+00 1.585068e+00 1.643230e+00 1.705593e+00 1.602792e+00 1.759166e+00 9.040463e-02 3.314534e-02 5.221235e-02 1.076637e-01 1.592784e-01 1.706299e-01 2.174773e-01 2.722726e-01 2.518250e-01 3.188108e-01 3.094620e-01 3.009054e-01 3.519132e-01 8.948381e-03
<GCONST> 8.912827e+01
<TRANSP> 5
 0.000000e+00 1.000000e+00 0.000000e+00 0.000000e+00 0.000000e+00
 0.000000e+00 9.615660e-01 3.843401e-02 0.000000e+00 0.000000e+00
 0.000000e+00 0.000000e+00 9.498539e-01 5.014610e-02 0.000000e+00
 0.000000e+00 0.000000e+00 0.000000e+00 9.684608e-01 3.153923e-02
 0.000000e+00 0.000000e+00 0.000000e+00 0.000000e+00 0.000000e+00
<ENDHMM>
