~o
<STREAMINFO> 1 39
<VECSIZE> 39<NULLD><MFCC_D_A_0><DIAGC>
~h "setengah"
<BEGINHMM>
<NUMSTATES> 5
<STATE> 2
<MEAN> 39
 -1.293449e+01 -3.063529e-01 -8.293619e+00 -4.238288e+00 7.554752e-01 -1.093517e+01 -2.494435e+00 -8.597759e+00 4.093052e+00 -5.600417e+00 -4.802382e-02 -9.289733e+00 6.520615e+01 6.667832e-01 -4.443226e-03 -1.611354e-01 -1.856953e-01 7.986070e-03 -2.376930e-01 -3.569571e-01 -1.546884e-01 3.448267e-02 1.561025e-01 -2.408298e-01 -3.147977e-01 5.606145e-01 3.621884e-02 2.454922e-02 4.933064e-02 -7.728573e-03 -4.963251e-03 1.460087e-02 -1.616826e-02 1.768504e-02 -5.806074e-02 -5.655973e-04 1.367232e-02 5.299575e-02 -1.651660e-02
<VARIANCE> 39
 9.925315e+01 4.728777e+01 2.826512e+01 3.705970e+01 5.216322e+01 8.455728e+01 1.000726e+02 6.483952e+01 4.486454e+01 5.754696e+01 6.066837e+01 3.647802e+01 3.656942e+01 5.578154e+00 2.972185e+00 2.172839e+00 2.710164e+00 2.896926e+00 4.192460e+00 5.749654e+00 3.422767e+00 2.664335e+00 3.937608e+00 3.316262e+00 3.107450e+00 2.214535e+00 8.685303e-01 3.564039e-01 3.885210e-01 4.561448e-01 5.592753e-01 6.461970e-01 9.163885e-01 5.062824e-01 4.584121e-01 6.917098e-01 5.947335e-01 6.355123e-01 4.060909e-01
<GCONST> 1.312370e+02
<STATE> 3
<MEAN> 39
 1.034230e+00 -7.014108e+00 -4.303350e+00 -7.857335e+00 1.235705e+00 -6.890355e+00 -6.366854e+00 -7.174412e+00 1.027918e+00 -9.055272e+00 -5.649871e+00 -6.919807e+00 7.082790e+01 -1.344661e-01 -7.840977e-02 1.802099e-01 4.338026e-01 1.985058e-01 3.203751e-02 4.788837e-02 9.388510e-02 3.160219e-03 -7.161308e-01 -2.103690e-01 3.635571e-01 -9.701549e-02 -7.044929e-02 -2.914603e-02 -3.244758e-02 3.535279e-02 2.940084e-02 -2.541336e-02 2.961374e-02 1.761322e-03 5.576869e-02 -1.403197e-02 1.297282e-02 -4.191860e-02 -2.043843e-02
<VARIANCE> 39
 6.243655e+00 5.759444e+01 5.307966e+01 4.086989e+01 6.415970e+01 6.020438e+01 6.203785e+01 1.073303e+02 6.724542e+01 8.764828e+01 7.704433e+01 5.534503e+01 1.253826e+01 2.506183e-01 2.249180e+00 1.500528e+00 1.715703e+00 2.153398e+00 2.148405e+00 1.751625e+00 2.641592e+00 2.913480e+00 1.473915e+00 2.105966e+00 2.256959e+00 6.035312e-01 3.949499e-02 2.198366e-01 1.928417e-01 2.037491e-01 3.120887e-01 2.568619e-01 2.587462e-01 3.962967e-01 3.955093e-01 2.262871e-01 3.128253e-01 3.414245e-01 5.938477e-02
<GCONST> 1.075644e+02
<STATE> 4
<MEAN> 39
 -1.258594e+01 -9.075060e+00 -1.323627e+00 3.277703e+00 9.201735e+00 -3.544657e+00 2.292281e+00 -2.883608e+00 1.179045e+00 -1.747971e+01 -6.908502e+00 -6.856266e+00 6.195765e+01 -6.534002e-01 1.254091e-01 7.286580e-02 -1.116961e-01 -4.081577e-02 5.201778e-01 5.482036e-01 5.233405e-02 -2.290298e-01 4.260692e-01 3.797012e-01 -1.479302e-01 -5.870575e-01 3.287131e-02 -1.375721e-02 -2.079987e-02 -6.717824e-02 -6.961792e-02 3.339735e-02 -3.568992e-02 -2.938472e-02 -2.314772e-02 6.787592e-02 -1.416960e-02 -4.121508e-03 2.545479e-02
<VARIANCE> 39
 2.296922e+01 1.952429e+01 1.577833e+01 2.420704e+01 3.457970e+01 5.824401e+01 6.098375e+01 4.505844e+01 8.114123e+01 8.118292e+01 4.250953e+01 3.915425e+01 2.688927e+01 2.411517e-01 5.327783e-01 6.363659e-01 1.079552e+00 1.054420e+00 1.459617e+00 1.867611e+00 1.733750e+00 1.489739e+00 1.886816e+00 2.269334e+00 2.206140e+00 1.467365e-01 2.598844e-02 6.451231e-02 1.058534e-01 1.413141e-01 1.827817e-01 2.040460e-01 3.259445e-01 2.945837e-01 2.580406e-01 2.731925e-01 3.870146e-01 3.708851e-01 1.032412e-02
<GCONST> 9.326825e+01
<TRANSP> 5
 0.000000e+00 1.000000e+00 0.000000e+00 0.000000e+00 0.000000e+00
 0.000000e+00 9.649165e-01 3.508348e-02 0.000000e+00 0.000000e+00
 0.000000e+00 0.000000e+00 9.607342e-01 3.926578e-02 0.000000e+00
 0.000000e+00 0.000000e+00 0.000000e+00 9.577971e-01 4.220292e-02
 0.000000e+00 0.000000e+00 0.000000e+00 0.000000e+00 0.000000e+00
<ENDHMM>
