~o
<STREAMINFO> 1 39
<VECSIZE> 39<NULLD><MFCC_D_A_0><DIAGC>
~h "sil"
<BEGINHMM>
<NUMSTATES> 5
<STATE> 2
<MEAN> 39
 -1.735229e+01 -7.536043e+00 -6.565827e-01 -3.556078e+00 4.262851e+00 7.973336e-01 4.527762e+00 -3.063025e+00 -3.482413e-01 -8.318673e+00 -1.705714e+00 -7.322246e+00 5.572473e+01 -1.939061e-01 -1.986640e-01 -3.954393e-02 -5.013230e-02 -4.066220e-02 -8.301120e-02 2.738639e-03 1.736903e-01 1.609743e-01 1.066019e-01 5.045435e-02 -1.671565e-03 -3.052918e-02 1.980059e-02 2.812931e-02 -1.463318e-02 1.518369e-02 -1.397888e-02 -2.649258e-02 -3.995639e-02 -3.402037e-02 -1.395447e-02 1.451352e-02 8.463322e-03 9.630702e-03 -4.617686e-02
<VARIANCE> 39
 3.248544e+01 3.575549e+01 3.577564e+01 4.739846e+01 5.757781e+01 8.432426e+01 8.260693e+01 6.461181e+01 6.671368e+01 5.635159e+01 4.757500e+01 3.677736e+01 1.078700e+01 4.607324e-01 5.952045e-01 8.799728e-01 1.408627e+00 1.846964e+00 2.202695e+00 2.287439e+00 2.504559e+00 2.479525e+00 2.531904e+00 2.172277e+00 1.851570e+00 7.759970e-01 4.632863e-02 8.788192e-02 1.460685e-01 2.331486e-01 3.139854e-01 3.697017e-01 4.011053e-01 4.320951e-01 4.485795e-01 4.459360e-01 3.885266e-01 3.415882e-01 1.892466e-01
<GCONST> 1.082803e+02
<STATE> 3
<MEAN> 39
 -1.860637e+01 -7.672682e+00 -2.036002e+00 -2.840473e+00 3.610447e+00 -1.306186e-02 4.483283e+00 -3.088798e+00 2.156998e-01 -7.722924e+00 -1.195086e+00 -7.055610e+00 5.586313e+01 7.351232e-03 -2.390053e-02 -5.138184e-02 -4.420804e-02 -1.249199e-01 -1.611431e-01 -1.441130e-01 -5.166305e-02 6.545331e-02 1.132249e-01 1.243096e-01 9.455720e-02 1.514176e-02 1.199646e-02 1.461429e-02 2.446323e-03 -9.742131e-03 -1.516117e-02 -2.312319e-02 -2.843054e-02 -2.904006e-02 -9.402148e-03 -4.660669e-03 -7.968269e-04 -5.199497e-04 6.501251e-03
<VARIANCE> 39
 4.034325e+00 8.242286e+00 1.286717e+01 1.799287e+01 2.378492e+01 3.006243e+01 3.144579e+01 3.236685e+01 3.393253e+01 3.428993e+01 3.412288e+01 2.967719e+01 9.263268e-01 2.169017e-01 4.415612e-01 7.356237e-01 1.111346e+00 1.627536e+00 1.882298e+00 2.082977e+00 2.281088e+00 2.352824e+00 2.377694e+00 2.087483e+00 1.825067e+00 5.376950e-02 3.655973e-02 7.721800e-02 1.379886e-01 2.086523e-01 2.950878e-01 3.342876e-01 3.740020e-01 4.220875e-01 4.365630e-01 4.549437e-01 3.892178e-01 3.446795e-01 9.241704e-03
<GCONST> 8.640475e+01
<STATE> 4
<MEAN> 39
 -1.750688e+01 -6.902746e+00 -2.698690e+00 -4.497144e+00 4.573877e-01 -4.295353e+00 6.036538e-01 -5.635157e+00 1.757321e-01 -6.788471e+00 2.709081e-01 -5.893764e+00 5.660050e+01 -3.715119e-03 -8.515705e-03 -1.189122e-02 -1.251348e-02 -2.218540e-02 -4.068748e-02 -3.265156e-02 -1.648356e-02 4.833897e-03 7.120044e-03 -4.532645e-03 4.337787e-03 9.786342e-04 8.265240e-04 1.495828e-03 3.361056e-03 7.074646e-03 8.628509e-03 1.039251e-02 8.738622e-03 3.472064e-03 2.389519e-03 -3.943604e-04 -2.729879e-03 -2.477207e-03 9.554426e-04
<VARIANCE> 39
 1.422135e+00 2.787802e+00 4.884649e+00 6.969504e+00 8.951379e+00 1.107247e+01 1.311208e+01 1.423930e+01 1.470506e+01 1.384608e+01 1.282223e+01 1.174692e+01 3.741982e-01 1.295625e-01 2.747225e-01 4.739267e-01 6.634319e-01 8.830239e-01 1.122442e+00 1.317392e+00 1.418986e+00 1.479610e+00 1.413540e+00 1.311120e+00 1.193829e+00 3.278563e-02 2.592655e-02 5.600422e-02 9.602282e-02 1.336690e-01 1.776910e-01 2.251327e-01 2.663716e-01 2.880201e-01 3.005034e-01 2.854550e-01 2.652168e-01 2.382416e-01 6.725715e-03
<GCONST> 6.275211e+01
<TRANSP> 5
 0.000000e+00 1.000000e+00 0.000000e+00 0.000000e+00 0.000000e+00
 0.000000e+00 8.464555e-01 1.535445e-01 0.000000e+00 0.000000e+00
 0.000000e+00 0.000000e+00 9.258994e-01 7.410055e-02 0.000000e+00
 0.000000e+00 0.000000e+00 0.000000e+00 9.638140e-01 3.618603e-02
 0.000000e+00 0.000000e+00 0.000000e+00 0.000000e+00 0.000000e+00
<ENDHMM>
