~o
<STREAMINFO> 1 39
<VECSIZE> 39<NULLD><MFCC_D_A_0><DIAGC>
~h "alarm"
<BEGINHMM>
<NUMSTATES> 20
<STATE> 2
<MEAN> 39
 -1.629391e+01 -7.371100e+00 -3.272399e+00 -4.379136e+00 3.991171e-01 -4.821148e+00 4.910028e-01 -6.300524e+00 -1.887968e-01 -6.333447e+00 -9.529119e-01 -6.935252e+00 5.740954e+01 1.904892e+00 -9.017144e-01 -1.687629e+00 -7.883620e-01 6.533971e-01 6.956958e-01 -3.391791e-01 -7.093658e-01 5.814270e-01 -8.637423e-02 -1.423836e+00 -1.008793e+00 1.717588e+00 6.805578e-01 -5.378610e-01 -6.014460e-01 -1.443454e-01 3.409563e-01 1.780087e-01 -3.331033e-01 -3.148147e-01 1.121704e-01 -1.221263e-01 -3.501390e-01 -3.807709e-01 7.780980e-01
<VARIANCE> 39
 6.901953e+00 4.513913e+00 1.484456e+01 1.352801e+01 1.162571e+01 2.212616e+01 2.435046e+01 1.330261e+01 2.588030e+01 2.004244e+01 1.433591e+01 1.123644e+01 3.428758e+00 3.106604e+00 1.787823e+00 2.778503e+00 1.976307e+00 4.092928e+00 3.136244e+00 5.060164e+00 4.551490e+00 3.792355e+00 3.706844e+00 2.796664e+00 2.278306e+00 2.274479e+00 2.288656e-01 2.203980e-01 4.304404e-01 3.484935e-01 5.553967e-01 4.520870e-01 5.365399e-01 8.173456e-01 5.543281e-01 4.533089e-01 4.700444e-01 3.064960e-01 2.137150e-01
<GCONST> 1.067860e+02
<STATE> 3
<MEAN> 39
 -3.270260e+00 -1.610079e+01 -1.397447e+01 -7.516937e+00 4.750926e+00 -1.374256e+00 -3.772005e+00 -1.283186e+01 2.233018e+00 -9.263579e+00 -8.461917e+00 -1.235598e+01 7.143983e+01 2.414565e+00 -1.253574e+00 -9.318261e-01 -3.310813e-01 -1.987860e-01 2.163214e-01 -1.072303e+00 -3.663265e-01 -4.016527e-01 -3.854357e-01 -6.565840e-01 -4.980384e-01 2.728736e+00 -6.072866e-01 5.452419e-01 7.552029e-01 1.345066e-01 -5.215335e-01 -1.995098e-01 1.283806e-01 3.955263e-01 -2.608613e-01 2.456117e-01 4.295905e-01 4.416080e-01 -6.132011e-01
<VARIANCE> 39
 2.181511e+01 1.989274e+01 4.500616e+01 2.360436e+01 8.368320e+01 5.543023e+01 1.031667e+02 1.157259e+02 8.023822e+01 9.488635e+01 4.759391e+01 2.394591e+01 2.458477e+01 2.230300e+00 4.085583e+00 5.483328e+00 3.341168e+00 5.593801e+00 3.562025e+00 3.273906e+00 1.044363e+01 3.723233e+00 5.791798e+00 4.884673e+00 3.110212e+00 3.085601e+00 3.339133e-01 5.417559e-01 3.856938e-01 4.275062e-01 6.002374e-01 5.341480e-01 6.644422e-01 1.143792e+00 7.147960e-01 8.881961e-01 4.890394e-01 5.177941e-01 3.381470e-01
<GCONST> 1.324502e+02
<STATE> 4
<MEAN> 39
 9.433931e-01 -1.540889e+01 -8.588012e+00 -1.011274e+01 7.798484e-01 -1.605413e+00 -4.184114e+00 -5.856143e+00 -2.782278e+00 -3.875406e+00 -1.801318e+00 -1.075434e+01 7.696992e+01 2.224993e-01 1.334077e+00 3.688121e-01 -5.852228e-01 -4.265754e-01 -4.978978e-01 -1.518760e-01 -1.513076e-01 1.903620e-01 6.662281e-01 4.192031e-01 3.727793e-01 -2.755825e-01 -3.826158e-02 2.820795e-01 2.291730e-02 -1.265010e-01 9.324437e-02 -1.793606e-01 -1.225865e-02 -2.533614e-01 1.408817e-01 1.442818e-01 -1.841933e-02 -7.283294e-02 -2.798298e-01
<VARIANCE> 39
 3.041030e+00 1.520961e+01 1.085824e+02 5.443213e+01 1.231236e+02 6.042579e+01 9.018407e+01 1.276136e+02 3.822557e+01 6.596151e+01 8.456757e+01 1.735018e+01 1.138627e+01 1.288079e-01 6.756362e-01 1.319754e+00 7.099051e-01 1.138963e+00 1.315679e+00 1.178181e+00 1.699437e+00 1.151721e+00 2.005970e+00 1.479727e+00 1.481608e+00 3.050067e-01 4.951637e-02 1.509912e-01 2.302108e-01 2.540230e-01 1.981523e-01 2.621327e-01 1.978522e-01 3.862707e-01 2.344462e-01 2.682489e-01 2.411362e-01 2.280232e-01 6.333110e-02
<GCONST> 9.735378e+01
<STATE> 5
<MEAN> 39
 2.122936e+00 -6.691535e+00 -9.298557e+00 -1.327770e+01 -3.600174e+00 -2.158406e+00 -6.042009e+00 -1.492255e+01 1.409146e+00 -1.312660e+00 -4.810977e+00 -1.053604e+01 7.258169e+01 1.463338e-01 9.015622e-01 1.434294e-01 -5.867068e-01 -3.874087e-02 1.370381e-01 -3.079957e-01 -4.150220e-01 1.380054e-01 6.347065e-01 8.405525e-02 -9.087882e-02 -3.465667e-01 -6.433158e-02 -3.917637e-01 -3.569502e-01 1.818179e-01 2.787128e-01 3.245271e-01 6.337719e-02 1.895439e-01 4.375566e-02 -3.580049e-01 -1.198072e-01 -7.334612e-02 1.396343e-01
<VARIANCE> 39
 2.766488e+00 8.977753e+00 4.013657e+01 2.534069e+01 9.816593e+01 9.704348e+01 6.958790e+01 1.085143e+02 4.477946e+01 5.950959e+01 1.219247e+02 1.848316e+01 5.821863e+00 1.050067e-01 5.082947e-01 1.250221e+00 8.796424e-01 1.053274e+00 1.357946e+00 7.012430e-01 1.339980e+00 1.170120e+00 1.383094e+00 1.031061e+00 6.932940e-01 1.033072e-01 1.177079e-02 4.669516e-02 1.191326e-01 1.006885e-01 1.329730e-01 1.949683e-01 1.239368e-01 3.198670e-01 2.097032e-01 2.935158e-01 2.017436e-01 2.008998e-01 1.147338e-02
<GCONST> 8.334007e+01
<STATE> 6
<MEAN> 39
 2.584758e+00 -7.643749e+00 -1.421366e+01 -1.226224e+01 2.137662e+00 -3.646257e+00 -9.499372e+00 -1.266012e+01 1.304189e+00 -7.066024e+00 -9.630034e+00 -1.014465e+01 7.227356e+01 -3.641834e-02 -8.180885e-01 -8.994726e-01 3.543162e-01 9.989780e-01 3.831341e-01 4.028141e-01 8.677133e-01 9.574150e-02 -8.627546e-01 -9.384828e-01 -3.783129e-01 3.017592e-01 -1.034789e-01 -1.039043e-01 1.757611e-01 7.590300e-02 1.364662e-02 -1.609953e-01 3.410790e-03 1.657818e-01 3.817148e-02 -3.786664e-02 -1.987180e-02 -8.151191e-02 5.989372e-02
<VARIANCE> 39
 2.189974e+00 1.309341e+01 3.808517e+01 2.204376e+01 5.418668e+01 3.388565e+01 5.455647e+01 9.041490e+01 4.324985e+01 7.355565e+01 1.506470e+02 2.812025e+01 4.272977e+00 1.797765e-01 5.885655e-01 8.156323e-01 7.418315e-01 6.306419e-01 1.483382e+00 1.882710e+00 1.952081e+00 3.004557e+00 2.293786e+00 1.037286e+00 2.307240e+00 8.345964e-02 2.944358e-02 1.451018e-01 1.432897e-01 1.117449e-01 1.474263e-01 2.280144e-01 2.331043e-01 2.049183e-01 3.322863e-01 4.321302e-01 2.791264e-01 3.393592e-01 2.090582e-02
<GCONST> 9.027038e+01
<STATE> 7
<MEAN> 39
 1.848841e+00 -1.232527e+01 -3.925447e+00 -1.242609e+01 1.242401e+01 -1.457980e+00 -1.105471e+01 4.414503e+00 -9.358431e-02 -4.149243e+00 -1.633437e+00 -1.587771e+01 7.722034e+01 -2.803923e-01 -6.615086e-01 4.395836e-01 4.344526e-01 -4.017914e-01 1.526078e-01 8.368669e-02 9.035663e-02 1.068242e-01 -2.178990e-01 -1.444264e-01 -1.416680e-01 1.916040e-01 6.526684e-03 1.234908e-01 -1.870199e-03 1.287674e-02 -3.051050e-01 -1.168344e-01 2.408397e-02 -1.748358e-01 -8.613080e-03 9.068729e-02 1.505735e-01 1.802003e-01 -8.515247e-02
<VARIANCE> 39
 1.589752e+00 9.825155e+00 7.485542e+01 1.993405e+01 6.232173e+01 2.190326e+01 4.025422e+01 1.448733e+02 2.227167e+01 3.430927e+01 6.998325e+01 3.799462e+01 6.935388e+00 1.303952e-01 3.328583e-01 4.975736e-01 6.328473e-01 1.490087e+00 1.468560e+00 1.318908e+00 1.786742e+00 8.248408e-01 2.212985e+00 9.137027e-01 9.344398e-01 9.277098e-02 2.392467e-02 5.025803e-02 6.720019e-02 8.978229e-02 1.071257e-01 2.061640e-01 2.112429e-01 3.049739e-01 1.548779e-01 1.502615e-01 1.889023e-01 1.643253e-01 1.108532e-02
<GCONST> 7.937437e+01
<STATE> 8
<MEAN> 39
 -5.520699e-01 -1.012478e+01 -1.596318e+01 -5.938261e+00 -3.737542e+00 2.331136e+00 -4.241295e+00 -1.410226e+01 3.460118e+00 -5.986707e+00 -7.890004e+00 -1.059563e+01 7.399590e+01 -1.787415e-01 -3.542954e-02 6.993792e-02 4.153896e-01 -4.682179e-01 -1.071231e+00 5.826592e-02 3.010014e-01 -1.032250e-01 -1.770912e-01 2.816869e-01 5.651363e-01 -2.333023e-01 8.816323e-02 1.437339e-01 2.192736e-01 -1.208188e-01 1.961850e-02 -3.046807e-01 9.409117e-02 2.055075e-02 -1.742068e-01 2.331143e-01 7.609152e-02 2.326579e-02 -1.294885e-01
<VARIANCE> 39
 2.232372e+00 1.785068e+01 4.520726e+01 3.828929e+01 6.412268e+01 8.752018e+01 6.896011e+01 8.467574e+01 4.897063e+01 1.658616e+02 5.339567e+01 7.144913e+01 5.281499e+00 2.139212e-01 1.685858e-01 7.937772e-01 1.048656e+00 8.930300e-01 1.742795e+00 7.079871e-01 2.919087e-01 1.552559e+00 2.336770e+00 8.454261e-01 1.188350e+00 9.707543e-02 3.498383e-02 6.902727e-02 2.297308e-01 1.804479e-01 1.667500e-01 2.174639e-01 1.500359e-01 1.465868e-01 3.143536e-01 6.618484e-01 1.597033e-01 2.858379e-01 1.359356e-02
<GCONST> 8.805978e+01
<STATE> 9
<MEAN> 39
 9.336162e-02 -9.464225e+00 -8.238554e+00 -8.079556e+00 1.241807e+00 -7.894574e+00 -7.240063e+00 -5.346658e+00 -2.109695e+00 -5.873682e+00 -2.219728e+00 -1.198799e+01 7.277660e+01 2.056318e-01 2.754351e-01 6.452411e-01 2.936306e-01 -5.729510e-01 -1.277097e+00 4.499410e-01 3.933465e-01 -6.504688e-01 1.610497e+00 8.248269e-01 -5.216619e-01 -3.831784e-01 7.793159e-02 -1.600631e-01 -8.618484e-02 2.643013e-01 3.883833e-02 1.562684e-01 -9.258659e-02 1.206446e-01 1.110572e-01 -2.663427e-02 -9.658527e-02 -1.266630e-01 1.171767e-01
<VARIANCE> 39
 3.340810e+00 1.929930e+01 9.264880e+01 2.715546e+01 4.139788e+01 1.779453e+01 3.431176e+01 1.418638e+02 3.994841e+01 9.156886e+01 9.760010e+01 5.219304e+01 9.831463e+00 1.628286e-01 1.159461e+00 1.415776e+00 1.241891e+00 1.758062e+00 1.497148e+00 5.380380e-01 2.403689e+00 2.661213e+00 2.616440e+00 1.067934e+00 1.880997e+00 3.045748e-01 2.149912e-02 3.196841e-01 2.338561e-01 1.727222e-01 4.864196e-01 2.637260e-01 2.236130e-01 4.406723e-01 4.611416e-01 6.877511e-01 2.409530e-01 2.868260e-01 9.844007e-02
<GCONST> 1.006651e+02
<STATE> 10
<MEAN> 39
 3.847647e-01 -1.172229e+01 -4.820899e+00 -4.771571e+00 -1.587038e+00 -8.178559e+00 -3.101704e+00 -3.037398e+00 2.119152e+00 1.589221e+00 -1.643511e+00 -1.357130e+01 7.241875e+01 8.391616e-02 1.231698e-01 5.234506e-01 1.275511e+00 -2.797210e-01 -1.006210e+00 3.038535e-01 4.820212e-01 1.773860e-01 -3.000417e-01 3.113108e-02 -6.244528e-01 -2.437941e-01 1.601317e-02 3.154823e-02 9.443811e-02 4.323482e-02 1.294480e-01 1.127198e-01 -1.731405e-01 1.312563e-03 -2.085947e-01 -5.211459e-01 -4.248262e-02 -7.283224e-02 1.002149e-01
<VARIANCE> 39
 7.891523e+00 1.326303e+01 8.019556e+01 3.154777e+01 3.774242e+01 3.616198e+01 6.520603e+01 8.279183e+01 1.964937e+01 4.196263e+01 7.584009e+01 2.899673e+01 1.056830e+01 8.883004e-01 3.051288e+00 9.009233e-01 7.083912e-01 3.061952e+00 2.983206e+00 2.170540e+00 2.384896e+00 2.210879e+00 2.440577e+00 1.426865e+00 2.994586e+00 1.373014e+00 1.595678e-01 4.273736e-01 1.114835e-01 1.437211e-01 4.991425e-01 7.241803e-01 3.297312e-01 1.952090e-01 2.696347e-01 4.772243e-01 3.380390e-01 5.827714e-01 1.766775e-01
<GCONST> 1.086159e+02
<STATE> 11
<MEAN> 39
 2.777062e+00 -1.353201e+01 -7.301510e+00 -4.368042e+00 -9.066134e-01 -1.259551e+01 -8.063885e+00 -1.334013e+00 -1.231507e+00 -4.482808e+00 -1.249106e+00 -1.582797e+01 7.464715e+01 -2.572966e-02 4.342917e-01 9.482683e-02 -5.075113e-01 8.668439e-02 4.909686e-01 -4.406559e-01 -5.257125e-01 -7.281562e-02 -6.124116e-01 1.934141e-01 4.090394e-01 -2.673213e-01 -7.945012e-02 4.396161e-01 1.709682e-01 -9.333096e-02 -2.676736e-02 1.185887e-01 2.106430e-02 -2.673779e-01 -7.749883e-02 6.535897e-02 1.295270e-01 1.282920e-01 -2.007773e-01
<VARIANCE> 39
 3.932665e+00 1.038716e+01 1.105463e+02 2.327465e+01 2.810277e+01 1.057838e+01 3.465482e+01 1.085137e+02 5.313396e+01 5.139385e+01 1.407288e+02 5.045761e+01 9.475763e+00 1.460854e-01 2.170467e+00 1.372807e+00 1.476537e+00 1.322691e+00 6.689206e-01 1.879121e+00 2.081629e+00 1.819728e+00 1.319417e+00 2.242456e+00 2.098035e+00 3.394172e-01 4.347502e-02 8.276518e-02 2.155829e-01 3.288354e-01 2.505075e-01 1.989638e-01 3.232552e-01 2.358235e-01 3.635546e-01 3.155410e-01 4.207009e-01 4.186546e-01 1.877566e-02
<GCONST> 9.661549e+01
<STATE> 12
<MEAN> 39
 4.706086e-01 -2.239891e+00 -5.208517e+00 -7.609704e+00 -3.481798e+00 -1.223171e+01 -1.021553e+01 -1.202545e+01 -3.294984e+00 -1.213056e+01 -8.926271e+00 -1.369820e+01 6.802945e+01 -2.898599e-01 1.612472e+00 1.501988e+00 3.930994e-01 -3.865946e-01 -3.031752e-01 -2.238813e-01 -6.779180e-01 -1.213407e+00 -8.147674e-01 2.653902e-01 -2.886787e-01 -6.706229e-01 -5.094709e-02 -1.089577e-01 -3.607107e-02 5.177925e-02 9.460114e-02 5.755489e-02 5.701167e-02 4.915592e-03 1.160153e-02 2.781104e-02 -9.348739e-02 6.322898e-02 2.817591e-02
<VARIANCE> 39
 4.058016e+00 2.538605e+01 3.586299e+01 1.380446e+01 1.649040e+01 1.445435e+01 2.742381e+01 4.262637e+01 2.018891e+01 4.567382e+01 1.060868e+02 1.400169e+01 8.565548e+00 1.522942e-01 4.487550e-01 1.043208e+00 1.046592e+00 1.546840e+00 7.243193e-01 8.309148e-01 1.932713e+00 1.169727e+00 1.815886e+00 2.438321e+00 1.526768e+00 1.081655e-01 2.476445e-02 6.542051e-02 1.722228e-01 2.154326e-01 1.734904e-01 1.397434e-01 1.412122e-01 3.067589e-01 2.481706e-01 3.135092e-01 2.694029e-01 1.948984e-01 1.211367e-02
<GCONST> 8.267610e+01
<STATE> 13
<MEAN> 39
 -8.529245e-01 3.792125e+00 2.951215e+00 -2.401273e+00 -2.367145e+00 -1.141059e+01 -9.571924e+00 -1.531499e+01 -8.329124e+00 -1.147040e+01 -2.448416e+00 -9.979998e+00 6.578387e+01 -6.570673e-01 8.516602e-01 6.030973e-01 4.086646e-01 1.936429e-01 2.884395e-01 1.449203e-01 -4.236264e-01 -1.391619e-01 -6.561897e-02 -1.946542e-02 4.915635e-01 -7.224782e-01 -9.418903e-02 -1.730543e-01 -8.920867e-02 -9.944460e-02 -1.638887e-02 3.476512e-02 1.236128e-01 2.344013e-01 2.159407e-01 2.207775e-01 7.272813e-02 -9.988850e-02 -1.411003e-02
<VARIANCE> 39
 3.922276e+00 1.263311e+01 1.011630e+01 1.554811e+01 7.117272e+00 1.290220e+01 2.298731e+01 2.461029e+01 1.041899e+01 3.137183e+01 5.086832e+01 2.211044e+01 4.117031e+00 1.385336e-01 3.811153e-01 5.564486e-01 8.368390e-01 8.891994e-01 5.437478e-01 9.834716e-01 1.911630e+00 6.768314e-01 1.007185e+00 1.314655e+00 1.182894e+00 3.153773e-02 1.371393e-02 2.506748e-02 8.080745e-02 1.859686e-01 6.184747e-02 7.971200e-02 1.577697e-01 9.047183e-02 1.100257e-01 1.430297e-01 1.360492e-01 2.695164e-01 5.243310e-03
<GCONST> 6.408350e+01
<STATE> 14
<MEAN> 39
 -5.695917e+00 3.358622e+00 4.227309e+00 9.308209e-01 3.013623e+00 -3.017180e+00 9.431667e-01 -7.203008e+00 -2.501557e+00 -6.822873e+00 9.661875e-02 -1.005485e+01 6.240025e+01 -8.422708e-01 5.504496e-01 5.759362e-01 2.877611e-02 3.201878e-01 1.177332e-01 1.655486e-01 6.157705e-01 5.391399e-01 -2.000454e-01 -8.533860e-02 3.782322e-01 -7.147633e-01 -3.593368e-02 -1.886306e-01 -7.343097e-02 -3.099225e-02 -1.999974e-01 -1.882554e-01 -7.711036e-02 -5.969382e-02 -1.536676e-02 -1.946434e-01 -1.804070e-01 1.513287e-02 2.575868e-02
<VARIANCE> 39
 4.417557e+00 1.411103e+01 1.587634e+01 2.623785e+01 3.070488e+01 4.518950e+01 5.291860e+01 4.860319e+01 3.061561e+01 3.190741e+01 2.013059e+01 1.602337e+01 2.913093e+00 1.305157e-01 4.595658e-01 7.314328e-01 6.272345e-01 1.185127e+00 1.387152e+00 1.099486e+00 1.290223e+00 7.586140e-01 1.357837e+00 9.361945e-01 8.505005e-01 4.205418e-02 1.843760e-02 3.641614e-02 7.023225e-02 1.291921e-01 1.057178e-01 1.632529e-01 1.603766e-01 2.762321e-01 2.123433e-01 2.225691e-01 1.660148e-01 9.421007e-02 4.716768e-03
<GCONST> 7.279490e+01
<STATE> 15
<MEAN> 39
 -8.048334e+00 5.958019e+00 7.315953e+00 -2.326227e+00 -5.323726e+00 -1.302139e+01 -8.260035e+00 -1.425606e+01 -9.263709e+00 -1.632998e+01 -8.314542e+00 -1.303171e+01 6.020905e+01 -7.549451e-01 6.953970e-04 8.189870e-01 5.804727e-01 3.686260e-02 1.591132e-01 5.400075e-01 8.522407e-02 -4.193124e-01 -4.677086e-01 -2.814913e-02 1.544499e-01 -4.872348e-01 3.013827e-02 -1.779623e-02 -4.410210e-02 -1.660707e-02 2.285267e-02 9.571682e-02 4.619278e-02 -5.405164e-02 -1.344654e-01 1.290038e-02 6.972697e-02 2.713297e-02 3.013400e-02
<VARIANCE> 39
 6.260131e+00 7.080250e+00 1.460334e+01 2.075846e+01 3.706046e+01 2.030843e+01 2.366687e+01 2.050780e+01 2.764181e+01 3.550846e+01 3.034869e+01 1.904423e+01 1.657903e+00 9.798811e-02 2.267316e-01 5.408162e-01 5.794724e-01 8.439348e-01 1.049137e+00 1.626220e+00 1.689571e+00 1.775155e+00 1.783076e+00 1.378345e+00 9.919762e-01 4.384528e-02 2.267060e-02 4.583541e-02 1.633938e-01 1.251429e-01 1.720229e-01 1.730550e-01 3.314673e-01 3.425224e-01 2.582629e-01 3.661440e-01 2.729833e-01 2.647755e-01 1.024820e-02
<GCONST> 7.598977e+01
<STATE> 16
<MEAN> 39
 -1.151323e+01 4.402161e+00 7.407859e+00 -7.999095e-01 -2.113308e+00 -6.640485e+00 -3.002487e+00 -1.438920e+01 -1.060699e+01 -1.577977e+01 -6.319249e+00 -1.050725e+01 5.816719e+01 -6.058404e-01 -3.773851e-01 1.683752e-01 5.201281e-01 4.739595e-01 4.721635e-01 4.407803e-02 -8.457965e-02 -3.331380e-02 2.340819e-01 4.086007e-01 2.371657e-01 -2.952245e-01 -1.228965e-02 -8.436494e-02 4.598366e-02 1.449679e-01 6.822783e-02 -2.498547e-01 -2.167201e-01 7.764374e-02 1.321159e-01 2.831817e-02 1.145263e-01 4.257499e-02 2.085084e-02
<VARIANCE> 39
 2.475636e+00 9.217952e+00 1.703599e+01 1.159889e+01 2.273737e+01 2.203791e+01 2.041189e+01 4.092197e+01 4.571973e+01 4.708548e+01 3.108598e+01 2.224926e+01 7.754353e-01 2.480815e-01 7.968941e-01 1.795552e+00 1.018701e+00 1.542983e+00 1.698247e+00 1.105537e+00 1.884349e+00 1.965654e+00 2.388515e+00 1.959793e+00 2.583309e+00 7.468472e-02 4.040056e-02 1.675329e-01 2.590079e-01 1.135356e-01 2.539334e-01 2.769594e-01 2.405693e-01 3.090955e-01 3.595350e-01 4.712036e-01 3.186676e-01 4.020643e-01 8.681244e-03
<GCONST> 8.589669e+01
<STATE> 17
<MEAN> 39
 -1.517532e+01 5.138002e+00 1.408097e+01 4.138398e+00 -3.612410e+00 -1.103220e+01 -2.280189e+00 -8.562723e+00 -7.044526e+00 -1.425700e+01 -2.836014e+00 -7.513896e+00 5.616790e+01 -6.382510e-01 -5.905124e-01 -1.944740e-02 2.058849e-01 7.029081e-02 -2.342394e-01 1.353539e-01 7.779926e-01 7.994893e-01 3.833330e-01 2.480470e-01 2.227741e-01 -2.806608e-01 7.958713e-02 -6.322551e-02 -1.722216e-01 -6.559362e-02 1.527595e-01 2.498855e-01 5.784449e-02 -1.272106e-01 -1.937193e-02 2.065185e-01 1.798149e-01 1.176874e-01 5.225468e-02
<VARIANCE> 39
 3.659271e+00 1.393730e+01 3.032706e+01 1.119467e+01 2.379869e+01 2.045716e+01 3.378363e+01 5.163956e+01 5.352670e+01 2.948678e+01 3.820433e+01 7.021317e+01 1.694347e+00 2.316593e-01 6.454806e-01 1.123475e+00 7.336141e-01 1.655715e+00 2.865525e+00 2.063592e+00 3.688940e+00 4.020079e+00 2.162453e+00 2.808128e+00 3.286474e+00 8.088133e-02 2.408832e-02 1.401068e-01 1.953271e-01 1.161298e-01 2.356541e-01 3.982397e-01 3.812466e-01 7.533018e-01 8.901961e-01 4.759320e-01 4.255836e-01 8.390503e-01 5.999145e-03
<GCONST> 9.414204e+01
<STATE> 18
<MEAN> 39
 -1.504232e+01 -2.132402e-01 7.281625e+00 4.355612e+00 5.044972e+00 -3.379689e+00 6.769409e-01 -5.585446e+00 -1.262624e-01 -8.323220e+00 1.089760e-01 -6.022246e+00 5.710876e+01 -1.799958e-01 -3.339184e-01 -2.190254e-01 8.528435e-02 2.354036e-01 2.159097e-01 -9.447192e-02 -1.918187e-01 -1.284053e-01 2.485402e-01 4.018614e-01 3.552984e-01 -5.595507e-02 2.195481e-02 3.493113e-02 -3.182331e-02 -9.812179e-02 -6.816947e-02 -3.665306e-02 5.654121e-02 -4.055308e-03 3.469998e-04 4.074989e-02 -6.681127e-02 -2.776243e-02 3.850420e-03
<VARIANCE> 39
 3.586468e+00 6.054000e+00 1.397717e+01 1.571906e+01 2.008359e+01 2.441809e+01 3.645580e+01 3.186067e+01 2.370943e+01 2.295144e+01 2.573102e+01 2.511357e+01 9.090605e-01 2.455809e-01 3.859390e-01 8.665421e-01 1.273808e+00 2.032924e+00 2.029632e+00 1.909486e+00 2.435533e+00 1.420629e+00 1.679656e+00 1.673873e+00 1.922538e+00 6.136505e-02 3.578544e-02 4.660263e-02 1.366542e-01 2.431749e-01 3.915810e-01 3.456907e-01 2.621855e-01 4.082848e-01 2.604899e-01 2.840629e-01 2.901579e-01 2.566122e-01 1.258114e-02
<GCONST> 8.240788e+01
<STATE> 19
<MEAN> 39
 -1.807692e+01 -5.007333e-01 9.465106e+00 3.678932e+00 4.354708e-01 -9.347353e+00 -4.689950e+00 -1.154081e+01 -7.406617e+00 -1.127669e+01 2.265394e-01 -6.049335e+00 5.535419e+01 -4.736680e-01 -5.208486e-01 -3.079246e-01 -2.909920e-01 -1.529243e-01 -2.166161e-01 2.817270e-01 3.919902e-01 3.923601e-01 2.518087e-01 1.931100e-01 6.313799e-01 -1.890446e-01 3.306934e-02 -8.952943e-03 -6.364230e-02 -3.835969e-02 -5.923728e-02 2.476356e-02 2.382597e-03 1.017405e-01 7.948347e-02 -2.140439e-01 -2.320316e-01 -6.551362e-02 5.359647e-03
<VARIANCE> 39
 8.830480e+00 8.956166e+00 5.726076e+01 4.706176e+01 2.570889e+01 4.552768e+01 3.072269e+01 3.197813e+01 3.071251e+01 4.344619e+01 5.895287e+01 2.892519e+01 2.715103e+00 1.484616e-01 4.077803e-01 7.986227e-01 8.962506e-01 1.101475e+00 9.934307e-01 1.603812e+00 1.130929e+00 1.025037e+00 1.353418e+00 1.429032e+00 1.550886e+00 2.113151e-02 3.498107e-02 5.416550e-02 1.083536e-01 1.980613e-01 2.343974e-01 2.070574e-01 2.593205e-01 2.306602e-01 1.552836e-01 2.531730e-01 3.113406e-01 2.392023e-01 4.406376e-03
<GCONST> 8.114093e+01
<TRANSP> 20
 0.000000e+00 1.000000e+00 0.000000e+00 0.000000e+00 0.000000e+00 0.000000e+00 0.000000e+00 0.000000e+00 0.000000e+00 0.000000e+00 0.000000e+00 0.000000e+00 0.000000e+00 0.000000e+00 0.000000e+00 0.000000e+00 0.000000e+00 0.000000e+00 0.000000e+00 0.000000e+00
 0.000000e+00 7.335905e-01 2.664095e-01 0.000000e+00 0.000000e+00 0.000000e+00 0.000000e+00 0.000000e+00 0.000000e+00 0.000000e+00 0.000000e+00 0.000000e+00 0.000000e+00 0.000000e+00 0.000000e+00 0.000000e+00 0.000000e+00 0.000000e+00 0.000000e+00 0.000000e+00
 0.000000e+00 0.000000e+00 7.875819e-01 2.124181e-01 0.000000e+00 0.000000e+00 0.000000e+00 0.000000e+00 0.000000e+00 0.000000e+00 0.000000e+00 0.000000e+00 0.000000e+00 0.000000e+00 0.000000e+00 0.000000e+00 0.000000e+00 0.000000e+00 0.000000e+00 0.000000e+00
 0.000000e+00 0.000000e+00 0.000000e+00 7.930068e-01 2.069932e-01 0.000000e+00 0.000000e+00 0.000000e+00 0.000000e+00 0.000000e+00 0.000000e+00 0.000000e+00 0.000000e+00 0.000000e+00 0.000000e+00 0.000000e+00 0.000000e+00 0.000000e+00 0.000000e+00 0.000000e+00
 0.000000e+00 0.000000e+00 0.000000e+00 0.000000e+00 8.100681e-01 1.899319e-01 0.000000e+00 0.000000e+00 0.000000e+00 0.000000e+00 0.000000e+00 0.000000e+00 0.000000e+00 0.000000e+00 0.000000e+00 0.000000e+00 0.000000e+00 0.000000e+00 0.000000e+00 0.000000e+00
 0.000000e+00 0.000000e+00 0.000000e+00 0.000000e+00 0.000000e+00 7.574888e-01 2.425112e-01 0.000000e+00 0.000000e+00 0.000000e+00 0.000000e+00 0.000000e+00 0.000000e+00 0.000000e+00 0.000000e+00 0.000000e+00 0.000000e+00 0.000000e+00 0.000000e+00 0.000000e+00
 0.000000e+00 0.000000e+00 0.000000e+00 0.000000e+00 0.000000e+00 0.000000e+00 7.700132e-01 2.299869e-01 0.000000e+00 0.000000e+00 0.000000e+00 0.000000e+00 0.000000e+00 0.000000e+00 0.000000e+00 0.000000e+00 0.000000e+00 0.000000e+00 0.000000e+00 0.000000e+00
 0.000000e+00 0.000000e+00 0.000000e+00 0.000000e+00 0.000000e+00 0.000000e+00 0.000000e+00 7.230523e-01 2.769477e-01 0.000000e+00 0.000000e+00 0.000000e+00 0.000000e+00 0.000000e+00 0.000000e+00 0.000000e+00 0.000000e+00 0.000000e+00 0.000000e+00 0.000000e+00
 0.000000e+00 0.000000e+00 0.000000e+00 0.000000e+00 0.000000e+00 0.000000e+00 0.000000e+00 0.000000e+00 6.393018e-01 3.606981e-01 0.000000e+00 0.000000e+00 0.000000e+00 0.000000e+00 0.000000e+00 0.000000e+00 0.000000e+00 0.000000e+00 0.000000e+00 0.000000e+00
 0.000000e+00 0.000000e+00 0.000000e+00 0.000000e+00 0.000000e+00 0.000000e+00 0.000000e+00 0.000000e+00 0.000000e+00 6.680629e-01 3.319372e-01 0.000000e+00 0.000000e+00 0.000000e+00 0.000000e+00 0.000000e+00 0.000000e+00 0.000000e+00 0.000000e+00 0.000000e+00
 0.000000e+00 0.000000e+00 0.000000e+00 0.000000e+00 0.000000e+00 0.000000e+00 0.000000e+00 0.000000e+00 0.000000e+00 0.000000e+00 7.782687e-01 2.217313e-01 0.000000e+00 0.000000e+00 0.000000e+00 0.000000e+00 0.000000e+00 0.000000e+00 0.000000e+00 0.000000e+00
 0.000000e+00 0.000000e+00 0.000000e+00 0.000000e+00 0.000000e+00 0.000000e+00 0.000000e+00 0.000000e+00 0.000000e+00 0.000000e+00 0.000000e+00 8.197339e-01 1.802661e-01 0.000000e+00 0.000000e+00 0.000000e+00 0.000000e+00 0.000000e+00 0.000000e+00 0.000000e+00
 0.000000e+00 0.000000e+00 0.000000e+00 0.000000e+00 0.000000e+00 0.000000e+00 0.000000e+00 0.000000e+00 0.000000e+00 0.000000e+00 0.000000e+00 0.000000e+00 7.699740e-01 2.300260e-01 0.000000e+00 0.000000e+00 0.000000e+00 0.000000e+00 0.000000e+00 0.000000e+00
 0.000000e+00 0.000000e+00 0.000000e+00 0.000000e+00 0.000000e+00 0.000000e+00 0.000000e+00 0.000000e+00 0.000000e+00 0.000000e+00 0.000000e+00 0.000000e+00 0.000000e+00 7.022994e-01 2.977006e-01 0.000000e+00 0.000000e+00 0.000000e+00 0.000000e+00 0.000000e+00
 0.000000e+00 0.000000e+00 0.000000e+00 0.000000e+00 0.000000e+00 0.000000e+00 0.000000e+00 0.000000e+00 0.000000e+00 0.000000e+00 0.000000e+00 0.000000e+00 0.000000e+00 0.000000e+00 7.988179e-01 2.011822e-01 0.000000e+00 0.000000e+00 0.000000e+00 0.000000e+00
 0.000000e+00 0.000000e+00 0.000000e+00 0.000000e+00 0.000000e+00 0.000000e+00 0.000000e+00 0.000000e+00 0.000000e+00 0.000000e+00 0.000000e+00 0.000000e+00 0.000000e+00 0.000000e+00 0.000000e+00 7.592973e-01 2.407027e-01 0.000000e+00 0.000000e+00 0.000000e+00
 0.000000e+00 0.000000e+00 0.000000e+00 0.000000e+00 0.000000e+00 0.000000e+00 0.000000e+00 0.000000e+00 0.000000e+00 0.000000e+00 0.000000e+00 0.000000e+00 0.000000e+00 0.000000e+00 0.000000e+00 0.000000e+00 7.350063e-01 2.649936e-01 0.000000e+00 0.000000e+00
 0.000000e+00 0.000000e+00 0.000000e+00 0.000000e+00 0.000000e+00 0.000000e+00 0.000000e+00 0.000000e+00 0.000000e+00 0.000000e+00 0.000000e+00 0.000000e+00 0.000000e+00 0.000000e+00 0.000000e+00 0.000000e+00 0.000000e+00 8.337287e-01 1.662714e-01 0.000000e+00
 0.000000e+00 0.000000e+00 0.000000e+00 0.000000e+00 0.000000e+00 0.000000e+00 0.000000e+00 0.000000e+00 0.000000e+00 0.000000e+00 0.000000e+00 0.000000e+00 0.000000e+00 0.000000e+00 0.000000e+00 0.000000e+00 0.000000e+00 0.000000e+00 7.848809e-01 2.151191e-01
 0.000000e+00 0.000000e+00 0.000000e+00 0.000000e+00 0.000000e+00 0.000000e+00 0.000000e+00 0.000000e+00 0.000000e+00 0.000000e+00 0.000000e+00 0.000000e+00 0.000000e+00 0.000000e+00 0.000000e+00 0.000000e+00 0.000000e+00 0.000000e+00 0.000000e+00 0.000000e+00
<ENDHMM>
