~o
<STREAMINFO> 1 39
<VECSIZE> 39<NULLD><MFCC_D_A_0><DIAGC>
~h "dua"
<BEGINHMM>
<NUMSTATES> 20
<STATE> 2
<MEAN> 39
 -1.702721e+01 -6.431065e+00 -2.690832e+00 -4.391520e+00 2.631183e-01 -4.943535e+00 -7.008333e-01 -6.296651e+00 -1.420213e-01 -7.168948e+00 -4.776369e-01 -6.733691e+00 5.663264e+01 1.122767e+00 1.496574e+00 1.457321e+00 9.778695e-01 4.830613e-01 -1.084807e-01 -6.459501e-01 -9.376024e-01 -1.274042e+00 -1.546470e+00 -1.653726e+00 -1.364914e+00 4.478339e-01 4.526296e-01 5.438985e-01 5.848691e-01 4.432379e-01 1.744625e-02 -2.679991e-01 -2.306835e-01 -3.105121e-01 -3.627438e-01 -3.890136e-01 -1.857372e-01 -1.152117e-01 2.126769e-01
<VARIANCE> 39
 2.195549e+00 4.763796e+00 6.301698e+00 7.061038e+00 9.206938e+00 8.989196e+00 1.153773e+01 1.294321e+01 1.656517e+01 1.351104e+01 1.435558e+01 2.169602e+01 3.946596e-01 1.098659e+00 1.965936e+00 2.605461e+00 2.200013e+00 1.214138e+00 1.295025e+00 1.792807e+00 3.110582e+00 4.013618e+00 3.321591e+00 2.824384e+00 2.786883e+00 2.145488e-01 1.105464e-01 1.212675e-01 1.543323e-01 2.100830e-01 1.509042e-01 3.434553e-01 2.824898e-01 4.556158e-01 4.472499e-01 4.773116e-01 4.824796e-01 4.561553e-01 2.635023e-02
<GCONST> 8.582082e+01
<STATE> 3
<MEAN> 39
 -8.437907e+00 4.867170e+00 9.353039e+00 4.512764e+00 3.875187e+00 -5.880836e+00 -3.851132e+00 -1.184412e+01 -7.428696e+00 -1.554794e+01 -7.129561e+00 -1.145440e+01 6.034187e+01 1.897111e+00 1.635683e+00 1.709630e+00 1.353854e+00 -3.526458e-03 -1.087673e+00 -1.416299e+00 -9.722894e-01 -4.961108e-01 -1.609317e-01 3.643442e-01 3.794965e-01 1.074816e+00 -1.357470e-01 -6.862949e-01 -7.815592e-01 -6.490981e-01 -5.351601e-01 -3.850667e-01 -5.568911e-01 -6.278752e-02 5.306697e-01 1.062437e+00 9.619630e-01 7.403584e-01 1.213299e-01
<VARIANCE> 39
 6.652192e+00 8.872751e+00 1.066357e+01 9.677039e+00 1.211272e+01 2.555071e+01 2.724871e+01 2.077527e+01 2.218075e+01 2.296433e+01 3.018433e+01 2.428641e+01 1.467125e+00 1.188151e+00 2.877854e+00 3.383198e+00 2.309480e+00 2.126527e+00 4.631565e+00 3.362053e+00 2.633081e+00 4.693831e+00 5.278285e+00 3.938878e+00 3.650874e+00 3.467811e-01 1.083679e-01 2.947764e-01 3.483162e-01 1.849653e-01 4.938737e-01 7.147552e-01 5.882533e-01 7.300978e-01 1.132767e+00 9.366745e-01 4.058329e-01 5.215635e-01 5.312523e-02
<GCONST> 1.057481e+02
<STATE> 4
<MEAN> 39
 -3.475839e+00 3.830573e+00 9.934246e+00 4.545387e+00 -1.450200e+00 -1.493008e+01 -1.344754e+01 -1.504368e+01 -7.711752e+00 -9.502393e+00 3.724164e-01 -5.741582e+00 6.513821e+01 1.655571e+00 -4.613535e-01 -9.999537e-01 -1.211345e+00 -2.076297e+00 -2.138744e+00 -3.400092e+00 -2.125722e+00 -2.688062e-01 3.140271e+00 2.889743e+00 1.031476e+00 1.610687e+00 -1.662574e-01 -3.247530e-02 -7.353161e-01 -7.458062e-01 1.526137e-01 8.413106e-01 4.503931e-01 -1.778227e-01 -1.151876e-01 3.864231e-01 2.512892e-01 -1.933517e-01 -2.184323e-01
<VARIANCE> 39
 4.527058e+00 2.031462e+01 2.801843e+01 2.170102e+01 4.528766e+01 7.486493e+01 5.130796e+01 1.135476e+02 3.089990e+01 1.931450e+01 5.819870e+01 4.226274e+01 1.073705e+01 4.927780e-01 2.474337e+00 3.674218e+00 1.994864e+00 5.103369e+00 6.459685e+00 4.945721e+00 7.025772e+00 7.063641e+00 4.964226e+00 3.568381e+00 5.367875e+00 5.335622e-01 1.681441e-01 4.698849e-01 2.801502e-01 4.597049e-01 7.117493e-01 1.384168e+00 7.192085e-01 8.391941e-01 7.075174e-01 5.189912e-01 7.224915e-01 3.502527e-01 1.021896e-01
<GCONST> 1.213315e+02
<STATE> 5
<MEAN> 39
 5.610974e-01 4.180178e+00 3.836028e+00 -1.966300e+00 -3.640254e+00 -1.533205e+01 -2.052498e+01 -2.159645e+01 -7.806314e+00 -8.506449e-02 8.010048e+00 -6.283504e+00 6.805503e+01 1.069608e+00 8.282089e-01 -1.886490e+00 -2.395528e+00 1.354650e-01 1.519220e+00 -1.859296e-01 -1.696886e+00 -1.072832e+00 1.483332e+00 2.265120e+00 1.137936e+00 2.686619e-01 -3.496134e-01 1.831353e-01 2.034353e-01 1.133519e-01 5.738537e-01 8.222644e-01 1.482821e+00 8.249557e-01 -3.627218e-01 -1.457309e+00 -8.769481e-01 -1.004668e-02 -4.232591e-01
<VARIANCE> 39
 3.052089e+00 2.819205e+01 4.605369e+01 9.769076e+00 3.908952e+01 4.626434e+01 5.444457e+01 1.079914e+02 6.458405e+01 3.274942e+01 8.059931e+01 7.104462e+01 9.869450e+00 2.901428e-01 4.481238e-01 1.189173e+00 7.108169e-01 1.728127e+00 3.884445e+00 3.379827e+00 2.375315e+00 2.251478e+00 3.665806e+00 3.956204e+00 1.426095e+00 2.599466e-01 4.269834e-02 2.416415e-01 2.727980e-01 1.908409e-01 6.991569e-01 6.299568e-01 4.184448e-01 6.727614e-01 9.865696e-01 8.021925e-01 7.633577e-01 7.719684e-01 3.601935e-02
<GCONST> 1.075888e+02
<STATE> 6
<MEAN> 39
 1.719175e+00 6.661225e+00 -3.579158e-02 -7.008595e+00 -2.750790e+00 -7.811653e+00 -1.378851e+01 -2.402420e+01 -1.183358e+01 -3.494966e+00 9.405110e+00 -5.198033e-01 6.699376e+01 1.259268e-01 4.233682e-01 -5.814879e-01 -1.091851e+00 -1.848583e-01 8.591729e-01 1.931620e+00 9.550665e-01 -9.709912e-01 -2.331306e+00 -9.474608e-01 5.194485e-01 -2.112213e-01 -1.764036e-01 -8.682773e-02 3.017880e-01 3.076425e-01 -3.002505e-01 -3.960304e-01 1.561437e-01 4.910421e-01 2.059296e-01 -2.524037e-01 -4.960226e-01 -1.815387e-01 -3.200305e-02
<VARIANCE> 39
 1.073960e+00 8.367965e+00 3.553495e+01 1.304606e+01 2.397317e+01 2.817056e+01 4.988835e+01 4.408990e+01 1.553022e+01 3.830430e+01 3.805419e+01 3.172672e+01 2.354194e+00 1.450354e-01 1.934891e-01 6.890852e-01 7.411892e-01 1.902420e+00 2.590632e+00 1.961318e+00 2.703857e+00 1.816757e+00 2.767376e+00 3.209845e+00 3.768019e+00 5.166298e-02 5.549344e-02 3.350821e-02 2.022202e-01 1.155666e-01 1.683017e-01 2.761513e-01 3.304622e-01 3.474430e-01 2.330857e-01 8.805273e-01 7.728385e-01 4.237235e-01 1.470471e-02
<GCONST> 8.653027e+01
<STATE> 7
<MEAN> 39
 1.476224e+00 8.320718e+00 8.580270e-01 -8.844025e+00 -5.576952e+00 -7.830592e+00 -6.936443e+00 -1.661521e+01 -1.331802e+01 -9.183491e+00 6.771387e+00 1.010241e+00 6.639159e+01 1.700188e-01 1.009872e-01 -5.478287e-01 -7.481388e-01 -4.347948e-01 4.525790e-01 8.605377e-01 4.740766e-01 5.683137e-02 -3.313963e-01 -7.598564e-02 5.864288e-01 4.537746e-02 5.285276e-02 -9.060720e-02 -7.928922e-02 -6.867167e-02 1.007962e-01 7.254586e-02 -2.276260e-01 -2.465530e-01 1.009457e-01 3.529076e-01 2.965119e-01 2.267940e-02 6.904755e-02
<VARIANCE> 39
 4.229613e+00 8.268722e+00 1.545103e+01 1.399576e+01 3.985065e+01 2.862847e+01 2.334007e+01 2.983372e+01 3.437914e+01 2.387773e+01 3.565427e+01 3.290757e+01 5.102228e+00 1.500641e-01 2.727465e-01 6.872579e-01 6.779469e-01 7.030351e-01 1.328912e+00 1.322158e+00 2.185384e+00 1.765334e+00 9.413663e-01 1.090041e+00 1.621565e+00 6.746822e-02 1.693123e-02 4.022557e-02 1.081050e-01 7.698080e-02 1.181602e-01 2.531701e-01 1.806198e-01 3.126888e-01 2.969598e-01 2.544396e-01 2.521890e-01 3.536646e-01 4.325086e-03
<GCONST> 7.610890e+01
<STATE> 8
<MEAN> 39
 2.996039e+00 7.333754e+00 -5.264246e+00 -1.535424e+01 -7.364535e+00 -5.387952e+00 -5.602081e+00 -1.828835e+01 -1.127850e+01 -6.932650e+00 8.464393e+00 3.348051e+00 6.724226e+01 2.873548e-01 -8.412565e-01 -1.416038e+00 -9.618866e-01 6.950603e-01 1.265114e+00 -6.440052e-02 -1.011073e+00 4.565869e-01 2.359054e+00 1.210351e+00 -6.832513e-01 4.212631e-01 -9.373907e-02 -3.396964e-01 -1.363033e-01 3.028545e-01 2.294475e-01 -5.318093e-03 -3.413706e-01 -5.370352e-02 5.028954e-01 5.826448e-01 -2.496282e-01 -8.692701e-01 6.505737e-02
<VARIANCE> 39
 2.710553e+00 8.121286e+00 2.046141e+01 1.389155e+01 3.536965e+01 2.413860e+01 1.929897e+01 3.114428e+01 3.801264e+01 3.980863e+01 2.009697e+01 2.465989e+01 1.439235e+00 1.096903e-01 3.688852e-01 7.175689e-01 7.252437e-01 8.403192e-01 1.516725e+00 1.729897e+00 2.834526e+00 1.728712e+00 1.230449e+00 1.969942e+00 2.988881e+00 6.129049e-02 2.133214e-02 4.994603e-02 1.645663e-01 1.084968e-01 2.143700e-01 2.180046e-01 2.620308e-01 4.525512e-01 3.353783e-01 3.823313e-01 4.269085e-01 4.412885e-01 1.124163e-02
<GCONST> 8.088984e+01
<STATE> 9
<MEAN> 39
 3.872396e+00 2.527020e+00 -8.979258e+00 -1.519661e+01 -2.354531e+00 2.915579e-01 -8.377379e+00 -2.210727e+01 -9.128344e+00 2.513316e+00 1.078134e+01 -4.691857e+00 6.972535e+01 2.214799e-02 -2.058307e+00 -1.068055e+00 3.433340e-01 6.366032e-01 3.220383e-01 -1.561483e+00 3.790744e-01 3.386802e+00 2.819366e+00 -8.021435e-01 -3.717378e+00 7.464849e-01 -4.971825e-02 -2.565260e-01 3.617847e-01 2.896881e-01 -1.010950e-01 -3.228006e-01 -9.515412e-02 6.539499e-01 5.943186e-01 -7.160801e-01 -7.740812e-01 -1.767628e-01 6.042339e-02
<VARIANCE> 39
 2.846807e+00 1.375739e+01 5.874253e+01 1.799047e+01 2.872376e+01 3.934355e+01 1.510429e+01 2.814158e+01 4.483278e+01 3.146953e+01 1.812346e+01 2.025892e+01 3.698206e+00 1.612683e-01 8.021267e-01 1.545520e+00 3.181553e-01 1.966402e+00 2.799127e+00 1.698047e+00 4.900368e+00 3.067680e+00 2.902779e+00 2.158134e+00 2.025816e+00 1.682980e-01 2.758553e-02 1.705610e-01 1.324291e-01 9.407599e-02 1.264967e-01 1.891129e-01 2.898005e-01 5.485433e-01 5.579885e-01 5.486966e-01 5.203888e-01 5.588064e-01 3.435208e-02
<GCONST> 9.169860e+01
<STATE> 10
<MEAN> 39
 3.901949e+00 -4.907890e+00 -1.132249e+01 -1.349047e+01 4.091206e-01 -3.451170e+00 -1.311559e+01 -1.611141e+01 2.649414e+00 5.248236e+00 3.009480e+00 -1.398677e+01 7.158810e+01 -2.690371e-01 -2.070022e+00 1.820115e-01 3.685093e-01 -7.773545e-02 -1.142992e-01 -7.088915e-02 1.883185e+00 2.003723e+00 -7.573458e-02 -3.052639e+00 -1.802912e+00 6.478480e-01 -1.095253e-01 1.772718e-01 3.861713e-01 -1.820423e-01 -3.188264e-01 1.035924e-01 5.250117e-01 1.591771e-02 -7.518053e-01 -4.460979e-01 -2.075231e-01 5.255872e-01 -4.969523e-02
<VARIANCE> 39
 5.163981e+00 2.474461e+01 7.989552e+01 1.739999e+01 2.501056e+01 3.921262e+01 1.897957e+01 4.787051e+01 2.596512e+01 2.375218e+01 1.062973e+02 3.107586e+01 8.449144e+00 2.630054e-01 1.160988e+00 9.783272e-01 8.932828e-01 1.027767e+00 1.432924e+00 1.604853e+00 3.894335e+00 3.759881e+00 2.060158e+00 3.927947e+00 1.891148e+00 2.518706e-01 3.009104e-02 1.003163e-01 7.218921e-02 1.052511e-01 1.500224e-01 1.244460e-01 1.615066e-01 3.889163e-01 4.196034e-01 4.121776e-01 7.323335e-01 4.001656e-01 1.193670e-02
<GCONST> 9.285670e+01
<STATE> 11
<MEAN> 39
 2.451536e+00 -1.160152e+01 -8.763944e+00 -1.384149e+01 -1.229506e+00 -4.238400e+00 -9.829212e+00 -7.549148e+00 4.744327e+00 2.077103e+00 -8.060479e+00 -1.809050e+01 7.400690e+01 -2.869769e-01 -7.439005e-01 4.272176e-01 -1.008034e-02 -1.871449e-01 -1.588630e-01 4.794126e-01 1.057947e+00 -6.690369e-02 -9.793323e-01 -1.405778e+00 -1.389377e-01 2.807006e-01 -8.518513e-03 1.962866e-01 -1.429679e-01 4.373231e-02 1.632210e-01 -2.524049e-02 -7.559395e-02 -1.329919e-01 -2.413707e-01 -2.506514e-01 2.121649e-01 3.260992e-01 -1.206248e-01
<VARIANCE> 39
 1.981961e+00 3.046941e+01 1.343641e+02 1.754593e+01 1.825697e+01 3.056904e+01 2.557544e+01 1.010071e+02 3.059915e+01 3.320119e+01 1.127525e+02 3.199411e+01 1.474471e+01 1.321445e-01 4.467231e-01 8.291026e-01 4.316660e-01 8.581412e-01 7.661847e-01 7.696109e-01 2.059149e+00 1.052192e+00 1.634797e+00 1.417940e+00 1.699121e+00 1.752174e-01 3.341538e-02 1.019551e-01 1.474838e-01 5.991427e-02 7.571116e-02 9.745658e-02 1.120637e-01 3.936867e-01 1.636041e-01 2.279356e-01 3.628527e-01 3.005184e-01 2.024171e-02
<GCONST> 8.354792e+01
<STATE> 12
<MEAN> 39
 -7.997550e-02 -7.425153e+00 -9.315773e+00 -1.689707e+01 -1.103020e+01 1.171383e+01 -6.128349e+00 -1.913237e+01 7.958161e+00 4.005501e+00 -7.129934e+00 -1.022553e+01 7.256052e+01 -5.823432e-01 -9.906902e-01 -1.931835e-01 -4.704983e-01 -1.488327e-01 8.055579e-01 -3.989394e-01 3.463224e-01 7.280384e-01 -7.847587e-01 -1.258553e+00 4.877086e-01 -1.642373e-02 -6.846391e-02 2.363808e-01 4.508421e-02 1.014957e-01 2.435309e-01 -3.952320e-01 -3.300654e-02 7.960317e-02 -2.540592e-01 -3.775388e-02 2.871155e-01 -1.164237e-02 -2.042008e-01
<VARIANCE> 39
 3.425734e+00 4.397500e+01 5.591663e+01 2.450158e+01 5.947089e+01 1.822437e+02 2.179344e+01 1.474919e+02 4.039136e+01 3.204741e+01 4.412822e+01 3.587912e+01 1.162097e+01 3.187933e-01 1.654808e+00 1.127163e+00 8.497704e-01 1.980428e+00 5.236819e+00 1.683008e+00 2.472395e+00 4.146209e+00 1.533472e+00 2.383819e+00 1.620241e+00 4.993888e-01 5.144549e-02 3.115969e-01 2.833428e-01 2.069276e-01 3.404823e-01 7.453379e-01 5.123771e-01 5.594578e-01 4.639422e-01 1.920269e-01 2.575938e-01 2.806433e-01 7.907099e-02
<GCONST> 1.066826e+02
<STATE> 13
<MEAN> 39
 -8.234103e-01 -1.406246e+01 -5.678942e+00 -1.229857e+01 4.054616e-01 -5.942539e+00 -1.071630e+01 -1.865696e+00 -8.926430e-02 -6.995165e+00 -9.071893e+00 -1.492713e+01 7.353033e+01 -6.472751e-01 1.039392e+00 -2.489823e-02 6.204690e-01 3.454427e-01 -6.622441e-01 3.559765e-01 -3.459938e-01 -1.810105e-01 -6.954552e-01 -1.859510e-01 2.860533e-01 -1.127741e+00 -5.679975e-02 2.937741e-01 1.999746e-01 1.288459e-01 -1.319436e-01 7.085534e-02 2.081618e-01 -7.281989e-02 2.139890e-01 1.873890e-01 1.875078e-01 -1.927735e-03 -1.707419e-01
<VARIANCE> 39
 2.562970e+00 2.541920e+01 9.020295e+01 2.097547e+01 3.593621e+01 9.458553e+01 1.934907e+01 9.487968e+01 7.781207e+01 2.135215e+01 6.783584e+01 2.024674e+01 1.620085e+01 1.762074e-01 1.157418e+00 1.630821e+00 3.655072e-01 6.802445e-01 1.306853e+00 1.573602e+00 2.670300e+00 2.501815e+00 1.542130e+00 1.099801e+00 1.773148e+00 2.817964e-01 4.127141e-02 1.604091e-01 5.505152e-02 6.342056e-02 1.532733e-01 3.365184e-01 2.313466e-01 4.698104e-01 3.943312e-01 2.075189e-01 2.685597e-01 3.674857e-01 4.544630e-02
<GCONST> 9.266447e+01
<STATE> 14
<MEAN> 39
 -3.471115e+00 -6.673729e+00 -7.452874e+00 -1.175523e+01 -3.452490e+00 1.747891e-01 -5.933388e+00 -1.280015e+01 5.499963e+00 -6.367394e+00 -1.523072e+01 -1.299052e+01 6.750021e+01 -7.641240e-01 7.389085e-01 7.922533e-01 1.052227e+00 8.879989e-01 -1.194780e+00 2.578590e-01 6.001651e-01 -1.068186e+00 -1.539707e+00 4.250287e-01 2.152743e-01 -1.085074e+00 1.142016e-02 -1.139505e-01 -1.564025e-01 -1.041141e-01 -2.036222e-01 5.000545e-02 2.064754e-02 -1.595050e-02 -5.033932e-02 1.168885e-01 3.135555e-01 4.883889e-02 3.956002e-02
<VARIANCE> 39
 7.704929e+00 1.063155e+01 2.086692e+01 2.430050e+01 3.707134e+01 9.564171e+01 1.840854e+01 6.717726e+01 3.071125e+01 4.798399e+01 7.321295e+01 2.869001e+01 4.145612e+00 9.743310e-02 3.639804e-01 2.730376e-01 5.694314e-01 1.787805e+00 2.491053e+00 1.874303e+00 1.505123e+00 1.035624e+00 1.120347e+00 1.796418e+00 1.250793e+00 7.335234e-02 1.535402e-02 4.756237e-02 3.008891e-02 8.613420e-02 2.107468e-01 1.257054e-01 4.149987e-01 3.390174e-01 1.041351e-01 1.676132e-01 2.635463e-01 1.167715e-01 7.085286e-03
<GCONST> 7.840004e+01
<STATE> 15
<MEAN> 39
 -5.275171e+00 -6.019260e+00 -4.719210e+00 -8.473723e+00 -1.365639e-01 -7.557518e+00 -5.601854e+00 -3.698644e+00 3.565822e-01 -9.896493e+00 -7.966417e+00 -1.192107e+01 6.544258e+01 -6.901973e-01 7.666818e-01 2.119892e-02 1.413456e-01 -3.140670e-01 3.012798e-01 1.164188e+00 -2.233940e-01 3.533014e-01 -2.255438e-01 2.528699e-01 4.110923e-01 -9.684117e-01 1.474810e-02 -1.100215e-01 -4.997201e-02 -4.635171e-02 4.080971e-02 6.685127e-02 -3.062176e-02 2.735519e-02 9.712104e-02 1.372992e-02 -1.449183e-01 -4.501397e-02 9.035750e-02
<VARIANCE> 39
 2.403367e+00 6.507581e+00 3.823159e+01 2.104360e+01 7.506863e+00 3.602095e+01 2.371461e+01 3.807656e+01 2.474898e+01 1.993432e+01 3.156671e+01 1.221678e+01 3.569313e+00 1.081612e-01 3.407685e-01 4.460874e-01 4.570287e-01 8.413637e-01 1.054227e+00 9.587103e-01 1.367888e+00 1.627998e+00 4.383138e-01 1.725416e+00 8.670178e-01 6.323429e-02 1.494064e-02 4.913000e-02 6.010904e-02 7.387403e-02 9.934642e-02 1.419331e-01 1.406132e-01 1.286210e-01 2.823358e-01 1.220320e-01 1.860702e-01 1.318323e-01 5.907136e-03
<GCONST> 6.640038e+01
<STATE> 16
<MEAN> 39
 -9.568904e+00 -5.800642e+00 -7.543143e+00 -1.037569e+01 -2.161443e+00 -4.019609e+00 -1.665759e+00 -7.203076e+00 2.561607e+00 -9.363925e+00 -8.329253e+00 -1.097600e+01 6.157880e+01 -8.216048e-01 4.832564e-02 3.509619e-01 7.686650e-01 3.359744e-01 6.298546e-02 4.597595e-01 7.014805e-01 -2.955506e-01 -2.615305e-01 7.640077e-01 2.635852e-01 -6.305369e-01 1.040058e-02 -4.319901e-02 4.017279e-02 1.066238e-01 1.555163e-01 7.761196e-02 -1.477012e-01 -3.042018e-02 -1.394930e-02 2.468946e-01 1.438357e-01 1.440117e-01 4.992284e-02
<VARIANCE> 39
 7.910966e+00 6.887470e+00 1.541494e+01 8.385757e+00 7.612820e+00 1.999154e+01 8.196407e+00 2.223287e+01 1.404422e+01 1.417360e+01 2.798442e+01 1.986218e+01 2.644697e+00 1.201573e-01 4.205739e-01 6.828151e-01 2.945296e-01 9.019665e-01 1.236308e+00 5.173252e-01 1.285874e+00 7.212278e-01 1.140563e+00 1.572323e+00 1.170956e+00 2.724162e-02 1.366392e-02 7.061174e-02 9.173000e-02 5.657313e-02 1.307174e-01 1.240864e-01 1.089758e-01 1.145182e-01 1.377545e-01 8.383812e-02 1.192149e-01 1.627251e-01 2.342912e-03
<GCONST> 6.010859e+01
<STATE> 17
<MEAN> 39
 -1.015791e+01 -2.231256e+00 -2.548140e+00 -4.562341e+00 4.711684e-01 -5.371691e+00 -8.994737e-01 -4.624584e+00 1.463787e+00 -1.128271e+01 -6.850208e+00 -7.646913e+00 6.029374e+01 -6.840234e-01 2.287864e-01 3.312826e-01 1.696168e-01 -6.852269e-02 -1.129344e-01 3.900797e-01 2.325537e-01 -3.266139e-01 4.514678e-01 9.857265e-01 8.077774e-01 -5.711338e-01 -1.176004e-03 -1.005221e-01 -7.081211e-02 -1.746648e-01 -1.458593e-01 -5.388481e-02 2.396542e-02 -1.203680e-02 -4.118468e-02 2.595040e-02 1.171388e-03 -7.735184e-02 3.069103e-02
<VARIANCE> 39
 6.587559e+00 9.804939e+00 8.676136e+00 9.612342e+00 8.543373e+00 2.103998e+01 2.219694e+01 1.893997e+01 1.457095e+01 2.117745e+01 2.124053e+01 1.869597e+01 2.199399e+00 1.673029e-01 3.729380e-01 6.875613e-01 4.881654e-01 7.254325e-01 1.941341e+00 1.443267e+00 1.300615e+00 1.002154e+00 6.839097e-01 9.620945e-01 1.039848e+00 5.705820e-02 2.071423e-02 5.559383e-02 1.138456e-01 4.541643e-02 9.842538e-02 3.240399e-01 1.817832e-01 1.852770e-01 1.574610e-01 2.084891e-01 2.381727e-01 1.114785e-01 5.619907e-03
<GCONST> 6.677700e+01
<STATE> 18
<MEAN> 39
 -1.474838e+01 -5.937626e+00 -5.130544e+00 -7.491092e+00 -1.181265e+00 -5.248477e+00 -4.028772e-01 -5.284324e+00 1.538432e-01 -7.747876e+00 -1.844434e+00 -7.835826e+00 5.803105e+01 -6.241336e-01 -1.758684e-01 2.199340e-03 -2.277020e-01 -2.971428e-01 -4.468517e-02 3.363651e-01 -1.991657e-01 -3.667040e-01 -4.929045e-02 5.289778e-01 2.910506e-01 -3.350757e-01 4.084616e-02 1.715796e-02 1.208271e-02 -4.422598e-02 1.622229e-02 1.241937e-01 8.983418e-02 -5.783408e-02 -3.022505e-02 -1.299083e-01 -1.085461e-01 -5.706254e-02 1.937015e-02
<VARIANCE> 39
 3.141405e+00 7.666336e+00 1.221785e+01 1.015763e+01 1.012099e+01 1.867097e+01 1.150377e+01 1.927095e+01 1.911924e+01 1.918810e+01 1.900720e+01 2.665617e+01 7.636061e-01 8.323871e-02 2.134824e-01 5.743814e-01 5.142654e-01 6.783028e-01 1.580243e+00 9.391260e-01 2.192461e+00 1.163442e+00 1.849069e+00 1.870826e+00 9.963352e-01 3.148026e-02 1.266721e-02 2.274874e-02 8.457558e-02 1.470531e-01 1.160081e-01 1.628218e-01 1.876383e-01 4.394879e-01 2.056544e-01 3.505297e-01 2.937060e-01 1.969974e-01 7.726609e-03
<GCONST> 6.631178e+01
<STATE> 19
<MEAN> 39
 -1.525472e+01 -3.194597e+00 -1.982049e+00 -5.838422e+00 -1.035325e+00 -4.246825e+00 4.846161e+00 -3.655136e+00 -2.324743e+00 -1.016849e+01 -1.058264e+00 -3.736395e+00 5.691942e+01 -4.500881e-01 -1.640647e-01 3.160805e-01 2.657163e-01 3.271600e-01 9.956597e-01 1.510609e+00 6.295948e-01 -5.529441e-01 -3.088894e-01 2.119830e-01 4.289691e-01 -2.886355e-01 4.406791e-02 -1.998635e-02 1.605944e-02 1.377190e-01 1.203186e-01 2.332154e-01 1.120445e-01 2.943105e-01 2.502949e-01 6.667554e-02 4.479713e-02 7.008751e-02 5.558576e-02
<VARIANCE> 39
 4.230589e+00 1.952435e+01 2.549120e+01 1.196241e+01 1.911233e+01 2.784043e+01 3.650251e+01 3.665775e+01 2.134700e+01 1.159755e+01 1.015860e+01 4.160325e+01 9.526922e-01 2.788644e-01 4.310860e-01 7.422709e-01 1.352666e+00 1.714239e+00 1.231788e+00 1.028927e+00 1.607461e+00 1.315843e+00 1.969282e+00 1.458828e+00 1.567405e+00 8.326313e-02 3.412398e-02 7.914897e-02 1.740411e-01 2.198047e-01 2.656782e-01 2.745311e-01 2.740356e-01 2.788674e-01 2.421148e-01 4.977206e-01 2.495723e-01 5.010113e-01 6.372493e-03
<GCONST> 8.160823e+01
<TRANSP> 20
 0.000000e+00 1.000000e+00 0.000000e+00 0.000000e+00 0.000000e+00 0.000000e+00 0.000000e+00 0.000000e+00 0.000000e+00 0.000000e+00 0.000000e+00 0.000000e+00 0.000000e+00 0.000000e+00 0.000000e+00 0.000000e+00 0.000000e+00 0.000000e+00 0.000000e+00 0.000000e+00
 0.000000e+00 7.444510e-01 2.555490e-01 0.000000e+00 0.000000e+00 0.000000e+00 0.000000e+00 0.000000e+00 0.000000e+00 0.000000e+00 0.000000e+00 0.000000e+00 0.000000e+00 0.000000e+00 0.000000e+00 0.000000e+00 0.000000e+00 0.000000e+00 0.000000e+00 0.000000e+00
 0.000000e+00 0.000000e+00 7.390933e-01 2.609067e-01 0.000000e+00 0.000000e+00 0.000000e+00 0.000000e+00 0.000000e+00 0.000000e+00 0.000000e+00 0.000000e+00 0.000000e+00 0.000000e+00 0.000000e+00 0.000000e+00 0.000000e+00 0.000000e+00 0.000000e+00 0.000000e+00
 0.000000e+00 0.000000e+00 0.000000e+00 6.210399e-01 3.789601e-01 0.000000e+00 0.000000e+00 0.000000e+00 0.000000e+00 0.000000e+00 0.000000e+00 0.000000e+00 0.000000e+00 0.000000e+00 0.000000e+00 0.000000e+00 0.000000e+00 0.000000e+00 0.000000e+00 0.000000e+00
 0.000000e+00 0.000000e+00 0.000000e+00 0.000000e+00 5.899200e-01 4.100800e-01 0.000000e+00 0.000000e+00 0.000000e+00 0.000000e+00 0.000000e+00 0.000000e+00 0.000000e+00 0.000000e+00 0.000000e+00 0.000000e+00 0.000000e+00 0.000000e+00 0.000000e+00 0.000000e+00
 0.000000e+00 0.000000e+00 0.000000e+00 0.000000e+00 0.000000e+00 6.864552e-01 3.135448e-01 0.000000e+00 0.000000e+00 0.000000e+00 0.000000e+00 0.000000e+00 0.000000e+00 0.000000e+00 0.000000e+00 0.000000e+00 0.000000e+00 0.000000e+00 0.000000e+00 0.000000e+00
 0.000000e+00 0.000000e+00 0.000000e+00 0.000000e+00 0.000000e+00 0.000000e+00 8.397189e-01 1.602811e-01 0.000000e+00 0.000000e+00 0.000000e+00 0.000000e+00 0.000000e+00 0.000000e+00 0.000000e+00 0.000000e+00 0.000000e+00 0.000000e+00 0.000000e+00 0.000000e+00
 0.000000e+00 0.000000e+00 0.000000e+00 0.000000e+00 0.000000e+00 0.000000e+00 0.000000e+00 7.195739e-01 2.804262e-01 0.000000e+00 0.000000e+00 0.000000e+00 0.000000e+00 0.000000e+00 0.000000e+00 0.000000e+00 0.000000e+00 0.000000e+00 0.000000e+00 0.000000e+00
 0.000000e+00 0.000000e+00 0.000000e+00 0.000000e+00 0.000000e+00 0.000000e+00 0.000000e+00 0.000000e+00 5.975491e-01 4.024509e-01 0.000000e+00 0.000000e+00 0.000000e+00 0.000000e+00 0.000000e+00 0.000000e+00 0.000000e+00 0.000000e+00 0.000000e+00 0.000000e+00
 0.000000e+00 0.000000e+00 0.000000e+00 0.000000e+00 0.000000e+00 0.000000e+00 0.000000e+00 0.000000e+00 0.000000e+00 6.931425e-01 3.068576e-01 0.000000e+00 0.000000e+00 0.000000e+00 0.000000e+00 0.000000e+00 0.000000e+00 0.000000e+00 0.000000e+00 0.000000e+00
 0.000000e+00 0.000000e+00 0.000000e+00 0.000000e+00 0.000000e+00 0.000000e+00 0.000000e+00 0.000000e+00 0.000000e+00 0.000000e+00 7.853225e-01 2.146775e-01 0.000000e+00 0.000000e+00 0.000000e+00 0.000000e+00 0.000000e+00 0.000000e+00 0.000000e+00 0.000000e+00
 0.000000e+00 0.000000e+00 0.000000e+00 0.000000e+00 0.000000e+00 0.000000e+00 0.000000e+00 0.000000e+00 0.000000e+00 0.000000e+00 0.000000e+00 6.250809e-01 3.749191e-01 0.000000e+00 0.000000e+00 0.000000e+00 0.000000e+00 0.000000e+00 0.000000e+00 0.000000e+00
 0.000000e+00 0.000000e+00 0.000000e+00 0.000000e+00 0.000000e+00 0.000000e+00 0.000000e+00 0.000000e+00 0.000000e+00 0.000000e+00 0.000000e+00 0.000000e+00 7.097847e-01 2.902153e-01 0.000000e+00 0.000000e+00 0.000000e+00 0.000000e+00 0.000000e+00 0.000000e+00
 0.000000e+00 0.000000e+00 0.000000e+00 0.000000e+00 0.000000e+00 0.000000e+00 0.000000e+00 0.000000e+00 0.000000e+00 0.000000e+00 0.000000e+00 0.000000e+00 0.000000e+00 6.584052e-01 3.415948e-01 0.000000e+00 0.000000e+00 0.000000e+00 0.000000e+00 0.000000e+00
 0.000000e+00 0.000000e+00 0.000000e+00 0.000000e+00 0.000000e+00 0.000000e+00 0.000000e+00 0.000000e+00 0.000000e+00 0.000000e+00 0.000000e+00 0.000000e+00 0.000000e+00 0.000000e+00 6.984071e-01 3.015930e-01 0.000000e+00 0.000000e+00 0.000000e+00 0.000000e+00
 0.000000e+00 0.000000e+00 0.000000e+00 0.000000e+00 0.000000e+00 0.000000e+00 0.000000e+00 0.000000e+00 0.000000e+00 0.000000e+00 0.000000e+00 0.000000e+00 0.000000e+00 0.000000e+00 0.000000e+00 7.095306e-01 2.904694e-01 0.000000e+00 0.000000e+00 0.000000e+00
 0.000000e+00 0.000000e+00 0.000000e+00 0.000000e+00 0.000000e+00 0.000000e+00 0.000000e+00 0.000000e+00 0.000000e+00 0.000000e+00 0.000000e+00 0.000000e+00 0.000000e+00 0.000000e+00 0.000000e+00 0.000000e+00 7.640926e-01 2.359075e-01 0.000000e+00 0.000000e+00
 0.000000e+00 0.000000e+00 0.000000e+00 0.000000e+00 0.000000e+00 0.000000e+00 0.000000e+00 0.000000e+00 0.000000e+00 0.000000e+00 0.000000e+00 0.000000e+00 0.000000e+00 0.000000e+00 0.000000e+00 0.000000e+00 0.000000e+00 7.635840e-01 2.364160e-01 0.000000e+00
 0.000000e+00 0.000000e+00 0.000000e+00 0.000000e+00 0.000000e+00 0.000000e+00 0.000000e+00 0.000000e+00 0.000000e+00 0.000000e+00 0.000000e+00 0.000000e+00 0.000000e+00 0.000000e+00 0.000000e+00 0.000000e+00 0.000000e+00 0.000000e+00 6.268027e-01 3.731973e-01
 0.000000e+00 0.000000e+00 0.000000e+00 0.000000e+00 0.000000e+00 0.000000e+00 0.000000e+00 0.000000e+00 0.000000e+00 0.000000e+00 0.000000e+00 0.000000e+00 0.000000e+00 0.000000e+00 0.000000e+00 0.000000e+00 0.000000e+00 0.000000e+00 0.000000e+00 0.000000e+00
<ENDHMM>
