~o
<STREAMINFO> 1 39
<VECSIZE> 39<NULLD><MFCC_D_A_0><DIAGC>
~h "sembilan"
<BEGINHMM>
<NUMSTATES> 20
<STATE> 2
<MEAN> 39
 -1.760090e+01 -6.493820e+00 -2.389724e+00 -4.639263e+00 1.747355e-02 -5.606367e+00 5.913666e-01 -6.236058e+00 4.956290e-01 -6.082153e+00 5.548582e-01 -5.302017e+00 5.654915e+01 -4.364108e-01 5.359212e-01 -5.275105e-01 2.759199e-01 2.049042e-01 -5.772705e-01 5.732685e-01 -5.485213e-01 3.983383e-01 -5.690471e-01 -4.771904e-02 -1.095263e-02 2.958184e-01 -3.338053e-01 4.505465e-01 -3.582050e-01 2.633062e-01 7.705551e-02 -6.303269e-02 3.617340e-01 -1.804836e-01 3.237118e-01 -2.348720e-01 1.108900e-01 -6.068868e-02 1.760223e-01
<VARIANCE> 39
 8.446739e-01 1.706916e+00 5.349356e+00 8.413102e+00 7.181518e+00 8.004720e+00 9.474403e+00 1.705425e+01 1.247724e+01 8.254819e+00 1.123032e+01 1.499631e+01 3.205961e-01 5.463245e-01 1.176623e+00 9.182186e-01 8.898019e-01 8.104677e-01 1.168335e+00 2.360263e+00 1.805190e+00 2.756531e+00 1.351209e+00 1.488872e+00 1.740270e+00 1.301788e-01 9.702558e-02 2.736877e-01 1.738956e-01 1.452529e-01 1.734897e-01 2.664290e-01 4.464602e-01 4.093970e-01 4.909562e-01 2.265924e-01 2.987843e-01 4.014049e-01 2.008244e-02
<GCONST> 7.428342e+01
<STATE> 3
<MEAN> 39
 -2.394913e+01 2.249248e+00 -9.461569e+00 6.011311e-01 3.401156e-01 -7.599371e+00 7.713562e+00 -1.167902e+01 7.658383e+00 -1.220703e+01 2.931371e+00 -6.965516e+00 5.998078e+01 -2.022006e+00 3.068454e+00 -2.042725e+00 1.914464e+00 3.675500e-02 -7.293789e-01 1.836784e+00 -1.117865e+00 1.434721e+00 -5.743985e-01 9.100774e-01 5.659205e-01 1.165725e+00 1.148296e-01 -1.623565e-01 1.918393e-01 -7.404368e-02 8.415184e-02 -8.857617e-02 -2.749239e-01 3.587777e-01 -5.417919e-01 5.872312e-01 -1.271866e-01 3.971412e-01 -3.299146e-03
<VARIANCE> 39
 7.007619e+00 1.751150e+01 1.319944e+01 1.491157e+01 1.840830e+01 1.501323e+01 2.104086e+01 2.789305e+01 2.269458e+01 2.988693e+01 3.656934e+01 2.821285e+01 2.535037e+00 6.676546e-01 1.366446e+00 1.308198e+00 6.475513e-01 1.917826e+00 1.279370e+00 2.949606e+00 3.155738e+00 2.545260e+00 2.612069e+00 3.073869e+00 2.765466e+00 2.306307e-01 1.636486e-01 3.858948e-01 2.334056e-01 2.841641e-01 2.978197e-01 2.292390e-01 6.027502e-01 6.466293e-01 5.336478e-01 3.825756e-01 5.591668e-01 3.748972e-01 4.931819e-02
<GCONST> 9.833044e+01
<STATE> 4
<MEAN> 39
 -2.781893e+01 8.943527e+00 -1.265390e+01 3.191997e+00 3.312189e+00 -1.187539e+01 1.053236e+01 -1.173520e+01 5.419968e+00 -8.623198e+00 1.875488e+00 -1.556759e+00 6.327367e+01 1.616581e+00 4.396764e-01 7.274552e-01 -5.620605e-01 -1.665854e-01 -8.565966e-01 -1.444526e+00 -2.067477e-01 -7.712185e-01 4.629788e-01 -6.716152e-01 -3.242516e-01 5.239575e-01 1.171151e+00 -2.440835e-01 5.440965e-01 -4.500789e-01 -3.460324e-01 -2.698080e-02 -9.761912e-01 -2.044549e-01 -1.599042e-01 -5.154207e-02 -7.018056e-02 -5.496070e-01 9.295356e-02
<VARIANCE> 39
 1.497065e+01 1.513663e+01 1.543778e+01 1.973743e+01 2.175864e+01 1.319017e+01 1.911667e+01 1.840138e+01 2.751095e+01 5.401406e+01 3.351334e+01 3.234426e+01 3.198554e+00 6.978868e+00 1.932219e+00 2.706213e+00 1.074077e+00 2.191234e+00 1.993984e+00 6.572553e+00 3.587831e+00 3.512795e+00 3.198463e+00 3.865447e+00 3.507506e+00 6.906615e-01 2.401123e-01 6.347163e-01 2.714979e-01 1.670793e-01 3.479630e-01 3.946153e-01 5.876985e-01 6.019551e-01 7.376979e-01 4.643454e-01 8.302447e-01 3.947410e-01 2.104787e-01
<GCONST> 1.110125e+02
<STATE> 5
<MEAN> 39
 -7.753190e+00 1.071757e+01 -5.677775e+00 -2.695060e+00 -1.841037e+00 -1.567987e+01 -6.391502e+00 -1.624543e+01 2.117941e+00 -7.715106e+00 8.673040e-01 -8.773697e+00 6.884764e+01 3.702690e+00 2.603762e-01 1.065318e+00 -9.602554e-01 -4.997475e-01 2.390490e-01 -2.633841e+00 -1.311349e+00 -1.128391e+00 3.540727e-01 8.328685e-01 -5.122108e-01 1.164745e+00 -9.013488e-01 -2.155784e-01 -1.214413e-01 3.829669e-01 3.511781e-01 4.550213e-01 9.795873e-01 1.774488e-01 -1.414873e-01 -5.715364e-02 2.702887e-01 4.962835e-01 -4.007597e-01
<VARIANCE> 39
 2.464860e+01 1.798543e+01 4.803442e+01 2.346248e+01 6.023800e+01 3.194825e+01 6.720485e+01 6.711819e+01 4.584880e+01 1.540495e+02 4.672560e+01 4.051743e+01 1.925542e+01 3.251257e+00 2.003133e+00 2.146836e+00 2.625070e+00 4.258047e+00 4.278170e+00 7.239258e+00 4.779872e+00 3.692638e+00 4.845583e+00 4.799467e+00 4.461956e+00 1.393240e+00 2.368286e-01 2.903777e-01 4.279496e-01 3.469691e-01 5.067253e-01 6.580275e-01 8.893285e-01 9.620681e-01 8.923853e-01 8.654706e-01 5.390201e-01 6.336085e-01 2.251630e-01
<GCONST> 1.278090e+02
<STATE> 6
<MEAN> 39
 -1.053426e+00 9.213784e+00 1.745579e+00 -2.726176e+00 -3.356134e+00 -1.305646e+01 -6.952430e+00 -1.583512e+01 -4.598339e+00 -5.795800e+00 4.137415e+00 -7.735768e+00 6.749651e+01 3.746213e-01 -2.822119e-01 1.188078e+00 2.081537e-02 -4.299979e-01 -3.983546e-02 1.691781e-01 7.245564e-01 -8.142730e-01 3.377304e-02 -9.834814e-02 -2.302908e-01 -4.589553e-01 -1.877090e-01 -9.590044e-02 5.252651e-02 2.586761e-02 -1.568814e-01 -1.724049e-01 2.182999e-02 1.580281e-01 5.468808e-02 2.371967e-02 -9.929538e-02 -1.783670e-02 3.014622e-03
<VARIANCE> 39
 9.306999e+00 1.070312e+01 3.232063e+01 2.124186e+01 4.742053e+01 2.557696e+01 4.350486e+01 5.075216e+01 2.121598e+01 6.254610e+01 7.735681e+01 4.070230e+01 7.793603e+00 2.199048e-01 4.326595e-01 7.785843e-01 1.134978e+00 1.463066e+00 9.989535e-01 2.010608e+00 1.704148e+00 1.968031e+00 2.243905e+00 2.026031e+00 1.109173e+00 1.443095e-01 4.812558e-02 8.512213e-02 9.257539e-02 1.428802e-01 3.920845e-01 2.149886e-01 2.817199e-01 4.262720e-01 3.701053e-01 3.765467e-01 4.268704e-01 3.110988e-01 3.293610e-02
<GCONST> 9.258470e+01
<STATE> 7
<MEAN> 39
 -6.861526e-01 4.958025e+00 1.094025e+01 -1.765499e+00 -1.106803e+01 -1.527039e+01 -6.216468e+00 -1.234497e+01 -1.046762e+01 -4.351938e+00 2.782104e+00 -9.934359e+00 6.634055e+01 -5.232477e-01 -1.841678e+00 3.206730e+00 -1.140829e-01 -3.746904e+00 -6.785553e-01 -3.369147e-02 1.909127e-02 -2.112796e+00 1.703565e+00 1.082687e+00 3.369800e-01 9.019025e-01 -2.321901e-01 -1.588343e-01 3.237358e-01 -2.832052e-01 -4.139559e-01 1.835849e-01 -4.892696e-02 -2.355097e-01 -5.105802e-02 2.026226e-01 2.725784e-01 3.348859e-01 3.684580e-01
<VARIANCE> 39
 5.531904e+00 1.632825e+01 3.948162e+01 4.238096e+01 7.863239e+01 3.505250e+01 2.491051e+01 4.118616e+01 6.833775e+01 4.161272e+01 6.602671e+01 2.512163e+01 5.470505e+00 4.586033e-01 1.473198e+00 3.118327e+00 1.311220e+00 5.486031e+00 3.392551e+00 1.508179e+00 4.536768e+00 1.123923e+01 8.021670e+00 3.813696e+00 3.727822e+00 6.023135e-01 6.884681e-02 3.175960e-01 5.964757e-01 3.902363e-01 1.364213e+00 6.836462e-01 2.322168e-01 4.705512e-01 1.435800e+00 7.336840e-01 7.987831e-01 2.823261e-01 8.350740e-02
<GCONST> 1.165519e+02
<STATE> 8
<MEAN> 39
 -4.560524e+00 -9.051683e-01 2.472892e+01 -5.587250e+00 -2.106102e+01 -1.446054e+01 -7.131376e+00 -9.323919e+00 -1.998364e+01 -2.743773e-01 8.283795e+00 -4.906603e+00 7.190106e+01 -3.330698e-01 -6.962765e-01 1.624313e-01 1.204037e-01 -6.491197e-01 -3.266468e-01 2.286897e-02 5.311259e-01 2.583827e-01 -6.855252e-01 -8.790603e-02 1.414349e+00 4.551584e-01 2.368931e-01 1.738454e-01 -7.382002e-01 2.805907e-01 7.354832e-01 -8.020650e-02 -3.633846e-02 1.791502e-01 4.267334e-01 -4.519940e-01 -3.375139e-01 -6.895418e-02 -2.840824e-01
<VARIANCE> 39
 7.037311e+00 1.570104e+01 1.295745e+02 5.311390e+01 1.043628e+02 8.918949e+01 4.326800e+01 1.350786e+02 2.869673e+02 1.081652e+02 9.351818e+01 4.777132e+01 7.711268e+00 8.675578e-01 8.209161e-01 4.721563e+00 4.027360e+00 2.680539e+00 4.561762e+00 2.704701e+00 3.331152e+00 4.433763e+00 3.347475e+00 2.747786e+00 2.206550e+00 6.407923e-01 9.583951e-02 2.463607e-01 3.998433e-01 4.451225e-01 6.389390e-01 8.079860e-01 5.514718e-01 7.194695e-01 1.149082e+00 7.171332e-01 6.286284e-01 5.028493e-01 7.764445e-02
<GCONST> 1.242250e+02
<STATE> 9
<MEAN> 39
 -2.855810e+00 -3.565890e+00 1.568391e+01 -1.563479e+00 -1.754776e+01 -1.642393e+01 -8.833887e+00 -9.076108e+00 -8.417254e+00 -6.357309e+00 3.089716e+00 -1.001510e+00 7.001412e+01 6.561599e-01 -2.247643e-01 -2.310813e+00 -2.304387e-01 2.709899e+00 4.484096e-01 -1.344267e+00 -4.040746e-01 1.773487e+00 6.318627e-01 -1.034103e+00 -8.310297e-01 -3.174282e-01 6.276190e-02 -2.402859e-02 -2.954509e-01 -3.675603e-01 1.608373e-01 2.527110e-01 -6.980687e-02 -3.679699e-01 7.871800e-02 6.095770e-01 9.158298e-03 -3.867262e-01 1.164149e-01
<VARIANCE> 39
 4.789468e+00 7.226072e+00 9.174971e+01 2.735874e+01 1.231397e+02 4.395906e+01 3.001843e+01 1.149523e+02 1.316276e+02 7.945117e+01 7.888542e+01 3.233293e+01 4.515109e+00 2.679520e-01 1.027412e+00 1.498988e+00 2.102524e+00 1.089430e+00 2.590104e+00 1.854162e+00 2.929341e+00 4.674638e+00 5.263946e+00 2.928956e+00 2.954053e+00 2.063781e-01 2.633043e-02 1.719591e-01 1.362401e-01 2.271534e-01 2.788915e-01 5.714778e-01 4.190277e-01 5.360399e-01 2.938441e-01 6.006106e-01 5.404062e-01 4.729092e-01 3.977157e-02
<GCONST> 1.062431e+02
<STATE> 10
<MEAN> 39
 5.580685e-01 -4.027652e+00 1.377693e+00 -7.470259e+00 -3.360310e+00 -1.654741e+01 -1.449170e+01 -1.066929e+01 -2.964538e+00 2.692128e+00 -1.495770e+00 -7.201715e+00 7.082774e+01 3.565562e-01 -1.122596e+00 -2.134272e+00 -1.421323e+00 1.291630e+00 1.023532e+00 6.667539e-01 1.273879e+00 1.275408e+00 7.587947e-02 -1.911482e+00 -1.487194e+00 6.155027e-01 -1.698572e-01 -3.584795e-01 3.396091e-01 -1.396705e-02 -4.747855e-01 2.216326e-01 6.073541e-01 7.501590e-01 -2.687804e-01 -6.339538e-01 -3.108601e-01 1.172288e-01 1.891480e-01
<VARIANCE> 39
 4.294606e+00 3.086142e+01 6.133529e+01 4.446323e+01 7.767216e+01 7.146175e+01 2.416730e+01 6.976778e+01 4.957562e+01 9.587519e+01 1.480934e+02 3.686988e+01 7.510514e+00 3.160884e-01 2.176405e+00 1.593220e+00 1.853682e+00 2.237061e+00 3.585678e+00 2.812235e+00 5.411881e+00 2.194494e+00 4.594898e+00 3.871081e+00 2.445755e+00 4.197105e-01 3.966423e-02 1.995933e-01 1.430494e-01 3.587137e-01 3.145287e-01 2.002849e-01 3.783360e-01 3.526923e-01 3.300749e-01 6.409707e-01 6.378348e-01 5.592092e-01 2.742651e-02
<GCONST> 1.100514e+02
<STATE> 11
<MEAN> 39
 8.573452e-02 -1.438278e+01 -3.408373e+00 -1.201137e+01 -6.364878e+00 -2.117997e+00 -6.483992e+00 -2.110173e+00 3.744832e+00 -2.132668e+00 -1.024255e+01 -9.808642e+00 7.530993e+01 -2.295433e-01 -1.143770e+00 -2.462695e-01 1.114439e-02 -5.472483e-02 5.560321e-01 1.187601e+00 1.509678e+00 -8.610610e-02 -1.195778e+00 -9.031057e-01 1.092633e+00 5.194228e-01 -2.338200e-02 4.797012e-01 3.626632e-01 3.173552e-01 -1.134113e-02 -5.814034e-01 -2.249184e-01 -4.674513e-01 -1.817866e-01 1.996001e-01 6.229089e-01 3.616636e-01 -2.487241e-01
<VARIANCE> 39
 4.845664e+00 1.435138e+01 6.591691e+01 1.032452e+01 1.530833e+02 1.332054e+02 3.518561e+01 1.400545e+02 7.998692e+01 7.111369e+01 9.103011e+01 8.076762e+01 6.876893e+00 2.159319e-01 1.720157e+00 1.289103e+00 1.285960e+00 8.537211e-01 3.795645e+00 2.451265e+00 1.910839e+00 1.502364e+00 2.420648e+00 2.343698e+00 2.163554e+00 3.634337e-01 4.482826e-02 1.729573e-01 2.116120e-01 2.710332e-01 1.374813e-01 3.076552e-01 3.279075e-01 3.486535e-01 2.297543e-01 3.589888e-01 3.209324e-01 4.335078e-01 3.503358e-02
<GCONST> 1.036131e+02
<STATE> 12
<MEAN> 39
 -1.091009e+00 -1.431038e+01 -4.719562e+00 -8.951892e+00 -2.627311e+00 -1.593324e+01 -4.705602e-01 4.563366e+00 -4.210676e+00 -9.623326e+00 -1.066881e+01 -2.926338e+00 7.516376e+01 -8.387867e-02 7.625794e-01 7.734131e-01 7.232166e-01 -4.167484e-01 -3.157127e-01 1.674356e-01 -5.838096e-01 -2.663649e-01 -3.086848e-01 7.340268e-01 4.418204e-01 -5.605637e-01 1.069253e-02 4.555135e-01 1.856351e-01 1.341235e-01 3.562309e-02 1.307159e-01 -3.868233e-01 -4.688361e-01 -5.045911e-02 1.717638e-02 3.565358e-02 -2.113943e-01 -2.314774e-01
<VARIANCE> 39
 4.379487e+00 1.757544e+01 3.559869e+01 5.806305e+00 5.116884e+01 1.204068e+02 3.063180e+01 1.080740e+02 8.261225e+01 6.361999e+01 4.944431e+01 5.353400e+01 9.825761e+00 1.099577e-01 1.653591e+00 8.136045e-01 6.398952e-01 1.428970e+00 1.396504e+00 2.037417e+00 2.819913e+00 1.259686e+00 9.267115e-01 1.380563e+00 1.312713e+00 5.228278e-01 2.491896e-02 1.064976e-01 9.655477e-02 7.721408e-02 2.091167e-01 2.103134e-01 3.244076e-01 2.937570e-01 2.591986e-01 2.452239e-01 2.965745e-01 2.246376e-01 4.280654e-02
<GCONST> 9.217785e+01
<STATE> 13
<MEAN> 39
 -1.037861e+00 -5.474488e+00 3.298728e+00 -4.540843e+00 -4.915562e+00 -9.842231e+00 -6.360796e+00 -6.386528e+00 -1.560270e+00 -9.428312e+00 -7.413885e+00 -4.285165e+00 6.985954e+01 -5.490620e-02 2.355956e+00 1.133201e+00 7.551526e-01 2.083378e-01 -2.565466e-01 -1.036413e+00 -1.613862e+00 -4.864628e-01 -7.832895e-01 3.215719e-01 -4.017964e-01 -1.092501e+00 1.432146e-03 -2.008774e-01 -2.254659e-01 -2.239381e-01 4.283465e-02 1.120043e-01 2.557054e-01 3.704238e-01 1.314103e-01 -6.941934e-02 -1.462847e-01 -1.471130e-01 1.481219e-01
<VARIANCE> 39
 2.709436e+00 1.277627e+01 2.763944e+01 7.820893e+00 2.744948e+01 5.660012e+01 2.490937e+01 4.659534e+01 5.566111e+01 3.301295e+01 7.025116e+01 5.579829e+01 4.640308e+00 1.977936e-01 3.855108e-01 6.198381e-01 1.125046e+00 2.986133e+00 2.895669e+00 1.863365e+00 2.228689e+00 2.292243e+00 1.696551e+00 1.215275e+00 1.060208e+00 1.412884e-01 2.886322e-02 5.689359e-02 3.441301e-02 1.165607e-01 2.742647e-01 2.725189e-01 2.288374e-01 2.621223e-01 1.503557e-01 1.360662e-01 1.932900e-01 1.487278e-01 1.133612e-02
<GCONST> 8.337272e+01
<STATE> 14
<MEAN> 39
 -1.388322e+00 3.040654e+00 3.935123e+00 -4.412924e+00 -4.971595e+00 -1.250848e+01 -8.330480e+00 -1.001687e+01 -6.582252e+00 -1.645872e+01 -1.049836e+01 -9.715859e+00 6.575947e+01 -4.843511e-01 8.834369e-01 2.444847e-01 4.998534e-01 6.704119e-01 7.080269e-01 2.002193e-01 -7.070752e-01 -4.386590e-01 -5.893368e-01 2.191723e-01 -2.786651e-01 -6.871138e-01 -1.382130e-01 -2.583795e-01 -9.301199e-02 7.903451e-02 1.832092e-01 9.478930e-02 1.690787e-01 8.119497e-02 -2.417883e-02 1.190580e-01 9.516084e-02 7.975387e-02 -7.197729e-03
<VARIANCE> 39
 4.511025e+00 1.366529e+01 8.149114e+00 6.017930e+00 1.031672e+01 2.139294e+01 8.918340e+00 3.146593e+01 3.363593e+01 4.171388e+01 4.460111e+01 4.199244e+01 5.601998e+00 1.379879e-01 5.311336e-01 4.379634e-01 5.387806e-01 7.332895e-01 1.227523e+00 9.374225e-01 6.912231e-01 1.585706e+00 2.241433e+00 1.495234e+00 1.158103e+00 6.471510e-02 1.276623e-02 2.956366e-02 2.359584e-02 8.097403e-02 1.139889e-01 2.620354e-01 2.236418e-01 1.482092e-01 2.105117e-01 3.853362e-01 2.943108e-01 1.898589e-01 7.656783e-03
<GCONST> 7.038395e+01
<STATE> 15
<MEAN> 39
 -5.102301e+00 3.491990e+00 6.495811e+00 1.930519e+00 4.007686e+00 -3.794270e+00 -2.237914e+00 -5.749043e+00 6.036292e-01 -1.162844e+01 -3.717499e+00 -3.954729e+00 6.300860e+01 -7.766663e-01 2.890570e-01 -2.442065e-01 2.387970e-01 5.513393e-01 2.483349e-01 5.027087e-01 2.591868e-01 4.511362e-02 9.548473e-02 3.169108e-01 -7.767105e-02 -8.247089e-01 -6.262857e-02 -1.775502e-01 -9.454184e-02 -1.793535e-01 -2.705812e-01 -8.291649e-02 -1.394344e-02 -1.507055e-02 2.412519e-02 1.460515e-01 3.459819e-02 -3.589426e-03 3.103415e-02
<VARIANCE> 39
 6.154674e+00 5.906238e+00 9.088184e+00 8.597392e+00 2.016614e+01 2.304667e+01 2.313837e+01 5.414546e+01 3.205039e+01 2.974700e+01 1.960584e+01 1.656951e+01 5.415252e+00 1.764286e-01 7.223182e-01 4.599095e-01 7.374945e-01 1.180286e+00 5.169827e-01 1.029408e+00 1.930617e+00 8.485650e-01 1.643767e+00 1.369922e+00 1.752226e+00 4.349874e-02 1.443247e-02 5.126618e-02 7.578810e-02 1.137764e-01 7.242651e-02 1.111917e-01 1.691781e-01 3.168967e-01 1.576631e-01 2.672760e-01 1.774950e-01 3.426202e-01 5.634671e-03
<GCONST> 7.150556e+01
<STATE> 16
<MEAN> 39
 -9.765779e+00 3.583346e+00 3.965022e+00 -2.123744e+00 -3.846320e-01 -6.463988e+00 -3.144677e+00 -1.269098e+01 -8.557675e+00 -1.529356e+01 -4.578627e+00 -9.469198e+00 5.917775e+01 -8.257847e-01 -4.314730e-01 -1.022236e-01 -7.291246e-02 2.732905e-01 6.145968e-01 7.208137e-01 -2.112314e-01 -4.819608e-01 -6.293435e-02 2.460588e-01 -1.463863e-01 -4.157677e-01 7.186475e-02 -7.543822e-02 -1.607910e-02 9.655885e-02 1.726701e-01 9.912576e-02 4.550345e-02 1.172174e-01 4.527169e-02 -1.071276e-01 -1.565677e-01 1.221733e-01 8.008482e-02
<VARIANCE> 39
 3.907711e+00 9.940961e+00 1.567083e+01 1.225533e+01 1.057278e+01 1.741206e+01 1.538531e+01 1.963186e+01 7.706340e+01 3.485816e+01 2.649141e+01 3.037388e+01 1.166411e+00 1.135311e-01 4.198828e-01 8.126505e-01 5.681243e-01 9.245264e-01 9.269809e-01 1.577862e+00 1.405856e+00 2.090353e+00 1.728943e+00 1.419587e+00 2.641285e+00 4.324974e-02 2.169949e-02 8.719824e-02 1.530082e-01 8.486038e-02 1.321980e-01 2.111482e-01 2.990685e-01 2.200988e-01 4.088686e-01 3.166802e-01 2.500802e-01 4.740716e-01 8.202221e-03
<GCONST> 7.665923e+01
<STATE> 17
<MEAN> 39
 -1.411075e+01 -9.292557e-01 4.201829e+00 4.131852e+00 9.754091e+00 3.266769e+00 4.840971e+00 -8.312090e+00 -7.191312e+00 -1.524772e+01 -4.785639e+00 -6.652771e+00 5.750035e+01 -4.573573e-01 -7.440855e-01 -3.740837e-01 8.419966e-02 6.017010e-01 7.643232e-01 5.486671e-01 3.062864e-01 -8.954934e-02 -2.107297e-01 -3.726754e-01 -2.057651e-01 -1.396658e-01 8.428939e-03 1.267003e-03 -4.856527e-02 -7.455967e-02 -1.133438e-01 -1.206736e-01 -5.525518e-02 6.899646e-02 7.406259e-02 8.682930e-02 3.436262e-03 -8.941256e-02 2.548033e-03
<VARIANCE> 39
 4.564194e+00 5.426099e+00 5.788483e+00 1.710964e+01 2.079971e+01 2.109398e+01 2.601623e+01 2.397629e+01 4.465302e+01 3.167071e+01 3.481797e+01 2.440105e+01 7.193528e-01 2.167496e-01 4.392220e-01 5.608735e-01 8.534883e-01 1.243978e+00 1.183862e+00 1.168097e+00 1.542419e+00 2.650774e+00 1.671965e+00 1.306855e+00 1.459129e+00 3.716398e-02 3.249702e-02 6.307096e-02 7.262675e-02 1.258263e-01 1.972327e-01 1.752126e-01 2.411017e-01 2.898595e-01 4.969040e-01 3.344618e-01 2.700305e-01 2.694674e-01 5.267959e-03
<GCONST> 7.582822e+01
<STATE> 18
<MEAN> 39
 -1.608626e+01 -4.614245e+00 -1.092973e+00 -2.896773e+00 2.943155e+00 -1.826649e+00 2.517391e+00 -6.464193e+00 -3.610358e+00 -1.039754e+01 -2.681615e+00 -7.865060e+00 5.688929e+01 -5.066333e-01 -5.427982e-01 -3.329292e-01 -1.895135e-01 -4.369696e-01 -1.171136e-01 2.929777e-01 6.363531e-01 9.655468e-01 1.053444e+00 6.268603e-01 1.760256e-01 -1.807105e-01 4.778951e-02 1.007169e-01 1.260710e-01 5.874850e-03 -2.725330e-02 4.156813e-02 -1.301711e-02 2.152822e-02 9.573366e-02 8.391885e-02 1.367169e-01 8.765937e-03 1.773912e-02
<VARIANCE> 39
 2.356174e+00 2.937062e+00 7.475497e+00 1.772250e+01 3.630045e+01 4.999517e+01 3.357992e+01 3.120354e+01 3.315334e+01 3.148470e+01 1.236239e+01 7.572460e+00 5.972219e-01 1.117997e-01 2.410409e-01 3.861912e-01 5.258327e-01 8.965807e-01 2.357128e+00 1.377392e+00 1.556549e+00 2.467202e+00 1.952995e+00 1.568382e+00 8.870242e-01 3.885215e-02 1.221952e-02 4.031998e-02 7.816594e-02 9.078746e-02 1.940706e-01 4.686650e-01 2.174763e-01 2.726044e-01 4.621024e-01 3.428053e-01 2.989005e-01 1.805693e-01 6.709644e-03
<GCONST> 7.133558e+01
<STATE> 19
<MEAN> 39
 -1.885668e+01 -6.936577e+00 -8.722482e-01 -1.223302e+00 5.824831e+00 2.171710e+00 6.344171e+00 -3.919751e+00 1.536197e-01 -9.023736e+00 -2.243800e+00 -9.010449e+00 5.598097e+01 -2.996433e-01 -2.365782e-01 -2.872109e-02 1.198075e-01 5.759752e-01 4.862728e-01 4.505341e-02 -1.892551e-01 7.528879e-02 -5.720637e-02 -1.248017e-01 -2.778296e-01 -1.312090e-01 3.406153e-02 -3.382142e-02 -1.091321e-01 -1.359542e-02 1.049127e-01 2.081057e-01 6.252208e-02 -1.431353e-01 -2.893850e-01 -1.260971e-01 -1.306963e-01 -7.741138e-02 -1.421334e-02
<VARIANCE> 39
 4.979344e+00 5.639966e+00 1.239469e+01 2.917687e+01 4.370414e+01 3.551974e+01 4.192441e+01 4.277077e+01 5.212216e+01 6.978147e+01 5.325977e+01 2.022398e+01 8.229252e-01 2.386836e-01 3.891860e-01 6.668757e-01 9.891812e-01 1.475624e+00 2.726593e+00 2.831828e+00 4.074509e+00 2.723328e+00 1.888341e+00 1.695391e+00 1.288691e+00 7.082857e-02 4.564835e-02 9.569215e-02 2.154283e-01 2.821550e-01 2.794816e-01 2.321995e-01 3.109975e-01 8.120133e-01 5.423937e-01 4.825489e-01 4.050172e-01 2.263667e-01 1.199121e-02
<GCONST> 9.104701e+01
<TRANSP> 20
 0.000000e+00 1.000000e+00 0.000000e+00 0.000000e+00 0.000000e+00 0.000000e+00 0.000000e+00 0.000000e+00 0.000000e+00 0.000000e+00 0.000000e+00 0.000000e+00 0.000000e+00 0.000000e+00 0.000000e+00 0.000000e+00 0.000000e+00 0.000000e+00 0.000000e+00 0.000000e+00
 0.000000e+00 8.181656e-01 1.818344e-01 0.000000e+00 0.000000e+00 0.000000e+00 0.000000e+00 0.000000e+00 0.000000e+00 0.000000e+00 0.000000e+00 0.000000e+00 0.000000e+00 0.000000e+00 0.000000e+00 0.000000e+00 0.000000e+00 0.000000e+00 0.000000e+00 0.000000e+00
 0.000000e+00 0.000000e+00 7.103131e-01 2.896869e-01 0.000000e+00 0.000000e+00 0.000000e+00 0.000000e+00 0.000000e+00 0.000000e+00 0.000000e+00 0.000000e+00 0.000000e+00 0.000000e+00 0.000000e+00 0.000000e+00 0.000000e+00 0.000000e+00 0.000000e+00 0.000000e+00
 0.000000e+00 0.000000e+00 0.000000e+00 8.199558e-01 1.800441e-01 0.000000e+00 0.000000e+00 0.000000e+00 0.000000e+00 0.000000e+00 0.000000e+00 0.000000e+00 0.000000e+00 0.000000e+00 0.000000e+00 0.000000e+00 0.000000e+00 0.000000e+00 0.000000e+00 0.000000e+00
 0.000000e+00 0.000000e+00 0.000000e+00 0.000000e+00 7.449440e-01 2.550559e-01 0.000000e+00 0.000000e+00 0.000000e+00 0.000000e+00 0.000000e+00 0.000000e+00 0.000000e+00 0.000000e+00 0.000000e+00 0.000000e+00 0.000000e+00 0.000000e+00 0.000000e+00 0.000000e+00
 0.000000e+00 0.000000e+00 0.000000e+00 0.000000e+00 0.000000e+00 8.827440e-01 1.172560e-01 0.000000e+00 0.000000e+00 0.000000e+00 0.000000e+00 0.000000e+00 0.000000e+00 0.000000e+00 0.000000e+00 0.000000e+00 0.000000e+00 0.000000e+00 0.000000e+00 0.000000e+00
 0.000000e+00 0.000000e+00 0.000000e+00 0.000000e+00 0.000000e+00 0.000000e+00 7.290439e-01 2.709561e-01 0.000000e+00 0.000000e+00 0.000000e+00 0.000000e+00 0.000000e+00 0.000000e+00 0.000000e+00 0.000000e+00 0.000000e+00 0.000000e+00 0.000000e+00 0.000000e+00
 0.000000e+00 0.000000e+00 0.000000e+00 0.000000e+00 0.000000e+00 0.000000e+00 0.000000e+00 8.320072e-01 1.679928e-01 0.000000e+00 0.000000e+00 0.000000e+00 0.000000e+00 0.000000e+00 0.000000e+00 0.000000e+00 0.000000e+00 0.000000e+00 0.000000e+00 0.000000e+00
 0.000000e+00 0.000000e+00 0.000000e+00 0.000000e+00 0.000000e+00 0.000000e+00 0.000000e+00 0.000000e+00 8.005257e-01 1.994743e-01 0.000000e+00 0.000000e+00 0.000000e+00 0.000000e+00 0.000000e+00 0.000000e+00 0.000000e+00 0.000000e+00 0.000000e+00 0.000000e+00
 0.000000e+00 0.000000e+00 0.000000e+00 0.000000e+00 0.000000e+00 0.000000e+00 0.000000e+00 0.000000e+00 0.000000e+00 7.954550e-01 2.045451e-01 0.000000e+00 0.000000e+00 0.000000e+00 0.000000e+00 0.000000e+00 0.000000e+00 0.000000e+00 0.000000e+00 0.000000e+00
 0.000000e+00 0.000000e+00 0.000000e+00 0.000000e+00 0.000000e+00 0.000000e+00 0.000000e+00 0.000000e+00 0.000000e+00 0.000000e+00 7.886772e-01 2.113228e-01 0.000000e+00 0.000000e+00 0.000000e+00 0.000000e+00 0.000000e+00 0.000000e+00 0.000000e+00 0.000000e+00
 0.000000e+00 0.000000e+00 0.000000e+00 0.000000e+00 0.000000e+00 0.000000e+00 0.000000e+00 0.000000e+00 0.000000e+00 0.000000e+00 0.000000e+00 8.215842e-01 1.784158e-01 0.000000e+00 0.000000e+00 0.000000e+00 0.000000e+00 0.000000e+00 0.000000e+00 0.000000e+00
 0.000000e+00 0.000000e+00 0.000000e+00 0.000000e+00 0.000000e+00 0.000000e+00 0.000000e+00 0.000000e+00 0.000000e+00 0.000000e+00 0.000000e+00 0.000000e+00 7.324144e-01 2.675856e-01 0.000000e+00 0.000000e+00 0.000000e+00 0.000000e+00 0.000000e+00 0.000000e+00
 0.000000e+00 0.000000e+00 0.000000e+00 0.000000e+00 0.000000e+00 0.000000e+00 0.000000e+00 0.000000e+00 0.000000e+00 0.000000e+00 0.000000e+00 0.000000e+00 0.000000e+00 7.857482e-01 2.142518e-01 0.000000e+00 0.000000e+00 0.000000e+00 0.000000e+00 0.000000e+00
 0.000000e+00 0.000000e+00 0.000000e+00 0.000000e+00 0.000000e+00 0.000000e+00 0.000000e+00 0.000000e+00 0.000000e+00 0.000000e+00 0.000000e+00 0.000000e+00 0.000000e+00 0.000000e+00 8.201866e-01 1.798135e-01 0.000000e+00 0.000000e+00 0.000000e+00 0.000000e+00
 0.000000e+00 0.000000e+00 0.000000e+00 0.000000e+00 0.000000e+00 0.000000e+00 0.000000e+00 0.000000e+00 0.000000e+00 0.000000e+00 0.000000e+00 0.000000e+00 0.000000e+00 0.000000e+00 0.000000e+00 8.250923e-01 1.749077e-01 0.000000e+00 0.000000e+00 0.000000e+00
 0.000000e+00 0.000000e+00 0.000000e+00 0.000000e+00 0.000000e+00 0.000000e+00 0.000000e+00 0.000000e+00 0.000000e+00 0.000000e+00 0.000000e+00 0.000000e+00 0.000000e+00 0.000000e+00 0.000000e+00 0.000000e+00 8.481196e-01 1.518804e-01 0.000000e+00 0.000000e+00
 0.000000e+00 0.000000e+00 0.000000e+00 0.000000e+00 0.000000e+00 0.000000e+00 0.000000e+00 0.000000e+00 0.000000e+00 0.000000e+00 0.000000e+00 0.000000e+00 0.000000e+00 0.000000e+00 0.000000e+00 0.000000e+00 0.000000e+00 8.062471e-01 1.937529e-01 0.000000e+00
 0.000000e+00 0.000000e+00 0.000000e+00 0.000000e+00 0.000000e+00 0.000000e+00 0.000000e+00 0.000000e+00 0.000000e+00 0.000000e+00 0.000000e+00 0.000000e+00 0.000000e+00 0.000000e+00 0.000000e+00 0.000000e+00 0.000000e+00 0.000000e+00 7.541646e-01 2.458354e-01
 0.000000e+00 0.000000e+00 0.000000e+00 0.000000e+00 0.000000e+00 0.000000e+00 0.000000e+00 0.000000e+00 0.000000e+00 0.000000e+00 0.000000e+00 0.000000e+00 0.000000e+00 0.000000e+00 0.000000e+00 0.000000e+00 0.000000e+00 0.000000e+00 0.000000e+00 0.000000e+00
<ENDHMM>
