~o
<STREAMINFO> 1 39
<VECSIZE> 39<NULLD><MFCC_D_A_0><DIAGC>
~h "empat"
<BEGINHMM>
<NUMSTATES> 5
<STATE> 2
<MEAN> 39
 -5.324511e+00 2.087105e-01 6.454012e-02 -5.064894e+00 1.482790e+00 -1.945347e+00 -4.533090e+00 -1.600016e+01 -6.550855e+00 -7.141178e+00 1.582769e+00 -5.459149e+00 6.374812e+01 6.651213e-01 1.754616e-02 -3.528597e-01 -3.407741e-01 -3.519994e-02 2.364949e-01 -1.498106e-01 -3.728844e-01 -2.993104e-02 9.817649e-02 -7.650628e-02 -1.955060e-01 4.766434e-01 7.848217e-02 -1.130879e-01 -1.127292e-01 -1.091044e-01 -2.559914e-02 9.190150e-02 -5.849893e-03 4.711009e-04 1.090635e-01 9.015855e-02 -4.104515e-02 -8.071204e-02 9.026247e-02
<VARIANCE> 39
 4.280491e+01 2.958884e+01 3.134562e+01 4.468808e+01 4.364001e+01 4.150535e+01 4.632432e+01 7.274465e+01 5.190768e+01 5.239210e+01 3.085841e+01 4.055356e+01 2.297034e+01 3.805411e+00 2.034268e+00 3.481031e+00 3.827640e+00 2.299578e+00 3.666462e+00 3.280486e+00 4.599366e+00 3.339240e+00 3.924639e+00 2.227298e+00 3.070111e+00 2.290084e+00 4.518142e-01 2.228211e-01 3.987156e-01 4.985678e-01 3.946915e-01 5.278295e-01 4.875608e-01 6.263275e-01 4.202734e-01 4.933116e-01 4.156313e-01 5.012403e-01 2.717146e-01
<GCONST> 1.235597e+02
<STATE> 3
<MEAN> 39
 1.450642e+00 -1.482575e+01 -1.260252e+01 -1.158588e+01 -1.585730e+00 9.327722e-03 -5.619681e+00 -1.140839e+01 4.698985e+00 -5.433657e+00 -8.939369e+00 -1.157048e+01 7.460715e+01 -1.284277e-01 -4.073836e-01 3.847116e-01 5.815375e-01 -2.758795e-01 -8.433882e-01 -1.826617e-01 7.536592e-01 3.394305e-01 -6.809568e-01 -7.556572e-01 2.590925e-01 1.023921e-01 -3.168736e-01 3.458096e-01 3.247139e-01 2.589135e-01 5.860520e-02 -1.818590e-01 1.285890e-01 5.206705e-02 -2.834655e-01 -2.027942e-01 1.325439e-01 1.522835e-01 -3.787299e-01
<VARIANCE> 39
 5.031572e+00 2.328500e+01 9.858739e+01 4.481643e+01 7.345802e+01 9.084553e+01 6.011613e+01 1.127331e+02 4.301944e+01 1.021429e+02 5.256149e+01 6.363047e+01 1.150765e+01 1.009500e+00 3.718430e+00 2.361293e+00 2.827281e+00 2.006102e+00 3.292211e+00 1.889458e+00 3.261652e+00 3.608935e+00 4.034965e+00 2.277917e+00 2.974572e+00 2.187836e+00 2.213999e-01 2.442877e-01 5.603663e-01 7.760671e-01 3.301734e-01 7.372276e-01 4.609673e-01 6.385280e-01 5.335820e-01 8.234425e-01 4.152299e-01 5.163015e-01 7.803915e-02
<GCONST> 1.224110e+02
<STATE> 4
<MEAN> 39
 -1.062515e+01 -5.759489e+00 -4.449721e+00 -5.630793e+00 -1.774970e-01 -4.894854e+00 -4.004335e-01 -5.638448e+00 -8.323186e-01 -1.143075e+01 -6.257846e+00 -9.303411e+00 6.105239e+01 -8.042204e-01 3.079541e-01 3.944592e-01 2.641114e-01 2.105039e-01 1.724095e-01 5.141400e-01 2.791040e-01 -2.416043e-01 -8.573568e-03 4.042957e-01 1.532234e-01 -7.182171e-01 2.557749e-02 -7.420197e-02 -1.635156e-02 2.084893e-02 2.292537e-03 1.718465e-02 1.129458e-02 3.407071e-02 5.282135e-02 2.581253e-02 -6.758286e-03 5.950460e-02 6.729428e-02
<VARIANCE> 39
 2.447442e+01 8.673422e+00 2.054670e+01 2.143637e+01 1.857833e+01 2.794013e+01 4.978896e+01 3.570693e+01 2.192051e+01 2.068812e+01 3.680867e+01 3.758235e+01 1.739950e+01 1.684943e-01 4.845945e-01 6.423674e-01 8.440908e-01 9.244830e-01 1.247398e+00 1.613891e+00 1.406103e+00 1.556305e+00 1.358121e+00 1.364877e+00 1.023398e+00 1.816827e-01 2.060728e-02 5.472280e-02 7.170841e-02 1.352362e-01 1.557609e-01 2.023579e-01 2.324777e-01 2.156515e-01 2.838988e-01 2.433409e-01 2.200122e-01 1.571270e-01 1.097998e-02
<GCONST> 8.186297e+01
<TRANSP> 5
 0.000000e+00 1.000000e+00 0.000000e+00 0.000000e+00 0.000000e+00
 0.000000e+00 9.632780e-01 3.672205e-02 0.000000e+00 0.000000e+00
 0.000000e+00 0.000000e+00 9.169383e-01 8.306172e-02 0.000000e+00
 0.000000e+00 0.000000e+00 0.000000e+00 9.503618e-01 4.963822e-02
 0.000000e+00 0.000000e+00 0.000000e+00 0.000000e+00 0.000000e+00
<ENDHMM>
