~o
<STREAMINFO> 1 39
<VECSIZE> 39<NULLD><MFCC_D_A_0><DIAGC>
~h "jam"
<BEGINHMM>
<NUMSTATES> 20
<STATE> 2
<MEAN> 39
 -1.681594e+01 -5.729579e+00 -8.606934e-01 -2.003541e+00 3.950092e+00 -3.400384e-01 2.885207e+00 -4.919692e+00 4.626160e-01 -7.994566e+00 -2.269984e+00 -8.106775e+00 5.685472e+01 1.488603e+00 1.913403e+00 1.726567e+00 1.337163e+00 5.836138e-01 -1.745908e-01 -9.201533e-01 -1.463623e+00 -1.831648e+00 -1.286265e+00 -9.738821e-01 -6.458473e-01 5.973483e-01 3.480082e-01 5.753924e-01 4.959423e-01 2.510152e-01 -1.933157e-02 -3.365338e-01 -2.987621e-01 -4.078884e-01 -4.724165e-01 -2.640924e-01 -2.073451e-01 -2.297961e-01 1.852697e-01
<VARIANCE> 39
 4.692689e+00 8.904941e+00 8.753007e+00 1.332824e+01 1.563895e+01 1.305306e+01 2.320635e+01 2.379608e+01 2.047806e+01 1.651265e+01 1.967823e+01 1.682944e+01 8.436413e-01 1.393580e+00 2.925099e+00 2.610664e+00 1.295343e+00 8.508722e-01 1.736950e+00 3.175580e+00 3.347911e+00 4.054718e+00 3.363844e+00 3.285942e+00 2.086042e+00 2.279496e-01 1.544029e-01 2.143070e-01 2.291810e-01 1.715313e-01 1.923807e-01 2.712272e-01 4.494442e-01 4.852660e-01 6.249811e-01 5.303432e-01 3.410851e-01 2.960064e-01 1.732206e-02
<GCONST> 9.312152e+01
<STATE> 3
<MEAN> 39
 -7.411490e+00 6.311918e+00 9.436181e+00 3.800168e+00 4.115269e+00 -4.966551e+00 -3.067261e+00 -1.175708e+01 -7.371826e+00 -1.453460e+01 -6.966892e+00 -1.133955e+01 6.096124e+01 1.897650e-01 1.083424e+00 5.186079e-01 1.509124e-01 4.747715e-01 -8.596488e-01 2.538676e-01 -6.624684e-01 -1.137429e-01 1.279119e-03 -4.291106e-02 1.888183e-02 6.445113e-01 -8.050129e-01 -3.718505e-01 -5.762984e-01 -6.014972e-01 8.368330e-02 -4.299817e-01 4.381381e-01 1.699803e-01 5.088347e-01 4.612076e-01 4.610119e-01 3.402862e-01 1.094835e-01
<VARIANCE> 39
 7.529930e+00 1.013806e+01 8.523325e+00 1.959591e+01 3.348742e+01 4.915908e+01 4.618430e+01 3.136289e+01 5.352148e+01 7.029381e+01 6.704748e+01 4.705076e+01 1.628847e+00 3.865011e+00 2.784941e+00 2.665047e+00 2.043259e+00 1.564410e+00 2.587934e+00 3.004745e+00 2.971494e+00 3.265720e+00 4.699728e+00 2.348555e+00 2.998804e+00 3.685290e-01 1.946077e-01 4.773427e-01 3.536493e-01 4.946377e-01 4.284166e-01 1.074798e+00 4.438205e-01 8.539156e-01 5.727140e-01 7.817085e-01 5.252583e-01 5.267177e-01 1.710798e-01
<GCONST> 1.142160e+02
<STATE> 4
<MEAN> 39
 -1.649253e+01 7.969882e+00 5.481610e+00 -1.404850e+00 1.138812e+01 -1.202420e+01 2.818879e+00 -1.413478e+01 -2.831705e+00 -9.985575e+00 -3.515524e+00 -8.083122e+00 6.526984e+01 -1.421634e+00 1.234844e+00 -1.111231e-01 -2.766314e+00 -1.378447e+00 -5.829176e+00 -7.093700e-01 -3.760900e-01 2.028598e-01 1.296216e+00 3.094311e+00 1.963590e+00 2.517592e+00 1.079925e+00 -6.549875e-01 5.573015e-01 4.946257e-02 -1.976794e+00 -7.780988e-01 -6.422837e-01 1.153168e+00 -5.629447e-01 -1.224418e-01 8.377047e-01 3.228820e-01 3.335838e-01
<VARIANCE> 39
 2.043371e+01 3.492051e+01 3.819176e+01 5.728073e+01 4.373678e+01 7.187589e+01 3.943766e+01 6.495929e+01 6.357643e+01 5.742202e+01 1.016719e+02 5.936142e+01 1.538715e+01 4.066965e+00 1.283457e+00 5.235665e+00 3.781125e+00 1.130510e+01 3.121114e+00 4.385942e+00 8.597110e+00 5.388340e+00 6.582714e+00 8.655299e+00 5.020220e+00 4.055312e-01 5.847374e-01 6.774831e-01 5.947277e-01 1.202854e+00 9.317311e-01 9.349886e-01 4.483452e-01 1.286106e+00 1.510984e+00 8.193011e-01 8.397837e-01 7.926663e-01 1.592602e-01
<GCONST> 1.357702e+02
<STATE> 5
<MEAN> 39
 -1.214484e+01 6.853545e+00 1.180093e+01 -5.517706e+00 -6.891560e+00 -3.102907e+01 -2.150577e+00 -6.773251e+00 -8.151636e+00 -7.604611e+00 1.162366e+01 -7.434840e-01 7.331883e+01 2.864537e+00 -3.373585e+00 1.271765e+00 -5.495394e-02 -5.899324e+00 -3.474951e+00 -4.325816e-01 4.407727e+00 -1.059066e+00 1.237963e-01 2.576280e+00 1.308099e+00 2.397377e+00 3.916160e-01 -1.141926e+00 -7.801210e-01 5.357028e-01 1.026749e+00 1.911084e+00 5.350494e-01 5.495653e-01 5.687696e-01 -2.257371e-01 -1.469500e+00 -8.755199e-01 -3.920383e-01
<VARIANCE> 39
 2.656869e+01 2.726242e+01 7.893048e+01 4.890660e+01 1.297911e+02 2.847655e+01 2.787122e+01 1.353316e+02 2.829047e+01 6.300343e+01 1.824389e+02 5.382582e+01 1.214133e+01 1.198327e+00 2.601958e+00 4.262583e+00 2.513230e+00 7.619174e+00 6.595983e+00 3.705926e+00 5.089237e+00 1.358934e+01 2.615581e+00 6.118664e+00 3.595315e+00 6.698450e-01 7.395710e-01 3.504258e-01 1.049664e+00 7.278766e-01 2.658402e+00 4.263875e-01 3.232177e-01 1.733540e+00 9.680543e-01 8.687285e-01 8.553776e-01 6.014101e-01 6.180298e-02
<GCONST> 1.330745e+02
<STATE> 6
<MEAN> 39
 -5.850903e+00 -4.908780e+00 9.895781e+00 -4.688399e+00 -1.338735e+01 -3.210898e+01 1.660549e-01 5.574016e+00 -6.272975e+00 -8.674637e+00 1.031008e+01 -2.234122e+00 7.737532e+01 1.362959e+00 -3.614573e+00 -2.167296e+00 8.842926e-02 1.219469e+00 1.908390e+00 6.947199e-02 1.852282e+00 1.158086e+00 2.284870e-02 -2.211417e+00 -1.584547e+00 7.548386e-01 -4.133292e-01 4.226898e-01 -6.528770e-01 -1.333198e-01 1.727664e+00 1.193058e+00 -3.020066e-01 -1.386301e+00 9.320311e-02 -3.513012e-03 -9.774777e-01 -6.589519e-01 -4.436325e-01
<VARIANCE> 39
 6.184959e+00 2.013360e+01 9.210521e+01 2.225516e+01 7.069244e+01 5.350759e+01 3.656321e+01 1.018639e+02 7.695991e+01 2.813653e+01 1.867245e+02 4.349776e+01 1.301447e+01 4.365993e-01 9.589165e-01 3.814678e+00 1.906242e+00 4.015184e+00 3.142827e+00 1.584639e+00 5.164293e+00 3.042894e+00 3.597893e+00 1.561881e+00 2.916856e+00 2.143518e-01 5.437944e-02 1.639558e-01 4.882815e-01 2.541642e-01 7.190071e-01 4.230091e-01 3.383267e-01 7.012569e-01 1.013970e+00 2.534372e-01 3.216787e-01 4.246400e-01 4.584678e-02
<GCONST> 1.120895e+02
<STATE> 7
<MEAN> 39
 -2.388139e+00 -1.364576e+01 1.381316e-01 -6.301706e+00 -2.695522e+00 -2.234571e+01 -2.785771e+00 3.554298e+00 -4.188422e+00 -8.133800e+00 -7.232286e-01 -9.721519e+00 7.806268e+01 8.817199e-01 -1.447917e+00 -1.999444e+00 -5.297326e-01 1.979907e+00 3.255873e+00 -5.588798e-01 -8.875217e-01 4.432253e-01 6.025593e-01 -2.297886e+00 -2.475836e+00 -2.798602e-02 -1.143636e-01 6.507807e-01 3.652038e-01 -8.449242e-02 -4.088312e-01 7.825693e-02 -5.205083e-02 -4.542392e-01 -1.031959e-01 3.105966e-01 4.656318e-01 1.091706e-01 -1.841057e-01
<VARIANCE> 39
 3.883569e+00 9.777319e+00 8.200294e+01 7.257566e+00 5.637890e+01 6.588748e+01 4.377024e+01 1.035055e+02 8.363371e+01 3.522599e+01 2.090499e+02 5.579275e+01 9.780540e+00 1.220103e-01 9.148633e-01 9.973398e-01 7.608825e-01 1.483380e+00 2.216347e+00 1.390726e+00 4.301114e+00 1.944414e+00 2.141558e+00 1.623277e+00 1.173818e+00 1.187395e-01 1.844071e-02 6.971464e-02 1.354950e-01 1.546623e-01 1.974713e-01 2.276644e-01 1.674806e-01 4.559576e-01 3.544465e-01 5.157253e-01 2.169912e-01 4.602560e-01 1.668524e-02
<GCONST> 9.413237e+01
<STATE> 8
<MEAN> 39
 7.260062e-02 -1.529134e+01 -4.218277e+00 -8.905646e+00 -1.501899e+00 -7.498813e+00 -4.828105e+00 -2.075151e+00 -3.372866e+00 -1.262368e+00 -2.482791e+00 -1.688597e+01 7.677479e+01 3.698435e-01 4.236319e-01 -6.041662e-01 -4.021100e-01 2.585084e-01 1.554548e+00 -7.026732e-01 -1.335644e+00 6.943622e-01 7.148072e-01 -1.617717e-01 -2.808082e-01 -5.520598e-01 -8.042662e-02 3.168051e-01 2.083245e-01 3.288832e-02 -2.064225e-01 -4.510423e-01 2.413444e-02 8.088581e-02 -5.069711e-02 -1.903657e-01 3.305480e-01 3.180970e-01 -1.074748e-01
<VARIANCE> 39
 2.736017e+00 1.005721e+01 4.711809e+01 7.589542e+00 6.310648e+01 1.336369e+02 3.383766e+01 8.247668e+01 6.911841e+01 1.869927e+01 8.499239e+01 1.938907e+01 8.367013e+00 1.207004e-01 4.713610e-01 3.739391e-01 6.012566e-01 8.289063e-01 1.435192e+00 1.127589e+00 1.167917e+00 1.033156e+00 1.183016e+00 1.221487e+00 1.613375e+00 9.393652e-02 2.078004e-02 4.425584e-02 7.444477e-02 9.044915e-02 1.706481e-01 2.042202e-01 2.026643e-01 3.219654e-01 2.809453e-01 1.464932e-01 1.726999e-01 1.649999e-01 8.639930e-03
<GCONST> 7.956709e+01
<STATE> 9
<MEAN> 39
 1.361444e+00 -1.112447e+01 -6.417922e+00 -1.077865e+01 -5.888258e-02 -5.087599e+00 -7.990046e+00 -7.771989e+00 9.390730e-01 -1.029816e+00 -2.748314e+00 -1.575273e+01 7.376534e+01 5.474602e-02 2.124534e+00 7.688549e-01 2.711609e-01 -4.564347e-01 -1.587451e-01 -4.211028e-01 -1.023589e+00 -5.307215e-01 -3.381436e-01 9.328230e-01 8.471318e-01 -1.222158e+00 -1.289144e-01 2.927207e-01 5.467867e-01 5.284917e-01 9.001967e-02 -3.223087e-01 6.937803e-02 9.982756e-02 -5.612229e-01 -5.287942e-01 -2.566367e-01 2.469079e-01 -7.521527e-02
<VARIANCE> 39
 2.188638e+00 8.255936e+00 5.515398e+01 8.453515e+00 1.953454e+01 9.144824e+01 4.243634e+01 6.767375e+01 4.040059e+01 1.886627e+01 1.189879e+02 1.437595e+01 5.011834e+00 1.033326e-01 3.356019e-01 1.055155e+00 1.077159e+00 2.599981e+00 9.682977e-01 9.871314e-01 3.516737e+00 1.330925e+00 2.029703e+00 1.418502e+00 1.640247e+00 6.961335e-02 2.320643e-02 9.907196e-02 6.542800e-02 8.899075e-02 8.620310e-02 1.372317e-01 1.783854e-01 3.457021e-01 1.951175e-01 5.978531e-01 3.971743e-01 2.825007e-01 1.248053e-02
<GCONST> 8.280306e+01
<STATE> 10
<MEAN> 39
 8.083474e-01 -4.075347e+00 -1.997107e-01 -6.894156e+00 3.036558e-02 -5.166674e+00 -8.097488e+00 -8.941327e+00 -3.599689e+00 -3.736290e+00 -1.048174e+00 -1.315531e+01 7.020026e+01 -1.515910e-01 1.773215e+00 1.173804e+00 8.389156e-01 3.773803e-01 -2.359848e-01 -4.863683e-01 -6.360928e-01 -1.993785e+00 -1.875476e+00 -6.144699e-01 2.386826e-01 -8.545780e-01 -2.620663e-02 -2.329367e-01 -2.127740e-01 -1.187580e-01 1.979351e-01 1.427014e-01 -5.104150e-02 -7.937719e-04 -1.269349e-01 -2.160613e-01 -2.006411e-01 -9.063336e-02 1.376775e-01
<VARIANCE> 39
 2.338957e+00 5.040821e+00 3.712872e+01 1.351616e+01 1.190227e+01 6.195816e+01 4.508731e+01 3.328657e+01 3.283554e+01 3.249714e+01 1.055555e+02 2.409049e+01 2.341691e+00 9.223671e-02 4.403854e-01 1.037596e+00 8.050262e-01 1.595151e+00 1.046064e+00 1.443596e+00 2.874189e+00 1.218877e+00 1.963985e+00 1.377514e+00 2.283515e+00 1.033100e-01 1.274423e-02 4.477805e-02 7.348350e-02 1.590504e-01 1.358226e-01 1.325095e-01 1.645786e-01 1.553435e-01 1.536225e-01 2.416415e-01 2.778936e-01 3.341751e-01 6.928307e-03
<GCONST> 7.800037e+01
<STATE> 11
<MEAN> 39
 3.567951e-01 4.264852e-01 -3.970223e-02 -4.987962e+00 1.893699e+00 -6.207389e+00 -1.029755e+01 -1.356991e+01 -1.073072e+01 -1.272510e+01 -5.956424e+00 -1.351485e+01 6.771844e+01 -2.342065e-01 1.014247e+00 4.213768e-01 5.743424e-01 5.505788e-01 1.159830e-02 -3.215139e-01 -1.078955e+00 -8.514563e-01 -8.033067e-01 1.899666e-01 3.588562e-01 -6.193060e-01 -3.966218e-02 -1.046695e-01 -5.953998e-02 4.144698e-02 8.486141e-03 2.552016e-02 1.332708e-01 1.019527e-02 4.819620e-01 3.960210e-01 1.267165e-01 -4.736709e-02 7.253181e-03
<VARIANCE> 39
 2.988735e+00 4.472506e+00 2.398712e+01 8.421237e+00 2.115844e+01 3.090426e+01 3.238873e+01 5.086840e+01 2.039767e+01 7.012517e+01 1.501505e+02 5.134415e+01 1.492650e+00 1.705829e-01 5.065762e-01 8.641780e-01 7.747274e-01 9.843868e-01 9.452974e-01 8.237054e-01 2.214283e+00 1.499579e+00 1.660590e+00 1.402052e+00 1.855935e+00 4.568014e-02 3.020092e-02 1.107562e-01 1.108381e-01 8.937023e-02 1.207457e-01 2.296699e-01 2.010182e-01 2.462963e-01 2.576363e-01 1.953188e-01 2.429829e-01 3.048389e-01 1.219454e-02
<GCONST> 7.964189e+01
<STATE> 12
<MEAN> 39
 -6.920078e-01 3.768501e+00 1.249216e+00 -2.731139e+00 2.044717e+00 -7.478637e+00 -1.369347e+01 -1.966983e+01 -1.003064e+01 -1.364736e+01 -6.739120e+00 -1.366125e+01 6.528734e+01 -5.554793e-01 6.235587e-01 3.808489e-01 4.359941e-01 5.607922e-01 8.186476e-01 6.377276e-01 -3.189634e-01 2.592768e-01 -4.730772e-01 -7.961723e-02 9.737335e-02 -6.597928e-01 -1.577243e-01 -2.003697e-01 -9.050114e-02 -1.279133e-01 4.039289e-02 1.155264e-01 3.118430e-01 3.618471e-01 1.040440e-01 6.619814e-02 1.278285e-02 6.317422e-02 -3.970506e-02
<VARIANCE> 39
 2.004548e+00 7.102954e+00 2.181814e+01 1.086211e+01 1.322532e+01 1.826446e+01 2.042320e+01 3.018739e+01 2.034973e+01 5.321485e+01 6.460773e+01 4.629104e+01 1.028529e+00 1.145529e-01 2.197907e-01 2.850411e-01 1.028711e+00 5.752890e-01 1.091423e+00 1.651471e+00 9.095010e-01 1.294483e+00 1.177704e+00 1.242787e+00 1.073381e+00 4.613977e-02 1.230552e-02 2.231708e-02 6.952861e-02 1.800716e-01 1.357066e-01 2.066861e-01 2.233088e-01 1.370713e-01 1.653151e-01 3.045341e-01 1.168276e-01 1.410086e-01 3.545097e-03
<GCONST> 6.701987e+01
<STATE> 13
<MEAN> 39
 -3.346367e+00 6.939332e+00 3.268681e+00 -1.191723e+00 1.020801e+01 9.668825e-01 -5.952146e+00 -1.384653e+01 -6.497617e+00 -9.636825e+00 -9.989811e-01 -7.157674e+00 6.258160e+01 -8.086753e-01 3.602247e-01 -2.851431e-01 -3.760559e-02 5.657532e-01 6.119991e-01 3.495475e-01 1.072392e-02 7.682166e-01 9.709585e-02 -4.840567e-01 4.463078e-01 -7.982515e-01 -6.768738e-02 -1.386941e-01 -1.044754e-02 -1.281602e-01 -2.538239e-01 -8.408355e-02 -1.074430e-01 -1.044424e-01 -7.986966e-03 1.694758e-01 -2.560572e-03 -3.278589e-02 1.889648e-02
<VARIANCE> 39
 3.854314e+00 1.287300e+01 2.039619e+01 2.247509e+01 3.451271e+01 3.461076e+01 2.148944e+01 7.722292e+01 2.187968e+01 3.098924e+01 3.943509e+01 3.825350e+01 2.308632e+00 1.738595e-01 4.497971e-01 3.434569e-01 6.477748e-01 1.286561e+00 1.436586e+00 1.213792e+00 9.749958e-01 1.128934e+00 1.204419e+00 1.389430e+00 7.757641e-01 3.577130e-02 9.415068e-03 2.254129e-02 1.001388e-01 1.449208e-01 1.374634e-01 2.601281e-01 2.283971e-01 1.738723e-01 1.562687e-01 2.808532e-01 1.935242e-01 1.942758e-01 4.216199e-03
<GCONST> 7.354330e+01
<STATE> 14
<MEAN> 39
 -6.968404e+00 3.772342e+00 1.818332e+00 -3.154563e+00 2.440750e+00 -4.253527e+00 -7.892916e+00 -1.859949e+01 -9.930504e+00 -1.573661e+01 -9.010525e+00 -1.329380e+01 6.066058e+01 -8.896814e-01 -8.048246e-02 4.618995e-01 3.198261e-01 -1.302381e-01 5.123146e-01 4.750762e-01 -2.666462e-01 1.498228e-01 2.540892e-01 1.275062e-01 9.435511e-02 -5.584743e-01 5.065935e-02 -1.094621e-02 4.154301e-02 1.452340e-01 6.173739e-02 3.633156e-03 4.426951e-02 1.656009e-02 -6.770335e-03 -7.465994e-02 -2.213210e-02 -4.362953e-02 7.022426e-02
<VARIANCE> 39
 2.552942e+00 1.142136e+01 1.158413e+01 1.078673e+01 3.502451e+01 2.625302e+01 2.023525e+01 3.112944e+01 3.283002e+01 6.142740e+01 4.380731e+01 6.077574e+01 1.239865e+00 1.738736e-01 2.731220e-01 4.361210e-01 8.118843e-01 7.676820e-01 1.136189e+00 1.427927e+00 1.533305e+00 1.296408e+00 1.610670e+00 1.259350e+00 1.091363e+00 6.071908e-02 3.050058e-02 6.213166e-02 1.005635e-01 1.686919e-01 1.341910e-01 1.370175e-01 2.920643e-01 3.128290e-01 2.633112e-01 3.839611e-01 2.388853e-01 2.732587e-01 7.840084e-03
<GCONST> 7.706931e+01
<STATE> 15
<MEAN> 39
 -1.091935e+01 2.328116e+00 3.768162e+00 2.745085e-01 4.841621e+00 -1.485653e+00 -4.354132e+00 -1.696286e+01 -8.599030e+00 -1.373738e+01 -6.668768e+00 -1.070666e+01 5.875216e+01 -5.962418e-01 -2.518600e-01 1.325790e-01 1.584371e-01 3.561408e-01 4.469626e-01 7.933148e-01 5.749201e-01 -1.633922e-01 -1.278679e-01 -1.037595e-01 -3.121921e-01 -2.449147e-01 7.534987e-02 3.262565e-02 -4.317594e-02 -1.013333e-01 8.115169e-02 1.698678e-01 4.344692e-02 7.479147e-02 2.956411e-02 2.676108e-02 -1.189948e-01 -1.932738e-01 3.453985e-02
<VARIANCE> 39
 5.639498e+00 2.081642e+01 1.613416e+01 2.265021e+01 3.011357e+01 2.565778e+01 2.148794e+01 3.124186e+01 3.764152e+01 3.914267e+01 1.741602e+01 2.581166e+01 7.629688e-01 1.709627e-01 4.578411e-01 4.781590e-01 8.502949e-01 1.082798e+00 1.203736e+00 1.043509e+00 6.614420e-01 1.862520e+00 2.383592e+00 1.553412e+00 1.698039e+00 4.453674e-02 3.535016e-02 1.106186e-01 1.169442e-01 1.570795e-01 2.010723e-01 2.938405e-01 2.531279e-01 8.279199e-02 4.866562e-01 3.566511e-01 2.466251e-01 1.670383e-01 1.141680e-02
<GCONST> 7.878310e+01
<STATE> 16
<MEAN> 39
 -1.232341e+01 6.704556e+00 4.936664e+00 -1.765173e+00 1.169601e+01 9.311474e+00 -6.946136e-01 -1.737633e+01 -4.599784e+00 -7.574810e+00 -4.604341e+00 -1.135862e+01 5.678719e+01 -6.560634e-01 -6.064883e-01 -1.804320e-01 -4.067758e-01 -1.149325e-01 8.401661e-01 9.610355e-01 3.241895e-01 -3.819389e-03 5.031335e-01 2.465672e-01 -4.887989e-01 -2.457834e-01 3.974862e-02 -1.599443e-01 -1.345631e-01 4.460525e-02 -2.496979e-02 -1.482650e-01 -1.963939e-02 6.423522e-02 3.482604e-02 2.547742e-02 7.208315e-02 2.981397e-01 5.018856e-02
<VARIANCE> 39
 5.582392e+00 1.463406e+01 8.676731e+00 1.794291e+01 4.216465e+01 4.040522e+01 3.056904e+01 6.323214e+01 4.282586e+01 7.999939e+01 3.727754e+01 2.659859e+01 1.233264e+00 1.868979e-01 4.900269e-01 6.874672e-01 1.028044e+00 3.263091e+00 2.601238e+00 1.783910e+00 2.041920e+00 2.791030e+00 1.539444e+00 1.889952e+00 2.106200e+00 5.483765e-02 2.412304e-02 6.587460e-02 8.617210e-02 1.266094e-01 4.509424e-01 2.618226e-01 2.393423e-01 2.876266e-01 4.565857e-01 3.250440e-01 3.022820e-01 2.881221e-01 4.614762e-03
<GCONST> 8.651097e+01
<STATE> 17
<MEAN> 39
 -1.435825e+01 -2.433572e-01 2.750826e+00 -3.760096e-01 8.082157e+00 5.392610e+00 3.906919e+00 -1.115728e+01 -5.987904e+00 -1.293147e+01 -9.112954e+00 -1.461399e+01 5.737629e+01 -3.009745e-01 -4.939715e-01 -5.826566e-01 -9.209887e-02 2.208706e-01 5.407832e-01 8.704584e-01 1.083450e+00 1.346054e+00 9.018214e-01 7.579079e-02 2.169589e-01 -1.353680e-01 -2.021184e-02 -6.217695e-02 -1.061557e-01 -9.571543e-02 -2.277285e-01 -3.575347e-01 -2.850092e-01 1.669888e-01 2.819068e-02 1.497336e-03 2.702588e-01 7.209923e-02 -1.786986e-02
<VARIANCE> 39
 1.270987e+00 6.353327e+00 8.516954e+00 2.472379e+01 1.725064e+01 1.983895e+01 3.356227e+01 3.506158e+01 3.907741e+01 6.442335e+01 7.739558e+01 2.306345e+01 6.464043e-01 1.265380e-01 7.202490e-01 1.133927e+00 9.070489e-01 1.569656e+00 1.216728e+00 1.925568e+00 1.505802e+00 1.172311e+00 2.805285e+00 2.694494e+00 1.135585e+00 4.139443e-02 1.546370e-02 8.563774e-02 1.465161e-01 1.474045e-01 3.867054e-01 1.689978e-01 3.023547e-01 4.589805e-01 3.660327e-01 7.354491e-01 3.761377e-01 1.838059e-01 6.091012e-03
<GCONST> 8.112237e+01
<STATE> 18
<MEAN> 39
 -1.505273e+01 -1.467581e+00 -4.286726e-01 -1.903748e+00 8.734796e+00 6.429229e+00 4.691175e+00 -6.517869e+00 -9.455444e-01 -6.967602e+00 -2.148439e+00 -1.016943e+01 5.690615e+01 -3.137918e-01 -8.201331e-01 -3.473599e-01 -4.357278e-02 -5.974439e-01 -9.911144e-01 -4.231011e-01 7.784292e-01 3.229294e-01 -4.071303e-01 3.783169e-01 7.889344e-01 -6.199813e-02 -5.645110e-02 1.913056e-02 3.227772e-01 1.428468e-01 4.662016e-03 -1.624206e-01 -8.868146e-02 -3.269480e-01 -3.533420e-01 -3.805915e-01 -2.384054e-01 -9.253090e-02 -2.114139e-02
<VARIANCE> 39
 1.258691e+00 5.435353e+00 8.314994e+00 3.016996e+01 1.906737e+01 2.045257e+01 1.798914e+01 3.089412e+01 1.934052e+01 2.013808e+01 4.771248e+01 4.638668e+01 6.352861e-01 1.832443e-01 4.296313e-01 7.556182e-01 9.857143e-01 1.618238e+00 1.224268e+00 8.181423e-01 2.036412e+00 1.466743e+00 1.896514e+00 2.075548e+00 1.580415e+00 5.294854e-02 3.590505e-02 3.544909e-02 1.242577e-01 1.394686e-01 2.766657e-01 2.783889e-01 1.814899e-01 1.849172e-01 2.893940e-01 1.778445e-01 5.007648e-01 4.780044e-01 9.257446e-03
<GCONST> 7.649633e+01
<STATE> 19
<MEAN> 39
 -1.811391e+01 -3.953389e+00 1.684498e+00 5.979655e-01 9.478452e+00 5.143111e+00 4.071089e+00 -7.335821e+00 -3.710265e+00 -1.167470e+01 -6.412911e+00 -1.163131e+01 5.551981e+01 -5.025938e-01 -6.276718e-01 6.186264e-02 2.898795e-01 8.403794e-02 4.905475e-02 4.491514e-01 3.026794e-01 7.220966e-02 1.048630e-01 -2.204075e-01 -3.111021e-01 -1.630120e-01 7.863802e-02 1.003760e-01 -2.376922e-02 -4.454738e-02 1.659111e-02 1.049057e-01 1.649128e-02 -1.210993e-01 3.507524e-02 1.125384e-01 4.609675e-02 1.321342e-02 3.206109e-02
<VARIANCE> 39
 4.033724e+00 1.258632e+01 1.105233e+01 2.859897e+01 3.363319e+01 3.250325e+01 2.545592e+01 2.381433e+01 3.183654e+01 2.641331e+01 2.500951e+01 3.694107e+01 7.936233e-01 2.330964e-01 3.351983e-01 8.173754e-01 6.239446e-01 7.661259e-01 1.741971e+00 1.547633e+00 2.276363e+00 1.765661e+00 2.816472e+00 2.805965e+00 3.280828e+00 5.660367e-02 4.281978e-02 5.789350e-02 1.357619e-01 1.025776e-01 2.276085e-01 4.104766e-01 3.907909e-01 3.192798e-01 3.468639e-01 4.811004e-01 4.559354e-01 6.333078e-01 1.084202e-02
<GCONST> 8.509114e+01
<TRANSP> 20
 0.000000e+00 1.000000e+00 0.000000e+00 0.000000e+00 0.000000e+00 0.000000e+00 0.000000e+00 0.000000e+00 0.000000e+00 0.000000e+00 0.000000e+00 0.000000e+00 0.000000e+00 0.000000e+00 0.000000e+00 0.000000e+00 0.000000e+00 0.000000e+00 0.000000e+00 0.000000e+00
 0.000000e+00 7.330627e-01 2.669373e-01 0.000000e+00 0.000000e+00 0.000000e+00 0.000000e+00 0.000000e+00 0.000000e+00 0.000000e+00 0.000000e+00 0.000000e+00 0.000000e+00 0.000000e+00 0.000000e+00 0.000000e+00 0.000000e+00 0.000000e+00 0.000000e+00 0.000000e+00
 0.000000e+00 0.000000e+00 8.065749e-01 1.934250e-01 0.000000e+00 0.000000e+00 0.000000e+00 0.000000e+00 0.000000e+00 0.000000e+00 0.000000e+00 0.000000e+00 0.000000e+00 0.000000e+00 0.000000e+00 0.000000e+00 0.000000e+00 0.000000e+00 0.000000e+00 0.000000e+00
 0.000000e+00 0.000000e+00 0.000000e+00 6.672413e-01 3.327587e-01 0.000000e+00 0.000000e+00 0.000000e+00 0.000000e+00 0.000000e+00 0.000000e+00 0.000000e+00 0.000000e+00 0.000000e+00 0.000000e+00 0.000000e+00 0.000000e+00 0.000000e+00 0.000000e+00 0.000000e+00
 0.000000e+00 0.000000e+00 0.000000e+00 0.000000e+00 6.358635e-01 3.641365e-01 0.000000e+00 0.000000e+00 0.000000e+00 0.000000e+00 0.000000e+00 0.000000e+00 0.000000e+00 0.000000e+00 0.000000e+00 0.000000e+00 0.000000e+00 0.000000e+00 0.000000e+00 0.000000e+00
 0.000000e+00 0.000000e+00 0.000000e+00 0.000000e+00 0.000000e+00 6.249462e-01 3.750538e-01 0.000000e+00 0.000000e+00 0.000000e+00 0.000000e+00 0.000000e+00 0.000000e+00 0.000000e+00 0.000000e+00 0.000000e+00 0.000000e+00 0.000000e+00 0.000000e+00 0.000000e+00
 0.000000e+00 0.000000e+00 0.000000e+00 0.000000e+00 0.000000e+00 0.000000e+00 7.481904e-01 2.518096e-01 0.000000e+00 0.000000e+00 0.000000e+00 0.000000e+00 0.000000e+00 0.000000e+00 0.000000e+00 0.000000e+00 0.000000e+00 0.000000e+00 0.000000e+00 0.000000e+00
 0.000000e+00 0.000000e+00 0.000000e+00 0.000000e+00 0.000000e+00 0.000000e+00 0.000000e+00 8.184434e-01 1.815565e-01 0.000000e+00 0.000000e+00 0.000000e+00 0.000000e+00 0.000000e+00 0.000000e+00 0.000000e+00 0.000000e+00 0.000000e+00 0.000000e+00 0.000000e+00
 0.000000e+00 0.000000e+00 0.000000e+00 0.000000e+00 0.000000e+00 0.000000e+00 0.000000e+00 0.000000e+00 6.033707e-01 3.966292e-01 0.000000e+00 0.000000e+00 0.000000e+00 0.000000e+00 0.000000e+00 0.000000e+00 0.000000e+00 0.000000e+00 0.000000e+00 0.000000e+00
 0.000000e+00 0.000000e+00 0.000000e+00 0.000000e+00 0.000000e+00 0.000000e+00 0.000000e+00 0.000000e+00 0.000000e+00 7.028697e-01 2.971303e-01 0.000000e+00 0.000000e+00 0.000000e+00 0.000000e+00 0.000000e+00 0.000000e+00 0.000000e+00 0.000000e+00 0.000000e+00
 0.000000e+00 0.000000e+00 0.000000e+00 0.000000e+00 0.000000e+00 0.000000e+00 0.000000e+00 0.000000e+00 0.000000e+00 0.000000e+00 7.432390e-01 2.567610e-01 0.000000e+00 0.000000e+00 0.000000e+00 0.000000e+00 0.000000e+00 0.000000e+00 0.000000e+00 0.000000e+00
 0.000000e+00 0.000000e+00 0.000000e+00 0.000000e+00 0.000000e+00 0.000000e+00 0.000000e+00 0.000000e+00 0.000000e+00 0.000000e+00 0.000000e+00 7.061617e-01 2.938382e-01 0.000000e+00 0.000000e+00 0.000000e+00 0.000000e+00 0.000000e+00 0.000000e+00 0.000000e+00
 0.000000e+00 0.000000e+00 0.000000e+00 0.000000e+00 0.000000e+00 0.000000e+00 0.000000e+00 0.000000e+00 0.000000e+00 0.000000e+00 0.000000e+00 0.000000e+00 7.207869e-01 2.792132e-01 0.000000e+00 0.000000e+00 0.000000e+00 0.000000e+00 0.000000e+00 0.000000e+00
 0.000000e+00 0.000000e+00 0.000000e+00 0.000000e+00 0.000000e+00 0.000000e+00 0.000000e+00 0.000000e+00 0.000000e+00 0.000000e+00 0.000000e+00 0.000000e+00 0.000000e+00 7.277480e-01 2.722520e-01 0.000000e+00 0.000000e+00 0.000000e+00 0.000000e+00 0.000000e+00
 0.000000e+00 0.000000e+00 0.000000e+00 0.000000e+00 0.000000e+00 0.000000e+00 0.000000e+00 0.000000e+00 0.000000e+00 0.000000e+00 0.000000e+00 0.000000e+00 0.000000e+00 0.000000e+00 8.142024e-01 1.857976e-01 0.000000e+00 0.000000e+00 0.000000e+00 0.000000e+00
 0.000000e+00 0.000000e+00 0.000000e+00 0.000000e+00 0.000000e+00 0.000000e+00 0.000000e+00 0.000000e+00 0.000000e+00 0.000000e+00 0.000000e+00 0.000000e+00 0.000000e+00 0.000000e+00 0.000000e+00 7.424216e-01 2.575784e-01 0.000000e+00 0.000000e+00 0.000000e+00
 0.000000e+00 0.000000e+00 0.000000e+00 0.000000e+00 0.000000e+00 0.000000e+00 0.000000e+00 0.000000e+00 0.000000e+00 0.000000e+00 0.000000e+00 0.000000e+00 0.000000e+00 0.000000e+00 0.000000e+00 0.000000e+00 6.823721e-01 3.176279e-01 0.000000e+00 0.000000e+00
 0.000000e+00 0.000000e+00 0.000000e+00 0.000000e+00 0.000000e+00 0.000000e+00 0.000000e+00 0.000000e+00 0.000000e+00 0.000000e+00 0.000000e+00 0.000000e+00 0.000000e+00 0.000000e+00 0.000000e+00 0.000000e+00 0.000000e+00 6.270534e-01 3.729466e-01 0.000000e+00
 0.000000e+00 0.000000e+00 0.000000e+00 0.000000e+00 0.000000e+00 0.000000e+00 0.000000e+00 0.000000e+00 0.000000e+00 0.000000e+00 0.000000e+00 0.000000e+00 0.000000e+00 0.000000e+00 0.000000e+00 0.000000e+00 0.000000e+00 0.000000e+00 7.811846e-01 2.188154e-01
 0.000000e+00 0.000000e+00 0.000000e+00 0.000000e+00 0.000000e+00 0.000000e+00 0.000000e+00 0.000000e+00 0.000000e+00 0.000000e+00 0.000000e+00 0.000000e+00 0.000000e+00 0.000000e+00 0.000000e+00 0.000000e+00 0.000000e+00 0.000000e+00 0.000000e+00 0.000000e+00
<ENDHMM>
