~o
<STREAMINFO> 1 39
<VECSIZE> 39<NULLD><MFCC_D_A_0><DIAGC>
~h "lebih"
<BEGINHMM>
<NUMSTATES> 5
<STATE> 2
<MEAN> 39
 -4.964272e+00 -2.032513e+00 3.408539e+00 -3.825562e+00 -2.208946e+00 -9.977676e+00 -1.283589e+01 -1.001100e+01 1.538274e+00 -1.894539e+00 1.649925e+00 -9.688704e+00 6.615411e+01 1.374305e+00 4.397320e-01 5.629700e-01 -7.680649e-02 -4.845748e-01 -6.546593e-01 -1.168639e+00 -4.331871e-01 -7.290769e-02 3.543711e-01 -7.328344e-03 -4.389828e-01 1.049399e+00 -1.373973e-01 -4.171062e-02 7.693116e-04 -4.341697e-02 1.162058e-01 1.771073e-01 1.893679e-01 8.535063e-02 1.084483e-02 -6.581971e-02 -3.202043e-02 -4.247743e-02 -9.684313e-02
<VARIANCE> 39
 5.129337e+01 2.510339e+01 7.469259e+01 2.495653e+01 9.054658e+01 1.011183e+02 1.215616e+02 1.407197e+02 6.034078e+01 1.125924e+02 8.794241e+01 3.309755e+01 4.494627e+01 2.882617e+00 3.609791e+00 3.960001e+00 2.405548e+00 5.219973e+00 7.484569e+00 8.184123e+00 9.480217e+00 6.958353e+00 8.704148e+00 5.664125e+00 3.512370e+00 2.346951e+00 4.041240e-01 6.367920e-01 6.133342e-01 4.675876e-01 8.204846e-01 1.277082e+00 1.064984e+00 1.590758e+00 1.280194e+00 1.575082e+00 9.826061e-01 7.594936e-01 3.924758e-01
<GCONST> 1.438444e+02
<STATE> 3
<MEAN> 39
 -5.658846e+00 2.635442e+00 1.181502e+01 -5.943577e-01 -8.897396e+00 -1.144481e+01 -7.954830e+00 -1.349264e+01 -5.727382e+00 -7.454763e+00 1.967737e+00 -8.115502e+00 6.598931e+01 -4.913388e-01 2.341325e-01 4.415636e-01 2.684529e-01 6.004176e-02 2.214935e-01 3.962420e-01 -3.151307e-01 -2.082792e-01 -3.158368e-01 1.124971e-01 4.356715e-01 -2.924416e-01 -1.627077e-02 -5.954763e-02 -8.062915e-02 -1.958176e-02 1.929102e-02 -7.349254e-03 -8.294333e-03 4.713217e-04 4.060242e-02 6.415527e-02 -1.611157e-02 4.481599e-02 7.174079e-03
<VARIANCE> 39
 1.809411e+01 1.675960e+01 1.075990e+02 5.307496e+01 1.700565e+02 5.630530e+01 4.520413e+01 9.785168e+01 6.609302e+01 6.808328e+01 1.096728e+02 4.314084e+01 1.065532e+01 5.110639e-01 9.936378e-01 2.151846e+00 2.117652e+00 7.608161e+00 4.473158e+00 2.571511e+00 2.815737e+00 3.156080e+00 2.977181e+00 3.792466e+00 2.582629e+00 6.578560e-01 8.240428e-02 1.591510e-01 2.403637e-01 3.035160e-01 1.043407e+00 7.517583e-01 4.009008e-01 3.997167e-01 4.692524e-01 4.593902e-01 5.449121e-01 4.749680e-01 9.203368e-02
<GCONST> 1.189951e+02
<STATE> 4
<MEAN> 39
 -1.576641e+01 -1.455600e+00 5.824001e+00 -1.690952e-01 4.296795e+00 -1.030724e+00 -4.432895e-01 -1.217245e+01 -2.905097e+00 -1.201394e+01 -2.964991e+00 -4.179568e+00 5.897786e+01 -3.876622e-01 -5.207767e-01 -7.318084e-01 -5.731809e-02 5.577347e-01 4.348249e-01 4.529775e-01 6.095082e-01 2.123410e-01 -1.518215e-01 -3.437739e-01 -2.273046e-01 -3.697811e-01 2.392246e-02 -6.881954e-03 -4.089716e-03 -1.305914e-02 -7.541843e-02 -3.213853e-02 -4.249454e-03 5.053444e-02 2.950406e-02 1.810933e-02 2.183332e-02 -3.672773e-02 1.491373e-02
<VARIANCE> 39
 1.902559e+01 1.845949e+01 4.199292e+01 2.511977e+01 6.025391e+01 4.939098e+01 6.082126e+01 6.662364e+01 4.429038e+01 4.956383e+01 3.646375e+01 3.162399e+01 9.964714e+00 2.122853e-01 3.910312e-01 5.830636e-01 9.969251e-01 1.346998e+00 1.062630e+00 1.272245e+00 1.602938e+00 1.530170e+00 1.925184e+00 1.865022e+00 1.458295e+00 8.682817e-02 2.921578e-02 6.801463e-02 8.365135e-02 1.680827e-01 1.648406e-01 1.672775e-01 1.924534e-01 2.358469e-01 3.033937e-01 2.752205e-01 3.200531e-01 2.638347e-01 9.899275e-03
<GCONST> 8.878667e+01
<TRANSP> 5
 0.000000e+00 1.000000e+00 0.000000e+00 0.000000e+00 0.000000e+00
 0.000000e+00 9.210109e-01 7.898915e-02 0.000000e+00 0.000000e+00
 0.000000e+00 0.000000e+00 9.531816e-01 4.681842e-02 0.000000e+00
 0.000000e+00 0.000000e+00 0.000000e+00 9.548487e-01 4.515130e-02
 0.000000e+00 0.000000e+00 0.000000e+00 0.000000e+00 0.000000e+00
<ENDHMM>
