~o
<STREAMINFO> 1 39
<VECSIZE> 39<NULLD><MFCC_D_A_0><DIAGC>
~h "puluh"
<BEGINHMM>
<NUMSTATES> 5
<STATE> 2
<MEAN> 39
 -6.478053e+00 -2.072076e+00 -3.026964e+00 -1.198262e+01 -4.778612e+00 -5.175096e+00 -3.475603e+00 -9.855588e+00 -6.784123e+00 -6.947126e+00 3.262570e+00 -1.953123e+00 6.228613e+01 1.932369e+00 1.096719e+00 -3.494213e-01 -1.274414e+00 -6.596458e-01 2.421921e-01 -8.393984e-01 -1.576442e+00 -1.537256e+00 8.612946e-02 1.183865e+00 5.389118e-01 1.259145e+00 -7.513629e-03 -1.133157e-01 1.510578e-02 1.140005e-01 1.949022e-01 9.213837e-02 -9.390777e-02 -8.973663e-02 2.110914e-02 2.011290e-01 7.472721e-02 -2.076912e-01 2.312804e-02
<VARIANCE> 39
 1.010251e+02 7.124716e+01 2.394536e+01 7.502184e+01 6.433022e+01 4.414147e+01 4.525954e+01 8.992457e+01 8.683678e+01 4.296034e+01 4.453386e+01 2.600215e+01 3.298064e+01 4.078617e+00 5.573476e+00 1.797648e+00 5.954758e+00 5.032242e+00 5.162593e+00 3.749479e+00 4.890183e+00 4.404862e+00 6.439836e+00 4.711434e+00 2.487995e+00 1.011716e+00 8.210731e-01 1.021630e+00 2.830672e-01 1.198335e+00 7.790555e-01 9.209038e-01 5.824455e-01 8.819706e-01 8.949209e-01 1.065539e+00 7.291607e-01 5.940620e-01 1.867380e-01
<GCONST> 1.357514e+02
<STATE> 3
<MEAN> 39
 1.463740e+00 1.370193e+00 -2.441608e+00 -1.227186e+01 1.433352e+00 -3.644160e+00 -1.398887e+01 -1.891236e+01 -1.006343e+01 -7.688550e-01 1.225010e+01 -3.911713e+00 6.898579e+01 -4.120163e-01 -2.865080e-02 1.482200e-01 5.876479e-01 3.794538e-01 -2.066834e-01 1.113433e-02 1.022672e-01 5.219325e-01 -1.256810e-01 -2.809096e-01 -7.638942e-02 -2.635072e-01 -4.752986e-02 2.758293e-02 1.975541e-02 -3.994731e-03 -4.328490e-02 -4.623112e-03 1.099320e-01 7.282060e-02 1.047087e-02 -1.140119e-01 -8.028233e-02 5.578427e-02 -4.859023e-02
<VARIANCE> 39
 1.268242e+01 2.271169e+01 5.674762e+01 5.843275e+01 9.746982e+01 4.923993e+01 1.223988e+02 7.989501e+01 9.246206e+01 5.285057e+01 6.824947e+01 3.457064e+01 1.024477e+01 2.852798e-01 9.074072e-01 1.261340e+00 2.595897e+00 1.931761e+00 2.309627e+00 3.390506e+00 2.377183e+00 2.127362e+00 3.281553e+00 2.056962e+00 1.919008e+00 2.414250e-01 3.452618e-02 1.223416e-01 1.951816e-01 3.765505e-01 2.935286e-01 4.469885e-01 5.051333e-01 4.105422e-01 3.503705e-01 6.146510e-01 4.417454e-01 3.068489e-01 2.854000e-02
<GCONST> 1.082383e+02
<STATE> 4
<MEAN> 39
 -1.323372e+01 -3.454721e+00 -8.750040e-01 -1.033224e+00 6.748946e+00 3.157850e-01 1.786833e-01 -9.996034e+00 -3.974751e+00 -8.942371e+00 2.138106e-01 -6.072098e+00 5.889634e+01 -6.176709e-01 -4.267653e-01 -2.902184e-03 2.593236e-01 1.491648e-01 3.119085e-01 6.724252e-01 6.888400e-01 2.961965e-01 -1.023326e-01 -4.115008e-01 -3.069000e-01 -3.467054e-01 2.919321e-02 1.267819e-02 -9.396110e-03 -4.147818e-02 -2.480321e-02 2.445151e-03 1.397222e-03 4.216902e-02 4.511659e-02 3.225212e-02 3.898539e-02 2.051251e-02 1.952045e-02
<VARIANCE> 39
 2.223925e+01 1.708107e+01 1.605749e+01 2.382093e+01 4.105256e+01 2.662745e+01 5.395264e+01 5.716313e+01 5.488234e+01 3.088570e+01 4.002023e+01 4.557220e+01 7.551571e+00 1.974806e-01 2.384941e-01 4.606586e-01 8.304456e-01 1.055635e+00 1.050380e+00 1.245110e+00 1.610319e+00 1.512727e+00 1.310168e+00 1.298020e+00 1.277249e+00 6.357385e-02 2.267283e-02 4.423499e-02 6.833715e-02 1.321881e-01 1.715720e-01 2.052747e-01 2.295736e-01 2.667947e-01 2.468161e-01 2.317521e-01 2.111202e-01 2.210688e-01 6.871506e-03
<GCONST> 8.212030e+01
<TRANSP> 5
 0.000000e+00 1.000000e+00 0.000000e+00 0.000000e+00 0.000000e+00
 0.000000e+00 9.121846e-01 8.781543e-02 0.000000e+00 0.000000e+00
 0.000000e+00 0.000000e+00 9.569799e-01 4.302014e-02 0.000000e+00
 0.000000e+00 0.000000e+00 0.000000e+00 9.573572e-01 4.264278e-02
 0.000000e+00 0.000000e+00 0.000000e+00 0.000000e+00 0.000000e+00
<ENDHMM>
