~o
<STREAMINFO> 1 39
<VECSIZE> 39<NULLD><MFCC_D_A_0><DIAGC>
~h "sil"
<BEGINHMM>
<NUMSTATES> 5
<STATE> 2
<MEAN> 39
 -1.735213e+01 -7.535794e+00 -6.566060e-01 -3.556059e+00 4.262670e+00 7.970968e-01 4.527547e+00 -3.063188e+00 -3.482286e-01 -8.318637e+00 -1.705680e+00 -7.322237e+00 5.572488e+01 -1.939008e-01 -1.986509e-01 -3.953649e-02 -5.012187e-02 -4.065408e-02 -8.300811e-02 2.737599e-03 1.736797e-01 1.609676e-01 1.065938e-01 5.044239e-02 -1.681193e-03 -3.052833e-02 1.980023e-02 2.812805e-02 -1.463215e-02 1.518315e-02 -1.397749e-02 -2.648785e-02 -3.995329e-02 -3.402024e-02 -1.395652e-02 1.451048e-02 8.462501e-03 9.630826e-03 -4.617660e-02
<VARIANCE> 39
 3.248521e+01 3.575605e+01 3.577515e+01 4.739676e+01 5.757694e+01 8.432448e+01 8.260638e+01 6.461232e+01 6.671240e+01 5.635049e+01 4.757466e+01 3.677630e+01 1.078733e+01 4.607323e-01 5.952161e-01 8.799644e-01 1.408587e+00 1.846940e+00 2.202707e+00 2.287382e+00 2.504526e+00 2.479495e+00 2.531869e+00 2.172264e+00 1.851532e+00 7.760048e-01 4.632943e-02 8.788342e-02 1.460676e-01 2.331438e-01 3.139837e-01 3.697028e-01 4.010955e-01 4.320874e-01 4.485731e-01 4.459318e-01 3.885261e-01 3.415795e-01 1.892450e-01
<GCONST> 1.082800e+02
<STATE> 3
<MEAN> 39
 -1.860638e+01 -7.672675e+00 -2.036012e+00 -2.840445e+00 3.610500e+00 -1.301486e-02 4.483340e+00 -3.088784e+00 2.157326e-01 -7.722935e+00 -1.195108e+00 -7.055606e+00 5.586313e+01 7.350325e-03 -2.390153e-02 -5.138038e-02 -4.420754e-02 -1.249202e-01 -1.611407e-01 -1.441124e-01 -5.166640e-02 6.544784e-02 1.132230e-01 1.243104e-01 9.455948e-02 1.514111e-02 1.199673e-02 1.461480e-02 2.446528e-03 -9.742833e-03 -1.516280e-02 -2.312565e-02 -2.843219e-02 -2.903977e-02 -9.401933e-03 -4.659968e-03 -7.956083e-04 -5.190987e-04 6.501289e-03
<VARIANCE> 39
 4.034384e+00 8.242395e+00 1.286725e+01 1.799292e+01 2.378526e+01 3.006296e+01 3.144596e+01 3.236700e+01 3.393261e+01 3.429023e+01 3.412319e+01 2.967744e+01 9.263508e-01 2.169026e-01 4.415630e-01 7.356277e-01 1.111354e+00 1.627553e+00 1.882306e+00 2.082965e+00 2.281083e+00 2.352834e+00 2.377709e+00 2.087497e+00 1.825079e+00 5.376967e-02 3.656003e-02 7.721847e-02 1.379890e-01 2.086535e-01 2.950905e-01 3.342882e-01 3.740015e-01 4.220878e-01 4.365647e-01 4.549465e-01 3.892192e-01 3.446819e-01 9.241707e-03
<GCONST> 8.640502e+01
<STATE> 4
<MEAN> 39
 -1.750689e+01 -6.902748e+00 -2.698696e+00 -4.497150e+00 4.573886e-01 -4.295344e+00 6.036450e-01 -5.635172e+00 1.757329e-01 -6.788471e+00 2.708919e-01 -5.893785e+00 5.660050e+01 -3.714994e-03 -8.515935e-03 -1.189140e-02 -1.251497e-02 -2.218672e-02 -4.068954e-02 -3.265239e-02 -1.648333e-02 4.834288e-03 7.119584e-03 -4.533074e-03 4.337470e-03 9.784888e-04 8.264262e-04 1.495723e-03 3.361329e-03 7.075142e-03 8.629063e-03 1.039279e-02 8.739170e-03 3.472601e-03 2.389841e-03 -3.941174e-04 -2.729793e-03 -2.477031e-03 9.554334e-04
<VARIANCE> 39
 1.422120e+00 2.787853e+00 4.884727e+00 6.969594e+00 8.951559e+00 1.107264e+01 1.311217e+01 1.423941e+01 1.470525e+01 1.384628e+01 1.282248e+01 1.174715e+01 3.741907e-01 1.295636e-01 2.747277e-01 4.739371e-01 6.634446e-01 8.830408e-01 1.122458e+00 1.317402e+00 1.419002e+00 1.479641e+00 1.413567e+00 1.311142e+00 1.193854e+00 3.278584e-02 2.592668e-02 5.600552e-02 9.602527e-02 1.336717e-01 1.776944e-01 2.251373e-01 2.663740e-01 2.880235e-01 3.005094e-01 2.854609e-01 2.652211e-01 2.382457e-01 6.725785e-03
<GCONST> 6.275266e+01
<TRANSP> 5
 0.000000e+00 1.000000e+00 0.000000e+00 0.000000e+00 0.000000e+00
 0.000000e+00 8.464615e-01 1.535384e-01 0.000000e+00 0.000000e+00
 0.000000e+00 0.000000e+00 9.258996e-01 7.410040e-02 0.000000e+00
 0.000000e+00 0.000000e+00 0.000000e+00 9.638137e-01 3.618637e-02
 0.000000e+00 0.000000e+00 0.000000e+00 0.000000e+00 0.000000e+00
<ENDHMM>
