~o
<STREAMINFO> 1 39
<VECSIZE> 39<NULLD><MFCC_D_A_0><DIAGC>
~h "tujuh"
<BEGINHMM>
<NUMSTATES> 5
<STATE> 2
<MEAN> 39
 -9.882077e+00 -2.235345e-01 3.916969e+00 -4.009810e+00 -4.573829e+00 -1.468818e+01 -7.139498e+00 -9.782228e+00 -3.824299e+00 -8.287648e+00 -2.399456e+00 -6.711351e+00 6.490123e+01 5.852650e-01 3.993536e-01 4.309997e-01 1.777596e-01 -4.203379e-01 -7.277778e-01 -6.448238e-01 -1.574388e-02 -2.092366e-01 -4.305389e-02 1.102333e-01 -8.195172e-02 6.299180e-01 6.872585e-02 -6.534828e-03 -3.366524e-02 -2.905552e-03 5.429595e-02 4.276393e-02 -3.280583e-02 4.542592e-02 2.385772e-03 2.308523e-02 5.249132e-03 -2.992751e-02 1.152136e-02
<VARIANCE> 39
 6.173925e+01 3.231159e+01 3.590531e+01 3.774874e+01 8.422951e+01 1.299865e+02 6.768196e+01 5.652213e+01 6.346139e+01 5.401691e+01 8.768320e+01 5.454031e+01 3.706882e+01 4.973479e+00 2.002394e+00 1.922322e+00 2.656346e+00 5.618668e+00 1.175424e+01 5.257493e+00 4.579093e+00 4.454154e+00 3.320480e+00 4.652205e+00 2.754809e+00 1.475709e+00 7.383364e-01 3.636056e-01 3.580886e-01 5.425475e-01 1.011607e+00 1.941522e+00 9.239480e-01 8.862095e-01 7.195864e-01 5.864576e-01 5.990533e-01 4.864941e-01 1.943031e-01
<GCONST> 1.349847e+02
<STATE> 3
<MEAN> 39
 -3.171076e+00 2.387270e+00 8.710576e+00 -4.776183e-01 -3.299720e+00 -1.581416e+01 -1.236737e+01 -8.690142e+00 -8.357312e+00 -5.676465e+00 9.183417e+00 -5.822750e+00 6.951713e+01 2.210721e-02 -4.551639e-02 -3.117847e-01 1.114777e-03 5.214942e-01 5.298756e-01 1.318039e-01 -5.258290e-01 5.856000e-02 2.462162e-01 2.566452e-02 3.414482e-02 -2.882217e-01 -9.453245e-02 3.111919e-03 4.648609e-02 3.121700e-02 1.150115e-02 1.607370e-02 1.088524e-01 2.738615e-03 1.556969e-02 -4.934703e-02 -3.557825e-02 3.498949e-02 -4.277769e-02
<VARIANCE> 39
 2.370368e+01 3.222148e+01 9.523533e+01 4.707026e+01 8.950262e+01 5.673461e+01 5.965290e+01 1.020436e+02 7.371169e+01 6.095599e+01 9.369359e+01 5.576206e+01 1.916224e+01 1.224581e+00 1.359597e+00 2.772041e+00 1.796702e+00 4.230172e+00 3.128436e+00 2.486108e+00 4.186320e+00 3.850873e+00 3.323696e+00 3.311649e+00 2.496140e+00 7.803093e-01 1.605567e-01 2.006691e-01 3.600225e-01 2.957142e-01 5.913642e-01 5.319690e-01 3.982027e-01 7.309101e-01 6.786104e-01 5.033010e-01 5.695391e-01 4.340754e-01 6.645483e-02
<GCONST> 1.220997e+02
<STATE> 4
<MEAN> 39
 -1.182084e+01 -2.169958e+00 -5.559179e-01 -1.384521e+00 4.309524e+00 -3.632331e+00 -2.278777e+00 -1.162077e+01 -2.069841e+00 -7.081241e+00 -9.330505e-01 -6.925532e+00 5.902251e+01 -5.228552e-01 -3.094691e-01 -8.064171e-02 -8.426852e-02 2.637629e-02 3.306091e-01 5.741900e-01 5.278945e-01 1.940726e-01 -2.137611e-01 -2.177349e-01 -7.224478e-02 -2.986487e-01 1.701658e-02 -1.220419e-03 -5.441079e-03 -1.836245e-02 -3.476371e-02 -1.733044e-02 -2.905756e-02 -6.128101e-03 -1.345400e-02 7.937956e-03 2.315971e-02 2.373260e-03 2.323565e-02
<VARIANCE> 39
 2.708580e+01 2.003577e+01 1.536415e+01 2.070447e+01 2.533340e+01 5.039024e+01 6.789233e+01 7.019798e+01 3.955491e+01 2.977597e+01 4.829100e+01 3.492341e+01 7.135258e+00 1.910824e-01 4.067740e-01 6.547713e-01 9.955831e-01 1.150688e+00 1.492726e+00 1.537186e+00 2.111990e+00 1.723632e+00 1.890001e+00 1.605479e+00 1.395613e+00 6.521642e-02 2.754462e-02 5.875695e-02 1.106025e-01 1.906746e-01 1.962001e-01 2.773958e-01 2.700584e-01 3.474041e-01 3.224082e-01 3.322231e-01 2.355551e-01 2.161336e-01 5.444802e-03
<GCONST> 8.783069e+01
<TRANSP> 5
 0.000000e+00 1.000000e+00 0.000000e+00 0.000000e+00 0.000000e+00
 0.000000e+00 9.573176e-01 4.268238e-02 0.000000e+00 0.000000e+00
 0.000000e+00 0.000000e+00 9.574903e-01 4.250972e-02 0.000000e+00
 0.000000e+00 0.000000e+00 0.000000e+00 9.650726e-01 3.492734e-02
 0.000000e+00 0.000000e+00 0.000000e+00 0.000000e+00 0.000000e+00
<ENDHMM>
