~o
<STREAMINFO> 1 39
<VECSIZE> 39<NULLD><MFCC_D_A_0><DIAGC>
~h "kurang"
<BEGINHMM>
<NUMSTATES> 20
<STATE> 2
<MEAN> 39
 -1.698384e+01 -6.447723e+00 -2.893672e+00 -5.215983e+00 3.285477e-01 -3.629032e+00 3.622651e-01 -5.614724e+00 1.432960e-01 -5.845555e+00 2.759330e-01 -6.054668e+00 5.681977e+01 5.640920e-01 -3.441959e-01 -1.285927e+00 -1.463163e+00 -4.604648e-01 4.184151e-01 3.464780e-01 4.808957e-01 -4.808251e-02 2.640115e-01 8.142641e-01 8.201960e-01 4.626464e-01 2.601268e-01 -1.181152e-01 -5.340411e-01 -4.524599e-01 -3.029862e-01 -1.219936e-01 2.419237e-01 1.264147e-01 -6.348075e-02 -2.004383e-01 1.136088e-01 3.902875e-01 2.005998e-01
<VARIANCE> 39
 9.525885e-01 1.576673e+00 5.051534e+00 7.061540e+00 9.051905e+00 1.299282e+01 1.724661e+01 1.774340e+01 2.086590e+01 1.074227e+01 1.589423e+01 1.233490e+01 2.275733e-01 4.251308e-01 7.925930e-01 2.655105e+00 3.811216e+00 3.715564e+00 3.464846e+00 3.277766e+00 5.298340e+00 4.921398e+00 4.041627e+00 1.610699e+00 1.994247e+00 2.008785e-01 1.093853e-01 2.124494e-01 3.575301e-01 5.547135e-01 3.992144e-01 3.250261e-01 5.350896e-01 9.386715e-01 7.705991e-01 6.166524e-01 4.177510e-01 3.013415e-01 1.816897e-02
<GCONST> 8.961328e+01
<STATE> 3
<MEAN> 39
 -1.337351e+01 -8.407557e+00 -9.933551e+00 -1.015794e+01 -1.743424e+00 -3.850280e+00 2.697787e+00 -4.944597e+00 -2.176191e+00 -7.767827e+00 3.857764e+00 -1.039336e+00 5.965615e+01 1.997508e+00 1.789173e+00 3.094799e-01 -6.666115e-01 -1.132373e+00 -7.471673e-01 -9.801479e-01 -1.476687e+00 -1.264865e+00 -5.576876e-01 2.742527e-01 4.348579e-01 9.142956e-01 5.433788e-01 8.500944e-01 7.872767e-01 2.328414e-01 -2.502184e-01 -3.590337e-01 -6.369108e-01 -4.395359e-01 -2.862985e-01 -4.264497e-02 8.289761e-02 -6.600296e-02 2.105710e-01
<VARIANCE> 39
 1.174613e+01 2.612246e+01 3.264255e+01 7.178054e+01 5.065438e+01 7.808742e+01 2.227042e+01 9.695708e+01 5.942015e+01 3.968302e+01 2.440005e+01 4.156216e+01 1.809977e+00 2.260751e+00 4.896461e+00 7.280994e+00 4.589018e+00 2.428216e+00 4.398992e+00 3.545769e+00 4.762691e+00 3.333233e+00 2.700349e+00 2.403014e+00 3.224540e+00 5.049889e-01 1.776493e-01 3.764654e-01 1.095493e+00 9.199240e-01 4.531689e-01 9.451687e-01 5.973938e-01 7.046139e-01 7.099185e-01 7.008100e-01 7.396733e-01 7.855871e-01 8.556608e-02
<GCONST> 1.229639e+02
<STATE> 4
<MEAN> 39
 9.035943e-01 6.813501e+00 -4.591022e+00 -1.543052e+01 -9.864023e+00 -7.577289e+00 -5.712025e+00 -1.333810e+01 -9.650448e+00 -9.715369e+00 5.799463e+00 1.398108e+00 6.630233e+01 2.754351e+00 1.938927e+00 -2.921157e-01 -1.480829e+00 -8.149352e-01 7.110615e-01 -1.188948e+00 -1.444844e+00 -1.613582e+00 6.691150e-02 1.652173e+00 1.290642e+00 1.658946e+00 -7.744191e-01 -1.088699e+00 -7.959217e-01 -3.494036e-03 7.629628e-01 9.516294e-01 4.591426e-01 8.073205e-02 3.690897e-01 5.541849e-01 2.587762e-01 -8.144662e-02 -2.798647e-01
<VARIANCE> 39
 8.573817e+00 9.204699e+00 2.163081e+01 2.400894e+01 5.948423e+01 2.999833e+01 2.090088e+01 7.662352e+01 3.009078e+01 2.545136e+01 4.238811e+01 3.653109e+01 4.219250e+00 1.907447e+00 3.023188e+00 3.092737e+00 1.191167e+00 2.903724e+00 5.141041e+00 3.558100e+00 2.128581e+00 2.539061e+00 3.951913e+00 3.805082e+00 4.376839e+00 4.481107e-01 1.464595e-01 1.070859e-01 2.243185e-01 3.413906e-01 4.363204e-01 2.854314e-01 3.204131e-01 3.289289e-01 3.845866e-01 7.097431e-01 4.917181e-01 3.551192e-01 6.337879e-02
<GCONST> 1.078294e+02
<STATE> 5
<MEAN> 39
 4.074327e+00 6.235150e+00 -8.203376e+00 -1.891099e+01 -7.061269e+00 1.243470e+00 -6.582960e+00 -1.815160e+01 -1.259195e+01 -5.085930e+00 1.460605e+01 5.583716e+00 6.932787e+01 3.227887e-02 -1.139405e+00 -9.884351e-01 1.821745e-01 1.176366e+00 9.908773e-01 -1.175996e+00 -1.536101e+00 9.724257e-01 2.627151e+00 1.168099e+00 -1.046925e+00 3.730339e-01 -2.684239e-01 -3.642722e-01 1.625646e-01 6.733497e-01 2.845049e-01 -6.906898e-01 -3.081035e-01 1.992846e-01 7.627549e-01 2.582068e-01 -7.744347e-01 -8.777689e-01 -1.540970e-01
<VARIANCE> 39
 1.373511e+00 9.748038e+00 4.633623e+01 1.456512e+01 6.272874e+01 4.639714e+01 3.694418e+01 3.883606e+01 2.930807e+01 9.404776e+01 4.510362e+01 3.656867e+01 2.481885e+00 1.690360e-01 7.726967e-01 5.437661e-01 1.404902e+00 2.169724e+00 1.889276e+00 1.766646e+00 3.012234e+00 3.568473e+00 5.626781e+00 3.633665e+00 3.331902e+00 5.787518e-02 7.061977e-02 1.396466e-01 1.983175e-01 1.667486e-01 2.235854e-01 1.534214e-01 3.165853e-01 3.414209e-01 5.179145e-01 1.297705e+00 6.477010e-01 4.687115e-01 3.860726e-02
<GCONST> 9.722228e+01
<STATE> 6
<MEAN> 39
 3.433725e+00 -3.220283e-01 -1.074462e+01 -1.220271e+01 2.152988e-01 -2.586160e+00 -1.563410e+01 -2.333726e+01 -3.445580e+00 4.106404e+00 9.533876e+00 -6.301610e+00 6.990195e+01 -6.441078e-01 -1.371865e+00 5.523575e-01 2.713240e+00 1.366867e+00 -2.172419e+00 -9.971418e-01 1.148356e+00 1.711406e+00 -3.297760e-01 -2.116737e+00 -2.250885e+00 -3.019973e-01 -2.179046e-01 -5.019109e-03 3.749155e-01 1.818387e-01 -5.799725e-01 -5.273229e-01 8.388414e-01 1.096235e+00 -5.421376e-01 -1.229092e+00 -7.962844e-02 4.897498e-01 -1.422959e-01
<VARIANCE> 39
 1.950880e+00 7.845074e+00 4.391579e+01 2.031831e+01 5.553797e+01 6.501511e+01 5.128624e+01 5.077874e+01 3.465530e+01 5.429815e+01 6.216865e+01 3.564336e+01 3.570764e+00 4.464455e-01 1.019947e+00 1.131701e+00 1.485063e+00 2.680895e+00 1.340085e+00 4.350048e+00 4.837856e+00 4.846732e+00 6.657108e+00 2.568048e+00 4.419969e+00 3.894224e-01 8.916441e-02 1.785810e-01 1.678023e-01 2.598488e-01 4.302830e-01 2.477371e-01 4.873256e-01 3.707646e-01 7.122981e-01 5.821759e-01 4.749561e-01 5.239846e-01 7.964154e-02
<GCONST> 1.067665e+02
<STATE> 7
<MEAN> 39
 -2.149923e-01 -5.167634e+00 -7.487069e+00 -3.288848e+00 -5.638534e-01 -1.238957e+01 -1.208136e+01 -1.186313e+01 -2.654094e+00 -3.228204e+00 5.147563e+00 -9.534037e+00 6.844704e+01 1.648649e-01 -2.375531e+00 -4.581673e-01 1.414464e+00 -6.946860e-01 -1.665645e+00 1.569829e+00 3.116372e+00 5.217805e-01 -9.904789e-01 -1.023180e+00 -1.029823e+00 6.962525e-01 5.657512e-01 -2.805464e-01 -6.254517e-01 -6.833062e-01 -1.179497e-01 8.360651e-01 1.684293e-01 -2.134203e-01 2.054342e-01 6.437413e-01 1.244410e-01 -4.020853e-02 5.055519e-01
<VARIANCE> 39
 5.176779e+00 2.052380e+01 4.964133e+01 3.599199e+01 3.900430e+01 5.629433e+01 1.115190e+02 5.586316e+01 5.347886e+01 3.291690e+01 1.011957e+02 1.990998e+01 3.928619e+00 1.523269e+00 9.161110e-01 2.205712e+00 2.083639e+00 1.616444e+00 2.012714e+00 3.414277e+00 2.840094e+00 4.667987e+00 4.614515e+00 1.783290e+00 5.298407e+00 8.883464e-01 1.508198e-01 3.195538e-01 1.708377e-01 3.164645e-01 4.762015e-01 3.051027e-01 6.460224e-01 6.218010e-01 1.082044e+00 4.711286e-01 4.833681e-01 7.852477e-01 1.100695e-01
<GCONST> 1.145793e+02
<STATE> 8
<MEAN> 39
 3.949079e+00 -1.471288e+01 -1.218081e+01 -2.147931e+00 -8.865306e-01 -1.103723e+01 -5.390169e+00 -3.049215e+00 1.260118e+00 -7.686796e-01 1.575920e+00 -1.498533e+01 7.415461e+01 3.270963e-01 -1.647757e+00 -4.167784e-01 -3.494172e-01 5.067985e-03 1.509713e+00 1.187045e+00 1.310830e+00 9.737211e-01 -5.548079e-02 -1.247211e+00 -4.603263e-01 9.637478e-01 -3.334564e-01 4.473958e-01 4.038849e-01 -1.958662e-01 4.730220e-02 3.626834e-01 -2.584393e-01 -5.270543e-01 -1.953645e-01 -9.968019e-02 -1.717406e-02 3.557999e-01 -2.575871e-01
<VARIANCE> 39
 2.627642e+00 9.932041e+00 6.103614e+01 2.663645e+01 5.487054e+01 5.244709e+01 7.282066e+01 5.814649e+01 5.835763e+01 9.296478e+01 8.599269e+01 4.212923e+01 5.583883e+00 8.357546e-01 1.765894e+00 2.553210e+00 1.920228e+00 2.042602e+00 2.110676e+00 2.944798e+00 3.168024e+00 3.203779e+00 2.754278e+00 1.599053e+00 1.846350e+00 4.573968e-01 6.374314e-02 9.834210e-02 2.142927e-01 1.809309e-01 2.472055e-01 3.444917e-01 4.005864e-01 4.195333e-01 4.914111e-01 6.811489e-01 2.950199e-01 3.511777e-01 3.196179e-02
<GCONST> 1.059398e+02
<STATE> 9
<MEAN> 39
 1.666819e+00 -1.794468e+01 -1.080460e+01 -4.949625e+00 -9.311669e+00 9.248701e-01 -2.278296e+00 -7.730925e+00 4.637765e+00 3.928785e-01 -3.980305e+00 -1.030308e+01 7.587677e+01 -1.990121e-01 3.474396e-01 1.969520e-01 -3.049449e-01 3.723830e-01 2.121348e-01 -2.822149e-03 1.220255e-02 2.810655e-01 -2.050352e-01 -5.478562e-01 2.561502e-01 -2.163195e-01 8.189209e-02 3.919469e-01 -1.088880e-02 7.786749e-02 2.831978e-01 -3.242122e-01 -7.048824e-02 -1.506681e-02 -4.496811e-02 -6.417493e-02 1.671357e-01 -6.402130e-02 -1.832782e-01
<VARIANCE> 39
 2.162723e+00 1.006823e+01 5.446441e+01 1.553217e+01 1.338725e+02 9.394902e+01 2.311538e+01 1.052055e+02 5.872327e+01 5.368466e+01 3.679247e+01 4.675501e+01 4.557422e+00 1.267660e-01 5.687267e-01 6.386174e-01 1.039097e+00 2.049401e+00 1.829746e+00 9.814838e-01 1.648087e+00 2.255599e+00 1.557373e+00 2.063136e+00 1.144849e+00 2.148603e-01 2.219553e-02 6.354633e-02 1.803081e-01 1.741860e-01 1.835338e-01 1.852277e-01 1.647640e-01 4.183567e-01 5.137207e-01 2.560804e-01 2.672559e-01 2.558133e-01 2.183245e-02
<GCONST> 9.048203e+01
<STATE> 10
<MEAN> 39
 2.857815e+00 -1.109090e+01 -1.078858e+01 -6.640398e+00 3.514083e+00 -7.490118e+00 -5.476541e+00 -1.120397e+00 4.151900e+00 -4.430933e+00 -4.843367e+00 -1.421726e+01 7.263905e+01 -1.061381e-01 1.532793e+00 1.046897e-01 -5.706863e-01 1.097331e-01 7.475575e-02 -1.432223e-01 -9.906276e-01 -3.621894e-01 -4.801198e-01 -2.620535e-01 3.677950e-01 -6.993017e-01 -5.974760e-02 1.161790e-01 1.688472e-01 1.122213e-02 -1.078122e-01 -7.149877e-02 -8.785930e-02 -2.235581e-01 -3.793662e-01 -1.579602e-01 1.541680e-01 -1.087302e-03 -3.851976e-02
<VARIANCE> 39
 2.775011e+00 2.084272e+01 7.398163e+01 2.577791e+01 1.994121e+01 3.233040e+01 1.830690e+01 5.784278e+01 2.881460e+01 4.295305e+01 5.680319e+01 2.602629e+01 4.700305e+00 1.664754e-01 4.031039e-01 8.571545e-01 9.882432e-01 1.351559e+00 1.911305e+00 8.401845e-01 1.851974e+00 2.435987e+00 1.479275e+00 8.544654e-01 2.934292e+00 3.692208e-02 2.635837e-02 4.069882e-02 1.050583e-01 1.601218e-01 8.404499e-02 1.774267e-01 1.145996e-01 2.049374e-01 3.088755e-01 3.249383e-01 1.472429e-01 2.516978e-01 1.067902e-02
<GCONST> 8.110207e+01
<STATE> 11
<MEAN> 39
 1.317316e+00 -6.573769e+00 -7.267470e+00 -7.179017e+00 1.795460e+00 -3.030569e+00 -4.968334e+00 -8.900729e+00 -1.473091e+00 -8.949138e+00 -2.700512e+00 -9.922565e+00 7.004990e+01 -3.564336e-01 1.525678e+00 1.444652e+00 1.167385e-01 1.022324e+00 -3.021501e-03 -5.831370e-01 -1.952365e-01 -1.643434e+00 -8.843306e-01 9.168864e-01 -1.058045e-01 -6.792403e-01 -1.084397e-01 -5.610080e-02 4.900653e-02 1.911283e-01 -1.291476e-01 8.265948e-02 1.825226e-01 3.156964e-01 4.507879e-01 2.948505e-01 -6.848904e-02 1.681554e-01 -3.066419e-02
<VARIANCE> 39
 1.804342e+00 9.500756e+00 5.503646e+01 1.241766e+01 2.848069e+01 2.186549e+01 3.078689e+01 2.314592e+01 3.085231e+01 2.384130e+01 6.436022e+01 5.961805e+01 3.291485e+00 2.659943e-01 2.963189e-01 6.787904e-01 5.286959e-01 2.583140e+00 7.142600e-01 7.425331e-01 2.321370e+00 4.389072e+00 2.151562e+00 7.866435e-01 1.998518e+00 6.035424e-02 2.527773e-02 4.512601e-02 1.598093e-01 9.373265e-02 2.109112e-01 1.186178e-01 2.444889e-01 1.232789e-01 7.113841e-01 2.255274e-01 2.066109e-01 5.137710e-01 1.024059e-02
<GCONST> 8.075372e+01
<STATE> 12
<MEAN> 39
 -7.219644e-01 1.926173e+00 -1.148473e+00 -6.713056e+00 3.773356e+00 -4.809734e+00 -3.142409e+00 -3.424459e+00 1.043865e+00 -4.502200e+00 5.751857e-01 -7.931555e+00 6.659558e+01 -6.499307e-01 9.349067e-01 7.483250e-01 6.823474e-01 2.683264e-01 5.652722e-01 6.635470e-01 2.201297e-02 3.107653e-01 -3.395863e-01 -3.836026e-01 -9.562463e-02 -7.984586e-01 -3.936394e-02 -1.084489e-01 -2.178470e-03 1.121366e-01 -1.252508e-02 4.731035e-02 -3.354541e-03 -1.153828e-01 -1.836759e-01 -1.851291e-01 -1.372131e-01 -1.594945e-01 3.586582e-03
<VARIANCE> 39
 7.337557e+00 1.897947e+01 2.425165e+01 2.349496e+01 2.431720e+01 3.478131e+01 2.690158e+01 4.513209e+01 1.225246e+01 2.693997e+01 3.423863e+01 2.351072e+01 4.948835e+00 1.363827e-01 3.732095e-01 8.783630e-01 7.768050e-01 8.574523e-01 8.628770e-01 9.108282e-01 1.453360e+00 2.045303e+00 1.488629e+00 1.020517e+00 1.429212e+00 7.499924e-02 3.326413e-02 3.814754e-02 4.553740e-02 1.212036e-01 1.659148e-01 1.582393e-01 1.783006e-01 2.069432e-01 2.106532e-01 1.557696e-01 1.687734e-01 1.639379e-01 7.812427e-03
<GCONST> 7.574478e+01
<STATE> 13
<MEAN> 39
 -3.574067e+00 1.207060e+00 -2.398539e+00 -3.373138e+00 5.925282e+00 -2.057580e+00 -5.480697e+00 -1.435302e+01 -9.388105e+00 -2.009913e+01 -1.377766e+01 -1.806633e+01 6.378008e+01 -4.282204e-01 9.162894e-01 1.299993e+00 7.969928e-01 -1.013417e-01 -1.915451e-02 1.752126e-01 -7.179125e-01 -1.538721e+00 -8.723351e-01 -2.346981e-01 -3.785109e-01 -4.768907e-01 -1.315149e-02 -1.802278e-01 -1.771901e-01 -1.205749e-01 -4.980388e-02 -1.139125e-01 -4.463661e-02 8.978646e-02 1.643501e-01 2.528159e-01 9.487801e-02 3.887224e-02 6.207933e-02
<VARIANCE> 39
 5.268343e+00 1.393388e+01 2.579023e+01 8.714000e+00 9.447975e+00 1.035398e+01 1.705325e+01 4.079909e+01 6.771227e+01 6.457925e+01 6.084545e+01 2.799735e+01 2.407317e+00 2.982222e-01 2.351409e-01 7.018881e-01 6.386518e-01 5.050346e-01 9.863710e-01 1.409546e+00 1.226003e+00 1.039877e+00 9.213916e-01 6.558014e-01 8.019624e-01 1.092282e-01 4.393017e-02 4.034021e-02 7.981861e-02 1.061383e-01 9.642007e-02 2.243244e-01 2.588928e-01 1.532045e-01 1.801020e-01 1.354608e-01 1.661481e-01 2.400993e-01 1.702884e-02
<GCONST> 7.353376e+01
<STATE> 14
<MEAN> 39
 -4.615170e+00 3.854406e+00 1.747420e+00 -1.866190e+00 4.346850e+00 -2.760387e+00 -4.147095e+00 -1.199046e+01 -7.950159e+00 -1.647317e+01 -8.594539e+00 -1.494343e+01 6.264930e+01 -9.899617e-01 -3.288595e-02 3.949372e-01 1.402544e-01 7.078186e-02 -2.811491e-01 3.205059e-01 3.469301e-01 3.868578e-01 3.355268e-01 -9.142226e-02 -5.484466e-02 -5.675834e-01 -1.553279e-01 -3.015317e-01 -2.415119e-01 -1.962925e-01 9.289879e-02 -2.473898e-02 2.054897e-01 1.612529e-01 3.393323e-01 3.501555e-01 1.295239e-01 2.963217e-01 -8.894871e-03
<VARIANCE> 39
 3.034661e+00 8.641656e+00 1.364364e+01 1.020282e+01 1.227086e+01 1.177704e+01 1.308151e+01 6.921538e+01 8.929973e+01 7.865111e+01 7.283010e+01 4.149002e+01 1.353321e+00 2.340204e-01 3.717791e-01 2.187842e-01 3.665149e-01 7.306589e-01 7.055421e-01 8.066890e-01 1.578179e+00 1.051569e+00 6.426626e-01 1.954786e+00 9.729010e-01 6.217390e-02 2.109413e-02 5.129756e-02 4.886327e-02 1.173804e-01 1.043477e-01 1.855478e-01 7.263353e-02 2.169823e-01 1.705310e-01 1.365672e-01 2.774264e-01 1.982919e-01 5.464240e-03
<GCONST> 6.896741e+01
<STATE> 15
<MEAN> 39
 -9.324765e+00 2.772509e+00 2.810355e+00 -1.237641e+00 4.483419e+00 -3.038638e+00 -9.806935e-01 -1.032476e+01 -5.418704e+00 -1.314640e+01 -7.179570e+00 -1.205208e+01 6.037267e+01 -1.188105e+00 -4.386517e-01 4.605396e-02 9.254922e-02 -6.037207e-02 1.268317e-02 5.918730e-01 2.659532e-01 2.066101e-01 1.813099e-01 3.024239e-01 7.680852e-01 -5.423250e-01 6.165279e-02 -8.479685e-02 -8.400842e-03 -3.110087e-02 -1.218910e-01 1.146254e-01 -3.730132e-02 1.123665e-01 -6.579969e-03 -2.161672e-01 -3.848005e-02 -1.270819e-02 2.274687e-02
<VARIANCE> 39
 6.008829e+00 1.523427e+01 1.709808e+01 7.575129e+00 8.609354e+00 1.572387e+01 1.890197e+01 3.297807e+01 5.674342e+01 6.744415e+01 4.073179e+01 2.821764e+01 1.944521e+00 1.403874e-01 2.438081e-01 4.148189e-01 4.176949e-01 4.667474e-01 9.549328e-01 1.211146e+00 7.306297e-01 1.829169e+00 9.958451e-01 7.797778e-01 6.832809e-01 5.009016e-02 2.963770e-02 8.177999e-02 8.202726e-02 8.114627e-02 9.858859e-02 1.879811e-01 1.630923e-01 1.365467e-01 3.208278e-01 9.449909e-02 9.458230e-02 1.864081e-01 1.015716e-02
<GCONST> 6.832986e+01
<STATE> 16
<MEAN> 39
 -1.213206e+01 8.450809e-01 2.659088e+00 -1.831474e+00 3.891650e+00 -1.359958e+00 2.289897e+00 -4.321584e+00 1.993967e-01 -1.077246e+01 -4.754849e+00 -8.946488e+00 5.876836e+01 -5.919791e-01 -5.298642e-01 4.799131e-01 5.001383e-01 -3.983449e-01 4.719167e-01 6.543404e-01 8.170027e-01 1.587052e-01 -8.993292e-01 -5.327999e-01 -3.526646e-01 -4.277835e-01 1.197608e-01 7.838735e-02 7.374681e-02 2.355185e-01 1.863717e-01 4.336647e-02 4.405699e-02 -1.162018e-03 -1.591586e-01 1.069046e-01 8.458319e-02 -1.409976e-01 7.654221e-02
<VARIANCE> 39
 2.603445e+00 1.034637e+01 1.403515e+01 1.080390e+01 2.711768e+01 2.150328e+01 2.592118e+01 3.477801e+01 3.503875e+01 4.172672e+01 3.090088e+01 2.173355e+01 5.833575e-01 1.007133e-01 6.418812e-01 6.543584e-01 7.418198e-01 8.247879e-01 1.086653e+00 1.458669e+00 1.066693e+00 1.375430e+00 1.126121e+00 1.337668e+00 9.946164e-01 9.424948e-02 3.211356e-02 1.080216e-01 1.337006e-01 7.533365e-02 1.721207e-01 2.756112e-01 3.471852e-01 2.298511e-01 3.611298e-01 2.890031e-01 2.986445e-01 1.568015e-01 9.200602e-03
<GCONST> 7.580708e+01
<STATE> 17
<MEAN> 39
 -1.488362e+01 2.656738e-01 7.978698e+00 5.347990e+00 6.745847e+00 -1.086910e-01 6.112231e+00 1.813367e+00 4.814888e+00 -7.773630e+00 -3.872279e+00 -8.742431e+00 5.718837e+01 -1.950531e-01 -1.804112e-01 8.960040e-02 2.472738e-01 5.813444e-02 2.800275e-02 3.005210e-01 2.121761e-01 -7.199102e-02 1.001577e-01 2.105682e-01 2.885659e-01 -1.139396e-01 -2.015105e-02 -9.276196e-02 -1.858324e-01 -9.349237e-02 3.072292e-02 -3.499787e-02 -1.653311e-02 -2.500519e-02 2.597317e-02 4.469169e-02 -7.230736e-03 6.370209e-02 3.170486e-03
<VARIANCE> 39
 7.107156e+00 4.168026e+00 1.508107e+01 2.113886e+01 2.330020e+01 2.736178e+01 4.273631e+01 3.645650e+01 3.743690e+01 4.180973e+01 1.369361e+01 1.859323e+01 2.014459e+00 5.019995e-01 3.758727e-01 1.377252e+00 1.497083e+00 1.618832e+00 2.011428e+00 3.060536e+00 1.107042e+00 1.126110e+00 1.017021e+00 1.298121e+00 5.607302e-01 1.381107e-01 8.799522e-02 3.538946e-02 1.542761e-01 1.513193e-01 3.303463e-01 2.443989e-01 3.761825e-01 2.179787e-01 1.435122e-01 1.864900e-01 2.575416e-01 1.337777e-01 2.053756e-02
<GCONST> 8.210892e+01
<STATE> 18
<MEAN> 39
 -1.523541e+01 -1.664574e+00 3.682061e+00 2.589125e+00 6.738988e+00 1.083450e+00 6.379136e+00 -2.073628e+00 -2.859641e+00 -1.342356e+01 -5.299885e+00 -9.361301e+00 5.714959e+01 -6.464614e-01 -8.411519e-01 -4.241802e-01 3.090580e-01 5.510935e-01 5.232896e-01 5.118123e-01 1.733614e-01 2.768248e-01 3.926758e-01 1.471103e-01 6.276994e-02 -2.705333e-01 -4.812537e-03 -2.953184e-02 -9.700755e-03 -1.386702e-01 -5.678571e-02 5.435939e-02 -8.292184e-02 -3.849094e-02 1.512057e-01 1.736971e-01 1.854412e-02 -4.837819e-02 -2.010487e-02
<VARIANCE> 39
 1.245361e+00 4.274885e+00 7.660407e+00 9.417447e+00 2.834784e+01 1.381833e+01 3.519725e+01 9.162628e+01 4.376454e+01 3.174707e+01 2.400953e+01 2.352610e+01 2.765709e-01 7.975347e-02 4.204451e-01 6.648347e-01 4.496709e-01 7.696000e-01 1.092231e+00 9.604676e-01 1.622683e+00 9.591409e-01 8.603325e-01 1.230693e+00 1.426677e+00 4.042601e-02 7.958915e-03 6.223058e-02 9.360489e-02 1.671251e-01 1.302782e-01 1.669420e-01 2.307779e-01 3.054523e-01 2.516392e-01 2.149516e-01 1.608912e-01 2.647064e-01 6.424934e-03
<GCONST> 6.742566e+01
<STATE> 19
<MEAN> 39
 -1.888591e+01 -5.972971e+00 1.894123e+00 1.980551e+00 7.492034e+00 4.673732e+00 9.886879e+00 -5.010131e-01 -3.149872e-02 -9.698895e+00 -4.648410e+00 -1.012921e+01 5.541430e+01 -5.962272e-01 -7.342947e-01 -5.571343e-01 -3.756977e-01 7.669149e-02 4.023005e-01 5.085987e-01 5.079479e-01 4.358150e-01 5.985633e-01 6.840739e-02 -2.523077e-01 -2.371449e-01 7.027435e-02 1.048151e-01 -1.796941e-02 3.311505e-03 3.858244e-02 -5.381276e-02 -8.546642e-02 -1.338109e-02 -1.006513e-01 -1.515795e-01 -2.777701e-02 2.636773e-02 5.405489e-02
<VARIANCE> 39
 3.820927e+00 8.356322e+00 8.275604e+00 1.344205e+01 3.555798e+01 4.122621e+01 4.829413e+01 4.109699e+01 2.286255e+01 4.830687e+01 4.411766e+01 2.282087e+01 1.047140e+00 1.172464e-01 5.104758e-01 3.888907e-01 1.233136e+00 1.963786e+00 1.914867e+00 2.349000e+00 2.293553e+00 1.351243e+00 2.097960e+00 1.500151e+00 1.079800e+00 4.278224e-02 1.164150e-02 9.930971e-02 1.025961e-01 2.102069e-01 2.827480e-01 2.318432e-01 4.272703e-01 4.625321e-01 2.075437e-01 3.757100e-01 3.106432e-01 2.236010e-01 5.891811e-03
<GCONST> 8.123597e+01
<TRANSP> 20
 0.000000e+00 1.000000e+00 0.000000e+00 0.000000e+00 0.000000e+00 0.000000e+00 0.000000e+00 0.000000e+00 0.000000e+00 0.000000e+00 0.000000e+00 0.000000e+00 0.000000e+00 0.000000e+00 0.000000e+00 0.000000e+00 0.000000e+00 0.000000e+00 0.000000e+00 0.000000e+00
 0.000000e+00 6.919000e-01 3.081000e-01 0.000000e+00 0.000000e+00 0.000000e+00 0.000000e+00 0.000000e+00 0.000000e+00 0.000000e+00 0.000000e+00 0.000000e+00 0.000000e+00 0.000000e+00 0.000000e+00 0.000000e+00 0.000000e+00 0.000000e+00 0.000000e+00 0.000000e+00
 0.000000e+00 0.000000e+00 7.821758e-01 2.178242e-01 0.000000e+00 0.000000e+00 0.000000e+00 0.000000e+00 0.000000e+00 0.000000e+00 0.000000e+00 0.000000e+00 0.000000e+00 0.000000e+00 0.000000e+00 0.000000e+00 0.000000e+00 0.000000e+00 0.000000e+00 0.000000e+00
 0.000000e+00 0.000000e+00 0.000000e+00 7.148767e-01 2.851233e-01 0.000000e+00 0.000000e+00 0.000000e+00 0.000000e+00 0.000000e+00 0.000000e+00 0.000000e+00 0.000000e+00 0.000000e+00 0.000000e+00 0.000000e+00 0.000000e+00 0.000000e+00 0.000000e+00 0.000000e+00
 0.000000e+00 0.000000e+00 0.000000e+00 0.000000e+00 7.494451e-01 2.505549e-01 0.000000e+00 0.000000e+00 0.000000e+00 0.000000e+00 0.000000e+00 0.000000e+00 0.000000e+00 0.000000e+00 0.000000e+00 0.000000e+00 0.000000e+00 0.000000e+00 0.000000e+00 0.000000e+00
 0.000000e+00 0.000000e+00 0.000000e+00 0.000000e+00 0.000000e+00 7.119858e-01 2.880142e-01 0.000000e+00 0.000000e+00 0.000000e+00 0.000000e+00 0.000000e+00 0.000000e+00 0.000000e+00 0.000000e+00 0.000000e+00 0.000000e+00 0.000000e+00 0.000000e+00 0.000000e+00
 0.000000e+00 0.000000e+00 0.000000e+00 0.000000e+00 0.000000e+00 0.000000e+00 7.023121e-01 2.976879e-01 0.000000e+00 0.000000e+00 0.000000e+00 0.000000e+00 0.000000e+00 0.000000e+00 0.000000e+00 0.000000e+00 0.000000e+00 0.000000e+00 0.000000e+00 0.000000e+00
 0.000000e+00 0.000000e+00 0.000000e+00 0.000000e+00 0.000000e+00 0.000000e+00 0.000000e+00 7.583637e-01 2.416363e-01 0.000000e+00 0.000000e+00 0.000000e+00 0.000000e+00 0.000000e+00 0.000000e+00 0.000000e+00 0.000000e+00 0.000000e+00 0.000000e+00 0.000000e+00
 0.000000e+00 0.000000e+00 0.000000e+00 0.000000e+00 0.000000e+00 0.000000e+00 0.000000e+00 0.000000e+00 7.955016e-01 2.044984e-01 0.000000e+00 0.000000e+00 0.000000e+00 0.000000e+00 0.000000e+00 0.000000e+00 0.000000e+00 0.000000e+00 0.000000e+00 0.000000e+00
 0.000000e+00 0.000000e+00 0.000000e+00 0.000000e+00 0.000000e+00 0.000000e+00 0.000000e+00 0.000000e+00 0.000000e+00 7.814102e-01 2.185899e-01 0.000000e+00 0.000000e+00 0.000000e+00 0.000000e+00 0.000000e+00 0.000000e+00 0.000000e+00 0.000000e+00 0.000000e+00
 0.000000e+00 0.000000e+00 0.000000e+00 0.000000e+00 0.000000e+00 0.000000e+00 0.000000e+00 0.000000e+00 0.000000e+00 0.000000e+00 6.843265e-01 3.156735e-01 0.000000e+00 0.000000e+00 0.000000e+00 0.000000e+00 0.000000e+00 0.000000e+00 0.000000e+00 0.000000e+00
 0.000000e+00 0.000000e+00 0.000000e+00 0.000000e+00 0.000000e+00 0.000000e+00 0.000000e+00 0.000000e+00 0.000000e+00 0.000000e+00 0.000000e+00 8.053099e-01 1.946901e-01 0.000000e+00 0.000000e+00 0.000000e+00 0.000000e+00 0.000000e+00 0.000000e+00 0.000000e+00
 0.000000e+00 0.000000e+00 0.000000e+00 0.000000e+00 0.000000e+00 0.000000e+00 0.000000e+00 0.000000e+00 0.000000e+00 0.000000e+00 0.000000e+00 0.000000e+00 6.493012e-01 3.506987e-01 0.000000e+00 0.000000e+00 0.000000e+00 0.000000e+00 0.000000e+00 0.000000e+00
 0.000000e+00 0.000000e+00 0.000000e+00 0.000000e+00 0.000000e+00 0.000000e+00 0.000000e+00 0.000000e+00 0.000000e+00 0.000000e+00 0.000000e+00 0.000000e+00 0.000000e+00 6.123089e-01 3.876911e-01 0.000000e+00 0.000000e+00 0.000000e+00 0.000000e+00 0.000000e+00
 0.000000e+00 0.000000e+00 0.000000e+00 0.000000e+00 0.000000e+00 0.000000e+00 0.000000e+00 0.000000e+00 0.000000e+00 0.000000e+00 0.000000e+00 0.000000e+00 0.000000e+00 0.000000e+00 7.565854e-01 2.434146e-01 0.000000e+00 0.000000e+00 0.000000e+00 0.000000e+00
 0.000000e+00 0.000000e+00 0.000000e+00 0.000000e+00 0.000000e+00 0.000000e+00 0.000000e+00 0.000000e+00 0.000000e+00 0.000000e+00 0.000000e+00 0.000000e+00 0.000000e+00 0.000000e+00 0.000000e+00 7.043317e-01 2.956683e-01 0.000000e+00 0.000000e+00 0.000000e+00
 0.000000e+00 0.000000e+00 0.000000e+00 0.000000e+00 0.000000e+00 0.000000e+00 0.000000e+00 0.000000e+00 0.000000e+00 0.000000e+00 0.000000e+00 0.000000e+00 0.000000e+00 0.000000e+00 0.000000e+00 0.000000e+00 7.269312e-01 2.730688e-01 0.000000e+00 0.000000e+00
 0.000000e+00 0.000000e+00 0.000000e+00 0.000000e+00 0.000000e+00 0.000000e+00 0.000000e+00 0.000000e+00 0.000000e+00 0.000000e+00 0.000000e+00 0.000000e+00 0.000000e+00 0.000000e+00 0.000000e+00 0.000000e+00 0.000000e+00 7.544970e-01 2.455031e-01 0.000000e+00
 0.000000e+00 0.000000e+00 0.000000e+00 0.000000e+00 0.000000e+00 0.000000e+00 0.000000e+00 0.000000e+00 0.000000e+00 0.000000e+00 0.000000e+00 0.000000e+00 0.000000e+00 0.000000e+00 0.000000e+00 0.000000e+00 0.000000e+00 0.000000e+00 7.657777e-01 2.342223e-01
 0.000000e+00 0.000000e+00 0.000000e+00 0.000000e+00 0.000000e+00 0.000000e+00 0.000000e+00 0.000000e+00 0.000000e+00 0.000000e+00 0.000000e+00 0.000000e+00 0.000000e+00 0.000000e+00 0.000000e+00 0.000000e+00 0.000000e+00 0.000000e+00 0.000000e+00 0.000000e+00
<ENDHMM>
