~o
<STREAMINFO> 1 39
<VECSIZE> 39<NULLD><MFCC_D_A_0><DIAGC>
~h "lebih"
<BEGINHMM>
<NUMSTATES> 20
<STATE> 2
<MEAN> 39
 -1.655955e+01 -5.573800e+00 -2.147572e+00 -4.085506e+00 -5.279186e-03 -4.702535e+00 2.596851e-01 -6.377317e+00 -1.086089e+00 -7.751869e+00 -1.898958e-01 -5.878217e+00 5.700000e+01 2.408592e+00 1.996263e+00 1.413296e+00 6.675580e-01 -7.867432e-01 -1.861178e+00 -2.253393e+00 -2.129067e+00 -1.039961e+00 -1.791746e-01 -3.950826e-01 -2.158478e-01 1.206292e+00 7.674184e-01 1.965943e-01 8.284859e-02 -1.804872e-01 -3.775605e-01 -4.597863e-01 -8.155481e-01 -6.139803e-01 2.078269e-01 7.227361e-01 -1.521099e-01 -2.950960e-01 5.627648e-01
<VARIANCE> 39
 6.599112e+00 1.142529e+01 1.075851e+01 1.042213e+01 8.005214e+00 7.024994e+00 1.282894e+01 1.520728e+01 1.225985e+01 1.803842e+01 2.097848e+01 1.628220e+01 1.125795e+00 2.372093e+00 2.021429e+00 1.819913e+00 1.974118e+00 3.043494e+00 4.232843e+00 6.572886e+00 4.647730e+00 3.260169e+00 5.685589e+00 3.398906e+00 3.310556e+00 8.063884e-01 1.243574e-01 2.781355e-01 3.120663e-01 4.518432e-01 6.292540e-01 6.184053e-01 5.250322e-01 8.901396e-01 4.838093e-01 6.961840e-01 6.165148e-01 4.361205e-01 8.867697e-02
<GCONST> 1.034681e+02
<STATE> 3
<MEAN> 39
 -3.984962e+00 3.525187e+00 4.977101e+00 -2.102371e+00 -2.822526e+00 -1.450331e+01 -1.567527e+01 -1.701452e+01 -2.064105e+00 -3.057311e+00 -5.300015e-01 -8.763451e+00 6.413046e+01 2.797868e+00 3.660578e-01 3.217291e-01 -5.785108e-01 -1.058660e+00 -1.863592e+00 -3.549822e+00 -6.988121e-01 2.195082e+00 3.016381e+00 3.613464e-03 -1.328455e+00 2.371943e+00 -5.686658e-01 -1.038535e+00 -6.218324e-01 -3.445466e-01 2.714992e-01 8.205035e-01 6.900433e-01 1.079038e+00 8.348749e-01 3.221914e-01 9.843770e-02 -1.543172e-01 -1.314914e-02
<VARIANCE> 39
 8.718148e+00 8.785384e+00 2.187233e+01 2.391188e+01 8.056507e+01 4.124770e+01 4.971941e+01 3.733552e+01 2.889748e+01 6.968015e+01 3.785066e+01 3.663583e+01 7.447181e+00 1.795832e+00 3.591126e+00 2.967290e+00 2.541876e+00 7.671750e+00 1.038146e+01 4.699315e+00 1.316802e+01 3.740201e+00 5.792020e+00 6.761451e+00 3.935081e+00 1.020202e+00 1.063838e-01 1.479138e-01 3.572040e-01 3.162387e-01 7.876852e-01 9.677770e-01 7.050230e-01 1.022843e+00 9.496348e-01 1.482759e+00 6.789179e-01 8.009226e-01 8.476801e-02
<GCONST> 1.238588e+02
<STATE> 4
<MEAN> 39
 6.579443e-01 -4.508618e+00 1.029738e+00 -7.016262e+00 -6.259483e+00 -1.208100e+01 -1.864404e+01 -1.198188e+01 8.570263e+00 7.154474e+00 -1.404455e+00 -1.327238e+01 7.239312e+01 7.958785e-01 -1.220237e+00 -5.839587e-01 -4.280795e-01 1.860307e-01 1.224625e+00 -3.953731e-01 3.780627e-02 2.483389e-01 2.244202e-01 5.081729e-02 1.139442e-01 1.066966e+00 -5.306954e-01 6.009060e-01 2.413012e-01 4.803911e-01 6.815814e-01 4.912891e-01 8.760912e-01 -2.696860e-01 -1.124105e+00 -1.232314e+00 4.121414e-02 4.385328e-01 -8.501714e-01
<VARIANCE> 39
 3.245043e+00 2.025470e+01 7.607061e+01 1.778080e+01 1.576148e+02 2.157146e+02 1.270082e+02 1.895149e+02 4.187745e+01 1.020437e+02 1.142182e+02 3.377477e+01 1.643526e+01 4.500001e-01 2.316554e+00 2.407922e+00 1.440348e+00 3.354808e+00 4.736840e+00 3.348169e+00 9.503037e+00 6.567508e+00 7.254314e+00 4.974161e+00 3.735897e+00 1.489422e+00 1.852717e-01 3.792690e-01 4.837818e-01 2.500225e-01 8.386946e-01 1.871731e+00 6.794987e-01 1.475594e+00 5.481749e-01 8.848137e-01 1.121611e+00 8.155850e-01 1.359577e-01
<GCONST> 1.305860e+02
<STATE> 5
<MEAN> 39
 1.020430e+00 -1.867656e+00 1.093737e+00 -5.976841e+00 -2.555421e+00 -6.904064e+00 -1.505850e+01 -1.452548e+01 3.056926e+00 1.718331e+00 -4.779557e-01 -1.158346e+01 7.019424e+01 -5.062529e-01 1.376667e+00 5.768172e-01 6.430736e-01 1.223948e+00 6.378562e-01 1.787654e+00 1.799980e-01 -7.733978e-01 -2.340060e+00 -9.693020e-01 -6.138830e-01 -1.199385e+00 -3.015759e-01 1.264692e-01 1.956955e-01 5.630859e-02 -3.089095e-01 -4.227891e-01 2.335903e-01 3.708929e-01 2.478339e-01 -3.717615e-02 -1.851034e-01 -1.757107e-01 -1.907572e-01
<VARIANCE> 39
 3.575510e+00 1.127692e+01 4.041716e+01 1.596699e+01 8.951971e+01 1.345401e+02 1.106416e+02 1.664689e+02 3.095623e+01 8.948264e+01 1.089095e+02 3.655457e+01 1.177495e+01 2.060984e-01 4.319420e-01 1.342081e+00 5.356205e-01 2.710753e+00 3.947284e+00 2.316927e+00 2.779792e+00 1.632103e+00 2.803169e+00 3.173666e+00 2.695464e+00 2.663397e-01 6.221972e-02 1.523603e-01 1.538612e-01 1.173251e-01 2.254846e-01 2.038479e-01 4.419414e-01 4.730079e-01 3.825028e-01 7.002977e-01 7.529159e-01 6.557391e-01 8.470270e-02
<GCONST> 1.057613e+02
<STATE> 6
<MEAN> 39
 -2.561064e+00 2.027755e+00 3.204506e+00 -2.854877e+00 -1.135894e+00 -9.908078e+00 -1.015875e+01 -1.133012e+01 1.218194e+00 -5.043633e+00 -3.807859e+00 -1.222236e+01 6.543062e+01 -7.624356e-01 6.077815e-01 4.402376e-01 5.050700e-01 2.714304e-01 2.229112e-01 1.117174e+00 6.975112e-01 -8.025047e-01 -7.502442e-01 -1.944600e-02 1.164574e-01 -8.315033e-01 3.320519e-02 -1.220001e-01 -1.794371e-02 -3.198308e-02 7.750465e-03 4.222798e-02 -1.568326e-01 4.638781e-03 -5.433666e-02 1.212470e-01 1.300533e-01 9.912058e-02 1.035240e-01
<VARIANCE> 39
 5.343928e+00 4.979798e+00 1.455230e+01 1.514655e+01 3.939747e+01 4.350994e+01 3.699946e+01 8.287404e+01 2.749840e+01 3.494933e+01 7.775127e+01 3.380177e+01 6.400910e+00 9.976246e-02 3.068922e-01 4.357421e-01 7.034893e-01 7.594298e-01 1.736624e+00 1.595025e+00 1.643904e+00 1.137693e+00 1.469301e+00 2.196986e+00 1.242419e+00 7.554630e-02 1.963890e-02 6.388131e-02 6.167088e-02 1.282948e-01 9.574497e-02 1.812845e-01 2.151229e-01 3.049702e-01 1.686801e-01 2.855690e-01 3.937589e-01 2.949543e-01 6.963925e-03
<GCONST> 7.948336e+01
<STATE> 7
<MEAN> 39
 -4.236814e+00 4.162613e+00 4.792763e+00 -1.996218e+00 3.638881e-01 -7.166698e+00 -7.037147e+00 -9.765800e+00 -7.419373e-01 -7.397289e+00 -3.965095e+00 -1.180003e+01 6.329510e+01 -4.841408e-01 -9.105603e-02 9.068877e-01 1.052713e+00 -7.588058e-02 -7.328557e-01 2.609231e-01 6.102177e-01 -5.430009e-01 -1.530335e+00 1.997661e-01 5.156285e-01 -1.389167e-01 1.776386e-01 -3.976937e-01 5.260896e-01 2.860062e-01 -9.971113e-01 -1.177583e+00 -4.262109e-01 -1.845949e-02 -5.356447e-01 -7.387140e-02 6.975638e-01 4.030081e-01 4.620533e-01
<VARIANCE> 39
 5.497567e+00 4.323937e+00 5.709178e+00 1.576794e+01 2.313014e+01 2.314400e+01 3.725863e+01 4.161904e+01 2.024654e+01 2.179711e+01 3.801887e+01 1.395550e+01 3.036523e+00 1.157131e-01 5.486721e-01 8.730370e-01 1.347379e+00 1.106979e+00 4.673284e+00 2.279300e+00 2.231884e+00 2.252887e+00 1.933882e+00 2.992096e+00 2.134322e+00 2.299820e-01 3.985122e-02 1.065478e-01 3.552787e-01 2.817921e-01 7.907788e-01 2.940850e-01 5.328280e-01 6.722281e-01 5.796112e-01 6.578974e-01 8.394745e-01 3.004547e-01 4.744043e-02
<GCONST> 9.334293e+01
<STATE> 8
<MEAN> 39
 -5.473527e+00 1.578476e+00 9.024056e+00 3.423842e+00 -2.951669e+00 -1.482177e+01 -6.735937e+00 -7.195822e+00 -6.285749e+00 -1.265069e+01 1.770310e-01 -8.608099e+00 6.446866e+01 2.184774e-01 -9.828649e-01 2.954813e+00 1.168368e+00 -4.756176e+00 -3.904881e+00 -2.517567e-01 -7.188442e-02 -3.488131e+00 -4.651459e-01 3.280675e+00 1.668705e+00 1.354209e+00 1.667141e-01 7.042442e-02 4.634391e-01 -4.567382e-01 -1.144698e+00 3.045320e-01 -9.957711e-02 -6.036336e-01 -8.322338e-02 8.812210e-01 3.863126e-01 -1.176893e-01 2.999281e-01
<VARIANCE> 39
 7.105505e+00 9.551960e+00 2.645124e+01 3.035435e+01 6.485664e+01 6.513498e+01 2.709040e+01 7.529160e+01 6.326711e+01 2.603559e+01 4.475923e+01 2.850513e+01 7.410941e+00 3.800821e-01 1.384498e+00 3.654394e+00 5.043468e+00 7.397060e+00 2.129118e+00 5.389596e+00 7.723809e+00 5.327223e+00 6.462338e+00 5.090779e+00 2.544525e+00 3.865064e-01 7.943697e-02 2.548792e-01 3.283676e-01 6.781024e-01 8.223062e-01 1.432303e+00 5.898858e-01 5.827042e-01 8.431534e-01 2.626712e-01 8.863449e-01 6.509990e-01 9.566858e-02
<GCONST> 1.183102e+02
<STATE> 9
<MEAN> 39
 -4.555943e+00 -9.408864e-01 2.083026e+01 2.484487e+00 -2.089895e+01 -1.943500e+01 -7.751184e+00 -8.703335e+00 -1.482246e+01 -8.966971e+00 1.138923e+01 -7.664545e+00 6.982619e+01 -1.438117e-01 1.398527e-01 2.327151e+00 -6.391551e-01 -3.630648e+00 5.826605e-01 -7.215731e-01 -1.502094e+00 -5.682918e-01 1.102383e+00 1.256907e+00 6.797211e-01 8.304884e-01 -2.078412e-01 4.391143e-01 -7.800036e-01 -2.461206e-01 1.529569e+00 1.233952e+00 -1.330658e-01 -1.133977e-01 9.927294e-01 -1.443883e-01 -9.358140e-01 -1.574859e-01 -4.899469e-01
<VARIANCE> 39
 3.863175e+00 1.488451e+01 9.097626e+01 6.872625e+01 1.638062e+02 2.986851e+01 8.021370e+01 2.759838e+02 4.433603e+01 7.786644e+01 1.165852e+02 2.577485e+01 1.426845e+01 7.522398e-01 1.009521e+00 2.981292e+00 4.327500e+00 8.207308e+00 5.076345e+00 2.727460e+00 4.763867e+00 5.177269e+00 3.910168e+00 3.918059e+00 4.601111e+00 6.335061e-01 4.507161e-02 1.228003e-01 3.301295e-01 6.789123e-01 8.060384e-01 6.244473e-01 5.261563e-01 1.174084e+00 5.733736e-01 9.179955e-01 5.565236e-01 8.541718e-01 4.158623e-02
<GCONST> 1.233767e+02
<STATE> 10
<MEAN> 39
 -7.526116e+00 3.879060e+00 1.685874e+01 -2.695690e+00 -1.110400e+01 -1.320791e+01 -9.766807e+00 -1.219184e+01 -5.759522e+00 -1.298199e+01 7.633220e+00 -2.557281e+00 6.826098e+01 -7.956592e-01 6.274372e-01 2.968033e-01 -5.787457e-01 8.136073e-01 1.305004e+00 2.160898e-01 -4.246548e-01 5.310880e-01 -3.387511e-01 3.110922e-01 4.549749e-03 -3.324373e-01 1.818838e-02 8.913181e-03 -2.243604e-01 2.361468e-01 6.657511e-01 6.019918e-02 2.334161e-01 1.762085e-01 -5.338696e-02 -1.010870e-02 -2.104615e-01 -3.311777e-01 -2.052999e-01
<VARIANCE> 39
 2.521710e+01 2.100738e+01 8.412106e+01 1.131536e+02 3.815958e+02 3.728086e+01 7.036250e+01 8.548183e+01 8.779897e+01 9.194994e+01 8.603675e+01 2.131627e+01 9.493944e+00 7.962290e-01 3.011601e-01 6.086945e-01 1.827003e+00 1.838247e+00 1.139371e+00 3.232032e+00 1.384269e+00 1.199973e+00 2.270265e+00 2.297279e+00 2.452847e+00 1.899165e-01 1.688282e-01 3.975277e-02 2.081022e-01 3.941689e-01 7.681195e-01 4.779655e-01 5.277047e-01 2.808985e-01 5.804610e-01 6.057512e-01 2.814886e-01 4.944910e-01 5.140821e-02
<GCONST> 1.097217e+02
<STATE> 11
<MEAN> 39
 -7.407477e+00 3.974109e+00 2.360408e+01 3.343431e+00 -1.782307e+01 -1.060699e+01 -7.439261e+00 -1.337666e+01 -1.305683e+01 -6.953406e+00 1.258067e+01 -7.626962e+00 6.805131e+01 -1.219053e-01 6.854160e-01 -4.888398e-01 4.720574e-02 2.091438e+00 6.046609e-01 5.339717e-01 -1.174564e-01 6.903148e-01 2.453701e-01 -5.126916e-01 3.594341e-01 -7.627653e-01 -5.651058e-02 -1.482627e-01 -2.951355e-01 6.233214e-02 2.588100e-01 -1.175603e-01 3.146479e-01 1.160968e-01 1.259107e-01 -9.814532e-02 -2.288982e-01 2.523229e-01 -9.382194e-02
<VARIANCE> 39
 1.409893e+01 1.144176e+01 5.113686e+01 6.609069e+01 1.570421e+02 3.451212e+01 3.316352e+01 8.191491e+01 3.366375e+01 5.067352e+01 7.837877e+01 3.208435e+01 5.643111e+00 2.306726e-01 3.860890e-01 8.969164e-01 1.340037e+00 2.729804e+00 1.468008e+00 1.935993e+00 1.390100e+00 1.837170e+00 1.085746e+00 1.199352e+00 1.978322e+00 2.697728e-01 5.696178e-02 6.819439e-02 8.931868e-02 1.298120e-01 2.469018e-01 2.742048e-01 2.912127e-01 2.334942e-01 1.777298e-01 2.007908e-01 1.503553e-01 3.770869e-01 1.563961e-02
<GCONST> 9.303128e+01
<STATE> 12
<MEAN> 39
 -7.418067e+00 5.492005e+00 1.638099e+01 8.354922e-01 -7.003408e+00 -1.046639e+01 -6.791541e+00 -1.363855e+01 -6.688164e+00 -8.245693e+00 4.044647e+00 -4.619653e+00 6.399455e+01 -7.908232e-01 -2.150355e-01 -9.277844e-01 8.389615e-02 1.360511e+00 1.226720e+00 6.272534e-01 -8.685202e-01 4.510161e-01 8.309104e-02 -1.243965e+00 2.733509e-01 -5.417227e-01 -1.097394e-01 -2.580169e-01 -1.051665e-01 -2.224101e-01 -1.925357e-01 -7.948968e-02 -7.105913e-02 -8.025064e-02 -7.920944e-02 -1.205711e-02 9.984753e-02 4.923235e-02 1.051080e-01
<VARIANCE> 39
 8.275153e+00 7.879884e+00 4.211330e+01 2.507241e+01 7.577305e+01 1.965987e+01 3.313567e+01 9.174717e+01 1.983147e+01 8.752000e+01 6.548024e+01 2.229022e+01 3.094397e+00 3.356603e-01 2.808568e-01 8.754866e-01 1.441573e+00 1.329110e+00 1.183898e+00 1.273102e+00 2.935625e+00 2.192397e+00 2.139285e+00 2.594579e+00 1.409998e+00 9.433445e-02 3.630455e-02 3.710056e-02 7.261525e-02 6.263129e-02 1.725427e-01 2.216964e-01 1.640950e-01 3.966717e-01 2.482798e-01 2.900520e-01 2.887605e-01 3.025362e-01 2.014637e-02
<GCONST> 8.717013e+01
<STATE> 13
<MEAN> 39
 -1.274314e+01 2.540339e-01 1.246255e+01 -9.365771e-01 -6.237559e+00 -5.216593e+00 -6.180388e+00 -2.203046e+01 -4.952167e+00 -6.835455e+00 1.284202e-01 -2.706988e+00 6.389821e+01 -7.507445e-01 -6.496902e-01 -8.824614e-01 -4.535238e-01 1.368265e+00 5.690777e-01 2.584837e-01 -5.907407e-01 3.980699e-01 -2.552393e-01 -6.928164e-01 5.050221e-01 -2.938521e-01 9.592292e-02 5.771424e-02 1.396050e-01 3.264036e-02 -1.847629e-01 -2.355916e-01 -2.409481e-01 2.205320e-01 -2.074532e-01 -2.919259e-01 8.303794e-02 -1.816487e-01 -3.774755e-04
<VARIANCE> 39
 1.097661e+01 3.489132e+01 5.482742e+01 2.278766e+01 6.927564e+01 1.318890e+01 2.628434e+01 4.582415e+01 1.757304e+01 6.346456e+01 2.793597e+01 5.148479e+01 4.880394e+00 5.122020e-01 1.583673e+00 1.168450e+00 1.641840e+00 1.285023e+00 1.095945e+00 8.167810e-01 1.604819e+00 1.401677e+00 1.295094e+00 3.162192e+00 1.910377e+00 5.049620e-01 7.098227e-02 3.099623e-01 2.346312e-01 2.061381e-01 2.074543e-01 2.591460e-01 1.696742e-01 1.630407e-01 4.165722e-01 3.548122e-01 4.559282e-01 1.638175e-01 8.916952e-02
<GCONST> 9.702702e+01
<STATE> 14
<MEAN> 39
 -1.250605e+01 2.520931e-01 7.621071e+00 -4.252833e-01 -4.011152e+00 -7.901975e+00 -7.115813e+00 -1.875137e+01 -7.001464e+00 -8.928318e+00 -9.456638e-02 -2.364504e+00 6.049910e+01 -4.251861e-01 -4.290219e-01 -7.758942e-01 4.185387e-02 1.121054e+00 9.731019e-02 -1.185257e-01 3.896547e-01 -3.017786e-01 -9.522307e-01 -4.753022e-01 -1.144707e-01 -4.865034e-01 4.436233e-02 6.947605e-02 7.104418e-02 1.688099e-01 1.534279e-01 1.445189e-01 1.760495e-01 1.808186e-01 9.398241e-02 -1.004898e-02 -4.865790e-02 -5.008570e-02 2.260148e-02
<VARIANCE> 39
 5.427610e+00 8.658810e+00 2.959562e+01 2.177310e+01 4.076288e+01 1.426405e+01 1.436486e+01 2.692392e+01 1.268219e+01 4.044840e+01 1.734555e+01 2.118406e+01 3.402516e+00 1.791891e-01 3.797147e-01 4.911658e-01 8.828201e-01 1.239235e+00 7.717828e-01 1.281314e+00 2.133442e+00 9.155284e-01 1.350941e+00 1.624547e+00 1.141122e+00 6.416637e-02 2.477993e-02 6.144622e-02 9.627166e-02 2.066877e-01 1.100542e-01 1.061597e-01 1.905030e-01 2.886792e-01 1.829579e-01 1.741049e-01 2.281402e-01 2.665943e-01 7.578132e-03
<GCONST> 7.432805e+01
<STATE> 15
<MEAN> 39
 -2.011554e+01 1.526325e-01 1.208524e+01 -4.743243e+00 6.689188e+00 4.068489e-01 -2.021826e+00 -1.885690e+01 1.757585e+00 -1.978811e+01 -7.757485e+00 1.504341e+00 6.232341e+01 -1.882263e-01 -5.470841e-01 -9.781274e-01 9.625645e-02 7.149494e-01 9.624012e-01 7.293248e-01 7.467970e-01 7.651670e-01 2.673825e-01 -5.873827e-01 -3.904092e-01 -5.175058e-01 5.778963e-02 -1.724117e-02 -8.184140e-02 -2.798067e-02 -8.779822e-02 7.803464e-02 1.357114e-01 1.395813e-01 1.685659e-02 2.686744e-01 1.420046e-01 -7.597183e-02 -3.184310e-02
<VARIANCE> 39
 2.279661e+01 1.330360e+01 4.190567e+01 2.140549e+01 2.073586e+01 3.289357e+01 3.321677e+01 3.750990e+01 6.193540e+01 3.383665e+01 5.605746e+01 2.725532e+01 8.874778e+00 2.812126e-01 3.679706e-01 5.019160e-01 7.000093e-01 1.246435e+00 6.380346e-01 1.213748e+00 1.343591e+00 2.237705e+00 1.839168e+00 8.191190e-01 1.162761e+00 7.952026e-02 2.710161e-02 5.302423e-02 6.694037e-02 1.021371e-01 8.939251e-02 1.378311e-01 1.935714e-01 2.319430e-01 4.776289e-01 2.446236e-01 3.033791e-01 2.406593e-01 9.449869e-03
<GCONST> 8.232984e+01
<STATE> 16
<MEAN> 39
 -1.381527e+01 -1.360580e-01 5.737626e+00 2.000917e+00 6.719587e+00 -3.817769e-01 1.441652e+00 -9.562913e+00 -3.646889e+00 -1.024772e+01 -1.525012e+00 -6.338814e+00 5.837806e+01 -3.277318e-01 -3.458705e-01 -6.037297e-01 -3.235842e-02 4.597993e-01 6.978608e-01 8.135182e-01 9.149153e-01 5.190068e-01 2.049648e-02 -3.966577e-01 -4.351724e-01 -3.365543e-01 -6.026734e-02 -9.392375e-02 -1.016058e-01 -1.332131e-01 -2.028221e-01 -1.791005e-01 -1.852448e-01 -9.021056e-02 3.322953e-02 1.700345e-02 4.550127e-02 3.764792e-02 1.187910e-02
<VARIANCE> 39
 6.071856e+00 6.421575e+00 1.277236e+01 2.004200e+01 1.283466e+01 1.878494e+01 2.367213e+01 1.906082e+01 1.973174e+01 1.378237e+01 2.966766e+01 1.276490e+01 1.325836e+00 1.497971e-01 3.604824e-01 6.463907e-01 8.993955e-01 9.821509e-01 9.330512e-01 9.067637e-01 1.116098e+00 1.603810e+00 1.167932e+00 1.306420e+00 1.277372e+00 7.461879e-02 2.534490e-02 2.308749e-02 4.790419e-02 1.473885e-01 1.814031e-01 1.105896e-01 1.048647e-01 2.073335e-01 3.178468e-01 2.070622e-01 2.940353e-01 2.169482e-01 8.513485e-03
<GCONST> 6.894153e+01
<STATE> 17
<MEAN> 39
 -1.784183e+01 -4.280520e+00 1.601324e+00 -4.107196e-01 8.080455e+00 5.227759e+00 6.168888e+00 -5.333154e+00 1.304600e-02 -1.123391e+01 -6.215717e+00 -8.901133e+00 5.623903e+01 -3.098113e-01 -4.536616e-01 -5.537647e-01 4.804783e-01 2.398973e-01 3.781355e-01 7.198537e-01 1.074466e+00 4.376763e-01 3.199936e-01 1.475249e-01 4.530943e-02 -2.813465e-01 -4.900245e-02 -8.607373e-02 4.762212e-02 1.672380e-02 -3.048783e-02 -4.631518e-02 3.312749e-02 -4.673669e-03 -4.724499e-02 1.101782e-01 3.118146e-01 1.858405e-01 3.929555e-02
<VARIANCE> 39
 5.914834e+00 5.467073e+00 5.841994e+00 1.561593e+01 2.292631e+01 4.936569e+01 5.237957e+01 3.747824e+01 5.179319e+01 1.976978e+01 1.683370e+01 2.967458e+01 1.126731e+00 2.197783e-01 4.737630e-01 9.181532e-01 6.788828e-01 1.708256e+00 1.300330e+00 7.127075e-01 8.609406e-01 7.994159e-01 1.397810e+00 1.592676e+00 2.286175e+00 8.301646e-02 2.835565e-02 1.047085e-01 1.203605e-01 5.357916e-02 1.650416e-01 2.510321e-01 1.194436e-01 1.627299e-01 1.916055e-01 1.249324e-01 8.766545e-02 3.398030e-01 8.752152e-03
<GCONST> 7.406239e+01
<STATE> 18
<MEAN> 39
 -1.720629e+01 -4.099897e+00 1.024441e+00 1.850622e+00 9.073456e+00 1.069802e+00 1.146073e+00 -6.538522e+00 -2.039228e+00 -1.351210e+01 -3.527088e+00 -5.216584e+00 5.621130e+01 -5.495020e-01 -8.507460e-01 -7.368216e-01 -8.703909e-02 5.389168e-01 4.709994e-01 4.652699e-01 5.123429e-01 1.275996e-02 -9.890374e-02 3.096453e-01 -2.688059e-01 -2.096820e-01 4.841996e-02 9.427153e-03 -5.470133e-03 -1.160734e-01 -5.917491e-02 3.894394e-02 4.782278e-02 -1.170263e-01 -1.767813e-01 -6.854172e-02 -2.180265e-01 -2.410767e-01 3.292761e-02
<VARIANCE> 39
 2.868902e+00 4.769132e+00 4.843679e+00 1.855281e+01 3.208833e+01 3.076073e+01 6.723309e+01 4.667954e+01 4.683978e+01 6.972465e+01 2.548711e+01 1.864384e+01 8.228519e-01 8.756313e-02 3.441273e-01 3.983579e-01 7.962374e-01 7.456959e-01 1.178427e+00 1.840586e+00 1.480360e+00 1.512217e+00 2.649471e+00 2.288376e+00 1.376971e+00 6.833014e-02 1.470031e-02 4.513399e-02 7.985991e-02 2.312545e-01 2.010659e-01 1.464408e-01 1.854275e-01 1.764848e-01 2.727565e-01 5.406323e-01 4.804351e-01 2.511238e-01 5.917360e-03
<GCONST> 7.645925e+01
<STATE> 19
<MEAN> 39
 -1.967397e+01 -7.667340e+00 -1.882044e+00 -3.312032e-02 9.667093e+00 4.447024e+00 5.665695e+00 -5.494680e+00 -2.293156e+00 -1.213079e+01 -4.653008e+00 -7.622978e+00 5.549252e+01 -3.012547e-01 -6.445401e-01 -8.739074e-01 -9.117669e-01 -5.365488e-01 -1.463603e-01 4.477206e-01 8.141858e-01 1.135612e-01 2.009673e-01 -3.446053e-01 -4.243138e-01 -2.114589e-01 8.843707e-02 1.524947e-01 5.091497e-02 -1.266104e-01 -2.410194e-01 -1.570293e-01 -1.287056e-01 9.895217e-02 4.343383e-01 -3.463732e-02 -1.922399e-01 1.212809e-01 1.672695e-02
<VARIANCE> 39
 5.409037e+00 1.017577e+01 4.991255e+00 2.132792e+01 3.270847e+01 4.794044e+01 8.966351e+01 4.853162e+01 5.966724e+01 4.534307e+01 2.251553e+01 1.027729e+01 2.096168e+00 1.293374e-01 2.802364e-01 3.407533e-01 7.793516e-01 9.928078e-01 1.022622e+00 1.085976e+00 1.609758e+00 1.936525e+00 2.418794e+00 2.465776e+00 1.535674e+00 5.592902e-02 2.908092e-02 1.261090e-01 5.747618e-02 2.127146e-01 1.304594e-01 1.576879e-01 2.329365e-01 2.191623e-01 1.835946e-01 3.206923e-01 3.896002e-01 2.195837e-01 2.066536e-02
<GCONST> 8.005700e+01
<TRANSP> 20
 0.000000e+00 1.000000e+00 0.000000e+00 0.000000e+00 0.000000e+00 0.000000e+00 0.000000e+00 0.000000e+00 0.000000e+00 0.000000e+00 0.000000e+00 0.000000e+00 0.000000e+00 0.000000e+00 0.000000e+00 0.000000e+00 0.000000e+00 0.000000e+00 0.000000e+00 0.000000e+00
 0.000000e+00 6.666639e-01 3.333361e-01 0.000000e+00 0.000000e+00 0.000000e+00 0.000000e+00 0.000000e+00 0.000000e+00 0.000000e+00 0.000000e+00 0.000000e+00 0.000000e+00 0.000000e+00 0.000000e+00 0.000000e+00 0.000000e+00 0.000000e+00 0.000000e+00 0.000000e+00
 0.000000e+00 0.000000e+00 6.916131e-01 3.083869e-01 0.000000e+00 0.000000e+00 0.000000e+00 0.000000e+00 0.000000e+00 0.000000e+00 0.000000e+00 0.000000e+00 0.000000e+00 0.000000e+00 0.000000e+00 0.000000e+00 0.000000e+00 0.000000e+00 0.000000e+00 0.000000e+00
 0.000000e+00 0.000000e+00 0.000000e+00 6.846938e-01 3.153062e-01 0.000000e+00 0.000000e+00 0.000000e+00 0.000000e+00 0.000000e+00 0.000000e+00 0.000000e+00 0.000000e+00 0.000000e+00 0.000000e+00 0.000000e+00 0.000000e+00 0.000000e+00 0.000000e+00 0.000000e+00
 0.000000e+00 0.000000e+00 0.000000e+00 0.000000e+00 6.553383e-01 3.446616e-01 0.000000e+00 0.000000e+00 0.000000e+00 0.000000e+00 0.000000e+00 0.000000e+00 0.000000e+00 0.000000e+00 0.000000e+00 0.000000e+00 0.000000e+00 0.000000e+00 0.000000e+00 0.000000e+00
 0.000000e+00 0.000000e+00 0.000000e+00 0.000000e+00 0.000000e+00 7.823022e-01 2.176978e-01 0.000000e+00 0.000000e+00 0.000000e+00 0.000000e+00 0.000000e+00 0.000000e+00 0.000000e+00 0.000000e+00 0.000000e+00 0.000000e+00 0.000000e+00 0.000000e+00 0.000000e+00
 0.000000e+00 0.000000e+00 0.000000e+00 0.000000e+00 0.000000e+00 0.000000e+00 6.011804e-01 3.988196e-01 0.000000e+00 0.000000e+00 0.000000e+00 0.000000e+00 0.000000e+00 0.000000e+00 0.000000e+00 0.000000e+00 0.000000e+00 0.000000e+00 0.000000e+00 0.000000e+00
 0.000000e+00 0.000000e+00 0.000000e+00 0.000000e+00 0.000000e+00 0.000000e+00 0.000000e+00 5.377836e-01 4.622164e-01 0.000000e+00 0.000000e+00 0.000000e+00 0.000000e+00 0.000000e+00 0.000000e+00 0.000000e+00 0.000000e+00 0.000000e+00 0.000000e+00 0.000000e+00
 0.000000e+00 0.000000e+00 0.000000e+00 0.000000e+00 0.000000e+00 0.000000e+00 0.000000e+00 0.000000e+00 5.986227e-01 4.013773e-01 0.000000e+00 0.000000e+00 0.000000e+00 0.000000e+00 0.000000e+00 0.000000e+00 0.000000e+00 0.000000e+00 0.000000e+00 0.000000e+00
 0.000000e+00 0.000000e+00 0.000000e+00 0.000000e+00 0.000000e+00 0.000000e+00 0.000000e+00 0.000000e+00 0.000000e+00 6.462292e-01 3.537708e-01 0.000000e+00 0.000000e+00 0.000000e+00 0.000000e+00 0.000000e+00 0.000000e+00 0.000000e+00 0.000000e+00 0.000000e+00
 0.000000e+00 0.000000e+00 0.000000e+00 0.000000e+00 0.000000e+00 0.000000e+00 0.000000e+00 0.000000e+00 0.000000e+00 0.000000e+00 6.683429e-01 3.316571e-01 0.000000e+00 0.000000e+00 0.000000e+00 0.000000e+00 0.000000e+00 0.000000e+00 0.000000e+00 0.000000e+00
 0.000000e+00 0.000000e+00 0.000000e+00 0.000000e+00 0.000000e+00 0.000000e+00 0.000000e+00 0.000000e+00 0.000000e+00 0.000000e+00 0.000000e+00 7.121642e-01 2.878359e-01 0.000000e+00 0.000000e+00 0.000000e+00 0.000000e+00 0.000000e+00 0.000000e+00 0.000000e+00
 0.000000e+00 0.000000e+00 0.000000e+00 0.000000e+00 0.000000e+00 0.000000e+00 0.000000e+00 0.000000e+00 0.000000e+00 0.000000e+00 0.000000e+00 0.000000e+00 5.930519e-01 4.069481e-01 0.000000e+00 0.000000e+00 0.000000e+00 0.000000e+00 0.000000e+00 0.000000e+00
 0.000000e+00 0.000000e+00 0.000000e+00 0.000000e+00 0.000000e+00 0.000000e+00 0.000000e+00 0.000000e+00 0.000000e+00 0.000000e+00 0.000000e+00 0.000000e+00 0.000000e+00 7.963747e-01 2.036253e-01 0.000000e+00 0.000000e+00 0.000000e+00 0.000000e+00 0.000000e+00
 0.000000e+00 0.000000e+00 0.000000e+00 0.000000e+00 0.000000e+00 0.000000e+00 0.000000e+00 0.000000e+00 0.000000e+00 0.000000e+00 0.000000e+00 0.000000e+00 0.000000e+00 0.000000e+00 6.914629e-01 3.085371e-01 0.000000e+00 0.000000e+00 0.000000e+00 0.000000e+00
 0.000000e+00 0.000000e+00 0.000000e+00 0.000000e+00 0.000000e+00 0.000000e+00 0.000000e+00 0.000000e+00 0.000000e+00 0.000000e+00 0.000000e+00 0.000000e+00 0.000000e+00 0.000000e+00 0.000000e+00 7.645083e-01 2.354917e-01 0.000000e+00 0.000000e+00 0.000000e+00
 0.000000e+00 0.000000e+00 0.000000e+00 0.000000e+00 0.000000e+00 0.000000e+00 0.000000e+00 0.000000e+00 0.000000e+00 0.000000e+00 0.000000e+00 0.000000e+00 0.000000e+00 0.000000e+00 0.000000e+00 0.000000e+00 6.251962e-01 3.748038e-01 0.000000e+00 0.000000e+00
 0.000000e+00 0.000000e+00 0.000000e+00 0.000000e+00 0.000000e+00 0.000000e+00 0.000000e+00 0.000000e+00 0.000000e+00 0.000000e+00 0.000000e+00 0.000000e+00 0.000000e+00 0.000000e+00 0.000000e+00 0.000000e+00 0.000000e+00 6.575749e-01 3.424251e-01 0.000000e+00
 0.000000e+00 0.000000e+00 0.000000e+00 0.000000e+00 0.000000e+00 0.000000e+00 0.000000e+00 0.000000e+00 0.000000e+00 0.000000e+00 0.000000e+00 0.000000e+00 0.000000e+00 0.000000e+00 0.000000e+00 0.000000e+00 0.000000e+00 0.000000e+00 5.716537e-01 4.283463e-01
 0.000000e+00 0.000000e+00 0.000000e+00 0.000000e+00 0.000000e+00 0.000000e+00 0.000000e+00 0.000000e+00 0.000000e+00 0.000000e+00 0.000000e+00 0.000000e+00 0.000000e+00 0.000000e+00 0.000000e+00 0.000000e+00 0.000000e+00 0.000000e+00 0.000000e+00 0.000000e+00
<ENDHMM>
