~o
<STREAMINFO> 1 39
<VECSIZE> 39<NULLD><MFCC_D_A_0><DIAGC>
~h "matikan"
<BEGINHMM>
<NUMSTATES> 20
<STATE> 2
<MEAN> 39
 -1.289848e+01 -3.409972e+00 -1.567507e+00 -5.259413e+00 -2.286605e-01 -5.377521e+00 -2.011273e+00 -1.034796e+01 -3.825122e+00 -9.120673e+00 -9.838037e-01 -6.518207e+00 5.887908e+01 3.101998e+00 1.197201e+00 -7.069610e-01 -8.920522e-01 2.702382e-01 -1.187272e-01 -1.493391e+00 -1.462984e+00 -1.203460e+00 -4.649248e-01 -6.476308e-01 -1.134071e+00 1.901296e+00 4.786540e-01 -4.076689e-01 -7.072697e-01 -3.460017e-01 2.789325e-01 9.593777e-02 -2.336039e-01 3.790217e-01 4.655718e-01 1.667995e-01 -9.496804e-02 -3.736942e-01 4.591241e-01
<VARIANCE> 39
 3.406033e+01 2.234990e+01 1.383155e+01 1.557719e+01 1.337728e+01 1.804406e+01 3.422250e+01 4.631448e+01 3.611423e+01 2.351825e+01 2.784149e+01 2.103031e+01 9.508703e+00 3.424090e+00 2.160007e+00 4.898584e+00 3.797658e+00 3.029333e+00 3.760091e+00 5.071943e+00 6.447824e+00 4.209494e+00 4.954369e+00 6.413706e+00 3.219801e+00 1.665322e+00 5.740073e-01 8.618402e-01 6.313062e-01 4.369558e-01 4.080429e-01 4.316082e-01 7.462786e-01 2.051782e+00 1.107027e+00 6.633511e-01 6.026552e-01 6.938503e-01 1.267821e-01
<GCONST> 1.227805e+02
<STATE> 3
<MEAN> 39
 1.231466e+00 -5.465668e+00 -1.243169e+01 -1.205508e+01 3.325553e+00 -3.077410e+00 -7.756579e+00 -1.007550e+01 -7.765788e-01 -7.467966e+00 -4.086132e+00 -1.325960e+01 6.943141e+01 1.692398e+00 -2.112145e+00 -1.801228e+00 -2.748450e-01 7.194054e-01 -6.092710e-01 -1.226526e+00 2.239516e+00 2.036865e+00 -6.309962e-01 -1.475494e+00 -8.173254e-01 1.961796e+00 -1.033768e+00 -6.265904e-02 1.050605e+00 8.632087e-01 -4.071323e-01 -6.570852e-01 3.859679e-01 5.514045e-01 -7.631689e-02 -4.677013e-01 -1.410550e-02 6.196586e-01 -6.519535e-01
<VARIANCE> 39
 2.474878e+00 1.346158e+01 1.350647e+01 2.081291e+01 4.140495e+01 5.297839e+01 4.092725e+01 8.622769e+01 3.760640e+01 7.664682e+01 1.307192e+02 2.893332e+01 6.654668e+00 2.164900e+00 2.052981e+00 4.192395e+00 3.217726e+00 4.179760e+00 3.200134e+00 2.102418e+00 1.083351e+01 2.941643e+00 4.326887e+00 2.885130e+00 5.583440e+00 1.025852e+00 9.575164e-02 6.472376e-01 3.168912e-01 2.651042e-01 6.204400e-01 3.185231e-01 4.056914e-01 1.047289e+00 8.285004e-01 4.333167e-01 1.288195e+00 5.867137e-01 5.827931e-02
<GCONST> 1.180632e+02
<STATE> 4
<MEAN> 39
 2.164696e+00 -1.041013e+01 -8.900345e+00 -8.250228e+00 2.535669e+00 -1.135237e+01 -1.048048e+01 2.745823e+00 2.125026e+00 -1.202763e+01 -3.884063e+00 -1.132728e+01 7.302973e+01 -3.865062e-01 5.675253e-01 9.516263e-01 9.962169e-01 -5.721338e-01 -1.292593e+00 1.186679e-02 4.798607e-01 3.836368e-02 -5.169635e-01 8.561386e-03 3.960512e-01 -5.460201e-01 -3.820076e-01 5.868716e-01 2.165530e-01 -1.702204e-02 1.419443e-01 5.212662e-01 3.082893e-01 -8.315052e-01 -3.172974e-01 3.405613e-01 2.883347e-01 -8.145355e-02 -5.638605e-01
<VARIANCE> 39
 1.211438e+00 2.660124e+01 2.386186e+01 1.844637e+01 6.471902e+01 7.395542e+01 3.217768e+01 1.322470e+02 3.051906e+01 9.933163e+01 6.407307e+01 3.897580e+01 9.768290e+00 3.616412e-01 1.640952e+00 1.027186e+00 6.443438e-01 2.016288e+00 2.079642e+00 1.789217e+00 3.516197e+00 1.631265e+00 1.919433e+00 2.341635e+00 1.784185e+00 8.930961e-01 6.928735e-02 2.162467e-01 2.894869e-01 2.185429e-01 5.328900e-01 4.101507e-01 3.414273e-01 4.210408e-01 4.556845e-01 3.070057e-01 2.293487e-01 5.620282e-01 5.351966e-02
<GCONST> 1.036169e+02
<STATE> 5
<MEAN> 39
 -3.202199e+00 -4.160360e+00 -6.069355e+00 -5.131048e+00 2.013777e+00 -8.710431e+00 -6.135206e+00 -5.045262e+00 4.332761e-01 -1.176042e+01 -5.730453e+00 -1.148413e+01 6.574535e+01 -1.346731e+00 4.692249e-01 5.777080e-01 2.505406e-01 -2.192473e-01 7.083715e-01 1.074535e+00 -4.724747e-01 -4.083263e-01 6.592819e-02 1.944324e-01 1.573960e-01 -1.148213e+00 -1.321551e-02 -2.189908e-01 -7.780353e-02 -9.911559e-02 -1.990270e-01 -8.054771e-02 2.669030e-02 1.900764e-01 -2.287148e-03 2.381205e-02 1.594204e-01 1.686620e-01 1.776694e-01
<VARIANCE> 39
 4.339639e+00 1.147092e+01 1.146939e+01 1.617218e+01 2.260107e+01 2.767554e+01 1.991298e+01 5.868831e+01 2.692253e+01 4.771782e+01 5.492022e+01 3.092605e+01 4.693118e+00 1.295394e-01 5.794040e-01 6.212612e-01 7.663926e-01 1.036593e+00 1.440305e+00 9.630355e-01 2.010437e+00 1.102830e+00 1.616838e+00 1.289658e+00 1.062888e+00 1.672926e-01 2.400515e-02 6.488301e-02 1.345052e-01 1.345112e-01 1.610060e-01 2.997966e-01 1.640108e-01 1.916711e-01 2.714714e-01 2.884921e-01 2.992165e-01 1.988159e-01 2.252853e-02
<GCONST> 8.115776e+01
<STATE> 6
<MEAN> 39
 -8.746585e+00 -3.583436e+00 -3.008058e+00 -3.579240e+00 -2.404959e+00 -1.009964e+01 -2.358716e+00 -5.753611e+00 -1.633094e+00 -1.260997e+01 -1.921702e+00 -8.382239e+00 6.309153e+01 -3.445200e-01 4.504330e-01 2.744352e+00 2.757739e-01 -2.931504e+00 -2.479286e+00 -6.391965e-01 -1.039985e+00 -1.566585e+00 2.330109e-01 2.614204e+00 1.226775e+00 6.950235e-01 5.226715e-01 2.419056e-01 1.000900e+00 -3.993732e-01 -9.009195e-01 -4.994885e-01 -8.058408e-01 -5.207397e-01 -3.847670e-01 2.857188e-01 3.776378e-01 -4.542544e-02 5.157723e-01
<VARIANCE> 39
 2.613923e+00 8.580958e+00 1.501763e+01 1.852203e+01 3.111870e+01 4.120417e+01 1.841510e+01 1.720801e+01 1.418764e+01 3.400488e+01 3.660460e+01 2.031581e+01 2.826551e+00 9.600219e-01 1.435309e+00 6.193579e+00 3.240174e+00 7.003822e+00 3.883860e+00 4.928919e+00 2.844891e+00 5.737153e+00 3.524936e+00 3.895840e+00 1.072369e+00 1.075579e+00 7.972411e-02 1.566624e-01 6.297048e-01 5.700115e-01 6.568050e-01 9.554090e-01 4.121831e-01 2.756450e-01 4.895606e-01 8.034529e-01 7.022039e-01 4.343097e-01 1.060142e-01
<GCONST> 1.085202e+02
<STATE> 7
<MEAN> 39
 -6.057649e+00 -2.885379e-01 1.559766e+01 -8.079920e+00 -1.826812e+01 -1.761131e+01 -1.135754e+01 -1.278545e+01 -9.561687e+00 -7.490833e+00 8.366747e+00 -6.291273e+00 6.885001e+01 5.015631e-01 8.181716e-01 3.192851e+00 -1.421316e+00 -1.579968e+00 5.800040e-01 -1.445498e+00 -9.839487e-01 -3.094250e-01 8.106404e-01 2.575545e-01 -4.326802e-01 5.496172e-01 -2.602040e-01 -1.299372e-01 -1.191600e+00 3.167069e-01 1.394432e+00 8.719442e-01 7.209994e-01 4.324965e-01 5.455681e-01 -4.830451e-01 -1.014355e+00 -2.969507e-01 -5.817518e-01
<VARIANCE> 39
 3.314886e+00 3.703592e+01 1.527033e+02 3.667723e+01 8.840825e+01 2.596083e+01 6.364565e+01 5.971045e+01 1.156229e+02 9.300928e+01 8.052426e+01 2.791487e+01 8.514267e+00 7.438098e-01 9.498206e-01 8.622277e+00 2.800642e+00 7.549101e+00 3.584291e+00 3.781963e+00 2.560533e+00 6.238559e+00 5.418577e+00 6.817169e+00 2.504183e+00 1.315016e+00 1.214657e-01 2.643486e-01 8.893130e-01 5.892572e-01 7.370780e-01 8.755684e-01 7.048757e-01 3.371770e-01 1.228047e+00 9.889696e-01 8.195311e-01 4.189732e-01 7.970592e-02
<GCONST> 1.259154e+02
<STATE> 8
<MEAN> 39
 -8.533524e+00 1.905480e+00 1.662354e+01 -8.382299e+00 -1.380503e+01 -1.208331e+01 -9.904163e+00 -1.537468e+01 -9.632587e+00 -8.895648e+00 4.506555e+00 -7.855057e+00 6.476670e+01 -6.950005e-01 1.365077e-01 -1.369907e+00 4.924614e-01 1.193890e+00 3.577629e-01 6.371565e-01 -3.400779e-01 -1.285208e-01 -4.642394e-01 -5.902204e-01 1.414677e-01 -1.083072e+00 -8.845125e-02 -1.747236e-01 -2.048157e-01 1.480629e-01 -6.430256e-04 -3.462953e-01 6.709535e-02 1.508179e-01 -3.206492e-02 3.878159e-02 1.094600e-01 1.803107e-01 3.230131e-02
<VARIANCE> 39
 6.520490e+00 1.983006e+01 1.009064e+02 2.916226e+01 4.776528e+01 2.368885e+01 5.005737e+01 6.982633e+01 6.089083e+01 6.505945e+01 4.613268e+01 2.087746e+01 1.003322e+01 1.565540e-01 7.616302e-01 9.310333e-01 6.679751e-01 1.534886e+00 2.356905e+00 2.560473e+00 1.270459e+00 2.031940e+00 2.382664e+00 1.802508e+00 1.118268e+00 1.095659e-01 5.018194e-02 8.909348e-02 2.413270e-01 1.713230e-01 2.759648e-01 3.248209e-01 3.381331e-01 3.352254e-01 3.198026e-01 4.691233e-01 2.573125e-01 1.723146e-01 4.289383e-02
<GCONST> 9.576104e+01
<STATE> 9
<MEAN> 39
 -1.144501e+01 8.039262e-01 6.660948e+00 -5.102007e+00 -7.829942e+00 -1.538971e+01 -5.305809e+00 -1.332774e+01 -7.459455e+00 -1.168191e+01 3.600396e-01 -5.303474e+00 6.090679e+01 -5.192604e-01 -2.103555e+00 -1.227835e+00 1.760407e+00 7.219481e-01 -2.248503e+00 9.679663e-01 1.398510e+00 5.326572e-01 -3.960170e-01 -5.281526e-01 1.380199e+00 3.947470e-01 2.635909e-01 -6.776310e-01 -9.298056e-02 3.681332e-01 -2.044733e-01 -6.119769e-01 1.070085e-01 4.635098e-01 1.250470e-01 -4.572292e-02 1.427410e-01 1.946647e-01 5.980970e-01
<VARIANCE> 39
 5.656769e+00 1.980445e+01 4.033838e+01 2.414814e+01 2.966149e+01 4.855403e+01 2.927909e+01 5.835548e+01 3.358921e+01 2.748312e+01 4.005020e+01 3.346117e+01 2.848933e+00 8.972149e-01 3.241356e+00 2.076163e+00 4.103297e+00 4.549103e+00 5.460108e+00 4.109805e+00 7.709548e+00 4.274323e+00 5.439060e+00 2.750113e+00 3.716719e+00 1.000611e+00 1.883307e-01 3.602305e-01 1.717881e-01 5.357562e-01 4.440041e-01 6.561303e-01 7.492068e-01 1.103575e+00 7.120669e-01 6.714472e-01 4.536089e-01 5.145290e-01 9.503781e-02
<GCONST> 1.173720e+02
<STATE> 10
<MEAN> 39
 -1.252137e+01 -1.066674e+01 2.680718e+00 3.755061e+00 -6.191988e+00 -2.686414e+01 -2.284289e+00 -6.831250e+00 -5.038809e+00 -1.157699e+01 7.826462e-01 5.406803e-01 6.611916e+01 1.412347e+00 -1.212739e+00 -1.042535e+00 -7.620658e-01 -7.272021e-01 -6.911079e-01 1.357904e+00 3.085443e+00 1.229020e+00 5.276502e-01 -3.603351e-01 -1.043992e+00 1.672825e+00 6.997942e-01 5.396400e-01 2.016953e-01 -1.027449e+00 -3.600287e-01 1.343580e+00 5.519085e-02 1.532948e-01 -7.408041e-02 -3.262594e-02 -4.257672e-01 -1.036718e+00 1.153677e-01
<VARIANCE> 39
 1.078081e+01 1.578852e+01 1.870659e+01 9.620013e+01 8.562469e+01 1.225452e+02 5.329689e+01 1.402234e+02 7.670256e+01 6.624121e+01 9.147712e+01 3.822574e+01 9.557178e+00 2.721972e+00 3.732295e+00 3.220458e+00 1.040343e+01 4.410896e+00 1.542936e+01 4.513659e+00 8.032464e+00 5.527662e+00 7.359829e+00 4.550178e+00 6.866292e+00 1.336703e+00 2.090203e-01 6.238684e-01 5.621727e-01 1.531017e+00 1.088115e+00 1.927785e+00 9.401391e-01 1.633822e+00 1.284067e+00 2.098179e+00 9.886537e-01 7.911269e-01 2.636241e-01
<GCONST> 1.409111e+02
<STATE> 11
<MEAN> 39
 -2.524817e+00 -1.300379e+01 -1.074683e-01 -4.932602e+00 -1.015605e+01 -2.072430e+01 1.868596e+00 6.031920e+00 -2.533568e+00 -1.197686e+01 -3.375550e+00 -9.774429e+00 7.337277e+01 1.865288e+00 -1.566644e+00 -9.207747e-01 -4.671285e-01 2.853201e-01 2.503266e+00 8.026796e-01 1.051875e+00 -6.857316e-01 -9.088552e-01 -1.301411e+00 -1.499212e+00 1.707966e+00 -6.927677e-01 1.534167e-01 5.121151e-02 7.028428e-01 7.069344e-01 5.341117e-02 -3.797429e-01 -9.823837e-01 -2.292160e-01 2.326322e-02 2.431443e-01 7.944008e-01 -5.501450e-01
<VARIANCE> 39
 4.627267e+00 1.719286e+01 3.056112e+01 3.097283e+01 9.626414e+01 7.733755e+01 2.873155e+01 1.626946e+02 3.428061e+01 3.649642e+01 8.820852e+01 1.965307e+01 1.780825e+01 1.237525e+00 1.819116e+00 1.925252e+00 5.265193e+00 3.757329e+00 8.922020e+00 4.520858e+00 9.618670e+00 4.563643e+00 5.831050e+00 4.981758e+00 4.257839e+00 1.651969e+00 5.863170e-02 3.038463e-01 2.884688e-01 6.184034e-01 4.931863e-01 7.975448e-01 6.350810e-01 7.084801e-01 7.513695e-01 5.837918e-01 5.348622e-01 3.890058e-01 1.528832e-01
<GCONST> 1.232359e+02
<STATE> 12
<MEAN> 39
 -1.117375e+00 -1.541532e+01 -4.642860e+00 -2.438996e+00 -1.005506e+01 -1.181236e+01 3.699764e+00 3.207425e-01 -2.078087e+00 -1.387986e+01 -7.823267e+00 -8.242430e+00 7.300047e+01 8.013717e-03 7.181423e-01 2.833291e-01 2.960207e-01 1.006621e+00 7.127090e-01 -3.881479e-01 7.623513e-02 2.550812e-01 -1.607408e-01 -2.986356e-01 -2.481674e-01 -5.186021e-01 -2.449196e-01 6.483275e-01 4.631265e-01 -1.018154e-02 1.329586e-01 -3.220207e-01 -2.601305e-01 -1.027956e-01 1.043053e-01 3.098197e-01 3.014572e-01 2.047447e-02 -3.581815e-01
<VARIANCE> 39
 2.934879e+00 2.516805e+01 2.216306e+01 2.453054e+01 3.608626e+01 1.436721e+02 2.762892e+01 8.919635e+01 4.903303e+01 3.566483e+01 7.938964e+01 1.747661e+01 1.335339e+01 1.223377e-01 1.564020e+00 9.080568e-01 1.005040e+00 1.578475e+00 1.974806e+00 1.062437e+00 1.991557e+00 2.057037e+00 1.843271e+00 1.110182e+00 1.256768e+00 2.512501e-01 3.458086e-02 1.920930e-01 1.507736e-01 1.652208e-01 2.309313e-01 5.578830e-01 2.266290e-01 5.865261e-01 5.937823e-01 4.143011e-01 4.042805e-01 3.107097e-01 4.835999e-02
<GCONST> 9.708053e+01
<STATE> 13
<MEAN> 39
 -9.324632e-01 -1.207354e+01 2.652262e+00 -3.654075e+00 2.630097e+00 -1.333721e+01 -3.815425e+00 1.002815e+01 -2.538396e+00 -8.117470e+00 -1.644985e+00 -1.341914e+01 7.415731e+01 -8.898334e-02 1.601043e+00 2.980293e-01 5.698416e-01 4.081007e-01 3.590865e-01 -3.191161e-01 -1.216680e+00 7.693606e-03 1.217906e-01 9.442619e-02 4.296749e-01 -1.023132e+00 -5.005611e-02 1.819796e-01 7.620485e-02 5.247765e-02 -2.080453e-01 -4.874979e-02 6.778789e-02 -1.946480e-01 -6.368434e-02 -1.498074e-01 1.091931e-01 2.043100e-01 -1.120272e-01
<VARIANCE> 39
 3.158019e+00 1.687409e+01 2.265442e+01 1.311878e+01 6.365295e+01 4.676485e+01 2.481357e+01 8.171914e+01 1.576811e+01 2.571558e+01 4.966211e+01 2.122645e+01 1.583377e+01 1.428763e-01 1.179532e+00 1.315164e+00 1.143081e+00 2.145018e+00 1.315900e+00 8.777520e-01 1.045635e+00 1.001423e+00 8.100251e-01 1.376143e+00 1.112303e+00 2.619244e-01 2.456273e-02 8.668620e-02 1.501394e-01 2.057085e-01 1.845087e-01 1.203528e-01 1.571329e-01 1.166325e-01 2.502791e-01 8.002095e-02 2.402632e-01 2.278218e-01 3.213396e-02
<GCONST> 8.345402e+01
<STATE> 14
<MEAN> 39
 -3.137392e+00 -2.038736e+00 2.764396e+00 3.402683e-01 -1.351135e+00 -1.054943e+01 -8.584812e-01 -2.277074e+00 -3.711643e+00 -1.313819e+01 -4.677693e+00 -7.363744e+00 6.600043e+01 -5.555456e-01 1.314149e+00 5.976958e-01 3.695058e-01 8.013259e-01 6.898380e-01 -1.200474e-01 -5.248043e-01 -4.796155e-02 2.409059e-02 3.221091e-01 4.247296e-01 -8.938091e-01 -7.589803e-02 -2.333708e-01 -1.636848e-01 -1.494110e-01 -6.348520e-02 4.126386e-02 1.012730e-01 1.335682e-01 1.616015e-01 7.471750e-02 -2.687239e-02 -5.977472e-02 6.180730e-02
<VARIANCE> 39
 4.057795e+00 1.431519e+01 1.316707e+01 1.300723e+01 2.057911e+01 2.845197e+01 2.728222e+01 3.518341e+01 2.211843e+01 2.625859e+01 4.724764e+01 2.069197e+01 4.040244e+00 1.097954e-01 3.273593e-01 6.311150e-01 4.646688e-01 1.118897e+00 1.075788e+00 9.609190e-01 1.740139e+00 9.996608e-01 8.872893e-01 1.256732e+00 1.804803e+00 3.904146e-02 1.327403e-02 3.553357e-02 9.449622e-02 9.653255e-02 1.289717e-01 1.122945e-01 1.255862e-01 1.944961e-01 1.273028e-01 1.721016e-01 1.463308e-01 2.166891e-01 7.363498e-03
<GCONST> 6.988400e+01
<STATE> 15
<MEAN> 39
 -6.972939e+00 2.571471e+00 4.605034e+00 4.217387e-01 1.376958e-01 -7.904270e+00 -2.861015e-01 -4.658870e+00 -2.182408e+00 -1.103153e+01 -2.281433e+00 -4.915040e+00 6.175572e+01 -7.625898e-01 2.930146e-01 2.984806e-01 -2.589162e-01 6.008481e-01 1.256988e+00 4.165256e-01 -4.368316e-01 5.243205e-01 9.027843e-01 5.625069e-01 2.631940e-02 -5.956795e-01 4.917235e-02 -1.035034e-01 6.430918e-03 7.177371e-02 1.697403e-01 2.196252e-01 2.045833e-02 -8.628443e-02 -1.555994e-01 -3.506768e-03 1.174553e-02 -2.121143e-01 7.639252e-02
<VARIANCE> 39
 5.288348e+00 1.454281e+01 1.376111e+01 9.012958e+00 1.345178e+01 1.196453e+01 1.852432e+01 1.917393e+01 1.131619e+01 3.363881e+01 5.004732e+01 4.303623e+01 1.748807e+00 1.616594e-01 2.386708e-01 4.920811e-01 4.222742e-01 1.122990e+00 1.396552e+00 7.804378e-01 9.186804e-01 1.196081e+00 3.959130e-01 1.077414e+00 1.067592e+00 8.590572e-02 2.381662e-02 2.286774e-02 7.753547e-02 7.878473e-02 1.900842e-01 1.542912e-01 2.058970e-01 2.597561e-01 2.075595e-01 1.579043e-01 2.212618e-01 1.801815e-01 9.839900e-03
<GCONST> 6.786630e+01
<STATE> 16
<MEAN> 39
 -8.290461e+00 4.088098e+00 6.101246e+00 1.306856e+00 5.038340e+00 -1.169313e-01 2.823651e+00 -5.299116e+00 8.055068e-01 -6.078573e+00 3.141465e-01 -5.299843e+00 6.055435e+01 -7.264551e-01 -1.806866e-01 -3.675506e-01 -3.309210e-01 5.107382e-01 1.150200e+00 2.992683e-01 -2.324513e-01 -7.261909e-02 3.466588e-02 -4.473329e-01 -7.404544e-01 -4.413138e-01 -6.315526e-02 -1.074635e-01 -1.111296e-01 -1.207125e-01 -1.808361e-01 -2.244658e-01 -1.343990e-01 -4.714868e-02 -1.213230e-01 -1.861295e-01 -1.760098e-01 -7.127828e-02 -2.052358e-02
<VARIANCE> 39
 3.326335e+00 1.146724e+01 1.760486e+01 1.370202e+01 5.857875e+00 1.083780e+01 1.828598e+01 3.414071e+01 1.444189e+01 3.114193e+01 2.563353e+01 2.285124e+01 9.135175e-01 1.786940e-01 4.504543e-01 3.561352e-01 7.257916e-01 1.251674e+00 1.174951e+00 9.514062e-01 2.203623e+00 1.340567e+00 1.377259e+00 6.453033e-01 6.911049e-01 8.658054e-02 3.075687e-02 3.409748e-02 7.725749e-02 1.614558e-01 1.477799e-01 1.591460e-01 1.582888e-01 3.204343e-01 2.269692e-01 1.448745e-01 1.729533e-01 1.389512e-01 8.323285e-03
<GCONST> 6.848779e+01
<STATE> 17
<MEAN> 39
 -1.166838e+01 1.807710e+00 3.454453e+00 -8.030993e-01 6.589614e+00 2.110066e+00 2.215142e+00 -6.481393e+00 -3.124681e+00 -1.291603e+01 -6.948086e+00 -1.175184e+01 5.852227e+01 -4.533704e-01 -2.631415e-03 1.044213e-01 1.217316e-01 1.747123e-01 1.707800e-01 -2.841890e-01 -4.361299e-01 -1.728482e-01 -1.552343e-01 -8.929840e-02 -1.742184e-01 -3.066356e-01 -4.896475e-03 -7.389419e-02 -1.006982e-02 -2.044877e-02 -1.357960e-01 -1.798126e-01 -2.029580e-02 4.356011e-02 1.416818e-01 2.088296e-01 1.958327e-01 1.382749e-01 2.668287e-02
<VARIANCE> 39
 1.355777e+00 3.993745e+00 4.810259e+00 7.550675e+00 9.327184e+00 1.706814e+01 1.695011e+01 1.834762e+01 2.007045e+01 3.185239e+01 2.236949e+01 2.557282e+01 7.631359e-01 2.646116e-01 2.454628e-01 4.725766e-01 1.207152e+00 7.435383e-01 7.327984e-01 1.374387e+00 1.510390e+00 1.014955e+00 1.173660e+00 1.438375e+00 1.421220e+00 8.185057e-02 3.804865e-02 5.592620e-02 8.585633e-02 1.292640e-01 1.161469e-01 1.901585e-01 3.034619e-01 1.563022e-01 1.836415e-01 2.802598e-01 2.563723e-01 2.666021e-01 9.110475e-03
<GCONST> 6.765969e+01
<STATE> 18
<MEAN> 39
 -1.468154e+01 -1.281761e+00 2.185696e+00 -1.472070e+00 4.075413e+00 -6.400758e-01 2.921505e+00 -5.022582e+00 9.988851e-01 -6.436381e+00 -1.435540e+00 -9.350787e+00 5.736812e+01 -6.429627e-01 -5.972728e-01 -4.062577e-01 -3.081241e-01 4.812722e-02 -7.520725e-02 -1.057130e-01 -7.139146e-02 8.181233e-01 1.185489e+00 6.221218e-01 1.058220e-01 -2.934669e-01 6.651210e-02 1.613040e-02 4.127207e-02 1.093929e-01 9.515758e-02 3.635916e-02 -5.581524e-02 -5.552870e-03 -1.285890e-01 -9.638681e-02 -1.279012e-01 -1.721401e-02 3.421393e-02
<VARIANCE> 39
 1.823823e+00 5.711424e+00 5.474626e+00 1.166823e+01 1.039419e+01 1.407502e+01 1.856038e+01 3.832068e+01 3.907619e+01 3.239755e+01 3.034674e+01 1.995564e+01 3.839715e-01 1.203273e-01 2.349425e-01 2.879215e-01 5.903366e-01 7.645497e-01 8.067986e-01 1.703518e+00 1.259441e+00 1.947866e+00 2.400331e+00 1.401961e+00 1.161749e+00 5.538729e-02 1.541976e-02 4.940525e-02 7.346094e-02 1.303303e-01 1.048677e-01 1.435212e-01 2.829241e-01 1.881065e-01 4.054467e-01 4.946425e-01 2.500813e-01 1.648377e-01 7.030893e-03
<GCONST> 6.769073e+01
<STATE> 19
<MEAN> 39
 -1.707863e+01 -1.089470e+00 3.462239e+00 -1.008453e+00 6.759144e+00 2.216903e+00 1.102424e+00 -8.709002e+00 -1.661684e+00 -7.958453e+00 -4.299088e+00 -1.106007e+01 5.587174e+01 -4.814542e-01 -5.093092e-01 -1.211143e-01 1.286885e-01 -1.907664e-01 -1.077285e-01 4.492578e-01 7.180807e-02 -5.535868e-01 -1.689247e-01 -1.978665e-01 3.095971e-03 -1.942060e-01 7.669815e-02 -2.349122e-02 -5.874305e-02 -3.113906e-02 -1.577406e-01 -1.037712e-01 1.559092e-01 9.645955e-02 -5.494548e-02 -1.619588e-01 3.796401e-02 9.691513e-02 4.570265e-02
<VARIANCE> 39
 2.216407e+00 1.871869e+01 1.528461e+01 1.579038e+01 2.798360e+01 3.550898e+01 3.080717e+01 5.840989e+01 4.071518e+01 4.318211e+01 5.428750e+01 1.503781e+01 1.331341e+00 1.174588e-01 2.215172e-01 6.350848e-01 9.044152e-01 1.792201e+00 3.058325e+00 2.285875e+00 1.642012e+00 1.886631e+00 1.232599e+00 2.842378e+00 1.341889e+00 6.891932e-02 1.877652e-02 3.365036e-02 9.450241e-02 2.230617e-01 3.277824e-01 3.480701e-01 4.358480e-01 3.288082e-01 4.102900e-01 2.894885e-01 5.376673e-01 2.247297e-01 1.298326e-02
<GCONST> 8.414918e+01
<TRANSP> 20
 0.000000e+00 1.000000e+00 0.000000e+00 0.000000e+00 0.000000e+00 0.000000e+00 0.000000e+00 0.000000e+00 0.000000e+00 0.000000e+00 0.000000e+00 0.000000e+00 0.000000e+00 0.000000e+00 0.000000e+00 0.000000e+00 0.000000e+00 0.000000e+00 0.000000e+00 0.000000e+00
 0.000000e+00 7.735869e-01 2.264132e-01 0.000000e+00 0.000000e+00 0.000000e+00 0.000000e+00 0.000000e+00 0.000000e+00 0.000000e+00 0.000000e+00 0.000000e+00 0.000000e+00 0.000000e+00 0.000000e+00 0.000000e+00 0.000000e+00 0.000000e+00 0.000000e+00 0.000000e+00
 0.000000e+00 0.000000e+00 6.841611e-01 3.158389e-01 0.000000e+00 0.000000e+00 0.000000e+00 0.000000e+00 0.000000e+00 0.000000e+00 0.000000e+00 0.000000e+00 0.000000e+00 0.000000e+00 0.000000e+00 0.000000e+00 0.000000e+00 0.000000e+00 0.000000e+00 0.000000e+00
 0.000000e+00 0.000000e+00 0.000000e+00 7.448299e-01 2.551701e-01 0.000000e+00 0.000000e+00 0.000000e+00 0.000000e+00 0.000000e+00 0.000000e+00 0.000000e+00 0.000000e+00 0.000000e+00 0.000000e+00 0.000000e+00 0.000000e+00 0.000000e+00 0.000000e+00 0.000000e+00
 0.000000e+00 0.000000e+00 0.000000e+00 0.000000e+00 8.063650e-01 1.936351e-01 0.000000e+00 0.000000e+00 0.000000e+00 0.000000e+00 0.000000e+00 0.000000e+00 0.000000e+00 0.000000e+00 0.000000e+00 0.000000e+00 0.000000e+00 0.000000e+00 0.000000e+00 0.000000e+00
 0.000000e+00 0.000000e+00 0.000000e+00 0.000000e+00 0.000000e+00 7.391579e-01 2.608421e-01 0.000000e+00 0.000000e+00 0.000000e+00 0.000000e+00 0.000000e+00 0.000000e+00 0.000000e+00 0.000000e+00 0.000000e+00 0.000000e+00 0.000000e+00 0.000000e+00 0.000000e+00
 0.000000e+00 0.000000e+00 0.000000e+00 0.000000e+00 0.000000e+00 0.000000e+00 7.395597e-01 2.604403e-01 0.000000e+00 0.000000e+00 0.000000e+00 0.000000e+00 0.000000e+00 0.000000e+00 0.000000e+00 0.000000e+00 0.000000e+00 0.000000e+00 0.000000e+00 0.000000e+00
 0.000000e+00 0.000000e+00 0.000000e+00 0.000000e+00 0.000000e+00 0.000000e+00 0.000000e+00 8.348516e-01 1.651484e-01 0.000000e+00 0.000000e+00 0.000000e+00 0.000000e+00 0.000000e+00 0.000000e+00 0.000000e+00 0.000000e+00 0.000000e+00 0.000000e+00 0.000000e+00
 0.000000e+00 0.000000e+00 0.000000e+00 0.000000e+00 0.000000e+00 0.000000e+00 0.000000e+00 0.000000e+00 7.287913e-01 2.712087e-01 0.000000e+00 0.000000e+00 0.000000e+00 0.000000e+00 0.000000e+00 0.000000e+00 0.000000e+00 0.000000e+00 0.000000e+00 0.000000e+00
 0.000000e+00 0.000000e+00 0.000000e+00 0.000000e+00 0.000000e+00 0.000000e+00 0.000000e+00 0.000000e+00 0.000000e+00 7.210016e-01 2.789984e-01 0.000000e+00 0.000000e+00 0.000000e+00 0.000000e+00 0.000000e+00 0.000000e+00 0.000000e+00 0.000000e+00 0.000000e+00
 0.000000e+00 0.000000e+00 0.000000e+00 0.000000e+00 0.000000e+00 0.000000e+00 0.000000e+00 0.000000e+00 0.000000e+00 0.000000e+00 6.571978e-01 3.428023e-01 0.000000e+00 0.000000e+00 0.000000e+00 0.000000e+00 0.000000e+00 0.000000e+00 0.000000e+00 0.000000e+00
 0.000000e+00 0.000000e+00 0.000000e+00 0.000000e+00 0.000000e+00 0.000000e+00 0.000000e+00 0.000000e+00 0.000000e+00 0.000000e+00 0.000000e+00 7.076050e-01 2.923950e-01 0.000000e+00 0.000000e+00 0.000000e+00 0.000000e+00 0.000000e+00 0.000000e+00 0.000000e+00
 0.000000e+00 0.000000e+00 0.000000e+00 0.000000e+00 0.000000e+00 0.000000e+00 0.000000e+00 0.000000e+00 0.000000e+00 0.000000e+00 0.000000e+00 0.000000e+00 6.932506e-01 3.067494e-01 0.000000e+00 0.000000e+00 0.000000e+00 0.000000e+00 0.000000e+00 0.000000e+00
 0.000000e+00 0.000000e+00 0.000000e+00 0.000000e+00 0.000000e+00 0.000000e+00 0.000000e+00 0.000000e+00 0.000000e+00 0.000000e+00 0.000000e+00 0.000000e+00 0.000000e+00 8.390508e-01 1.609493e-01 0.000000e+00 0.000000e+00 0.000000e+00 0.000000e+00 0.000000e+00
 0.000000e+00 0.000000e+00 0.000000e+00 0.000000e+00 0.000000e+00 0.000000e+00 0.000000e+00 0.000000e+00 0.000000e+00 0.000000e+00 0.000000e+00 0.000000e+00 0.000000e+00 0.000000e+00 7.368503e-01 2.631497e-01 0.000000e+00 0.000000e+00 0.000000e+00 0.000000e+00
 0.000000e+00 0.000000e+00 0.000000e+00 0.000000e+00 0.000000e+00 0.000000e+00 0.000000e+00 0.000000e+00 0.000000e+00 0.000000e+00 0.000000e+00 0.000000e+00 0.000000e+00 0.000000e+00 0.000000e+00 7.131038e-01 2.868962e-01 0.000000e+00 0.000000e+00 0.000000e+00
 0.000000e+00 0.000000e+00 0.000000e+00 0.000000e+00 0.000000e+00 0.000000e+00 0.000000e+00 0.000000e+00 0.000000e+00 0.000000e+00 0.000000e+00 0.000000e+00 0.000000e+00 0.000000e+00 0.000000e+00 0.000000e+00 7.983562e-01 2.016439e-01 0.000000e+00 0.000000e+00
 0.000000e+00 0.000000e+00 0.000000e+00 0.000000e+00 0.000000e+00 0.000000e+00 0.000000e+00 0.000000e+00 0.000000e+00 0.000000e+00 0.000000e+00 0.000000e+00 0.000000e+00 0.000000e+00 0.000000e+00 0.000000e+00 0.000000e+00 7.597892e-01 2.402107e-01 0.000000e+00
 0.000000e+00 0.000000e+00 0.000000e+00 0.000000e+00 0.000000e+00 0.000000e+00 0.000000e+00 0.000000e+00 0.000000e+00 0.000000e+00 0.000000e+00 0.000000e+00 0.000000e+00 0.000000e+00 0.000000e+00 0.000000e+00 0.000000e+00 0.000000e+00 7.752144e-01 2.247857e-01
 0.000000e+00 0.000000e+00 0.000000e+00 0.000000e+00 0.000000e+00 0.000000e+00 0.000000e+00 0.000000e+00 0.000000e+00 0.000000e+00 0.000000e+00 0.000000e+00 0.000000e+00 0.000000e+00 0.000000e+00 0.000000e+00 0.000000e+00 0.000000e+00 0.000000e+00 0.000000e+00
<ENDHMM>
