~o
<STREAMINFO> 1 39
<VECSIZE> 39<NULLD><MFCC_D_A_0><DIAGC>
~h "alarm"
<BEGINHMM>
<NUMSTATES> 5
<STATE> 2
<MEAN> 39
 -9.302361e+00 -1.217927e+01 -8.796496e+00 -6.116381e+00 2.921485e+00 -2.900832e+00 -1.753616e+00 -9.382775e+00 1.039403e+00 -7.776819e+00 -4.650135e+00 -9.934017e+00 6.507595e+01 2.217654e+00 -1.190716e+00 -1.327386e+00 -5.631316e-01 2.769885e-01 4.741990e-01 -7.452558e-01 -5.495588e-01 1.002800e-01 -2.458707e-01 -1.011681e+00 -7.718192e-01 2.361779e+00 -1.899251e-02 7.490307e-02 1.299940e-01 1.876318e-02 -1.372368e-01 -4.666793e-02 -8.751968e-02 6.275570e-02 -1.258945e-01 5.133817e-02 5.892565e-02 8.232272e-02 1.280452e-02
<VARIANCE> 39
 5.636546e+01 3.289612e+01 6.117175e+01 2.237525e+01 5.481385e+01 4.503108e+01 7.068413e+01 8.074393e+01 5.706606e+01 5.850819e+01 4.476353e+01 2.623026e+01 6.586456e+01 2.737466e+00 2.836597e+00 4.403488e+00 2.666877e+00 4.984942e+00 3.409305e+00 4.149378e+00 7.916539e+00 4.014901e+00 4.984544e+00 4.179643e+00 2.753590e+00 2.824132e+00 7.069352e-01 7.241840e-01 8.732921e-01 4.061478e-01 7.858465e-01 5.697968e-01 6.709364e-01 1.170592e+00 6.754357e-01 6.774611e-01 6.370077e-01 6.051599e-01 7.841316e-01
<GCONST> 1.348403e+02
<STATE> 3
<MEAN> 39
 1.346760e+00 -1.004439e+01 -8.708930e+00 -8.966942e+00 3.701883e-01 -5.097748e+00 -7.130652e+00 -7.511260e+00 -1.130848e-01 -4.676282e+00 -4.346041e+00 -1.241086e+01 7.356132e+01 -1.180483e-02 4.539424e-01 3.208348e-01 1.074010e-01 -1.439447e-01 -2.371368e-01 -2.367318e-02 -3.000020e-02 -1.304596e-01 -3.205753e-02 8.110271e-02 -1.402672e-02 -2.303388e-01 -2.891521e-02 2.979784e-02 1.795671e-02 2.395959e-02 4.844368e-02 1.083297e-02 1.055793e-02 -2.283298e-02 2.271591e-03 -4.033358e-02 -5.742011e-03 -5.946173e-03 -3.901150e-02
<VARIANCE> 39
 4.475069e+00 2.587360e+01 8.276293e+01 3.936547e+01 8.433708e+01 6.692786e+01 6.279057e+01 1.441503e+02 4.127781e+01 7.614404e+01 1.136850e+02 3.767042e+01 1.388127e+01 2.516742e-01 1.659602e+00 1.417619e+00 1.312696e+00 1.614882e+00 1.765691e+00 1.350280e+00 2.042095e+00 1.843104e+00 2.474136e+00 1.626573e+00 1.767830e+00 3.602139e-01 4.630620e-02 1.884189e-01 1.966708e-01 1.938064e-01 2.376694e-01 2.840014e-01 2.164652e-01 3.100173e-01 2.918237e-01 4.320697e-01 2.713383e-01 2.953752e-01 6.064679e-02
<GCONST> 1.038722e+02
<STATE> 4
<MEAN> 39
 -1.072287e+01 3.051175e+00 7.248603e+00 8.562735e-01 -6.623660e-01 -8.432632e+00 -4.046361e+00 -1.103686e+01 -6.323475e+00 -1.239219e+01 -3.269448e+00 -9.167416e+00 5.923342e+01 -5.604600e-01 -7.238753e-02 2.428426e-01 2.002837e-01 1.216948e-01 9.589753e-02 1.498633e-01 1.155748e-01 3.771833e-02 1.807388e-02 1.866700e-01 3.089532e-01 -3.613803e-01 3.400790e-03 -6.612799e-02 -5.880271e-02 -3.068892e-02 -2.172489e-02 -9.414405e-03 6.881651e-03 2.468728e-02 3.131574e-02 3.119652e-02 -1.022489e-03 7.764611e-03 1.766407e-02
<VARIANCE> 39
 3.724935e+01 1.552307e+01 3.433708e+01 3.190078e+01 3.695225e+01 4.092673e+01 4.590877e+01 4.742793e+01 4.359046e+01 4.619548e+01 4.958541e+01 3.638377e+01 1.328398e+01 2.219643e-01 6.821094e-01 1.123664e+00 9.495148e-01 1.390937e+00 1.529693e+00 1.547811e+00 2.114473e+00 1.840174e+00 1.817929e+00 1.667022e+00 1.790454e+00 1.071570e-01 3.016440e-02 7.784072e-02 1.540378e-01 1.757787e-01 2.310584e-01 2.555889e-01 2.630558e-01 3.513879e-01 3.155487e-01 3.411944e-01 2.935019e-01 3.301688e-01 8.352822e-03
<GCONST> 9.369895e+01
<TRANSP> 5
 0.000000e+00 1.000000e+00 0.000000e+00 0.000000e+00 0.000000e+00
 0.000000e+00 8.782942e-01 1.217059e-01 0.000000e+00 0.000000e+00
 0.000000e+00 0.000000e+00 9.732995e-01 2.670054e-02 0.000000e+00
 0.000000e+00 0.000000e+00 0.000000e+00 9.688299e-01 3.117016e-02
 0.000000e+00 0.000000e+00 0.000000e+00 0.000000e+00 0.000000e+00
<ENDHMM>
