~o
<STREAMINFO> 1 39
<VECSIZE> 39<NULLD><MFCC_D_A_0><DIAGC>
~h "hapus"
<BEGINHMM>
<NUMSTATES> 5
<STATE> 2
<MEAN> 39
 -7.308897e+00 -7.476453e+00 -6.410515e+00 -6.132851e+00 5.500073e+00 -1.499618e+00 -2.510215e+00 -1.030191e+01 -1.971101e+00 -8.551564e+00 -2.913761e+00 -8.838344e+00 6.483419e+01 2.963930e-01 2.956172e-01 7.981221e-02 -5.657630e-02 -1.373613e-01 -1.027717e-01 -1.303258e-01 -2.136884e-01 -2.057240e-01 -5.187412e-02 -2.195245e-02 -6.363354e-02 1.650792e-01 7.800888e-02 8.771082e-02 2.307274e-03 -8.844985e-02 -1.187652e-01 -5.661756e-02 -5.684433e-02 -2.315395e-02 -2.429980e-02 5.696678e-02 6.980647e-02 6.786268e-02 2.933319e-02
<VARIANCE> 39
 4.375970e+01 3.378275e+01 4.933974e+01 3.286393e+01 5.181900e+01 4.410841e+01 4.010408e+01 6.432207e+01 3.123994e+01 5.042456e+01 4.434940e+01 4.654355e+01 3.921045e+01 2.745810e+00 1.450363e+00 2.542958e+00 2.166639e+00 2.036267e+00 2.172569e+00 2.171142e+00 3.170471e+00 2.089977e+00 2.540337e+00 2.152285e+00 2.731783e+00 1.706738e+00 3.650947e-01 2.445253e-01 3.572984e-01 4.288420e-01 3.320214e-01 2.791043e-01 3.272330e-01 4.735535e-01 4.098205e-01 4.053077e-01 3.005981e-01 3.731079e-01 1.664735e-01
<GCONST> 1.167893e+02
<STATE> 3
<MEAN> 39
 -5.066090e+00 6.800742e+00 -5.770225e+00 -1.107013e+01 -1.552770e+00 -1.566014e+01 -8.149042e+00 -1.491705e+01 -5.724494e+00 -5.842804e+00 1.597944e+00 -1.469200e+00 6.832966e+01 -8.512619e-01 1.027753e+00 -3.965714e-01 6.104398e-02 5.121031e-01 -1.382937e+00 1.722250e-01 -2.064484e-01 1.255925e-01 1.418166e-01 -1.250395e-01 3.196395e-01 5.570672e-01 -2.215683e-01 -6.446149e-02 5.834645e-02 1.864681e-01 1.701404e-01 1.324902e-01 1.474047e-01 8.994034e-02 4.091227e-02 -9.487931e-02 -1.135270e-01 -1.703972e-01 -7.390866e-02
<VARIANCE> 39
 8.445059e+01 4.224248e+01 3.524986e+01 8.803885e+01 7.257256e+01 1.241777e+02 7.196865e+01 3.645115e+01 5.498320e+01 6.416159e+01 9.743481e+01 4.497975e+01 8.516068e+00 7.204612e+00 2.745458e+00 2.295805e+00 5.918405e+00 5.544046e+00 4.982418e+00 6.303090e+00 3.933720e+00 3.691935e+00 3.958061e+00 5.476261e+00 4.677347e+00 6.190600e-01 5.940570e-01 4.734797e-01 3.970735e-01 5.978331e-01 7.341884e-01 8.671872e-01 8.252436e-01 6.647716e-01 6.435710e-01 6.854164e-01 8.789878e-01 8.660167e-01 9.255777e-02
<GCONST> 1.339103e+02
<STATE> 4
<MEAN> 39
 -2.415487e+01 8.104054e+00 -5.395628e+00 -7.534637e-01 6.504590e+00 -1.552484e+01 3.996924e+00 -8.108277e+00 -4.703604e-01 -7.548618e+00 -8.203803e-01 -4.768558e+00 6.365271e+01 1.902170e-01 -7.989188e-01 2.243974e-01 2.626852e-03 -1.556858e-01 9.269446e-01 7.011453e-02 2.897060e-01 1.403609e-01 -4.514533e-02 6.450250e-02 -2.560870e-01 -5.041678e-01 6.570920e-02 -4.190518e-02 -2.465878e-03 -3.347793e-02 -2.645792e-02 3.651622e-03 -4.523243e-02 -1.013852e-02 4.473387e-03 1.524991e-02 1.729083e-02 1.829079e-02 -6.473314e-03
<VARIANCE> 39
 1.905912e+01 9.552917e+01 1.803269e+01 4.186190e+01 4.637426e+01 1.065634e+02 3.751919e+01 3.557988e+01 3.409911e+01 6.284509e+01 3.237344e+01 3.149783e+01 3.177580e+01 4.085306e-01 6.649210e-01 5.740066e-01 9.462588e-01 9.882709e-01 1.549962e+00 1.559358e+00 1.462451e+00 1.661064e+00 2.025955e+00 1.274370e+00 1.445060e+00 1.220406e-01 4.125317e-02 6.970058e-02 9.920666e-02 1.424913e-01 1.577927e-01 2.705158e-01 2.436610e-01 2.720307e-01 2.964717e-01 3.422089e-01 2.409201e-01 2.664668e-01 1.562202e-02
<GCONST> 9.345537e+01
<TRANSP> 5
 0.000000e+00 1.000000e+00 0.000000e+00 0.000000e+00 0.000000e+00
 0.000000e+00 9.652900e-01 3.471005e-02 0.000000e+00 0.000000e+00
 0.000000e+00 0.000000e+00 9.403255e-01 5.967448e-02 0.000000e+00
 0.000000e+00 0.000000e+00 0.000000e+00 9.674078e-01 3.259223e-02
 0.000000e+00 0.000000e+00 0.000000e+00 0.000000e+00 0.000000e+00
<ENDHMM>
