~o
<STREAMINFO> 1 39
<VECSIZE> 39<NULLD><MFCC_D_A_0><DIAGC>
~h "lima"
<BEGINHMM>
<NUMSTATES> 20
<STATE> 2
<MEAN> 39
 -1.737917e+01 -4.667226e+00 8.731154e-01 -2.176316e+00 2.081621e-02 -6.165193e+00 -4.720557e-01 -7.053432e+00 -2.268638e+00 -9.310908e+00 1.231979e+00 -3.478322e+00 5.647095e+01 2.137689e+00 2.059112e+00 1.304204e+00 2.458997e-01 -8.935243e-01 -1.849322e+00 -2.037362e+00 -2.188314e+00 -1.526154e+00 -5.440403e-01 9.167282e-02 -1.528012e-01 1.090852e+00 7.129200e-01 6.026146e-01 5.709727e-01 8.987882e-02 -6.671233e-01 -7.071615e-01 -4.612812e-01 -2.837718e-01 -1.010807e-01 2.584916e-01 4.788616e-02 -2.017890e-02 4.438536e-01
<VARIANCE> 39
 8.655292e+00 8.380425e+00 1.863884e+01 1.390453e+01 1.599966e+01 2.466412e+01 1.608501e+01 2.046211e+01 2.556730e+01 3.625474e+01 2.586316e+01 1.864660e+01 2.327260e+00 2.315228e+00 2.348833e+00 2.836833e+00 2.779307e+00 4.608958e+00 3.820713e+00 3.293614e+00 2.194275e+00 3.437315e+00 4.793458e+00 3.096186e+00 2.309556e+00 6.583301e-01 1.634423e-01 2.712387e-01 3.140293e-01 3.919303e-01 9.021423e-01 3.357451e-01 5.170698e-01 4.245294e-01 4.415457e-01 7.325003e-01 4.498778e-01 4.409197e-01 5.052147e-02
<GCONST> 1.064504e+02
<STATE> 3
<MEAN> 39
 -5.764691e+00 7.049001e+00 1.015466e+01 -3.645963e-01 -7.234130e+00 -1.663599e+01 -1.136236e+01 -1.626803e+01 -7.188962e+00 -8.441821e+00 2.499946e+00 -3.108897e+00 6.253779e+01 2.236159e+00 1.381714e+00 2.348419e+00 4.152004e-01 -3.000030e+00 -2.330411e+00 -1.221614e+00 -7.880254e-01 -1.431488e-01 1.156731e+00 9.079157e-01 4.460361e-01 1.708967e+00 -6.861335e-01 -1.021736e+00 -5.002561e-02 -1.597754e-01 -4.589893e-01 6.385291e-01 1.137078e+00 6.882338e-01 1.871744e-01 1.629536e-01 -2.955816e-02 2.487339e-02 -1.047862e-01
<VARIANCE> 39
 8.528315e+00 1.148443e+01 1.868928e+01 2.062449e+01 4.166158e+01 1.968544e+01 3.324531e+01 1.811701e+01 2.323896e+01 4.735663e+01 7.231319e+01 4.339367e+01 4.035576e+00 1.804758e+00 4.243765e+00 2.585476e+00 4.320966e+00 8.053841e+00 4.027908e+00 7.371750e+00 6.649214e+00 2.595849e+00 5.973868e+00 3.904603e+00 3.337648e+00 5.411697e-01 1.060053e-01 2.340634e-01 3.300389e-01 5.551268e-01 9.456803e-01 6.080676e-01 9.515120e-01 7.056312e-01 8.138152e-01 1.293911e+00 7.311377e-01 4.240372e-01 2.924426e-02
<GCONST> 1.172950e+02
<STATE> 4
<MEAN> 39
 -3.723852e+00 1.958214e+00 2.035032e+01 4.406507e+00 -2.144084e+01 -2.058038e+01 -3.887962e+00 -1.154352e+01 -9.488495e+00 -2.441595e+00 9.159704e+00 -1.663852e+00 6.828135e+01 -2.106453e-01 -1.221993e+00 2.655483e+00 -1.119047e+00 -3.163463e+00 1.417811e+00 4.821995e-01 -2.024167e-02 -6.519605e-01 1.638419e+00 3.416103e-01 -8.708677e-01 1.183089e+00 -4.014196e-01 2.544045e-01 -4.017593e-01 -8.232156e-01 1.413211e+00 1.200855e+00 -8.661001e-01 -2.841697e-01 2.544514e-01 -1.173833e-01 -3.580269e-01 -3.685115e-01 -3.876616e-01
<VARIANCE> 39
 2.346071e+00 4.039520e+01 4.955267e+01 6.214779e+01 1.538331e+02 4.433896e+01 3.620418e+01 7.988802e+01 1.033016e+02 9.035231e+01 8.645599e+01 6.618486e+01 5.955695e+00 4.812485e-01 1.642273e+00 1.965408e+00 3.828673e+00 1.026712e+01 5.567122e+00 8.078196e+00 5.286911e+00 5.382250e+00 5.534061e+00 2.443115e+00 3.673335e+00 4.517612e-01 1.154193e-01 4.057977e-01 2.922982e-01 5.206397e-01 1.066964e+00 8.575147e-01 1.039750e+00 7.163909e-01 7.688448e-01 1.137215e+00 6.199141e-01 4.876066e-01 7.105251e-02
<GCONST> 1.257113e+02
<STATE> 5
<MEAN> 39
 -5.688795e+00 1.369182e+00 2.562315e+01 -4.162936e+00 -2.353141e+01 -1.092792e+01 -1.028639e+01 -1.407546e+01 -7.961295e+00 -4.439185e-02 6.169021e+00 -5.845078e+00 7.003666e+01 -1.828104e-01 2.816864e-01 8.675158e-01 -1.536561e+00 3.005456e-01 1.612501e+00 -9.445649e-01 -1.758882e-01 -5.460801e-01 -1.253647e-01 -4.747829e-01 -4.614146e-01 2.373349e-01 1.689052e-01 8.262407e-02 -6.641267e-01 6.940805e-01 4.171192e-01 -6.929165e-01 4.890136e-01 1.712159e-03 -3.112084e-01 -3.682381e-01 9.129934e-02 2.548130e-01 -2.700176e-01
<VARIANCE> 39
 6.594704e+00 4.274105e+01 8.320075e+01 7.920982e+01 2.186225e+02 4.217481e+01 1.088242e+01 1.142147e+02 8.040714e+01 7.634321e+01 9.813840e+01 1.001805e+02 5.201284e+00 3.316267e-01 5.424245e-01 1.142012e+00 2.513983e+00 3.020398e+00 2.079288e+00 3.550325e+00 3.472375e+00 1.526170e+00 2.366892e+00 2.905477e+00 2.015265e+00 1.254842e-01 5.039324e-02 1.263869e-01 9.449856e-02 3.019147e-01 4.757692e-01 7.321873e-01 2.535441e-01 8.515441e-01 2.561736e-01 6.655782e-01 2.493282e-01 4.859102e-01 2.108459e-02
<GCONST> 1.076561e+02
<STATE> 6
<MEAN> 39
 -4.406225e+00 6.318666e+00 2.431457e+01 -4.805454e+00 -1.385940e+01 -1.330591e+01 -9.909531e+00 -1.325262e+01 -1.543729e+01 -2.699886e+00 8.985580e+00 -8.158525e+00 6.778192e+01 2.535816e-01 5.372356e-03 -3.228078e-01 5.598617e-01 -2.985666e-01 1.352093e-01 9.646896e-01 -8.709821e-01 -2.061014e-01 3.679826e-01 2.001432e-01 -3.059430e-01 -1.552440e-01 4.763125e-02 2.691876e-02 -4.147530e-01 4.632371e-01 4.495186e-01 -1.839924e-01 7.801624e-02 1.124347e-01 1.146177e-01 -2.233580e-01 1.110018e-01 1.669723e-01 -1.482086e-01
<VARIANCE> 39
 8.781600e+00 1.659947e+01 9.441291e+01 5.355021e+01 1.530313e+02 2.228604e+01 2.616772e+01 1.600516e+02 8.446967e+01 7.706314e+01 1.469454e+02 5.770317e+01 3.317982e+00 1.402040e-01 1.778740e-01 7.943501e-01 1.627740e+00 1.584786e+00 2.125590e+00 1.316869e+00 1.596581e+00 2.023012e+00 1.685051e+00 1.475406e+00 1.581968e+00 8.598500e-02 2.590368e-02 4.566092e-02 1.627625e-01 2.241615e-01 7.021067e-01 1.784633e-01 4.345672e-01 5.671793e-01 2.316356e-01 3.908407e-01 5.706605e-01 2.939533e-01 1.569396e-02
<GCONST> 9.696148e+01
<STATE> 7
<MEAN> 39
 -4.076599e+00 1.735816e+00 1.991063e+01 4.908469e-01 -2.073474e+01 -1.257196e+01 -5.837922e+00 -1.925941e+01 -8.915135e+00 -2.619287e+00 4.510779e+00 -4.597392e+00 6.747028e+01 3.506386e-01 4.732008e-01 -1.921394e+00 5.815725e-01 3.296623e+00 8.001510e-01 6.158580e-01 -3.451849e-01 -5.752545e-01 -8.338913e-01 1.069719e-01 1.097288e-01 -7.010477e-01 8.529063e-03 -2.061012e-02 -1.670209e-01 -2.083026e-01 3.033724e-01 4.148213e-01 -1.413192e-01 -4.040377e-01 -1.228554e-01 6.125132e-02 -1.101587e-01 -5.338077e-02 5.911487e-02
<VARIANCE> 39
 4.069609e+00 2.597162e+01 4.803500e+01 4.861517e+01 1.154958e+02 1.408281e+01 3.299985e+01 6.482240e+01 1.669285e+01 1.928474e+01 6.797984e+01 6.540884e+01 5.156476e+00 1.966345e-01 3.479433e-01 6.064050e-01 1.251833e+00 2.223504e+00 2.221950e+00 1.967374e+00 3.630953e+00 1.471443e+00 2.494574e+00 9.546745e-01 1.599033e+00 1.326077e-01 2.907701e-02 5.364792e-02 1.163326e-01 1.656974e-01 5.154756e-01 3.171196e-01 2.485001e-01 3.139424e-01 3.649168e-01 4.330601e-01 2.425016e-01 2.494346e-01 4.393926e-02
<GCONST> 9.273011e+01
<STATE> 8
<MEAN> 39
 -9.629650e-01 6.112086e+00 9.052097e+00 -3.846951e+00 -5.341888e+00 -6.398105e+00 -6.015303e+00 -2.025241e+01 -1.315270e+01 -7.792431e+00 4.934995e+00 -1.910476e+00 6.608038e+01 3.289163e-01 -3.295943e-01 -1.585486e+00 3.288515e-02 1.834472e+00 1.330810e+00 6.951009e-02 -1.123396e+00 -5.793656e-01 -9.255580e-01 1.939394e-01 1.062867e+00 5.521278e-02 2.932161e-02 -8.843146e-02 -8.477628e-02 -2.946267e-01 -2.529184e-01 -1.262468e-01 -6.903295e-02 2.002596e-01 8.691113e-02 1.271987e-01 1.613936e-01 -7.485764e-02 1.118293e-01
<VARIANCE> 39
 8.668115e+00 8.896986e+00 9.758476e+01 5.650727e+01 3.188547e+01 1.758176e+01 1.170610e+01 4.473860e+01 2.775178e+01 2.678928e+01 4.189620e+01 3.455779e+01 2.258406e+00 1.874869e-01 4.053436e-01 7.611862e-01 8.809314e-01 1.168623e+00 9.777085e-01 7.101870e-01 1.779424e+00 1.865786e+00 1.091803e+00 3.441901e+00 1.810256e+00 6.740907e-02 3.762699e-02 4.344653e-02 1.256353e-01 1.122805e-01 1.345502e-01 2.676182e-01 1.152621e-01 2.440597e-01 2.414282e-01 2.553802e-01 3.911435e-01 2.789821e-01 1.207587e-02
<GCONST> 8.217575e+01
<STATE> 9
<MEAN> 39
 -1.102771e+00 4.758636e+00 9.169472e+00 2.487472e-01 -2.046334e+00 -3.601813e+00 -3.452330e+00 -2.415912e+01 -1.752873e+01 -8.771166e+00 7.710757e+00 -8.097270e-01 6.609705e+01 7.361444e-01 -1.040268e-01 -2.675269e+00 -1.723806e+00 7.629746e-01 4.388545e-01 -1.402735e-01 4.014291e-01 4.112493e-01 7.710697e-01 4.351109e-01 -3.768230e-01 2.921982e-01 1.459145e-01 -3.969036e-01 -5.908850e-01 -7.210441e-01 -3.003903e-01 -8.950823e-02 -2.104795e-01 8.582450e-01 9.968810e-01 7.659783e-01 4.723721e-02 -6.767868e-01 2.389061e-01
<VARIANCE> 39
 3.446431e+00 1.469586e+01 3.757380e+01 2.928105e+01 2.606077e+01 1.917092e+01 2.750281e+01 3.716131e+01 2.347622e+01 3.149031e+01 4.389353e+01 4.608426e+01 1.242910e+00 1.639782e-01 4.581386e-01 8.900472e-01 1.844113e+00 1.244495e+00 8.208984e-01 7.006782e-01 2.266680e+00 2.740314e+00 1.243531e+00 2.441163e+00 2.438789e+00 1.043448e-01 1.387187e-02 1.161462e-01 1.519316e-01 2.497421e-01 3.077474e-01 3.783231e-01 2.674444e-01 2.813901e-01 2.499209e-01 3.005679e-01 5.387221e-01 3.394661e-01 1.239617e-02
<GCONST> 8.620715e+01
<STATE> 10
<MEAN> 39
 1.065825e+00 2.787879e+00 9.775133e-02 -7.871904e+00 -2.446750e+00 -3.118741e+00 -6.161256e+00 -2.178942e+01 -1.117541e+01 -3.053850e+00 8.935411e+00 -4.698025e+00 6.760942e+01 8.854290e-01 -1.835435e+00 -3.937597e+00 -2.558412e+00 1.268760e+00 1.092624e+00 -7.111956e-01 1.804037e+00 2.453485e+00 1.566694e+00 4.406133e-02 -1.862600e+00 9.258103e-01 -1.474897e-01 -6.104060e-01 -6.426033e-02 1.802778e-01 4.190836e-01 1.595303e-01 -1.373295e-01 4.218732e-01 6.936956e-01 -7.712789e-02 -8.675656e-01 -4.788561e-01 1.325860e-01
<VARIANCE> 39
 3.341274e+00 1.202632e+01 3.587254e+01 1.928802e+01 2.756095e+01 1.904603e+01 2.628735e+01 8.510311e+01 3.782114e+01 3.537102e+01 3.827567e+01 6.314918e+01 2.055580e+00 3.633072e-01 1.404771e+00 2.741105e+00 4.226388e+00 1.367307e+00 3.039010e+00 3.282259e+00 2.997636e+00 3.931589e+00 3.199538e+00 2.547967e+00 3.577907e+00 3.190667e-01 5.062507e-02 1.598625e-01 3.838567e-01 5.470980e-01 1.039541e-01 2.066047e-01 5.721455e-01 8.016222e-01 5.221878e-01 4.797225e-01 5.795925e-01 7.916553e-01 3.898796e-02
<GCONST> 1.042781e+02
<STATE> 11
<MEAN> 39
 2.959118e+00 -3.950590e+00 -9.928102e+00 -1.380221e+01 3.109306e+00 1.110111e+00 -7.289251e+00 -1.610482e+01 -4.317854e+00 8.986191e-01 5.218200e+00 -1.162989e+01 7.055302e+01 1.111045e-01 -2.696950e+00 -2.443495e+00 -7.080231e-01 2.203365e+00 9.724612e-01 -1.088666e+00 1.900021e+00 3.338547e+00 5.358370e-01 -2.580159e+00 -2.045272e+00 9.079360e-01 -3.863491e-01 1.805552e-01 1.082278e+00 8.788421e-01 -1.703369e-01 -4.505664e-01 -1.151525e-01 -2.044440e-01 -1.928806e-01 -6.183403e-01 -3.877351e-01 5.257286e-01 -2.296191e-01
<VARIANCE> 39
 1.422080e+00 1.954193e+01 4.574894e+01 8.789957e+00 4.602683e+01 1.180416e+01 2.463404e+01 6.941273e+01 3.790850e+01 2.206277e+01 5.715998e+01 4.810423e+01 4.156647e+00 3.662668e-01 1.977905e+00 2.405971e+00 2.221650e+00 1.331365e+00 2.153277e+00 2.272761e+00 2.382578e+00 2.260399e+00 3.298993e+00 2.574522e+00 3.576822e+00 3.927957e-01 2.980935e-02 2.021013e-01 2.448759e-01 2.349529e-01 1.641801e-01 2.324489e-01 3.975066e-01 3.763771e-01 6.548424e-01 4.452824e-01 4.328333e-01 5.678694e-01 1.750693e-02
<GCONST> 9.839087e+01
<STATE> 12
<MEAN> 39
 1.791486e+00 -1.054842e+01 -1.052628e+01 -1.147285e+01 9.279818e+00 9.194337e-01 -1.361613e+01 -1.148558e+01 4.583589e+00 -2.287605e+00 -2.744048e+00 -1.245394e+01 7.264572e+01 -6.220945e-01 -1.394510e+00 4.025376e-01 6.561744e-01 4.646179e-01 -1.370542e-01 -1.117462e+00 6.625943e-01 1.933491e+00 -1.264686e+00 -2.357935e+00 -2.542524e-01 1.799670e-01 -1.850900e-01 7.751567e-01 5.762357e-01 9.213827e-02 -6.731327e-01 -2.005089e-01 4.691394e-01 -3.205004e-01 -8.788645e-01 -3.878473e-01 4.337261e-01 2.714253e-01 -4.218903e-01
<VARIANCE> 39
 2.380375e+00 1.519412e+01 6.204860e+01 1.539727e+01 2.857212e+01 2.586711e+01 5.126161e+01 1.131356e+02 3.607389e+01 4.247318e+01 8.272543e+01 3.286271e+01 8.289502e+00 9.599209e-02 1.128739e+00 1.506022e+00 9.791914e-01 1.929697e+00 1.107595e+00 1.940561e+00 1.625355e+00 2.518130e+00 3.096812e+00 1.564885e+00 3.490876e+00 3.194521e-01 5.224374e-02 1.554530e-01 2.838609e-01 1.064749e-01 1.721541e-01 1.766033e-01 3.971801e-01 3.863984e-01 4.267775e-01 5.593598e-01 2.933285e-01 5.451878e-01 4.975959e-02
<GCONST> 9.749480e+01
<STATE> 13
<MEAN> 39
 -4.518015e-01 -1.197868e+01 -6.176380e+00 -1.021715e+01 6.851898e+00 1.942839e-02 -1.399012e+01 -7.230268e+00 4.594627e+00 -6.475317e+00 -4.585242e+00 -1.441312e+01 7.213589e+01 -1.046450e+00 6.937434e-01 2.902017e-01 7.409629e-01 -5.004577e-01 -6.549112e-01 8.468179e-01 2.548493e-01 -4.563873e-01 -1.002468e+00 -7.492635e-01 -3.000941e-01 -1.261928e+00 -1.389655e-01 5.153087e-01 5.250531e-02 -1.116513e-01 -1.270382e-01 -1.079999e-01 2.641602e-01 -5.223189e-02 -5.268366e-01 1.463626e-01 4.385688e-01 1.177098e-01 -3.325943e-01
<VARIANCE> 39
 4.296115e+00 1.654316e+01 8.601815e+01 2.191857e+01 1.805655e+01 4.491814e+01 4.663039e+01 1.314942e+02 6.812721e+01 3.492547e+01 9.387250e+01 3.596623e+01 9.336109e+00 1.544725e-01 7.703997e-01 8.098450e-01 5.268411e-01 1.280503e+00 6.380262e-01 7.299879e-01 2.085468e+00 1.397222e+00 1.062654e+00 9.209552e-01 7.885957e-01 2.723425e-01 2.791684e-02 7.483709e-02 2.533966e-01 1.606621e-01 2.408926e-01 1.809759e-01 2.063570e-01 3.485711e-01 4.217317e-01 2.681252e-01 3.845929e-01 2.898408e-01 3.059794e-02
<GCONST> 9.005026e+01
<STATE> 14
<MEAN> 39
 -4.159029e+00 -5.863664e+00 -7.408185e+00 -8.377615e+00 4.349957e+00 -2.127832e+00 -8.809495e+00 -1.078852e+01 2.162516e+00 -8.213146e+00 -6.687645e+00 -1.306574e+01 6.574158e+01 -1.098925e+00 9.929388e-01 6.343318e-01 1.294830e-01 -4.375296e-01 -6.155475e-01 4.173720e-01 -5.667403e-03 -9.275407e-01 -3.839194e-01 2.803826e-01 9.726181e-02 -1.183250e+00 1.284427e-02 -1.604924e-01 1.007451e-02 3.087392e-02 7.066828e-02 2.204436e-02 -1.071056e-01 -1.255118e-01 -3.548419e-02 9.704614e-02 1.965657e-01 1.274644e-01 1.032041e-01
<VARIANCE> 39
 4.692116e+00 1.112544e+01 2.995031e+01 1.284370e+01 9.960765e+00 2.455095e+01 2.533106e+01 4.203957e+01 2.245410e+01 1.634517e+01 5.240831e+01 1.561461e+01 1.921728e+00 1.532051e-01 3.530038e-01 7.741749e-01 6.134071e-01 1.043791e+00 8.904945e-01 7.001245e-01 2.955975e+00 2.110348e+00 1.430699e+00 1.808451e+00 9.918290e-01 1.180140e-01 1.978981e-02 4.245313e-02 4.229349e-02 1.024945e-01 1.753512e-01 1.223521e-01 6.995370e-02 3.433048e-01 2.852059e-01 2.123168e-01 1.673562e-01 1.208533e-01 1.464959e-02
<GCONST> 7.284302e+01
<STATE> 15
<MEAN> 39
 -8.011127e+00 -3.627288e+00 -6.446289e+00 -8.068823e+00 2.742231e+00 -4.999941e+00 -7.999593e+00 -1.209249e+01 -1.358158e+00 -7.836667e+00 -3.519701e+00 -1.105212e+01 6.195722e+01 -9.089920e-01 3.499705e-01 7.101407e-01 8.144797e-01 4.734797e-01 1.982591e-01 6.354645e-01 1.589286e-01 -4.775115e-01 -3.131585e-01 2.336402e-01 2.559718e-01 -7.138431e-01 1.164759e-01 1.224380e-02 1.043139e-01 1.744244e-01 1.644998e-01 2.320400e-01 1.831431e-01 1.354209e-01 6.568544e-02 -1.189854e-01 -1.357693e-01 -5.090740e-02 1.048821e-01
<VARIANCE> 39
 3.309780e+00 5.939295e+00 9.728267e+00 6.647405e+00 6.862122e+00 1.773346e+01 1.754973e+01 1.219565e+01 1.555399e+01 1.550381e+01 2.011262e+01 1.808566e+01 1.291578e+00 1.571327e-01 1.810753e-01 6.385440e-01 5.388041e-01 1.011628e+00 1.130050e+00 1.518315e+00 9.734355e-01 7.021049e-01 7.142230e-01 1.266401e+00 8.717074e-01 6.797840e-02 2.347132e-02 4.174653e-02 7.498778e-02 5.616252e-02 1.602861e-01 1.803050e-01 1.748046e-01 2.226978e-01 1.798273e-01 1.393233e-01 8.012850e-02 1.675919e-01 5.779445e-03
<GCONST> 6.090989e+01
<STATE> 16
<MEAN> 39
 -1.046846e+01 -1.407759e+00 -2.568219e+00 -3.633332e+00 6.876419e+00 -2.268775e+00 -5.049026e+00 -9.831127e+00 -2.808163e+00 -1.193463e+01 -5.324913e+00 -1.201398e+01 5.991113e+01 -7.368830e-01 2.136661e-01 7.073711e-01 5.326147e-01 3.772498e-02 1.355246e-01 1.027944e+00 1.000602e+00 -2.304610e-01 -5.516462e-01 7.202969e-02 1.646621e-01 -5.300851e-01 -2.533850e-02 -1.724788e-01 -1.842865e-01 -2.613011e-01 -2.719710e-01 -9.213859e-02 7.349787e-02 7.608381e-02 1.675237e-01 1.897592e-01 6.612764e-02 1.005189e-01 1.846642e-02
<VARIANCE> 39
 2.895738e+00 8.667735e+00 1.097517e+01 4.928977e+00 1.155067e+01 6.692210e+00 1.941736e+01 1.907217e+01 1.918399e+01 2.242312e+01 1.876479e+01 1.516960e+01 1.516226e+00 8.066529e-02 2.347652e-01 5.232145e-01 5.830954e-01 1.078028e+00 8.652250e-01 1.832518e+00 1.082048e+00 6.884549e-01 1.516192e+00 1.314764e+00 8.393033e-01 3.335076e-02 1.635607e-02 1.877527e-02 6.057602e-02 5.510821e-02 1.507368e-01 1.490251e-01 2.396605e-01 2.166592e-01 1.581521e-01 1.862748e-01 2.357809e-01 1.552614e-01 7.137663e-03
<GCONST> 6.116728e+01
<STATE> 17
<MEAN> 39
 -1.303546e+01 -2.232672e+00 -1.212502e+00 -3.133781e+00 4.188880e+00 -8.727060e-01 2.276007e+00 -3.814502e+00 -1.198423e+00 -1.014534e+01 -3.135054e+00 -9.197978e+00 5.832179e+01 -6.589733e-01 -5.277189e-01 -8.503416e-02 1.653684e-01 -2.181595e-01 4.837641e-02 9.129550e-01 4.248077e-01 -1.013926e-01 -7.594771e-02 -1.673245e-01 2.454758e-01 -3.446703e-01 1.344058e-02 -6.474704e-02 -4.547432e-02 3.350394e-02 1.369994e-01 5.777889e-02 -1.656665e-01 -2.765432e-01 -1.656016e-01 -2.218506e-02 4.874077e-02 -3.516499e-02 4.809079e-02
<VARIANCE> 39
 1.562078e+00 5.207060e+00 1.071400e+01 9.274752e+00 1.157804e+01 1.327784e+01 1.973625e+01 2.087888e+01 1.458623e+01 2.091239e+01 1.606147e+01 1.308184e+01 7.799005e-01 1.240646e-01 2.888730e-01 5.235730e-01 4.805825e-01 1.021536e+00 7.184690e-01 1.095606e+00 9.976261e-01 2.196391e+00 2.537336e+00 6.491969e-01 7.026439e-01 5.801343e-02 1.350343e-02 5.883050e-02 1.246385e-01 7.140073e-02 1.817030e-01 1.315978e-01 1.113230e-01 1.975075e-01 2.829615e-01 4.633186e-01 1.806899e-01 1.550474e-01 6.822601e-03
<GCONST> 6.340026e+01
<STATE> 18
<MEAN> 39
 -1.508625e+01 -5.688609e+00 -2.825417e+00 -2.575760e+00 6.398931e+00 -3.097479e+00 -1.638188e+00 -8.790724e+00 -4.145072e+00 -1.091876e+01 -3.180131e+00 -8.564539e+00 5.796789e+01 -6.707453e-01 -6.331791e-01 -1.115417e-01 6.227419e-01 6.083373e-01 6.344076e-01 2.287165e-01 -2.044019e-02 -3.781301e-02 3.262257e-01 7.929193e-01 5.636127e-01 -3.111135e-01 -1.986653e-03 2.613560e-02 3.232552e-02 2.652610e-02 -2.247471e-02 7.470392e-02 4.328616e-02 4.639767e-02 2.319057e-02 -5.563965e-02 -4.004457e-02 -7.291464e-02 -2.364587e-02
<VARIANCE> 39
 1.626683e+00 1.286967e+01 8.405464e+00 7.396917e+00 2.488292e+01 2.802352e+01 4.399227e+01 2.822928e+01 1.339721e+01 2.318047e+01 1.643565e+01 1.654677e+01 1.901102e+00 5.337202e-02 7.132659e-01 7.372461e-01 3.117557e-01 2.202930e+00 1.667527e+00 3.480277e+00 1.259297e+00 1.751986e+00 1.703592e+00 9.870442e-01 1.330631e+00 1.327763e-01 9.693037e-03 1.289488e-01 8.970120e-02 1.377026e-01 5.237965e-01 2.510208e-01 6.897158e-01 1.112947e-01 2.101788e-01 5.103042e-01 2.650063e-01 1.997953e-01 2.200261e-02
<GCONST> 7.723154e+01
<STATE> 19
<MEAN> 39
 -1.722450e+01 -5.666056e+00 -1.666297e+00 -1.942389e+00 5.621247e+00 6.238056e-01 4.832352e+00 -6.114842e+00 -4.122114e+00 -1.183885e+01 -3.721599e+00 -8.868572e+00 5.642899e+01 -5.025417e-01 -2.364355e-01 1.544601e-01 -1.768909e-01 -3.751664e-01 -3.566475e-02 3.828582e-01 -1.427627e-01 -5.098009e-01 -5.446057e-01 -7.700198e-01 -2.247385e-01 -2.323251e-01 1.132045e-01 3.507560e-02 1.334974e-02 -4.533648e-03 -5.060539e-04 -4.034701e-03 -7.289196e-02 1.204393e-01 6.458875e-02 -3.175401e-02 -2.259352e-01 -1.305054e-01 6.874879e-02
<VARIANCE> 39
 2.070686e+00 8.279189e+00 9.261470e+00 8.339569e+00 1.301484e+01 1.642380e+01 5.091167e+01 1.818086e+01 2.590627e+01 1.387078e+01 2.889274e+01 1.788703e+01 9.400411e-01 1.884565e-01 2.845187e-01 5.248631e-01 6.592088e-01 7.835214e-01 9.612814e-01 1.830383e+00 1.214781e+00 9.405577e-01 1.346903e+00 2.544823e+00 1.805746e+00 6.687925e-02 1.673863e-02 4.256606e-02 7.641755e-02 1.732923e-01 1.940622e-01 2.472374e-01 3.610979e-01 1.912335e-01 2.633537e-01 2.405787e-01 4.928628e-01 4.366390e-01 6.934401e-03
<GCONST> 7.216895e+01
<TRANSP> 20
 0.000000e+00 1.000000e+00 0.000000e+00 0.000000e+00 0.000000e+00 0.000000e+00 0.000000e+00 0.000000e+00 0.000000e+00 0.000000e+00 0.000000e+00 0.000000e+00 0.000000e+00 0.000000e+00 0.000000e+00 0.000000e+00 0.000000e+00 0.000000e+00 0.000000e+00 0.000000e+00
 0.000000e+00 7.142596e-01 2.857404e-01 0.000000e+00 0.000000e+00 0.000000e+00 0.000000e+00 0.000000e+00 0.000000e+00 0.000000e+00 0.000000e+00 0.000000e+00 0.000000e+00 0.000000e+00 0.000000e+00 0.000000e+00 0.000000e+00 0.000000e+00 0.000000e+00 0.000000e+00
 0.000000e+00 0.000000e+00 7.272375e-01 2.727625e-01 0.000000e+00 0.000000e+00 0.000000e+00 0.000000e+00 0.000000e+00 0.000000e+00 0.000000e+00 0.000000e+00 0.000000e+00 0.000000e+00 0.000000e+00 0.000000e+00 0.000000e+00 0.000000e+00 0.000000e+00 0.000000e+00
 0.000000e+00 0.000000e+00 0.000000e+00 5.721016e-01 4.278984e-01 0.000000e+00 0.000000e+00 0.000000e+00 0.000000e+00 0.000000e+00 0.000000e+00 0.000000e+00 0.000000e+00 0.000000e+00 0.000000e+00 0.000000e+00 0.000000e+00 0.000000e+00 0.000000e+00 0.000000e+00
 0.000000e+00 0.000000e+00 0.000000e+00 0.000000e+00 5.360775e-01 4.639225e-01 0.000000e+00 0.000000e+00 0.000000e+00 0.000000e+00 0.000000e+00 0.000000e+00 0.000000e+00 0.000000e+00 0.000000e+00 0.000000e+00 0.000000e+00 0.000000e+00 0.000000e+00 0.000000e+00
 0.000000e+00 0.000000e+00 0.000000e+00 0.000000e+00 0.000000e+00 6.928973e-01 3.071027e-01 0.000000e+00 0.000000e+00 0.000000e+00 0.000000e+00 0.000000e+00 0.000000e+00 0.000000e+00 0.000000e+00 0.000000e+00 0.000000e+00 0.000000e+00 0.000000e+00 0.000000e+00
 0.000000e+00 0.000000e+00 0.000000e+00 0.000000e+00 0.000000e+00 0.000000e+00 6.945881e-01 3.054120e-01 0.000000e+00 0.000000e+00 0.000000e+00 0.000000e+00 0.000000e+00 0.000000e+00 0.000000e+00 0.000000e+00 0.000000e+00 0.000000e+00 0.000000e+00 0.000000e+00
 0.000000e+00 0.000000e+00 0.000000e+00 0.000000e+00 0.000000e+00 0.000000e+00 0.000000e+00 7.255017e-01 2.744983e-01 0.000000e+00 0.000000e+00 0.000000e+00 0.000000e+00 0.000000e+00 0.000000e+00 0.000000e+00 0.000000e+00 0.000000e+00 0.000000e+00 0.000000e+00
 0.000000e+00 0.000000e+00 0.000000e+00 0.000000e+00 0.000000e+00 0.000000e+00 0.000000e+00 0.000000e+00 4.787707e-01 5.212293e-01 0.000000e+00 0.000000e+00 0.000000e+00 0.000000e+00 0.000000e+00 0.000000e+00 0.000000e+00 0.000000e+00 0.000000e+00 0.000000e+00
 0.000000e+00 0.000000e+00 0.000000e+00 0.000000e+00 0.000000e+00 0.000000e+00 0.000000e+00 0.000000e+00 0.000000e+00 5.718784e-01 4.281216e-01 0.000000e+00 0.000000e+00 0.000000e+00 0.000000e+00 0.000000e+00 0.000000e+00 0.000000e+00 0.000000e+00 0.000000e+00
 0.000000e+00 0.000000e+00 0.000000e+00 0.000000e+00 0.000000e+00 0.000000e+00 0.000000e+00 0.000000e+00 0.000000e+00 0.000000e+00 5.691082e-01 4.308918e-01 0.000000e+00 0.000000e+00 0.000000e+00 0.000000e+00 0.000000e+00 0.000000e+00 0.000000e+00 0.000000e+00
 0.000000e+00 0.000000e+00 0.000000e+00 0.000000e+00 0.000000e+00 0.000000e+00 0.000000e+00 0.000000e+00 0.000000e+00 0.000000e+00 0.000000e+00 5.726719e-01 4.273282e-01 0.000000e+00 0.000000e+00 0.000000e+00 0.000000e+00 0.000000e+00 0.000000e+00 0.000000e+00
 0.000000e+00 0.000000e+00 0.000000e+00 0.000000e+00 0.000000e+00 0.000000e+00 0.000000e+00 0.000000e+00 0.000000e+00 0.000000e+00 0.000000e+00 0.000000e+00 5.992151e-01 4.007849e-01 0.000000e+00 0.000000e+00 0.000000e+00 0.000000e+00 0.000000e+00 0.000000e+00
 0.000000e+00 0.000000e+00 0.000000e+00 0.000000e+00 0.000000e+00 0.000000e+00 0.000000e+00 0.000000e+00 0.000000e+00 0.000000e+00 0.000000e+00 0.000000e+00 0.000000e+00 7.394882e-01 2.605118e-01 0.000000e+00 0.000000e+00 0.000000e+00 0.000000e+00 0.000000e+00
 0.000000e+00 0.000000e+00 0.000000e+00 0.000000e+00 0.000000e+00 0.000000e+00 0.000000e+00 0.000000e+00 0.000000e+00 0.000000e+00 0.000000e+00 0.000000e+00 0.000000e+00 0.000000e+00 7.322711e-01 2.677290e-01 0.000000e+00 0.000000e+00 0.000000e+00 0.000000e+00
 0.000000e+00 0.000000e+00 0.000000e+00 0.000000e+00 0.000000e+00 0.000000e+00 0.000000e+00 0.000000e+00 0.000000e+00 0.000000e+00 0.000000e+00 0.000000e+00 0.000000e+00 0.000000e+00 0.000000e+00 7.345130e-01 2.654870e-01 0.000000e+00 0.000000e+00 0.000000e+00
 0.000000e+00 0.000000e+00 0.000000e+00 0.000000e+00 0.000000e+00 0.000000e+00 0.000000e+00 0.000000e+00 0.000000e+00 0.000000e+00 0.000000e+00 0.000000e+00 0.000000e+00 0.000000e+00 0.000000e+00 0.000000e+00 6.764597e-01 3.235403e-01 0.000000e+00 0.000000e+00
 0.000000e+00 0.000000e+00 0.000000e+00 0.000000e+00 0.000000e+00 0.000000e+00 0.000000e+00 0.000000e+00 0.000000e+00 0.000000e+00 0.000000e+00 0.000000e+00 0.000000e+00 0.000000e+00 0.000000e+00 0.000000e+00 0.000000e+00 5.538887e-01 4.461114e-01 0.000000e+00
 0.000000e+00 0.000000e+00 0.000000e+00 0.000000e+00 0.000000e+00 0.000000e+00 0.000000e+00 0.000000e+00 0.000000e+00 0.000000e+00 0.000000e+00 0.000000e+00 0.000000e+00 0.000000e+00 0.000000e+00 0.000000e+00 0.000000e+00 0.000000e+00 7.144231e-01 2.855769e-01
 0.000000e+00 0.000000e+00 0.000000e+00 0.000000e+00 0.000000e+00 0.000000e+00 0.000000e+00 0.000000e+00 0.000000e+00 0.000000e+00 0.000000e+00 0.000000e+00 0.000000e+00 0.000000e+00 0.000000e+00 0.000000e+00 0.000000e+00 0.000000e+00 0.000000e+00 0.000000e+00
<ENDHMM>
