~o
<STREAMINFO> 1 39
<VECSIZE> 39<NULLD><MFCC_D_A_0><DIAGC>
~h "pukul"
<BEGINHMM>
<NUMSTATES> 5
<STATE> 2
<MEAN> 39
 -4.630970e+00 2.605057e+00 -3.194112e+00 -1.294639e+01 -5.427382e+00 -5.175168e+00 -1.492480e+00 -9.101207e+00 -6.282735e+00 -1.083110e+01 1.962509e+00 -3.953991e+00 6.354133e+01 6.523143e-01 3.818555e-01 -1.561667e-01 -4.838504e-01 -2.271830e-01 6.896371e-02 -2.664089e-01 -4.050424e-01 -4.518070e-01 -6.547972e-02 3.332008e-01 1.233109e-01 3.917739e-01 1.290859e-03 -2.496633e-02 -6.018869e-03 -1.279309e-02 1.711161e-02 4.067852e-02 -2.380672e-02 -1.943141e-02 7.480569e-03 7.686364e-02 4.234858e-02 -2.453741e-02 1.182647e-02
<VARIANCE> 39
 5.000605e+01 3.290195e+01 2.541680e+01 5.616034e+01 4.850747e+01 4.077123e+01 3.591273e+01 5.083063e+01 4.201600e+01 2.476382e+01 5.859450e+01 3.239096e+01 1.640450e+01 3.674514e+00 2.397961e+00 2.032783e+00 4.819979e+00 3.243954e+00 2.913817e+00 4.042329e+00 4.059217e+00 2.671589e+00 2.100299e+00 3.373409e+00 2.150931e+00 1.165742e+00 4.692937e-01 3.651813e-01 3.941132e-01 7.072485e-01 5.581601e-01 5.360218e-01 7.553613e-01 7.052342e-01 4.493649e-01 3.697782e-01 5.151679e-01 4.016586e-01 1.326481e-01
<GCONST> 1.218334e+02
<STATE> 3
<MEAN> 39
 1.348783e+00 2.309206e+00 -5.372018e+00 -1.814454e+01 -2.940703e+00 -2.138726e+00 -1.349152e+01 -2.040095e+01 -9.502827e+00 -5.852414e-01 6.735816e+00 -8.805611e+00 6.938180e+01 -3.888112e-01 -2.202064e-01 2.917093e-01 6.354729e-01 3.149599e-01 -1.592806e-01 -8.725439e-02 -1.637673e-01 3.637843e-01 1.517950e-01 -5.767100e-01 -4.268606e-01 -2.786697e-01 -6.181871e-02 2.525309e-02 3.096717e-02 8.718127e-02 4.282687e-03 -7.907415e-02 5.245396e-02 7.225996e-02 -1.193308e-02 -1.299138e-01 -8.404990e-02 2.851303e-02 -6.425617e-02
<VARIANCE> 39
 8.601038e+00 1.244219e+01 5.261558e+01 5.140318e+01 4.833698e+01 6.528992e+01 9.417855e+01 8.567174e+01 6.116764e+01 4.704573e+01 9.715710e+01 5.730495e+01 1.174466e+01 2.433023e-01 5.450593e-01 8.976941e-01 1.065584e+00 1.332394e+00 1.538763e+00 2.069535e+00 3.177970e+00 1.994378e+00 4.061602e+00 1.807835e+00 1.903593e+00 2.422688e-01 3.150244e-02 7.001359e-02 1.075396e-01 1.378097e-01 1.889245e-01 2.445175e-01 2.864737e-01 3.773456e-01 3.727021e-01 4.888535e-01 3.166808e-01 3.281481e-01 1.242471e-02
<GCONST> 9.882240e+01
<STATE> 4
<MEAN> 39
 -1.245122e+01 -2.279317e+00 4.330944e-01 -1.272086e+00 3.662208e+00 -3.534211e+00 -3.299033e+00 -1.259943e+01 -4.758323e+00 -9.160347e+00 -3.471895e+00 -1.127022e+01 5.890989e+01 -6.310822e-01 -4.049456e-01 -1.961207e-02 2.995279e-01 2.599567e-01 2.613768e-01 6.273063e-01 7.228632e-01 1.629939e-01 -2.085355e-01 -2.366595e-01 -8.148389e-02 -3.354057e-01 3.070806e-02 -8.377343e-03 -2.171685e-02 -5.233755e-02 -2.195595e-02 4.525256e-02 3.805542e-02 4.843800e-02 4.135328e-02 3.058525e-02 1.533561e-02 -1.171411e-02 2.684891e-02
<VARIANCE> 39
 1.813032e+01 1.382867e+01 8.442479e+00 1.628041e+01 3.100268e+01 4.832792e+01 5.261592e+01 5.151320e+01 2.820884e+01 2.581647e+01 3.807782e+01 3.189212e+01 4.668119e+00 1.709807e-01 3.427029e-01 6.554074e-01 8.678502e-01 9.547166e-01 1.220743e+00 1.171469e+00 1.714866e+00 1.521853e+00 1.317001e+00 1.680750e+00 1.722255e+00 5.684204e-02 2.409821e-02 5.908495e-02 1.126125e-01 1.515340e-01 1.746967e-01 2.003228e-01 2.140224e-01 3.012353e-01 3.014445e-01 2.459136e-01 2.904727e-01 3.086588e-01 6.020986e-03
<GCONST> 8.206975e+01
<TRANSP> 5
 0.000000e+00 1.000000e+00 0.000000e+00 0.000000e+00 0.000000e+00
 0.000000e+00 9.692616e-01 3.073834e-02 0.000000e+00 0.000000e+00
 0.000000e+00 0.000000e+00 9.524959e-01 4.750412e-02 0.000000e+00
 0.000000e+00 0.000000e+00 0.000000e+00 9.553888e-01 4.461122e-02
 0.000000e+00 0.000000e+00 0.000000e+00 0.000000e+00 0.000000e+00
<ENDHMM>
