~o
<STREAMINFO> 1 39
<VECSIZE> 39<NULLD><MFCC_D_A_0><DIAGC>
~h "puluh"
<BEGINHMM>
<NUMSTATES> 5
<STATE> 2
<MEAN> 39
 -6.478041e+00 -2.072017e+00 -3.026932e+00 -1.198269e+01 -4.778837e+00 -5.175274e+00 -3.475636e+00 -9.855629e+00 -6.784113e+00 -6.947000e+00 3.262428e+00 -1.953202e+00 6.228610e+01 1.932365e+00 1.096718e+00 -3.494052e-01 -1.274389e+00 -6.596867e-01 2.421307e-01 -8.393976e-01 -1.576469e+00 -1.537258e+00 8.614162e-02 1.183812e+00 5.388946e-01 1.259133e+00 -7.513331e-03 -1.133145e-01 1.510640e-02 1.140069e-01 1.949010e-01 9.213082e-02 -9.389521e-02 -8.973250e-02 2.110945e-02 2.011296e-01 7.472277e-02 -2.076868e-01 2.312756e-02
<VARIANCE> 39
 1.010251e+02 7.124678e+01 2.394567e+01 7.502102e+01 6.433056e+01 4.414301e+01 4.525983e+01 8.992586e+01 8.683807e+01 4.296009e+01 4.453042e+01 2.600176e+01 3.298047e+01 4.078624e+00 5.573482e+00 1.797646e+00 5.954654e+00 5.032246e+00 5.162644e+00 3.749478e+00 4.890197e+00 4.404952e+00 6.439906e+00 4.711348e+00 2.488004e+00 1.011709e+00 8.210752e-01 1.021625e+00 2.830637e-01 1.198305e+00 7.790462e-01 9.209194e-01 5.824510e-01 8.819812e-01 8.949446e-01 1.065553e+00 7.291493e-01 5.940587e-01 1.867370e-01
<GCONST> 1.357514e+02
<STATE> 3
<MEAN> 39
 1.463702e+00 1.370282e+00 -2.441596e+00 -1.227175e+01 1.432932e+00 -3.644581e+00 -1.398848e+01 -1.891239e+01 -1.006370e+01 -7.686445e-01 1.224983e+01 -3.911702e+00 6.898566e+01 -4.120150e-01 -2.864744e-02 1.482176e-01 5.876344e-01 3.794616e-01 -2.066639e-01 1.113359e-02 1.022722e-01 5.219169e-01 -1.256885e-01 -2.808867e-01 -7.637791e-02 -2.635057e-01 -4.752990e-02 2.758215e-02 1.975630e-02 -3.997421e-03 -4.328238e-02 -4.617895e-03 1.099280e-01 7.281999e-02 1.047253e-02 -1.140122e-01 -8.028105e-02 5.578392e-02 -4.858991e-02
<VARIANCE> 39
 1.268235e+01 2.271243e+01 5.674677e+01 5.843186e+01 9.747015e+01 4.924131e+01 1.223952e+02 7.989410e+01 9.245893e+01 5.285059e+01 6.824860e+01 3.457035e+01 1.024504e+01 2.852868e-01 9.074159e-01 1.261343e+00 2.595889e+00 1.931747e+00 2.309658e+00 3.390455e+00 2.377154e+00 2.127321e+00 3.281607e+00 2.056928e+00 1.918954e+00 2.414247e-01 3.452659e-02 1.223416e-01 1.951811e-01 3.765459e-01 2.935262e-01 4.469881e-01 5.051258e-01 4.105473e-01 3.503638e-01 6.146647e-01 4.417351e-01 3.068442e-01 2.853958e-02
<GCONST> 1.082382e+02
<STATE> 4
<MEAN> 39
 -1.323372e+01 -3.454628e+00 -8.749263e-01 -1.033278e+00 6.748684e+00 3.156380e-01 1.786328e-01 -9.996157e+00 -3.975031e+00 -8.942496e+00 2.139089e-01 -6.071849e+00 5.889629e+01 -6.176667e-01 -4.267640e-01 -2.901757e-03 2.593171e-01 1.491658e-01 3.119133e-01 6.724203e-01 6.888391e-01 2.962057e-01 -1.023376e-01 -4.114927e-01 -3.068879e-01 -3.467010e-01 2.919428e-02 1.268016e-02 -9.396442e-03 -4.147895e-02 -2.480390e-02 2.445246e-03 1.397491e-03 4.216705e-02 4.511745e-02 3.225624e-02 3.898472e-02 2.050947e-02 1.952097e-02
<VARIANCE> 39
 2.223908e+01 1.708071e+01 1.605695e+01 2.382107e+01 4.105139e+01 2.662768e+01 5.394992e+01 5.716292e+01 5.488240e+01 3.088545e+01 4.001880e+01 4.556959e+01 7.551343e+00 1.974858e-01 2.385001e-01 4.606545e-01 8.304609e-01 1.055638e+00 1.050412e+00 1.245085e+00 1.610319e+00 1.512723e+00 1.310171e+00 1.298024e+00 1.277214e+00 6.357416e-02 2.267251e-02 4.423464e-02 6.833729e-02 1.321904e-01 1.715717e-01 2.052810e-01 2.295697e-01 2.667944e-01 2.468165e-01 2.317559e-01 2.111228e-01 2.210628e-01 6.871361e-03
<GCONST> 8.212009e+01
<TRANSP> 5
 0.000000e+00 1.000000e+00 0.000000e+00 0.000000e+00 0.000000e+00
 0.000000e+00 9.121844e-01 8.781558e-02 0.000000e+00 0.000000e+00
 0.000000e+00 0.000000e+00 9.569797e-01 4.302032e-02 0.000000e+00
 0.000000e+00 0.000000e+00 0.000000e+00 9.573569e-01 4.264308e-02
 0.000000e+00 0.000000e+00 0.000000e+00 0.000000e+00 0.000000e+00
<ENDHMM>
