~o
<STREAMINFO> 1 39
<VECSIZE> 39<NULLD><MFCC_D_A_0><DIAGC>
~h "sembilan"
<BEGINHMM>
<NUMSTATES> 20
<STATE> 2
<MEAN> 39
 -1.760093e+01 -6.493823e+00 -2.389752e+00 -4.639257e+00 1.764713e-02 -5.606470e+00 5.911941e-01 -6.236505e+00 4.958253e-01 -6.082127e+00 5.551010e-01 -5.301811e+00 5.654912e+01 -4.363890e-01 5.358573e-01 -5.274838e-01 2.759328e-01 2.048498e-01 -5.772373e-01 5.732939e-01 -5.483475e-01 3.984427e-01 -5.690022e-01 -4.772668e-02 -1.106405e-02 2.958007e-01 -3.337910e-01 4.505239e-01 -3.581873e-01 2.632867e-01 7.701828e-02 -6.303552e-02 3.617387e-01 -1.804563e-01 3.237209e-01 -2.348940e-01 1.108845e-01 -6.074176e-02 1.760146e-01
<VARIANCE> 39
 8.448414e-01 1.706935e+00 5.350232e+00 8.413205e+00 7.181722e+00 8.004822e+00 9.474133e+00 1.705597e+01 1.247756e+01 8.254792e+00 1.123190e+01 1.499746e+01 3.205951e-01 5.463364e-01 1.176250e+00 9.182041e-01 8.897885e-01 8.103748e-01 1.168245e+00 2.360224e+00 1.805047e+00 2.756836e+00 1.351088e+00 1.488781e+00 1.740650e+00 1.301460e-01 9.702468e-02 2.736704e-01 1.738964e-01 1.452563e-01 1.735031e-01 2.664234e-01 4.464235e-01 4.093997e-01 4.909571e-01 2.265974e-01 2.987758e-01 4.013882e-01 2.008116e-02
<GCONST> 7.428329e+01
<STATE> 3
<MEAN> 39
 -2.376436e+01 1.975830e+00 -9.195835e+00 3.743922e-01 4.455656e-01 -7.469441e+00 7.714578e+00 -1.159933e+01 7.600224e+00 -1.236326e+01 2.860284e+00 -7.284297e+00 5.986002e+01 -2.096582e+00 3.121104e+00 -2.112593e+00 1.910489e+00 3.891093e-02 -7.614861e-01 1.909342e+00 -1.214090e+00 1.526847e+00 -6.024958e-01 8.716722e-01 5.133774e-01 1.167865e+00 6.898840e-02 -1.348666e-01 1.497182e-01 -3.918163e-02 7.714066e-02 -8.364160e-02 -2.639524e-01 3.425383e-01 -5.474141e-01 6.385053e-01 -1.252920e-01 4.304217e-01 7.188496e-03
<VARIANCE> 39
 6.779075e+00 1.664633e+01 1.220438e+01 1.411929e+01 1.908913e+01 1.527449e+01 2.203632e+01 2.820546e+01 2.338994e+01 3.071828e+01 3.849770e+01 2.606350e+01 2.376931e+00 6.018940e-01 1.351776e+00 1.289735e+00 6.455194e-01 2.012705e+00 1.320229e+00 3.004967e+00 3.013106e+00 2.517717e+00 2.726603e+00 3.190901e+00 2.760934e+00 2.308806e-01 1.342174e-01 3.768149e-01 2.082222e-01 2.758896e-01 3.086527e-01 2.382718e-01 6.248401e-01 6.478466e-01 5.486065e-01 3.429956e-01 5.830754e-01 3.702024e-01 4.992486e-02
<GCONST> 9.788539e+01
<STATE> 4
<MEAN> 39
 -2.867889e+01 9.229193e+00 -1.349135e+01 3.296962e+00 3.298360e+00 -1.201309e+01 1.134276e+01 -1.141458e+01 5.676929e+00 -7.928720e+00 2.301253e+00 -9.092724e-01 6.342390e+01 1.154815e+00 3.726708e-01 4.084662e-01 -3.726048e-01 1.787618e-03 -7.712842e-01 -9.872775e-01 -4.593853e-02 -6.055583e-01 5.133181e-01 -4.557568e-01 5.733226e-03 4.623908e-01 1.227726e+00 -3.529533e-01 6.121617e-01 -5.024624e-01 -3.094477e-01 1.414508e-02 -1.023893e+00 -1.915422e-01 -1.776054e-01 -9.808799e-02 -1.571872e-01 -5.813569e-01 3.926778e-02
<VARIANCE> 39
 8.270197e+00 1.419239e+01 9.480914e+00 1.868152e+01 2.226468e+01 1.163126e+01 1.280602e+01 1.794020e+01 2.890657e+01 4.134356e+01 3.339940e+01 2.828065e+01 2.788237e+00 6.163247e+00 1.733502e+00 2.222790e+00 1.219276e+00 1.780564e+00 1.534197e+00 4.778435e+00 3.075199e+00 2.929152e+00 2.583615e+00 3.561623e+00 2.859547e+00 5.638926e-01 2.151336e-01 5.474877e-01 2.506991e-01 1.335103e-01 3.496893e-01 3.246490e-01 5.848452e-01 6.397082e-01 7.738639e-01 4.333865e-01 7.942550e-01 3.979133e-01 2.083056e-01
<GCONST> 1.058972e+02
<STATE> 5
<MEAN> 39
 -9.496692e+00 1.000702e+01 -5.796321e+00 -1.902518e+00 -1.170806e+00 -1.491039e+01 -5.201535e+00 -1.593783e+01 2.499312e+00 -8.515491e+00 7.861421e-01 -8.412681e+00 6.792315e+01 3.891220e+00 4.426955e-01 1.327354e+00 -1.002724e+00 -6.222440e-01 1.257387e-02 -2.968258e+00 -1.363365e+00 -1.280053e+00 2.865743e-01 5.103132e-01 -7.722675e-01 1.195284e+00 -7.039374e-01 -1.060669e-01 -9.732699e-02 3.217104e-01 2.352952e-01 3.434373e-01 8.105352e-01 1.455505e-01 -1.338673e-01 -1.755165e-02 3.196352e-01 4.155847e-01 -2.873218e-01
<VARIANCE> 39
 3.957833e+01 1.999793e+01 4.335787e+01 2.711596e+01 5.473304e+01 3.460337e+01 6.904037e+01 6.010056e+01 4.182952e+01 1.540868e+02 4.082048e+01 3.823709e+01 2.349359e+01 3.118380e+00 2.350582e+00 2.426599e+00 2.412756e+00 4.225541e+00 4.765050e+00 7.891416e+00 4.911166e+00 3.998120e+00 5.280357e+00 5.699672e+00 4.901971e+00 1.369847e+00 4.773969e-01 4.021553e-01 4.065017e-01 3.641112e-01 5.659352e-01 7.664973e-01 1.023874e+00 9.117655e-01 8.228278e-01 8.488021e-01 5.353965e-01 6.278987e-01 2.897430e-01
<GCONST> 1.305396e+02
<STATE> 6
<MEAN> 39
 -1.074895e+00 9.255471e+00 1.724569e+00 -2.760825e+00 -3.425972e+00 -1.308536e+01 -6.935477e+00 -1.590535e+01 -4.585562e+00 -5.899851e+00 4.016439e+00 -7.815217e+00 6.748389e+01 3.868162e-01 -2.806706e-01 1.184451e+00 4.620266e-03 -4.412397e-01 -3.266403e-02 1.699649e-01 7.299908e-01 -7.991143e-01 3.638742e-02 -1.077420e-01 -2.440305e-01 -4.542151e-01 -1.922482e-01 -9.884073e-02 5.201585e-02 2.947180e-02 -1.502264e-01 -1.702364e-01 2.199476e-02 1.593765e-01 5.181538e-02 2.532874e-02 -9.523904e-02 -1.692684e-02 9.946576e-04
<VARIANCE> 39
 9.310810e+00 1.083346e+01 3.222358e+01 2.128702e+01 4.786634e+01 2.556163e+01 4.328917e+01 5.088040e+01 2.109294e+01 6.358393e+01 7.892679e+01 4.163483e+01 7.769252e+00 2.353849e-01 4.318945e-01 7.795028e-01 1.165209e+00 1.486098e+00 1.001559e+00 2.001145e+00 1.715582e+00 2.013151e+00 2.228314e+00 2.032770e+00 1.121904e+00 1.457787e-01 4.995913e-02 8.559707e-02 9.200240e-02 1.438055e-01 3.947774e-01 2.142650e-01 2.810043e-01 4.248947e-01 3.701352e-01 3.741348e-01 4.265192e-01 3.089574e-01 3.309091e-02
<GCONST> 9.283887e+01
<STATE> 7
<MEAN> 39
 -6.884111e-01 4.958843e+00 1.093985e+01 -1.766481e+00 -1.106761e+01 -1.526951e+01 -6.217953e+00 -1.234352e+01 -1.046811e+01 -4.350650e+00 2.779188e+00 -9.940100e+00 6.633901e+01 -5.228394e-01 -1.840399e+00 3.205296e+00 -1.146681e-01 -3.745193e+00 -6.776240e-01 -3.261820e-02 1.869169e-02 -2.113099e+00 1.703303e+00 1.083089e+00 3.380646e-01 9.014043e-01 -2.319441e-01 -1.590223e-01 3.237820e-01 -2.832368e-01 -4.144358e-01 1.829583e-01 -4.886969e-02 -2.360278e-01 -5.074668e-02 2.028046e-01 2.732005e-01 3.352476e-01 3.684804e-01
<VARIANCE> 39
 5.523798e+00 1.632173e+01 3.944659e+01 4.238721e+01 7.861179e+01 3.505472e+01 2.491272e+01 4.117578e+01 6.832075e+01 4.160400e+01 6.602631e+01 2.510306e+01 5.472937e+00 4.587559e-01 1.474284e+00 3.120097e+00 1.309724e+00 5.487280e+00 3.391050e+00 1.504334e+00 4.532138e+00 1.123045e+01 8.023643e+00 3.810748e+00 3.722948e+00 6.025752e-01 6.884558e-02 3.174931e-01 5.962288e-01 3.900275e-01 1.364289e+00 6.837699e-01 2.321483e-01 4.706821e-01 1.435447e+00 7.343985e-01 7.985018e-01 2.820531e-01 8.345868e-02
<GCONST> 1.165404e+02
<STATE> 8
<MEAN> 39
 -4.560616e+00 -9.054148e-01 2.473024e+01 -5.587790e+00 -2.105969e+01 -1.446077e+01 -7.130874e+00 -9.322582e+00 -1.998584e+01 -2.753343e-01 8.285243e+00 -4.906654e+00 7.190143e+01 -3.330565e-01 -6.963413e-01 1.624645e-01 1.205064e-01 -6.490071e-01 -3.268346e-01 2.284996e-02 5.311261e-01 2.584562e-01 -6.857251e-01 -8.798420e-02 1.414400e+00 4.551357e-01 2.368967e-01 1.738598e-01 -7.382382e-01 2.806194e-01 7.354683e-01 -8.016565e-02 -3.636594e-02 1.791331e-01 4.268024e-01 -4.518945e-01 -3.376190e-01 -6.896468e-02 -2.840993e-01
<VARIANCE> 39
 7.036493e+00 1.569929e+01 1.295755e+02 5.311681e+01 1.043623e+02 8.918774e+01 4.326911e+01 1.350914e+02 2.869823e+02 1.081792e+02 9.351107e+01 4.776142e+01 7.711265e+00 8.675474e-01 8.208216e-01 4.722077e+00 4.027709e+00 2.680543e+00 4.561104e+00 2.704917e+00 3.331184e+00 4.433688e+00 3.347208e+00 2.747984e+00 2.206387e+00 6.408311e-01 9.583481e-02 2.463654e-01 3.998435e-01 4.451720e-01 6.389918e-01 8.079714e-01 5.515187e-01 7.194881e-01 1.149167e+00 7.171806e-01 6.285810e-01 5.028062e-01 7.764190e-02
<GCONST> 1.242251e+02
<STATE> 9
<MEAN> 39
 -2.855850e+00 -3.565850e+00 1.568405e+01 -1.563156e+00 -1.754615e+01 -1.642389e+01 -8.833978e+00 -9.074995e+00 -8.418697e+00 -6.358037e+00 3.089606e+00 -1.001968e+00 7.001416e+01 6.561463e-01 -2.248011e-01 -2.310894e+00 -2.302975e-01 2.709918e+00 4.484311e-01 -1.344289e+00 -4.040937e-01 1.773592e+00 6.319884e-01 -1.034211e+00 -8.310054e-01 -3.174554e-01 6.276391e-02 -2.403089e-02 -2.954262e-01 -3.675854e-01 1.608364e-01 2.526774e-01 -6.982383e-02 -3.679588e-01 7.871536e-02 6.095746e-01 9.189853e-03 -3.867321e-01 1.164195e-01
<VARIANCE> 39
 4.789696e+00 7.225886e+00 9.174886e+01 2.736033e+01 1.231358e+02 4.395665e+01 3.001699e+01 1.149685e+02 1.316317e+02 7.946117e+01 7.888717e+01 3.233509e+01 4.515369e+00 2.679546e-01 1.027442e+00 1.499012e+00 2.102436e+00 1.089429e+00 2.590009e+00 1.854224e+00 2.929387e+00 4.674909e+00 5.264275e+00 2.928995e+00 2.954136e+00 2.063962e-01 2.633136e-02 1.719594e-01 1.362524e-01 2.271566e-01 2.788882e-01 5.714482e-01 4.190026e-01 5.360464e-01 2.938573e-01 6.006840e-01 5.404061e-01 4.729001e-01 3.977184e-02
<GCONST> 1.062440e+02
<STATE> 10
<MEAN> 39
 5.580828e-01 -4.027880e+00 1.378015e+00 -7.469971e+00 -3.359085e+00 -1.654717e+01 -1.449189e+01 -1.066871e+01 -2.965312e+00 2.692695e+00 -1.495717e+00 -7.202071e+00 7.082792e+01 3.565566e-01 -1.122583e+00 -2.134179e+00 -1.421374e+00 1.291681e+00 1.023454e+00 6.666289e-01 1.273923e+00 1.275497e+00 7.585867e-02 -1.911376e+00 -1.487200e+00 6.155027e-01 -1.698517e-01 -3.584740e-01 3.396246e-01 -1.398431e-02 -4.747798e-01 2.216072e-01 6.073622e-01 7.501686e-01 -2.687964e-01 -6.339673e-01 -3.108354e-01 1.172039e-01 1.891497e-01
<VARIANCE> 39
 4.294770e+00 3.085956e+01 6.133428e+01 4.446672e+01 7.766540e+01 7.145506e+01 2.416497e+01 6.977197e+01 4.957450e+01 9.588055e+01 1.480926e+02 3.687261e+01 7.510660e+00 3.160991e-01 2.176538e+00 1.593193e+00 1.853790e+00 2.237017e+00 3.585044e+00 2.812234e+00 5.411993e+00 2.194394e+00 4.594792e+00 3.871159e+00 2.445847e+00 4.197516e-01 3.966589e-02 1.996090e-01 1.430499e-01 3.587310e-01 3.145123e-01 2.002679e-01 3.783089e-01 3.526772e-01 3.300752e-01 6.409601e-01 6.378116e-01 5.592424e-01 2.742934e-02
<GCONST> 1.100514e+02
<STATE> 11
<MEAN> 39
 8.575445e-02 -1.438301e+01 -3.407753e+00 -1.201139e+01 -6.362603e+00 -2.119362e+00 -6.484396e+00 -2.108118e+00 3.743694e+00 -2.133151e+00 -1.024219e+01 -9.809810e+00 7.531013e+01 -2.295237e-01 -1.143760e+00 -2.462032e-01 1.110654e-02 -5.477359e-02 5.559360e-01 1.187693e+00 1.509659e+00 -8.616294e-02 -1.195786e+00 -9.030544e-01 1.092546e+00 5.194340e-01 -2.337619e-02 4.797316e-01 3.626435e-01 3.173773e-01 -1.137432e-02 -5.813628e-01 -2.249182e-01 -4.675309e-01 -1.817842e-01 1.996347e-01 6.228865e-01 3.616772e-01 -2.487295e-01
<VARIANCE> 39
 4.845833e+00 1.435162e+01 6.592050e+01 1.032476e+01 1.530791e+02 1.331929e+02 3.518745e+01 1.400664e+02 7.998657e+01 7.111592e+01 9.104191e+01 8.077056e+01 6.877196e+00 2.159545e-01 1.720345e+00 1.289128e+00 1.286100e+00 8.537063e-01 3.795274e+00 2.451181e+00 1.910927e+00 1.502395e+00 2.420927e+00 2.343614e+00 2.163620e+00 3.634495e-01 4.483394e-02 1.729732e-01 2.116318e-01 2.710657e-01 1.374862e-01 3.076318e-01 3.279002e-01 3.486468e-01 2.297566e-01 3.589901e-01 3.209754e-01 4.335015e-01 3.503866e-02
<GCONST> 1.036145e+02
<STATE> 12
<MEAN> 39
 -1.090898e+00 -1.431046e+01 -4.719035e+00 -8.951920e+00 -2.626669e+00 -1.593334e+01 -4.708562e-01 4.563313e+00 -4.211103e+00 -9.623092e+00 -1.066877e+01 -2.926982e+00 7.516396e+01 -8.387151e-02 7.626154e-01 7.734010e-01 7.232510e-01 -4.168370e-01 -3.156888e-01 1.673892e-01 -5.839458e-01 -2.663812e-01 -3.086799e-01 7.340072e-01 4.418735e-01 -5.605735e-01 1.069114e-02 4.555135e-01 1.856227e-01 1.341225e-01 3.562957e-02 1.307316e-01 -3.868277e-01 -4.688177e-01 -5.045556e-02 1.717025e-02 3.565681e-02 -2.113839e-01 -2.314857e-01
<VARIANCE> 39
 4.379752e+00 1.757426e+01 3.560470e+01 5.806254e+00 5.116409e+01 1.203907e+02 3.063398e+01 1.080691e+02 8.260666e+01 6.361524e+01 4.944675e+01 5.353564e+01 9.825249e+00 1.099584e-01 1.653576e+00 8.136612e-01 6.398967e-01 1.428960e+00 1.396423e+00 2.037459e+00 2.819950e+00 1.259609e+00 9.266827e-01 1.380590e+00 1.312726e+00 5.228409e-01 2.491972e-02 1.064976e-01 9.656833e-02 7.721512e-02 2.091168e-01 2.103114e-01 3.244022e-01 2.937503e-01 2.591795e-01 2.452137e-01 2.965693e-01 2.246339e-01 4.280875e-02
<GCONST> 9.217770e+01
<STATE> 13
<MEAN> 39
 -1.037709e+00 -5.474412e+00 3.299123e+00 -4.540813e+00 -4.914819e+00 -9.842698e+00 -6.361307e+00 -6.386170e+00 -1.561074e+00 -9.428334e+00 -7.413774e+00 -4.285929e+00 6.985971e+01 -5.490338e-02 2.355986e+00 1.133130e+00 7.551309e-01 2.081849e-01 -2.565286e-01 -1.036390e+00 -1.613845e+00 -4.863485e-01 -7.832774e-01 3.215475e-01 -4.016914e-01 -1.092514e+00 1.429863e-03 -2.008878e-01 -2.254688e-01 -2.239459e-01 4.281664e-02 1.119711e-01 2.557284e-01 3.704548e-01 1.314278e-01 -6.941028e-02 -1.462793e-01 -1.470899e-01 1.481245e-01
<VARIANCE> 39
 2.709446e+00 1.277645e+01 2.764290e+01 7.820808e+00 2.744946e+01 5.659440e+01 2.490886e+01 4.659787e+01 5.565973e+01 3.301092e+01 7.025495e+01 5.579573e+01 4.640423e+00 1.977879e-01 3.855129e-01 6.198718e-01 1.125036e+00 2.985843e+00 2.895639e+00 1.863400e+00 2.228778e+00 2.292239e+00 1.696529e+00 1.215250e+00 1.060297e+00 1.412871e-01 2.886370e-02 5.689640e-02 3.441375e-02 1.165666e-01 2.742730e-01 2.725212e-01 2.288349e-01 2.621329e-01 1.503604e-01 1.360651e-01 1.932807e-01 1.487296e-01 1.133537e-02
<GCONST> 8.337288e+01
<STATE> 14
<MEAN> 39
 -1.388203e+00 3.040735e+00 3.935223e+00 -4.412882e+00 -4.971394e+00 -1.250855e+01 -8.330581e+00 -1.001680e+01 -6.582365e+00 -1.645846e+01 -1.049835e+01 -9.716071e+00 6.575954e+01 -4.843557e-01 8.834460e-01 2.444596e-01 4.998530e-01 6.703697e-01 7.080516e-01 2.002392e-01 -7.070894e-01 -4.385912e-01 -5.893614e-01 2.191602e-01 -2.786030e-01 -6.871176e-01 -1.382146e-01 -2.583817e-01 -9.300581e-02 7.903263e-02 1.832215e-01 9.480554e-02 1.690694e-01 8.118314e-02 -2.418607e-02 1.190468e-01 9.516556e-02 7.975642e-02 -7.198281e-03
<VARIANCE> 39
 4.511129e+00 1.366512e+01 8.149427e+00 6.017667e+00 1.031662e+01 2.139133e+01 8.918443e+00 3.146657e+01 3.363454e+01 4.171450e+01 4.459975e+01 4.199079e+01 5.602112e+00 1.379904e-01 5.311133e-01 4.379819e-01 5.387772e-01 7.332785e-01 1.227600e+00 9.374478e-01 6.912246e-01 1.585754e+00 2.241409e+00 1.495220e+00 1.158094e+00 6.471720e-02 1.276631e-02 2.956319e-02 2.359681e-02 8.096985e-02 1.139892e-01 2.620434e-01 2.236471e-01 1.482155e-01 2.105173e-01 3.853394e-01 2.943057e-01 1.898694e-01 7.657006e-03
<GCONST> 7.038415e+01
<STATE> 15
<MEAN> 39
 -5.102148e+00 3.492172e+00 6.495984e+00 1.930571e+00 4.007713e+00 -3.794824e+00 -2.238467e+00 -5.748852e+00 6.033715e-01 -1.162908e+01 -3.717820e+00 -3.954584e+00 6.300871e+01 -7.766653e-01 2.890471e-01 -2.442452e-01 2.387967e-01 5.512387e-01 2.483489e-01 5.026994e-01 2.590486e-01 4.514403e-02 9.545837e-02 3.168258e-01 -7.760311e-02 -8.247271e-01 -6.262883e-02 -1.775436e-01 -9.452733e-02 -1.793510e-01 -2.705845e-01 -8.292788e-02 -1.393598e-02 -1.507203e-02 2.412769e-02 1.460655e-01 3.458703e-02 -3.618328e-03 3.103339e-02
<VARIANCE> 39
 6.154454e+00 5.906804e+00 9.089805e+00 8.598188e+00 2.016506e+01 2.304693e+01 2.313716e+01 5.414666e+01 3.204935e+01 2.974515e+01 1.960647e+01 1.657090e+01 5.415328e+00 1.764495e-01 7.223467e-01 4.599186e-01 7.375266e-01 1.180348e+00 5.169645e-01 1.029362e+00 1.930651e+00 8.485623e-01 1.643818e+00 1.370040e+00 1.752323e+00 4.350028e-02 1.443449e-02 5.127117e-02 7.579406e-02 1.137746e-01 7.242738e-02 1.111917e-01 1.691737e-01 3.168867e-01 1.576585e-01 2.672656e-01 1.775012e-01 3.426393e-01 5.635097e-03
<GCONST> 7.150665e+01
<STATE> 16
<MEAN> 39
 -9.765746e+00 3.583594e+00 3.965364e+00 -2.123606e+00 -3.847385e-01 -6.463837e+00 -3.144589e+00 -1.269096e+01 -8.557178e+00 -1.529359e+01 -4.579030e+00 -9.469208e+00 5.917771e+01 -8.257815e-01 -4.314536e-01 -1.021681e-01 -7.287151e-02 2.733127e-01 6.146306e-01 7.208731e-01 -2.112095e-01 -4.819520e-01 -6.291456e-02 2.460348e-01 -1.464337e-01 -4.157666e-01 7.186964e-02 -7.544416e-02 -1.609402e-02 9.656540e-02 1.726945e-01 9.912974e-02 4.549852e-02 1.172147e-01 4.526073e-02 -1.071372e-01 -1.565587e-01 1.221720e-01 8.008825e-02
<VARIANCE> 39
 3.907706e+00 9.941431e+00 1.567174e+01 1.225542e+01 1.057216e+01 1.741178e+01 1.538542e+01 1.963049e+01 7.706184e+01 3.485637e+01 2.648962e+01 3.037527e+01 1.166412e+00 1.135375e-01 4.199049e-01 8.126758e-01 5.681296e-01 9.245776e-01 9.269612e-01 1.577893e+00 1.405802e+00 2.090385e+00 1.729011e+00 1.419583e+00 2.641463e+00 4.325189e-02 2.170039e-02 8.720335e-02 1.530145e-01 8.485947e-02 1.322073e-01 2.111438e-01 2.990814e-01 2.200932e-01 4.088788e-01 3.166901e-01 2.500833e-01 4.741082e-01 8.202248e-03
<GCONST> 7.665982e+01
<STATE> 17
<MEAN> 39
 -1.411072e+01 -9.292449e-01 4.201898e+00 4.132091e+00 9.753946e+00 3.266771e+00 4.841187e+00 -8.312508e+00 -7.191360e+00 -1.524801e+01 -4.786395e+00 -6.652796e+00 5.750035e+01 -4.573925e-01 -7.441263e-01 -3.741060e-01 8.420934e-02 6.017545e-01 7.643799e-01 5.486731e-01 3.062886e-01 -8.957267e-02 -2.107653e-01 -3.726123e-01 -2.057546e-01 -1.396746e-01 8.426751e-03 1.269160e-03 -4.855970e-02 -7.456838e-02 -1.133530e-01 -1.206624e-01 -5.525164e-02 6.899288e-02 7.404924e-02 8.682681e-02 3.438490e-03 -8.942292e-02 2.546623e-03
<VARIANCE> 39
 4.564844e+00 5.426451e+00 5.788671e+00 1.710991e+01 2.079854e+01 2.109493e+01 2.601829e+01 2.397421e+01 4.465370e+01 3.167089e+01 3.481464e+01 2.440248e+01 7.194185e-01 2.167469e-01 4.392082e-01 5.608796e-01 8.534905e-01 1.243946e+00 1.183826e+00 1.168197e+00 1.542289e+00 2.650543e+00 1.671856e+00 1.306771e+00 1.459194e+00 3.716474e-02 3.249585e-02 6.306975e-02 7.262899e-02 1.258245e-01 1.972272e-01 1.752091e-01 2.411166e-01 2.898529e-01 4.968846e-01 3.344449e-01 2.700049e-01 2.694736e-01 5.268184e-03
<GCONST> 7.582812e+01
<STATE> 18
<MEAN> 39
 -1.608629e+01 -4.614284e+00 -1.093053e+00 -2.896835e+00 2.943161e+00 -1.826517e+00 2.517316e+00 -6.464642e+00 -3.610686e+00 -1.039778e+01 -2.681746e+00 -7.865161e+00 5.688928e+01 -5.066425e-01 -5.428277e-01 -3.329392e-01 -1.894965e-01 -4.369450e-01 -1.170949e-01 2.930165e-01 6.364049e-01 9.655781e-01 1.053489e+00 6.268433e-01 1.759806e-01 -1.807118e-01 4.778688e-02 1.007214e-01 1.260836e-01 5.884837e-03 -2.725298e-02 4.155605e-02 -1.301959e-02 2.155124e-02 9.576323e-02 8.393087e-02 1.367079e-01 8.749042e-03 1.773672e-02
<VARIANCE> 39
 2.356245e+00 2.937156e+00 7.475832e+00 1.772274e+01 3.630014e+01 4.999696e+01 3.357964e+01 3.120288e+01 3.315340e+01 3.148564e+01 1.236301e+01 7.572599e+00 5.972270e-01 1.118003e-01 2.410514e-01 3.862135e-01 5.258322e-01 8.965339e-01 2.357046e+00 1.377305e+00 1.556523e+00 2.467134e+00 1.952946e+00 1.568349e+00 8.870068e-01 3.885103e-02 1.221895e-02 4.032061e-02 7.816616e-02 9.078599e-02 1.940649e-01 4.686660e-01 2.174647e-01 2.725962e-01 4.621027e-01 3.427941e-01 2.988931e-01 1.805657e-01 6.709443e-03
<GCONST> 7.133534e+01
<STATE> 19
<MEAN> 39
 -1.885693e+01 -6.936700e+00 -8.721634e-01 -1.222775e+00 5.825710e+00 2.172616e+00 6.345014e+00 -3.919790e+00 1.533401e-01 -9.024246e+00 -2.244404e+00 -9.011168e+00 5.598088e+01 -2.996830e-01 -2.365867e-01 -2.873967e-02 1.198258e-01 5.760544e-01 4.862920e-01 4.513480e-02 -1.891316e-01 7.536253e-02 -5.717800e-02 -1.247942e-01 -2.778998e-01 -1.312275e-01 3.406246e-02 -3.382137e-02 -1.091296e-01 -1.361204e-02 1.049127e-01 2.081165e-01 6.250140e-02 -1.431377e-01 -2.893935e-01 -1.260860e-01 -1.306792e-01 -7.738025e-02 -1.421336e-02
<VARIANCE> 39
 4.979972e+00 5.640188e+00 1.239473e+01 2.917882e+01 4.370602e+01 3.552009e+01 4.192553e+01 4.276878e+01 5.212073e+01 6.978590e+01 5.326323e+01 2.022385e+01 8.229444e-01 2.386936e-01 3.892214e-01 6.669223e-01 9.892023e-01 1.475557e+00 2.726639e+00 2.831856e+00 4.074515e+00 2.723352e+00 1.888387e+00 1.695446e+00 1.288741e+00 7.083043e-02 4.564914e-02 9.569735e-02 2.154289e-01 2.821602e-01 2.794901e-01 2.322198e-01 3.109948e-01 8.120148e-01 5.423527e-01 4.825377e-01 4.050050e-01 2.263703e-01 1.199110e-02
<GCONST> 9.104780e+01
<TRANSP> 20
 0.000000e+00 1.000000e+00 0.000000e+00 0.000000e+00 0.000000e+00 0.000000e+00 0.000000e+00 0.000000e+00 0.000000e+00 0.000000e+00 0.000000e+00 0.000000e+00 0.000000e+00 0.000000e+00 0.000000e+00 0.000000e+00 0.000000e+00 0.000000e+00 0.000000e+00 0.000000e+00
 0.000000e+00 8.181664e-01 1.818336e-01 0.000000e+00 0.000000e+00 0.000000e+00 0.000000e+00 0.000000e+00 0.000000e+00 0.000000e+00 0.000000e+00 0.000000e+00 0.000000e+00 0.000000e+00 0.000000e+00 0.000000e+00 0.000000e+00 0.000000e+00 0.000000e+00 0.000000e+00
 0.000000e+00 0.000000e+00 6.933901e-01 3.066099e-01 0.000000e+00 0.000000e+00 0.000000e+00 0.000000e+00 0.000000e+00 0.000000e+00 0.000000e+00 0.000000e+00 0.000000e+00 0.000000e+00 0.000000e+00 0.000000e+00 0.000000e+00 0.000000e+00 0.000000e+00 0.000000e+00
 0.000000e+00 0.000000e+00 0.000000e+00 8.057463e-01 1.942537e-01 0.000000e+00 0.000000e+00 0.000000e+00 0.000000e+00 0.000000e+00 0.000000e+00 0.000000e+00 0.000000e+00 0.000000e+00 0.000000e+00 0.000000e+00 0.000000e+00 0.000000e+00 0.000000e+00 0.000000e+00
 0.000000e+00 0.000000e+00 0.000000e+00 0.000000e+00 7.747473e-01 2.252527e-01 0.000000e+00 0.000000e+00 0.000000e+00 0.000000e+00 0.000000e+00 0.000000e+00 0.000000e+00 0.000000e+00 0.000000e+00 0.000000e+00 0.000000e+00 0.000000e+00 0.000000e+00 0.000000e+00
 0.000000e+00 0.000000e+00 0.000000e+00 0.000000e+00 0.000000e+00 8.837852e-01 1.162147e-01 0.000000e+00 0.000000e+00 0.000000e+00 0.000000e+00 0.000000e+00 0.000000e+00 0.000000e+00 0.000000e+00 0.000000e+00 0.000000e+00 0.000000e+00 0.000000e+00 0.000000e+00
 0.000000e+00 0.000000e+00 0.000000e+00 0.000000e+00 0.000000e+00 0.000000e+00 7.291896e-01 2.708104e-01 0.000000e+00 0.000000e+00 0.000000e+00 0.000000e+00 0.000000e+00 0.000000e+00 0.000000e+00 0.000000e+00 0.000000e+00 0.000000e+00 0.000000e+00 0.000000e+00
 0.000000e+00 0.000000e+00 0.000000e+00 0.000000e+00 0.000000e+00 0.000000e+00 0.000000e+00 8.320045e-01 1.679955e-01 0.000000e+00 0.000000e+00 0.000000e+00 0.000000e+00 0.000000e+00 0.000000e+00 0.000000e+00 0.000000e+00 0.000000e+00 0.000000e+00 0.000000e+00
 0.000000e+00 0.000000e+00 0.000000e+00 0.000000e+00 0.000000e+00 0.000000e+00 0.000000e+00 0.000000e+00 8.005239e-01 1.994760e-01 0.000000e+00 0.000000e+00 0.000000e+00 0.000000e+00 0.000000e+00 0.000000e+00 0.000000e+00 0.000000e+00 0.000000e+00 0.000000e+00
 0.000000e+00 0.000000e+00 0.000000e+00 0.000000e+00 0.000000e+00 0.000000e+00 0.000000e+00 0.000000e+00 0.000000e+00 7.954614e-01 2.045387e-01 0.000000e+00 0.000000e+00 0.000000e+00 0.000000e+00 0.000000e+00 0.000000e+00 0.000000e+00 0.000000e+00 0.000000e+00
 0.000000e+00 0.000000e+00 0.000000e+00 0.000000e+00 0.000000e+00 0.000000e+00 0.000000e+00 0.000000e+00 0.000000e+00 0.000000e+00 7.886740e-01 2.113260e-01 0.000000e+00 0.000000e+00 0.000000e+00 0.000000e+00 0.000000e+00 0.000000e+00 0.000000e+00 0.000000e+00
 0.000000e+00 0.000000e+00 0.000000e+00 0.000000e+00 0.000000e+00 0.000000e+00 0.000000e+00 0.000000e+00 0.000000e+00 0.000000e+00 0.000000e+00 8.215823e-01 1.784177e-01 0.000000e+00 0.000000e+00 0.000000e+00 0.000000e+00 0.000000e+00 0.000000e+00 0.000000e+00
 0.000000e+00 0.000000e+00 0.000000e+00 0.000000e+00 0.000000e+00 0.000000e+00 0.000000e+00 0.000000e+00 0.000000e+00 0.000000e+00 0.000000e+00 0.000000e+00 7.324139e-01 2.675861e-01 0.000000e+00 0.000000e+00 0.000000e+00 0.000000e+00 0.000000e+00 0.000000e+00
 0.000000e+00 0.000000e+00 0.000000e+00 0.000000e+00 0.000000e+00 0.000000e+00 0.000000e+00 0.000000e+00 0.000000e+00 0.000000e+00 0.000000e+00 0.000000e+00 0.000000e+00 7.857539e-01 2.142461e-01 0.000000e+00 0.000000e+00 0.000000e+00 0.000000e+00 0.000000e+00
 0.000000e+00 0.000000e+00 0.000000e+00 0.000000e+00 0.000000e+00 0.000000e+00 0.000000e+00 0.000000e+00 0.000000e+00 0.000000e+00 0.000000e+00 0.000000e+00 0.000000e+00 0.000000e+00 8.201834e-01 1.798166e-01 0.000000e+00 0.000000e+00 0.000000e+00 0.000000e+00
 0.000000e+00 0.000000e+00 0.000000e+00 0.000000e+00 0.000000e+00 0.000000e+00 0.000000e+00 0.000000e+00 0.000000e+00 0.000000e+00 0.000000e+00 0.000000e+00 0.000000e+00 0.000000e+00 0.000000e+00 8.250969e-01 1.749031e-01 0.000000e+00 0.000000e+00 0.000000e+00
 0.000000e+00 0.000000e+00 0.000000e+00 0.000000e+00 0.000000e+00 0.000000e+00 0.000000e+00 0.000000e+00 0.000000e+00 0.000000e+00 0.000000e+00 0.000000e+00 0.000000e+00 0.000000e+00 0.000000e+00 0.000000e+00 8.481233e-01 1.518768e-01 0.000000e+00 0.000000e+00
 0.000000e+00 0.000000e+00 0.000000e+00 0.000000e+00 0.000000e+00 0.000000e+00 0.000000e+00 0.000000e+00 0.000000e+00 0.000000e+00 0.000000e+00 0.000000e+00 0.000000e+00 0.000000e+00 0.000000e+00 0.000000e+00 0.000000e+00 8.062297e-01 1.937703e-01 0.000000e+00
 0.000000e+00 0.000000e+00 0.000000e+00 0.000000e+00 0.000000e+00 0.000000e+00 0.000000e+00 0.000000e+00 0.000000e+00 0.000000e+00 0.000000e+00 0.000000e+00 0.000000e+00 0.000000e+00 0.000000e+00 0.000000e+00 0.000000e+00 0.000000e+00 7.541714e-01 2.458287e-01
 0.000000e+00 0.000000e+00 0.000000e+00 0.000000e+00 0.000000e+00 0.000000e+00 0.000000e+00 0.000000e+00 0.000000e+00 0.000000e+00 0.000000e+00 0.000000e+00 0.000000e+00 0.000000e+00 0.000000e+00 0.000000e+00 0.000000e+00 0.000000e+00 0.000000e+00 0.000000e+00
<ENDHMM>
