~o
<STREAMINFO> 1 39
<VECSIZE> 39<NULLD><MFCC_D_A_0><DIAGC>
~h "seperempat"
<BEGINHMM>
<NUMSTATES> 5
<STATE> 2
<MEAN> 39
 -2.231597e+01 2.415079e+00 -8.536345e+00 -3.811403e-02 -8.980559e-01 -7.443426e+00 3.117950e+00 -9.050786e+00 3.245626e+00 -7.541895e+00 2.204825e+00 -5.930176e+00 6.032743e+01 5.677087e-01 1.221067e+00 -6.300673e-01 9.287645e-02 -5.782682e-01 -1.295965e+00 -7.972493e-01 -4.395035e-01 5.962045e-01 3.721817e-01 -1.688429e-01 -2.652458e-01 1.039113e+00 4.859857e-01 -1.486165e-01 5.374129e-02 -2.276230e-01 -8.789197e-05 -4.086117e-02 -3.715989e-01 -5.017306e-02 -7.325417e-04 1.526545e-01 -9.345716e-02 -1.628917e-01 1.723555e-01
<VARIANCE> 39
 2.551279e+01 4.468317e+01 2.200085e+01 2.429014e+01 2.835350e+01 4.447937e+01 3.367868e+01 2.500176e+01 2.543288e+01 3.316423e+01 2.061415e+01 2.471892e+01 1.018995e+01 8.579339e+00 2.338501e+00 2.388184e+00 3.890911e+00 2.867041e+00 4.480110e+00 8.822892e+00 2.519779e+00 2.072067e+00 2.987383e+00 3.056620e+00 2.759901e+00 7.063936e-01 8.653730e-01 4.252208e-01 4.594913e-01 5.401306e-01 4.975667e-01 7.926216e-01 1.043942e+00 5.456595e-01 3.361647e-01 3.698091e-01 5.202641e-01 5.294360e-01 8.938998e-02
<GCONST> 1.189800e+02
<STATE> 3
<MEAN> 39
 -1.753980e+00 -4.280118e+00 -6.497092e+00 -6.518330e+00 -1.047577e+00 -6.718721e+00 -5.137751e+00 -1.196041e+01 -1.450033e+00 -3.397336e+00 -8.584800e-01 -1.157306e+01 6.806976e+01 1.586466e-01 -2.783373e-01 4.786073e-02 -4.499850e-02 7.143127e-02 2.394357e-01 3.331882e-02 4.787194e-02 -9.224997e-02 -1.451968e-01 -1.643424e-01 -7.684927e-02 -4.896731e-03 -1.102312e-01 2.829597e-02 1.211718e-03 3.114003e-02 1.601121e-02 2.977077e-02 9.933253e-02 2.311585e-02 -1.290549e-02 -4.076985e-02 1.135980e-02 2.524840e-02 -6.197257e-02
<VARIANCE> 39
 2.358641e+01 6.065617e+01 5.399443e+01 2.605905e+01 5.353339e+01 7.244978e+01 7.048076e+01 6.004019e+01 5.916296e+01 8.542133e+01 6.672914e+01 4.094596e+01 2.428500e+01 2.487986e+00 2.381324e+00 3.335312e+00 2.690175e+00 2.349515e+00 2.708446e+00 3.187498e+00 3.157264e+00 2.673358e+00 4.289352e+00 2.419065e+00 2.927543e+00 1.946969e+00 4.396078e-01 2.461768e-01 5.680957e-01 5.337219e-01 4.050325e-01 4.948968e-01 6.037886e-01 5.662478e-01 4.428419e-01 7.683173e-01 4.574277e-01 5.203288e-01 2.833535e-01
<GCONST> 1.257607e+02
<STATE> 4
<MEAN> 39
 -1.159114e+01 -5.142840e+00 -4.402885e+00 -5.957935e+00 1.494217e+00 -9.401494e-01 3.117470e+00 -3.980333e+00 -4.057205e-01 -1.150441e+01 -6.866323e+00 -1.174118e+01 6.010820e+01 -7.692782e-01 1.465471e-01 2.846691e-01 1.821932e-01 2.834045e-01 3.796037e-01 7.015057e-01 3.769477e-01 -1.656603e-01 -6.728844e-02 3.337161e-01 1.527178e-01 -5.863764e-01 3.330904e-02 -6.270469e-02 2.622916e-03 2.443012e-02 -1.986490e-02 -1.930016e-02 -5.153337e-02 -2.121571e-02 1.336811e-02 2.265231e-02 2.275861e-02 5.393655e-02 5.065574e-02
<VARIANCE> 39
 2.119537e+01 6.721601e+00 1.455771e+01 1.646957e+01 2.748922e+01 2.371847e+01 3.102966e+01 2.963184e+01 2.200291e+01 3.159028e+01 3.261748e+01 2.048320e+01 1.182960e+01 1.410717e-01 4.157361e-01 5.300298e-01 8.481437e-01 1.062756e+00 1.167611e+00 1.634240e+00 1.398010e+00 1.263198e+00 1.348822e+00 1.389834e+00 1.184321e+00 1.008159e-01 2.211588e-02 4.725495e-02 7.617239e-02 1.164446e-01 1.660107e-01 1.712804e-01 2.639198e-01 2.215506e-01 2.262938e-01 1.984011e-01 2.168968e-01 2.260438e-01 7.866979e-03
<GCONST> 7.813005e+01
<TRANSP> 5
 0.000000e+00 1.000000e+00 0.000000e+00 0.000000e+00 0.000000e+00
 0.000000e+00 9.039564e-01 9.604363e-02 0.000000e+00 0.000000e+00
 0.000000e+00 0.000000e+00 9.819462e-01 1.805380e-02 0.000000e+00
 0.000000e+00 0.000000e+00 0.000000e+00 9.492335e-01 5.076652e-02
 0.000000e+00 0.000000e+00 0.000000e+00 0.000000e+00 0.000000e+00
<ENDHMM>
