~o
<STREAMINFO> 1 39
<VECSIZE> 39<NULLD><MFCC_D_A_0><DIAGC>
~h "hapus"
<BEGINHMM>
<NUMSTATES> 20
<STATE> 2
<MEAN> 39
 -1.745762e+01 -1.119416e+01 -5.624312e+00 -1.285712e+00 5.693573e+00 -4.241532e+00 3.135690e-01 -3.891008e+00 1.689670e+00 -9.121325e+00 1.322797e-01 -2.175291e+00 5.820618e+01 6.325674e-01 -7.939538e-01 -1.069308e+00 3.352808e-01 1.406108e+00 -8.629251e-02 -7.550294e-01 -8.777676e-01 -2.069856e-01 -5.716112e-01 -4.932306e-01 7.413370e-02 7.629740e-01 5.161175e-01 1.488784e-01 -1.782029e-01 -1.493334e-01 1.200632e-01 2.225047e-01 -2.354200e-01 -4.624814e-01 -1.279537e-01 1.173458e-01 -1.450320e-01 -3.002358e-01 2.918181e-01
<VARIANCE> 39
 1.633911e+00 1.353280e+01 1.048559e+01 9.812713e+00 2.335172e+01 1.350141e+01 2.306570e+01 1.546922e+01 1.876037e+01 2.765070e+01 1.993263e+01 3.475132e+01 1.639009e+00 8.946885e-01 1.656036e+00 1.720046e+00 1.028150e+00 1.644925e+00 1.882457e+00 2.074495e+00 2.676006e+00 1.888628e+00 3.446223e+00 2.291111e+00 3.307550e+00 3.360476e-01 1.954736e-01 1.968359e-01 3.344505e-01 2.627547e-01 3.673805e-01 2.114199e-01 2.518943e-01 2.603180e-01 2.990960e-01 4.372931e-01 1.682003e-01 3.768683e-01 8.681772e-02
<GCONST> 9.273324e+01
<STATE> 3
<MEAN> 39
 -1.041835e+01 -1.246666e+01 -1.087086e+01 -1.848426e+00 1.280348e+01 -4.274996e+00 -1.563945e+00 -1.011442e+01 -6.829628e-01 -1.122200e+01 -3.077820e+00 -2.587017e+00 6.440267e+01 2.988264e+00 5.550355e-01 -1.062870e+00 -1.446030e+00 4.743357e-01 6.277296e-01 -6.696216e-01 -1.730854e+00 -8.916773e-01 9.313439e-02 -7.996359e-01 -1.282672e+00 2.160298e+00 1.933649e-01 1.415907e-02 9.829348e-02 -5.313877e-01 -5.283729e-01 1.103149e-01 3.764192e-02 9.853342e-02 3.808910e-02 2.702630e-01 -1.103310e-02 -2.446860e-01 1.854501e-01
<VARIANCE> 39
 2.617356e+01 4.311863e+01 2.650642e+01 2.338026e+01 4.141645e+01 5.683844e+01 6.620821e+01 4.706748e+01 3.565609e+01 7.186143e+01 3.486548e+01 9.278722e+01 1.735866e+01 1.946601e+00 2.456224e+00 5.052048e+00 2.231260e+00 2.227369e+00 3.190995e+00 2.806115e+00 4.636138e+00 3.914592e+00 3.634643e+00 2.081495e+00 3.791178e+00 9.696816e-01 4.042760e-01 6.478557e-01 6.630748e-01 3.112011e-01 3.071959e-01 2.886122e-01 3.774486e-01 8.020253e-01 5.738695e-01 6.122526e-01 4.378200e-01 5.875306e-01 1.626401e-01
<GCONST> 1.221764e+02
<STATE> 4
<MEAN> 39
 6.367754e-01 -9.521272e+00 -1.531252e+01 -1.140548e+01 5.605802e+00 1.646261e+00 -6.345408e+00 -1.859380e+01 -1.281317e+00 -6.252781e+00 -7.037138e+00 -1.115142e+01 7.054366e+01 1.232177e+00 2.745529e-01 -8.741920e-02 -1.587380e+00 -1.316307e+00 3.972686e-01 -1.041192e-01 -5.405318e-01 -1.059667e-01 7.859788e-01 -4.712099e-01 -9.703175e-01 7.929544e-01 -8.654827e-01 2.179190e-01 7.334800e-01 5.926175e-01 -3.024242e-02 -3.268051e-01 3.118350e-01 6.493087e-01 -4.547285e-02 -1.923661e-01 3.156953e-01 3.220472e-01 -6.833302e-01
<VARIANCE> 39
 3.723996e+00 1.544746e+01 2.993875e+01 2.210252e+01 7.328517e+01 9.958247e+01 7.339352e+01 7.374944e+01 5.681864e+01 7.465561e+01 4.253245e+01 1.442637e+01 8.885264e+00 1.369654e+00 1.333000e+00 3.230291e+00 1.971177e+00 1.814299e+00 2.126741e+00 2.075076e+00 5.516579e+00 2.474642e+00 2.696076e+00 2.186933e+00 2.563231e+00 1.281139e+00 8.271568e-02 1.509584e-01 3.103893e-01 3.719749e-01 4.262373e-01 5.027627e-01 3.703122e-01 6.831329e-01 7.062982e-01 4.863220e-01 1.957360e-01 1.874425e-01 3.669894e-02
<GCONST> 1.096475e+02
<STATE> 5
<MEAN> 39
 1.030897e+00 -1.191030e+01 -2.644370e+00 -1.131413e+01 8.148586e+00 -6.204239e-01 -4.618802e+00 -5.652876e+00 -1.209812e+00 -4.368643e+00 1.281996e-01 -1.353042e+01 7.573519e+01 -4.068559e-01 9.754918e-01 9.838654e-01 6.450145e-01 -4.744074e-01 3.909040e-01 -1.081264e-01 4.496744e-03 -9.648611e-02 1.690933e-01 7.057308e-01 1.188724e-02 -8.280365e-01 -3.035443e-01 6.341266e-02 -1.024046e-01 3.635380e-01 2.135838e-01 -5.767111e-02 8.239914e-02 -8.776330e-02 -2.691624e-02 -2.952401e-01 -8.972807e-02 1.671202e-01 -3.264937e-01
<VARIANCE> 39
 1.610228e+00 3.625374e+01 7.742317e+01 9.388812e+00 4.977343e+01 3.442033e+01 2.183773e+01 1.141029e+02 2.590039e+01 3.532398e+01 7.290323e+01 1.196496e+01 2.568600e+01 6.430739e-01 1.069376e+00 1.438557e+00 1.134296e+00 9.166363e-01 1.776580e+00 1.885369e+00 1.666327e+00 1.276607e+00 1.614984e+00 1.052644e+00 1.000912e+00 7.613811e-01 1.030590e-01 1.544155e-01 1.916405e-01 1.205731e-01 1.167378e-01 9.071294e-02 1.567791e-01 2.539697e-01 1.946024e-01 2.269780e-01 3.149752e-01 2.378669e-01 3.691722e-02
<GCONST> 9.199682e+01
<STATE> 6
<MEAN> 39
 -4.773870e+00 -3.552606e+00 -5.002345e+00 -6.802334e+00 4.145380e+00 1.273809e+00 -3.185037e+00 -1.183794e+01 -3.222490e+00 -8.333936e+00 -4.004585e+00 -1.215755e+01 6.466953e+01 -1.141075e+00 4.721865e-01 5.647694e-01 5.402502e-01 -1.070708e-01 -1.927444e-01 6.503709e-01 6.496894e-01 -6.965613e-02 -5.698825e-01 -4.615643e-02 1.740685e-01 -1.024587e+00 6.648742e-02 -1.148359e-01 -8.785143e-02 -7.301942e-02 1.954055e-03 4.602359e-03 8.436251e-03 -2.288149e-02 1.030339e-01 1.136761e-01 1.508867e-02 1.521182e-02 1.093364e-01
<VARIANCE> 39
 4.747853e+00 6.496688e+00 3.870353e+01 2.751316e+01 3.975330e+01 2.357417e+01 2.782593e+01 4.426317e+01 2.511618e+01 5.671156e+01 4.837481e+01 1.706551e+01 5.937591e+00 2.433247e-01 2.911943e-01 1.037818e+00 6.576679e-01 7.112163e-01 1.368499e+00 1.190045e+00 1.502027e+00 1.388654e+00 1.556390e+00 1.462789e+00 1.031042e+00 1.084662e-01 2.241261e-02 3.804541e-02 1.103587e-01 1.329458e-01 1.059955e-01 1.449927e-01 1.774643e-01 1.739760e-01 2.417302e-01 2.783439e-01 1.829758e-01 1.978596e-01 7.194986e-03
<GCONST> 7.838557e+01
<STATE> 7
<MEAN> 39
 -1.088368e+01 -2.738118e+00 -3.379919e+00 -6.176867e+00 7.124960e-01 -2.997309e+00 -9.644524e-01 -1.102310e+01 -4.205246e+00 -1.006334e+01 -2.938797e+00 -9.437267e+00 5.983103e+01 -6.623555e-01 -1.106551e-01 8.474692e-01 8.674669e-01 -1.566067e-01 -7.023007e-01 2.115949e-01 3.285472e-01 -1.015247e-01 -3.439626e-01 4.469313e-02 1.680836e-01 -2.792858e-01 2.369796e-01 2.944076e-02 -1.200909e-01 -9.402737e-02 -1.533207e-01 -1.949873e-01 -2.656717e-01 -6.797261e-02 -2.239325e-02 1.610710e-01 1.778286e-01 2.440669e-01 2.249784e-01
<VARIANCE> 39
 4.846604e+00 3.463242e+00 1.234801e+01 1.609258e+01 1.485557e+01 1.967045e+01 1.512784e+01 1.435674e+01 1.198422e+01 1.731381e+01 1.994644e+01 1.245729e+01 1.517362e+00 1.763840e-01 3.840512e-01 5.678917e-01 6.050891e-01 1.032809e+00 1.202971e+00 1.342702e+00 1.158360e+00 1.263004e+00 1.162009e+00 1.434212e+00 8.101629e-01 1.606504e-01 6.652827e-02 1.210937e-01 1.361248e-01 1.797819e-01 2.212002e-01 2.524461e-01 2.971705e-01 2.134549e-01 2.939087e-01 2.508571e-01 3.262811e-01 2.448085e-01 3.150612e-02
<GCONST> 7.495218e+01
<STATE> 8
<MEAN> 39
 -1.067473e+01 -1.851449e+00 -1.251736e+00 -2.841540e+00 1.437945e-01 -5.952977e+00 -1.950634e+00 -9.075434e+00 -4.174135e+00 -9.530331e+00 -1.146640e+00 -6.398593e+00 6.141171e+01 2.023156e+00 1.548056e+00 -6.532859e-01 -1.879673e+00 -2.366118e+00 -1.994434e+00 -1.875548e+00 -5.799369e-01 -5.789754e-01 9.513810e-01 1.949507e+00 2.545488e+00 1.178914e+00 9.433839e-01 5.230365e-01 -4.021040e-01 -1.119843e+00 -5.657104e-01 -7.737143e-02 -3.129715e-01 -4.488451e-01 -4.248215e-01 -1.786149e-02 1.584567e-01 2.274190e-01 3.404540e-01
<VARIANCE> 39
 9.522999e+00 1.882680e+01 1.606701e+01 2.461497e+01 4.169135e+01 4.638579e+01 4.167805e+01 1.467571e+01 2.487515e+01 2.334409e+01 3.615670e+01 3.384810e+01 4.861347e+00 2.729322e+00 2.648226e+00 1.500510e+00 4.178031e+00 2.943263e+00 2.718011e+00 1.943061e+00 2.522964e+00 4.310558e+00 3.183935e+00 2.000723e+00 3.348093e+00 4.973664e-01 1.618222e-01 3.296033e-01 1.910369e-01 4.277338e-01 5.662846e-01 5.250884e-01 7.040656e-01 4.254372e-01 7.315100e-01 3.942032e-01 5.986597e-01 8.988884e-01 8.106418e-02
<GCONST> 1.109607e+02
<STATE> 9
<MEAN> 39
 1.500397e+00 6.492695e+00 -4.648909e+00 -1.514411e+01 -1.109575e+01 -1.030700e+01 -6.001401e+00 -1.319685e+01 -9.809233e+00 -9.487752e+00 5.315798e+00 1.525993e+00 6.659035e+01 1.894125e+00 4.936745e-01 -1.366729e+00 -2.199959e+00 -4.319281e-01 5.573145e-01 -1.003254e+00 -1.758309e+00 -1.304544e+00 8.748833e-01 1.296599e+00 8.065255e-01 1.123317e+00 -7.311159e-01 -7.019582e-01 7.391805e-02 7.440102e-01 1.105328e+00 4.755617e-01 -8.800406e-02 -3.586884e-02 5.362903e-01 4.221847e-01 -3.497022e-01 -8.419374e-01 -2.377840e-01
<VARIANCE> 39
 4.241507e+00 1.616198e+01 3.297152e+01 3.579421e+01 3.696516e+01 3.140501e+01 2.258356e+01 2.560604e+01 3.746332e+01 3.812334e+01 5.540020e+01 2.529415e+01 2.390253e+00 2.632845e+00 2.431383e+00 1.332723e+00 5.755692e+00 5.875689e+00 3.795405e+00 3.945606e+00 2.450491e+00 3.644917e+00 4.162313e+00 4.954085e+00 4.155941e+00 3.634119e-01 1.587825e-01 2.697634e-01 1.992707e-01 4.668409e-01 4.342337e-01 7.313015e-01 5.779404e-01 6.317840e-01 9.114663e-01 4.567126e-01 9.877315e-01 6.521417e-01 3.558151e-02
<GCONST> 1.134433e+02
<STATE> 10
<MEAN> 39
 2.194112e+00 2.733179e+00 -7.700904e+00 -1.797376e+01 -3.296917e+00 -9.167347e+00 -1.485115e+01 -1.701126e+01 -7.756620e+00 -2.089339e+00 4.796795e+00 -2.563130e+00 6.947496e+01 -2.927284e-01 -3.937727e-01 5.233699e-01 9.369034e-01 1.222058e+00 -1.307383e+00 -1.426306e+00 4.558887e-01 1.596873e+00 3.281537e-01 -1.708892e+00 -1.426353e+00 1.199130e-01 -4.604034e-01 2.405286e-01 5.198264e-01 6.742533e-01 -4.705289e-02 -5.220358e-01 6.066774e-01 4.054703e-01 8.262169e-02 -7.741520e-01 -4.421831e-01 2.001960e-01 -2.490257e-01
<VARIANCE> 39
 1.412003e+00 8.325209e+00 5.901709e+01 5.845891e+01 2.620634e+01 6.771427e+01 4.337429e+01 2.546044e+01 5.894194e+01 8.136449e+01 1.358065e+02 6.407815e+01 4.009018e+00 3.004405e-01 8.911350e-01 1.634809e+00 2.604691e+00 2.272454e+00 3.161055e+00 2.645706e+00 3.387371e+00 2.606348e+00 4.233672e+00 4.174452e+00 3.420857e+00 2.701512e-01 1.310712e-01 1.264995e-01 3.565638e-01 2.612392e-01 3.916913e-01 4.209478e-01 5.756292e-01 7.100864e-01 7.126726e-01 5.563611e-01 9.202918e-01 9.148169e-01 1.498504e-02
<GCONST> 1.092901e+02
<STATE> 11
<MEAN> 39
 -2.343330e+00 4.104220e+00 -3.877202e+00 -9.254462e+00 6.233403e-01 -1.643537e+01 -1.200809e+01 -1.604431e+01 -3.783457e+00 -6.218282e+00 -1.505099e+00 -4.229425e+00 6.775018e+01 -3.131319e+00 1.902842e+00 1.984036e-01 1.703289e+00 2.024440e+00 -2.790468e+00 2.687241e+00 -9.698301e-02 4.779598e-01 -7.042030e-01 -5.926433e-01 4.710973e-01 8.106267e-02 -8.686929e-01 7.076975e-01 -6.032969e-01 -2.719138e-01 1.688151e-01 -3.964720e-01 6.710680e-01 -3.266576e-02 -1.615249e-01 2.954589e-01 3.441409e-01 3.548133e-01 3.224890e-01
<VARIANCE> 39
 1.284447e+01 1.256451e+01 2.144639e+01 4.886435e+01 2.880003e+01 1.014216e+02 4.699470e+01 4.952833e+01 3.801526e+01 6.921348e+01 1.296420e+02 2.853249e+01 4.184445e+00 2.134848e+00 2.103595e+00 2.306972e+00 2.176818e+00 3.115865e+00 2.669542e+00 3.279602e+00 3.136188e+00 1.662888e+00 4.417593e+00 4.844002e+00 2.351629e+00 4.977302e-01 1.303289e-01 1.557519e-01 1.268932e-01 2.108207e-01 5.207621e-01 5.507522e-01 7.345039e-01 6.881819e-01 2.668009e-01 5.317994e-01 8.471094e-01 3.892013e-01 5.405056e-02
<GCONST> 1.128348e+02
<STATE> 12
<MEAN> 39
 -1.863640e+01 1.448256e+01 -7.966789e+00 -4.206571e+00 6.542974e+00 -2.851365e+01 -1.224072e+00 -1.572144e+01 -1.713342e+00 -5.908915e+00 -2.220371e+00 1.233734e-01 7.065317e+01 -3.272323e+00 1.817636e+00 -8.168719e-01 9.145831e-01 5.794718e-01 -1.655195e+00 1.538772e+00 9.240924e-01 1.205723e-01 2.225083e-02 3.851646e-02 8.435813e-01 5.884168e-01 7.448809e-01 -5.299209e-01 2.906835e-01 -3.333228e-02 -3.829692e-01 9.178386e-01 -5.770340e-01 1.983364e-01 -1.230109e-01 -1.319365e-01 5.445584e-02 -4.140044e-01 -1.702271e-01
<VARIANCE> 39
 1.780187e+01 2.738923e+01 9.864060e+00 8.962414e+01 3.084321e+01 5.872849e+01 5.672852e+01 3.352713e+01 5.441742e+01 5.224545e+01 4.545335e+01 4.612487e+01 2.663474e+00 1.922233e+00 1.592808e+00 1.472114e+00 1.270065e+00 3.276420e+00 4.666840e+00 2.987648e+00 2.600307e+00 1.232941e+00 1.647007e+00 2.711205e+00 2.988290e+00 4.384397e-01 1.236392e-01 1.511369e-01 2.396281e-01 2.759423e-01 4.374079e-01 4.379239e-01 3.919614e-01 4.976352e-01 3.015157e-01 4.426686e-01 4.818308e-01 5.244311e-01 3.068708e-02
<GCONST> 1.079253e+02
<STATE> 13
<MEAN> 39
 -2.684977e+01 1.957635e+01 -7.354984e+00 -5.238520e+00 1.100975e+01 -2.566076e+01 3.486004e+00 -1.108506e+01 -4.687531e+00 -5.407790e+00 9.485921e-02 -2.194901e+00 7.185508e+01 -5.312461e-01 1.227603e-01 1.071669e-01 6.903118e-01 1.924344e-01 6.730966e-01 2.570560e-01 5.440363e-01 4.947502e-02 -1.712461e-01 -8.747683e-02 -4.521099e-01 -2.436743e-01 2.076067e-01 -1.322510e-01 1.287265e-02 -5.307539e-02 -4.752383e-02 1.879793e-01 -8.689756e-03 -3.365058e-02 2.700689e-02 3.788688e-02 5.032999e-02 1.075831e-02 -1.116631e-01
<VARIANCE> 39
 6.760437e+00 1.118989e+01 1.855233e+01 2.806598e+01 2.482279e+01 3.115534e+01 6.760088e+01 3.546298e+01 3.874115e+01 9.262475e+01 2.181541e+01 3.146704e+01 3.951950e+00 2.992518e-01 4.922821e-01 5.698808e-01 6.639301e-01 9.496668e-01 2.178491e+00 1.738259e+00 1.448888e+00 2.577540e+00 1.841260e+00 6.424885e-01 1.363544e+00 2.255668e-01 1.016290e-01 8.426508e-02 8.359150e-02 1.068021e-01 1.446928e-01 4.047970e-01 2.914576e-01 3.223318e-01 3.771067e-01 3.778454e-01 1.118744e-01 2.595801e-01 2.970296e-02
<GCONST> 8.779657e+01
<STATE> 14
<MEAN> 39
 -2.345530e+01 1.536581e+01 -7.709653e+00 7.737164e+00 2.472351e+00 -2.386501e+01 1.159547e+00 -1.183086e+01 6.365374e-01 -1.503076e+01 -5.517336e+00 -1.950799e+00 6.786364e+01 -3.018167e-01 -2.026553e-01 1.849400e-01 1.840250e-01 -1.794952e-02 1.472459e+00 5.719010e-01 1.788321e-01 -2.442434e-01 -2.758271e-01 3.197483e-01 -2.347486e-01 -4.949321e-01 3.595523e-02 -1.958755e-01 -8.806244e-02 -1.535280e-01 -2.151433e-02 -1.011677e-01 -6.568036e-02 -1.175478e-01 8.641113e-02 2.315440e-01 1.297864e-01 8.867188e-02 -3.847729e-02
<VARIANCE> 39
 1.014841e+01 2.044737e+01 1.285381e+01 4.406786e+01 5.629921e+01 6.228407e+01 4.678982e+01 1.825071e+01 1.953831e+01 5.118447e+01 2.751423e+01 2.300979e+01 6.126194e+00 1.007839e-01 3.788462e-01 5.904010e-01 6.698800e-01 6.233939e-01 6.767758e-01 1.138721e+00 1.111138e+00 1.052265e+00 2.037458e+00 1.786233e+00 1.903930e+00 6.356364e-02 1.518398e-02 4.780309e-02 1.025922e-01 1.016247e-01 1.008997e-01 1.790210e-01 1.909901e-01 1.799276e-01 3.006161e-01 2.312370e-01 2.727358e-01 2.453023e-01 8.827528e-03
<GCONST> 7.856835e+01
<STATE> 15
<MEAN> 39
 -2.832117e+01 1.444858e+01 -6.548826e+00 -2.250347e+00 9.798738e+00 -1.969773e+01 3.041536e+00 -6.476587e+00 -5.145044e+00 -2.747969e+00 5.301033e-01 -3.000803e+00 6.677728e+01 -5.572939e-02 -8.718543e-01 -1.174511e-02 4.626706e-02 -1.110313e-01 3.766610e-01 4.004548e-01 1.221574e-01 4.521830e-01 1.595360e-01 4.012874e-01 -2.284396e-01 -6.447511e-01 1.189545e-01 -1.109340e-01 4.609580e-02 -1.107742e-01 -2.388017e-02 -9.553516e-02 8.211453e-03 1.100304e-02 1.145242e-01 -4.049886e-02 -9.885377e-02 -9.821796e-02 -2.391327e-02
<VARIANCE> 39
 9.947420e+00 1.909490e+01 1.516325e+01 4.812130e+01 5.198377e+01 3.611189e+01 3.295155e+01 3.519977e+01 3.156134e+01 5.730878e+01 1.350194e+01 2.014114e+01 6.530440e+00 1.796411e-01 2.147120e-01 1.682570e-01 5.857776e-01 3.505308e-01 1.405758e+00 1.164113e+00 1.858679e+00 1.299921e+00 1.511988e+00 5.582789e-01 1.097276e+00 5.476029e-02 2.111894e-02 4.777563e-02 4.238289e-02 1.035843e-01 1.093908e-01 2.775064e-01 1.697221e-01 2.417988e-01 1.807235e-01 1.823906e-01 1.646155e-01 2.100567e-01 9.856387e-03
<GCONST> 7.445354e+01
<STATE> 16
<MEAN> 39
 -2.755360e+01 1.236639e+01 -6.460681e+00 -9.646567e-01 9.223510e+00 -1.759686e+01 7.416120e+00 -8.426076e+00 1.622835e+00 -6.888547e+00 2.606785e+00 -6.888200e+00 6.426591e+01 5.128316e-01 -1.392376e+00 5.089694e-01 -2.509871e-01 -5.004669e-01 3.357089e-01 -4.259509e-01 4.190132e-01 4.986433e-01 7.731499e-02 -1.938628e-01 -3.125109e-01 -8.572640e-01 1.114964e-01 -1.516567e-01 4.685300e-02 6.541438e-02 -6.446306e-02 2.505277e-01 -1.530090e-01 -3.388213e-02 -1.443063e-01 -1.002951e-01 -1.926759e-01 1.064600e-01 -2.290324e-02
<VARIANCE> 39
 5.825573e+00 1.594391e+01 1.694778e+01 2.301225e+01 2.753227e+01 4.666713e+01 2.930024e+01 4.257388e+01 1.841054e+01 4.408747e+01 3.997126e+01 3.464362e+01 4.123877e+00 2.028607e-01 2.929354e-01 6.982825e-01 1.159500e+00 1.068869e+00 1.190460e+00 1.928395e+00 1.220170e+00 7.323418e-01 2.488947e+00 1.091878e+00 1.666411e+00 8.843876e-02 2.421062e-02 2.787765e-02 1.571616e-01 1.301730e-01 1.189977e-01 3.439569e-01 4.918323e-01 3.831753e-01 2.066340e-01 5.796479e-01 1.956800e-01 3.119127e-01 7.195143e-03
<GCONST> 8.273920e+01
<STATE> 17
<MEAN> 39
 -2.344949e+01 3.413033e+00 -4.843780e+00 -1.362110e-01 5.575522e+00 -1.238334e+01 4.415230e+00 -6.071157e+00 7.822275e-01 -7.468944e+00 -6.595572e-01 -4.864519e+00 6.029155e+01 6.288832e-01 -1.547692e+00 2.672755e-01 -4.002609e-02 -2.080208e-01 1.560516e+00 1.923700e-01 -1.683918e-02 1.011475e-01 -3.766163e-01 -5.255624e-01 -2.373464e-02 -6.334656e-01 -3.179786e-02 6.539801e-02 -6.703275e-03 -2.984978e-02 -3.836150e-02 -3.753202e-03 3.270272e-02 3.702735e-02 8.780723e-02 1.188359e-01 1.641151e-01 -4.797127e-02 5.137457e-02
<VARIANCE> 39
 6.719579e+00 9.825457e+00 1.005960e+01 2.451682e+01 3.770363e+01 4.735878e+01 2.295415e+01 3.094814e+01 3.319532e+01 3.045086e+01 2.832050e+01 2.177138e+01 9.787499e-01 1.960104e-01 3.301552e-01 6.941417e-01 6.607198e-01 1.196936e+00 1.082447e+00 1.289961e+00 1.488159e+00 1.611074e+00 2.280559e+00 1.418233e+00 1.107194e+00 5.846992e-02 2.479177e-02 5.682274e-02 1.265039e-01 1.477036e-01 1.721810e-01 1.467301e-01 1.896643e-01 3.036963e-01 3.204583e-01 3.831441e-01 2.587335e-01 2.224942e-01 1.104354e-02
<GCONST> 7.852104e+01
<STATE> 18
<MEAN> 39
 -2.037888e+01 -2.857357e+00 -3.335012e+00 -2.631086e+00 3.551259e+00 -7.357008e+00 5.328016e+00 -7.216452e+00 2.990458e+00 -6.940269e+00 -5.407733e-01 -5.884904e+00 5.773072e+01 5.258910e-01 -1.052030e+00 2.912671e-01 -4.592122e-01 -2.938545e-01 1.197249e+00 -3.603848e-01 3.349569e-01 2.456180e-01 1.873703e-01 -4.214763e-02 -6.966109e-01 -4.287818e-01 1.170369e-03 8.674163e-02 3.595381e-02 5.978527e-02 5.040483e-02 -7.163058e-02 -6.441054e-02 9.380208e-02 -6.748933e-02 -7.219119e-02 -3.267702e-02 -3.559527e-02 2.665508e-02
<VARIANCE> 39
 7.272361e+00 7.803466e+00 8.338546e+00 1.335243e+01 8.344234e+00 2.626059e+01 1.365135e+01 2.536629e+01 8.594286e+00 2.655972e+01 1.580139e+01 1.742256e+01 8.653976e-01 1.831381e-01 3.827243e-01 4.411823e-01 7.232476e-01 1.041085e+00 8.914678e-01 8.430449e-01 1.562384e+00 1.124168e+00 1.435781e+00 1.155944e+00 1.446709e+00 2.978812e-02 3.099809e-02 5.834883e-02 6.791388e-02 8.306213e-02 1.313809e-01 1.439345e-01 1.728988e-01 2.441766e-01 2.102785e-01 2.483825e-01 2.740305e-01 2.817122e-01 7.209535e-03
<GCONST> 6.737738e+01
<STATE> 19
<MEAN> 39
 -1.915328e+01 -5.833149e+00 -1.407006e+00 -1.070685e+00 3.832414e+00 -9.377182e-01 3.117569e+00 -5.073062e+00 6.374494e-01 -8.812311e+00 -2.043869e+00 -9.441796e+00 5.625528e+01 6.054311e-01 -7.269204e-01 3.164003e-01 -2.255361e-01 -1.670329e-01 6.659068e-01 -2.681467e-01 3.571686e-01 -6.864755e-02 5.803579e-03 5.211025e-01 1.540238e-01 -2.372963e-01 5.704407e-02 1.084333e-01 -4.338320e-02 -1.063496e-02 -5.456014e-02 -1.137885e-01 -8.240058e-02 -7.630061e-02 -7.634636e-02 -1.207911e-01 8.157554e-02 1.445568e-01 7.357954e-02
<VARIANCE> 39
 1.042409e+01 6.203567e+00 1.386959e+01 1.914240e+01 5.089672e+01 2.179079e+01 2.884841e+01 1.793131e+01 2.674747e+01 5.160858e+01 5.208781e+01 3.103968e+01 9.451297e-01 3.820248e-01 3.565633e-01 7.825424e-01 1.408779e+00 1.494625e+00 2.072878e+00 1.994065e+00 1.150849e+00 2.684942e+00 2.499054e+00 1.708913e+00 1.280121e+00 7.322592e-02 5.884015e-02 6.886568e-02 1.226778e-01 3.160290e-01 3.469395e-01 2.992935e-01 2.066866e-01 2.104712e-01 4.187717e-01 3.651142e-01 3.316237e-01 3.138962e-01 1.166773e-02
<GCONST> 8.663762e+01
<TRANSP> 20
 0.000000e+00 1.000000e+00 0.000000e+00 0.000000e+00 0.000000e+00 0.000000e+00 0.000000e+00 0.000000e+00 0.000000e+00 0.000000e+00 0.000000e+00 0.000000e+00 0.000000e+00 0.000000e+00 0.000000e+00 0.000000e+00 0.000000e+00 0.000000e+00 0.000000e+00 0.000000e+00
 0.000000e+00 7.366736e-01 2.633265e-01 0.000000e+00 0.000000e+00 0.000000e+00 0.000000e+00 0.000000e+00 0.000000e+00 0.000000e+00 0.000000e+00 0.000000e+00 0.000000e+00 0.000000e+00 0.000000e+00 0.000000e+00 0.000000e+00 0.000000e+00 0.000000e+00 0.000000e+00
 0.000000e+00 0.000000e+00 7.477837e-01 2.522164e-01 0.000000e+00 0.000000e+00 0.000000e+00 0.000000e+00 0.000000e+00 0.000000e+00 0.000000e+00 0.000000e+00 0.000000e+00 0.000000e+00 0.000000e+00 0.000000e+00 0.000000e+00 0.000000e+00 0.000000e+00 0.000000e+00
 0.000000e+00 0.000000e+00 0.000000e+00 7.304105e-01 2.695895e-01 0.000000e+00 0.000000e+00 0.000000e+00 0.000000e+00 0.000000e+00 0.000000e+00 0.000000e+00 0.000000e+00 0.000000e+00 0.000000e+00 0.000000e+00 0.000000e+00 0.000000e+00 0.000000e+00 0.000000e+00
 0.000000e+00 0.000000e+00 0.000000e+00 0.000000e+00 7.235905e-01 2.764095e-01 0.000000e+00 0.000000e+00 0.000000e+00 0.000000e+00 0.000000e+00 0.000000e+00 0.000000e+00 0.000000e+00 0.000000e+00 0.000000e+00 0.000000e+00 0.000000e+00 0.000000e+00 0.000000e+00
 0.000000e+00 0.000000e+00 0.000000e+00 0.000000e+00 0.000000e+00 8.559030e-01 1.440971e-01 0.000000e+00 0.000000e+00 0.000000e+00 0.000000e+00 0.000000e+00 0.000000e+00 0.000000e+00 0.000000e+00 0.000000e+00 0.000000e+00 0.000000e+00 0.000000e+00 0.000000e+00
 0.000000e+00 0.000000e+00 0.000000e+00 0.000000e+00 0.000000e+00 0.000000e+00 7.915764e-01 2.084236e-01 0.000000e+00 0.000000e+00 0.000000e+00 0.000000e+00 0.000000e+00 0.000000e+00 0.000000e+00 0.000000e+00 0.000000e+00 0.000000e+00 0.000000e+00 0.000000e+00
 0.000000e+00 0.000000e+00 0.000000e+00 0.000000e+00 0.000000e+00 0.000000e+00 0.000000e+00 6.925010e-01 3.074990e-01 0.000000e+00 0.000000e+00 0.000000e+00 0.000000e+00 0.000000e+00 0.000000e+00 0.000000e+00 0.000000e+00 0.000000e+00 0.000000e+00 0.000000e+00
 0.000000e+00 0.000000e+00 0.000000e+00 0.000000e+00 0.000000e+00 0.000000e+00 0.000000e+00 0.000000e+00 7.277209e-01 2.722791e-01 0.000000e+00 0.000000e+00 0.000000e+00 0.000000e+00 0.000000e+00 0.000000e+00 0.000000e+00 0.000000e+00 0.000000e+00 0.000000e+00
 0.000000e+00 0.000000e+00 0.000000e+00 0.000000e+00 0.000000e+00 0.000000e+00 0.000000e+00 0.000000e+00 0.000000e+00 7.544197e-01 2.455803e-01 0.000000e+00 0.000000e+00 0.000000e+00 0.000000e+00 0.000000e+00 0.000000e+00 0.000000e+00 0.000000e+00 0.000000e+00
 0.000000e+00 0.000000e+00 0.000000e+00 0.000000e+00 0.000000e+00 0.000000e+00 0.000000e+00 0.000000e+00 0.000000e+00 0.000000e+00 7.216626e-01 2.783374e-01 0.000000e+00 0.000000e+00 0.000000e+00 0.000000e+00 0.000000e+00 0.000000e+00 0.000000e+00 0.000000e+00
 0.000000e+00 0.000000e+00 0.000000e+00 0.000000e+00 0.000000e+00 0.000000e+00 0.000000e+00 0.000000e+00 0.000000e+00 0.000000e+00 0.000000e+00 7.426035e-01 2.573965e-01 0.000000e+00 0.000000e+00 0.000000e+00 0.000000e+00 0.000000e+00 0.000000e+00 0.000000e+00
 0.000000e+00 0.000000e+00 0.000000e+00 0.000000e+00 0.000000e+00 0.000000e+00 0.000000e+00 0.000000e+00 0.000000e+00 0.000000e+00 0.000000e+00 0.000000e+00 8.046723e-01 1.953278e-01 0.000000e+00 0.000000e+00 0.000000e+00 0.000000e+00 0.000000e+00 0.000000e+00
 0.000000e+00 0.000000e+00 0.000000e+00 0.000000e+00 0.000000e+00 0.000000e+00 0.000000e+00 0.000000e+00 0.000000e+00 0.000000e+00 0.000000e+00 0.000000e+00 0.000000e+00 7.639815e-01 2.360185e-01 0.000000e+00 0.000000e+00 0.000000e+00 0.000000e+00 0.000000e+00
 0.000000e+00 0.000000e+00 0.000000e+00 0.000000e+00 0.000000e+00 0.000000e+00 0.000000e+00 0.000000e+00 0.000000e+00 0.000000e+00 0.000000e+00 0.000000e+00 0.000000e+00 0.000000e+00 7.773772e-01 2.226227e-01 0.000000e+00 0.000000e+00 0.000000e+00 0.000000e+00
 0.000000e+00 0.000000e+00 0.000000e+00 0.000000e+00 0.000000e+00 0.000000e+00 0.000000e+00 0.000000e+00 0.000000e+00 0.000000e+00 0.000000e+00 0.000000e+00 0.000000e+00 0.000000e+00 0.000000e+00 7.335624e-01 2.664376e-01 0.000000e+00 0.000000e+00 0.000000e+00
 0.000000e+00 0.000000e+00 0.000000e+00 0.000000e+00 0.000000e+00 0.000000e+00 0.000000e+00 0.000000e+00 0.000000e+00 0.000000e+00 0.000000e+00 0.000000e+00 0.000000e+00 0.000000e+00 0.000000e+00 0.000000e+00 7.806951e-01 2.193049e-01 0.000000e+00 0.000000e+00
 0.000000e+00 0.000000e+00 0.000000e+00 0.000000e+00 0.000000e+00 0.000000e+00 0.000000e+00 0.000000e+00 0.000000e+00 0.000000e+00 0.000000e+00 0.000000e+00 0.000000e+00 0.000000e+00 0.000000e+00 0.000000e+00 0.000000e+00 7.939083e-01 2.060918e-01 0.000000e+00
 0.000000e+00 0.000000e+00 0.000000e+00 0.000000e+00 0.000000e+00 0.000000e+00 0.000000e+00 0.000000e+00 0.000000e+00 0.000000e+00 0.000000e+00 0.000000e+00 0.000000e+00 0.000000e+00 0.000000e+00 0.000000e+00 0.000000e+00 0.000000e+00 7.458482e-01 2.541518e-01
 0.000000e+00 0.000000e+00 0.000000e+00 0.000000e+00 0.000000e+00 0.000000e+00 0.000000e+00 0.000000e+00 0.000000e+00 0.000000e+00 0.000000e+00 0.000000e+00 0.000000e+00 0.000000e+00 0.000000e+00 0.000000e+00 0.000000e+00 0.000000e+00 0.000000e+00 0.000000e+00
<ENDHMM>
