~o
<STREAMINFO> 1 39
<VECSIZE> 39<NULLD><MFCC_D_A_0><DIAGC>
~h "nyalakan"
<BEGINHMM>
<NUMSTATES> 20
<STATE> 2
<MEAN> 39
 -1.458160e+01 -5.600485e+00 5.326392e-01 -2.815075e+00 -6.211417e-01 -2.648983e+00 -1.659379e+00 -4.658263e+00 -1.237945e+00 -7.500799e+00 1.128521e+00 -7.223853e+00 5.704923e+01 1.708211e+00 2.134866e+00 1.545385e+00 2.493333e-01 -6.071124e-01 -1.441685e+00 -9.368998e-01 -9.470294e-01 -1.205742e+00 -8.136455e-01 -3.131692e-01 -1.412828e-01 1.062190e+00 5.689640e-01 2.724869e-01 2.639487e-01 -3.482611e-01 -7.794788e-01 -8.958337e-01 -4.043912e-01 8.327354e-02 -3.642129e-01 -2.035193e-02 2.038704e-01 1.212665e-02 4.506002e-01
<VARIANCE> 39
 9.231777e+00 1.337691e+01 1.577092e+01 6.924789e+00 1.312950e+01 2.193550e+01 2.173662e+01 2.162824e+01 2.131701e+01 2.755130e+01 2.469973e+01 1.503619e+01 2.301690e+00 2.002070e+00 2.135604e+00 2.048258e+00 1.046749e+00 2.163553e+00 4.163347e+00 4.146506e+00 3.104880e+00 2.972994e+00 3.863050e+00 3.245215e+00 2.115381e+00 6.892955e-01 1.822166e-01 3.855560e-01 2.266436e-01 1.803145e-01 3.627177e-01 3.461379e-01 4.748973e-01 6.655571e-01 5.783961e-01 8.152459e-01 6.587381e-01 2.920802e-01 6.313878e-02
<GCONST> 1.028511e+02
<STATE> 3
<MEAN> 39
 -3.613468e+00 2.533390e+00 7.659389e+00 -7.312603e+00 -1.025320e+01 -1.452710e+01 -5.958852e+00 -4.383857e+00 -8.730392e+00 -1.053179e+01 3.655704e+00 -7.154861e+00 6.514337e+01 1.615718e+00 -1.098584e+00 5.036328e-01 -9.376225e-01 -2.374745e+00 -2.164704e+00 1.115346e+00 2.970039e+00 -1.282010e+00 -1.072893e+00 5.996315e-01 4.017482e-01 2.296172e+00 -4.922634e-01 -1.301999e+00 -6.800560e-01 3.391430e-01 5.142325e-01 6.222560e-01 5.315528e-01 6.305131e-01 4.861083e-01 -3.631903e-01 -5.149091e-01 3.325106e-02 -3.209487e-02
<VARIANCE> 39
 7.132312e+00 2.198686e+01 5.988766e+01 4.438590e+01 3.830716e+01 3.777734e+01 4.186546e+01 1.386752e+02 4.355453e+01 6.770068e+01 1.162205e+02 2.872667e+01 1.172643e+01 1.902385e+00 7.899139e+00 3.776393e+00 4.474032e+00 5.411749e+00 5.889042e+00 6.765949e+00 1.005825e+01 6.206904e+00 7.028946e+00 7.464484e+00 4.431116e+00 5.185497e-01 1.413200e-01 4.311217e-01 2.541585e-01 1.052192e+00 1.091906e+00 8.989050e-01 1.420098e+00 1.822977e+00 9.893832e-01 9.273942e-01 1.218335e+00 8.555145e-01 8.738718e-02
<GCONST> 1.332961e+02
<STATE> 4
<MEAN> 39
 -1.415251e+00 -1.061799e+01 5.092278e+00 -4.324999e+00 -1.214622e+01 -1.773039e+01 -3.020891e-03 9.986436e+00 -8.835624e+00 -1.717009e+01 5.014068e-01 -6.014529e+00 7.287234e+01 5.286766e-01 -2.617763e+00 -1.956231e+00 7.462953e-01 2.000894e+00 1.185454e+00 -1.210431e+00 -6.866457e-02 1.647117e+00 -8.795572e-01 -2.643522e+00 -6.555287e-01 1.178203e+00 -1.679641e-02 6.681816e-01 -3.567055e-01 -3.511188e-01 8.623924e-01 8.662021e-01 -9.243122e-01 -1.547870e+00 5.089478e-01 8.854750e-01 -1.421390e-02 -5.018918e-01 -4.605052e-01
<VARIANCE> 39
 5.372833e+00 1.140562e+01 1.059577e+02 1.556302e+01 4.586006e+01 6.057862e+01 7.202402e+01 2.139382e+02 7.269798e+01 9.788489e+01 1.275338e+02 3.602178e+01 6.156839e+00 2.801646e-01 1.119076e+00 1.130680e+00 2.162925e+00 2.812397e+00 2.882704e+00 4.174455e+00 7.098320e+00 2.813034e+00 3.344301e+00 1.690090e+00 3.655433e+00 3.105002e-01 6.523300e-02 1.057087e-01 3.124722e-01 2.697602e-01 7.855470e-01 6.922750e-01 8.672068e-01 9.562919e-01 1.023382e+00 4.978060e-01 7.951059e-01 3.655950e-01 1.900228e-02
<GCONST> 1.138822e+02
<STATE> 5
<MEAN> 39
 5.472642e-01 -1.547392e+01 -9.708560e-01 -5.569757e+00 -3.039417e+00 -1.066300e+01 -6.228337e+00 5.572220e+00 -2.218589e+00 -1.039175e+01 -2.432908e+00 -1.200031e+01 7.481026e+01 4.258298e-01 -1.075152e-01 -1.762746e+00 -1.021245e+00 2.001319e+00 2.433295e+00 -1.529194e+00 -2.962713e+00 1.432064e+00 1.706625e+00 -3.923070e-01 -1.005460e+00 -7.414104e-03 -2.833053e-02 5.982066e-01 3.021792e-01 -1.950757e-01 -4.327044e-01 -1.894780e-01 3.408126e-01 -3.775004e-03 -4.224984e-01 2.120916e-01 6.160426e-01 2.691882e-01 -2.092399e-01
<VARIANCE> 39
 3.917594e+00 9.384451e+00 6.098750e+01 2.045303e+01 6.416957e+01 5.194640e+01 2.190715e+01 1.846427e+02 3.073115e+01 9.006754e+01 6.340379e+01 8.108446e+01 5.652409e+00 2.220249e-01 7.402904e-01 8.393738e-01 7.230184e-01 1.516967e+00 1.291295e+00 1.547441e+00 2.541478e+00 2.623687e+00 1.122283e+00 2.235137e+00 1.786182e+00 8.291062e-02 2.780300e-02 5.583696e-02 7.148699e-02 1.756051e-01 2.173202e-01 2.330872e-01 1.303203e-01 4.882899e-01 2.457222e-01 2.676747e-01 3.848788e-01 3.773769e-01 1.327438e-02
<GCONST> 9.118556e+01
<STATE> 6
<MEAN> 39
 1.699002e+00 -1.223999e+01 -1.179381e+01 -9.916497e+00 -1.172582e+00 -5.750236e-01 -8.636241e+00 -1.461798e+01 1.602953e+00 -1.051919e+01 -1.090326e+01 -1.143731e+01 7.233701e+01 6.424312e-02 2.030079e-01 -6.222285e-01 -6.947958e-02 4.632089e-01 1.497373e-01 1.737763e-01 -5.363911e-01 2.163327e-01 8.967918e-01 -1.578835e-01 -3.659605e-01 -1.830941e-01 -1.174068e-01 5.953314e-02 1.851045e-01 1.078693e-01 -1.133567e-01 -2.541665e-01 1.004170e-01 2.313838e-01 -9.666221e-02 -8.048674e-02 2.743976e-02 -2.214578e-02 -7.194994e-02
<VARIANCE> 39
 2.650360e+00 6.293710e+00 2.578707e+01 1.765149e+01 5.318780e+01 7.712113e+01 3.950123e+01 8.428191e+01 2.317162e+01 9.686023e+01 8.240562e+01 6.907777e+01 4.866385e+00 2.058092e-01 6.194762e-01 9.171367e-01 1.235639e+00 1.314934e+00 2.181958e+00 1.054621e+00 2.412462e+00 1.483868e+00 2.500124e+00 1.528228e+00 2.032825e+00 1.501294e-01 3.330799e-02 1.402981e-01 1.344217e-01 1.928119e-01 1.913135e-01 2.845772e-01 1.879178e-01 2.784873e-01 3.634418e-01 4.348139e-01 2.192498e-01 2.554835e-01 3.575710e-02
<GCONST> 9.265118e+01
<STATE> 7
<MEAN> 39
 1.999896e+00 -1.073461e+01 -1.505869e+00 -1.011640e+01 9.213898e+00 -3.712303e+00 -1.198982e+01 3.451827e+00 -1.393164e+00 1.967558e+00 2.178980e+00 -1.680904e+01 7.487619e+01 -3.364700e-01 5.775952e-01 2.889936e-01 1.414734e-01 -4.059831e-02 1.248861e-01 6.613826e-02 -3.865243e-01 -1.025635e-01 -3.332413e-01 -1.021003e-01 -1.669794e-01 -4.661932e-01 -1.295677e-01 -6.185183e-03 5.281036e-02 1.012218e-01 -6.785446e-04 7.502607e-02 9.098602e-02 2.938468e-03 -2.842980e-02 -2.588244e-01 -4.665571e-02 7.845010e-02 -1.087621e-01
<VARIANCE> 39
 4.110507e+00 1.304370e+01 4.745668e+01 4.024247e+01 2.903246e+01 5.160834e+01 1.625616e+01 9.647103e+01 5.369387e+01 5.332292e+01 6.958806e+01 4.006146e+01 6.667292e+00 4.138324e-01 1.231346e+00 8.432857e-01 1.218157e+00 9.364442e-01 2.057357e+00 8.543481e-01 1.368225e+00 1.331700e+00 1.696377e+00 1.727706e+00 1.291408e+00 7.617349e-01 5.722494e-02 1.407650e-01 1.155723e-01 1.496188e-01 1.740016e-01 3.493049e-01 1.504652e-01 2.142357e-01 2.572145e-01 2.682015e-01 3.419808e-01 2.988387e-01 6.371842e-02
<GCONST> 9.436124e+01
<STATE> 8
<MEAN> 39
 -5.280717e+00 -6.120449e+00 -6.519667e+00 -6.772717e+00 2.737423e+00 -1.658717e+00 -4.380202e+00 -1.043909e+01 -6.911098e-01 -8.095670e+00 -6.842539e+00 -1.489302e+01 6.502593e+01 -1.059196e+00 5.764791e-01 2.727853e-01 1.781768e-01 2.559959e-01 1.641230e-01 6.850662e-01 5.506397e-01 -3.022007e-01 -8.868800e-01 -2.616573e-01 1.096549e-01 -9.818370e-01 7.568234e-02 -2.149453e-01 -1.457832e-01 3.532702e-02 5.777489e-02 -2.621301e-01 -9.821075e-02 2.213701e-01 2.375724e-01 8.122444e-02 -1.510696e-01 1.210240e-01 1.934330e-01
<VARIANCE> 39
 8.882128e+00 7.741779e+00 2.589867e+01 2.540226e+01 2.960720e+01 2.991427e+01 2.326010e+01 6.315424e+01 2.132181e+01 4.761172e+01 4.758389e+01 2.487413e+01 6.364703e+00 2.285602e-01 3.448730e-01 8.074670e-01 7.243938e-01 1.179319e+00 1.503372e+00 1.470909e+00 1.866597e+00 1.503067e+00 1.452222e+00 1.538219e+00 1.156246e+00 1.872553e-01 4.103920e-02 7.005039e-02 9.705472e-02 2.374424e-01 2.503493e-01 5.098532e-01 4.390994e-01 2.850843e-01 3.188136e-01 3.339987e-01 3.342521e-01 2.081059e-01 2.603702e-02
<GCONST> 8.820027e+01
<STATE> 9
<MEAN> 39
 -8.840244e+00 -7.558248e+00 -8.711082e+00 -3.355259e+00 5.937525e+00 -8.511474e+00 -5.331502e+00 -3.424963e+00 3.616271e+00 -1.185885e+01 -9.064185e+00 -1.158986e+01 6.391948e+01 3.290120e-01 -1.045085e+00 -5.091138e-01 6.145433e-01 -1.342569e-01 -2.239964e+00 -8.636661e-01 1.292137e+00 1.491523e+00 9.744945e-01 -1.139227e-01 9.008663e-01 8.404051e-01 6.095133e-01 -2.622840e-01 -9.350263e-03 -3.987083e-01 -5.087941e-01 2.066571e-01 -1.205601e-01 -3.208018e-01 -1.622778e-01 5.580609e-01 1.948452e-01 -9.903838e-02 5.112785e-01
<VARIANCE> 39
 6.849147e+00 1.431595e+01 2.732533e+01 3.999763e+01 3.034007e+01 7.271882e+01 3.697775e+01 7.839167e+01 3.789443e+01 2.593053e+01 5.119791e+01 3.541860e+01 6.664362e+00 2.062396e+00 1.148531e+00 1.564448e+00 4.002090e+00 5.727906e+00 5.907309e+00 6.037749e+00 4.418573e+00 4.533312e+00 4.910026e+00 4.560440e+00 4.211438e+00 1.122365e+00 1.746159e-01 2.406984e-01 3.767224e-01 7.431648e-01 1.205238e+00 1.489355e+00 1.234768e+00 9.562135e-01 1.356107e+00 7.454251e-01 7.883966e-01 1.225072e+00 1.253684e-01
<GCONST> 1.251041e+02
<STATE> 10
<MEAN> 39
 -1.700943e+00 -1.294377e+01 -8.320976e+00 -6.976830e+00 -1.176830e-01 -1.514055e+01 -8.622548e+00 5.709996e-01 3.805357e+00 -4.280164e+00 -8.103650e+00 -1.138563e+01 7.204813e+01 2.073090e+00 -1.840852e+00 -9.611712e-02 -1.441121e+00 -1.950837e+00 4.769765e-01 4.069242e-01 -4.060240e-01 -2.165576e+00 6.047219e-01 -2.476176e-01 -3.638229e-02 2.604473e+00 -4.313794e-01 1.010543e-01 5.483447e-02 2.219985e-01 3.440784e-01 5.826662e-01 6.156092e-01 -2.134383e-01 -6.924627e-01 -8.638310e-01 -2.941003e-01 2.419699e-01 -2.966080e-01
<VARIANCE> 39
 7.494342e+00 1.739590e+01 8.453407e+01 1.963950e+01 8.000793e+01 1.021936e+02 4.100579e+01 1.454283e+02 6.120473e+01 4.117255e+01 9.159964e+01 5.031593e+01 1.691688e+01 1.180254e+00 1.857299e+00 2.309545e+00 2.948930e+00 9.761867e+00 9.468228e+00 3.378830e+00 4.293983e+00 5.652095e+00 7.874191e+00 3.901802e+00 8.693148e+00 7.268325e-01 1.964736e-01 2.619908e-01 3.350171e-01 3.900093e-01 9.356055e-01 8.038540e-01 6.079089e-01 4.515690e-01 1.081659e+00 6.758862e-01 5.639515e-01 8.253918e-01 2.112399e-01
<GCONST> 1.284536e+02
<STATE> 11
<MEAN> 39
 3.237817e-02 -1.754305e+01 -1.101390e+01 -5.626104e+00 -8.010019e+00 -5.866094e+00 -3.115946e+00 -6.844481e+00 3.791286e-01 -6.456949e+00 -1.281153e+01 -5.805560e+00 7.563234e+01 -7.844307e-02 -6.357489e-01 7.193177e-01 8.360121e-02 -6.125483e-01 1.264857e-01 3.043062e-01 3.379927e-01 -9.136562e-01 -1.139053e+00 -3.585612e-02 4.757861e-01 2.996034e-01 -2.641040e-01 5.204182e-01 3.844269e-01 1.281843e-01 2.145877e-01 -3.181490e-01 -3.502046e-01 3.856679e-01 2.956936e-01 -1.576114e-01 1.800001e-01 -2.955569e-01 -4.592863e-01
<VARIANCE> 39
 4.198993e+00 2.059915e+01 3.444130e+01 2.809777e+01 1.433859e+02 2.577451e+02 3.718104e+01 8.717554e+01 9.912747e+01 9.271702e+01 3.841953e+01 3.021551e+01 9.826443e+00 1.860997e-01 7.970355e-01 8.114731e-01 7.051449e-01 1.487422e+00 2.796437e+00 1.473433e+00 1.946901e+00 2.002205e+00 2.570613e+00 1.641413e+00 1.407783e+00 2.477420e-01 1.141811e-01 1.350939e-01 1.443367e-01 2.330985e-01 4.776134e-01 4.471209e-01 2.032211e-01 2.604340e-01 5.272924e-01 6.395977e-01 2.311817e-01 3.925406e-01 6.072609e-02
<GCONST> 1.028403e+02
<STATE> 12
<MEAN> 39
 -1.448127e-01 -1.673386e+01 -2.290427e+00 -8.215687e+00 -2.777800e+00 -1.231205e+01 -7.421477e+00 4.123405e+00 -3.437509e+00 -7.294905e+00 -7.397047e+00 -1.208217e+01 7.620996e+01 1.312058e-01 1.930490e+00 1.015392e+00 6.285939e-01 2.999770e-01 -5.445593e-01 -4.458429e-01 -1.788217e-01 2.636239e-01 -4.798974e-01 3.617052e-01 -2.327915e-01 -9.196147e-01 1.290459e-02 5.718750e-01 -2.187640e-02 2.824769e-01 6.686093e-02 7.753371e-02 -6.046888e-02 -6.945605e-01 9.833805e-02 6.148147e-02 1.606336e-01 3.515373e-02 -2.783490e-01
<VARIANCE> 39
 5.910418e+00 1.389080e+01 3.833823e+01 2.094320e+01 7.596214e+01 1.337399e+02 3.558638e+01 7.963995e+01 6.582580e+01 4.770567e+01 4.544974e+01 7.630205e+01 7.015430e+00 1.499949e-01 9.042599e-01 1.715759e+00 1.294525e+00 2.136644e+00 1.764273e+00 9.767242e-01 3.956668e+00 1.870424e+00 1.628523e+00 7.838607e-01 1.456669e+00 2.273210e-01 2.603059e-02 1.497981e-01 1.304869e-01 1.792084e-01 1.897664e-01 2.763953e-01 2.354379e-01 5.449719e-01 4.372271e-01 3.173388e-01 1.146043e-01 2.961383e-01 2.533806e-02
<GCONST> 9.600703e+01
<STATE> 13
<MEAN> 39
 -5.286797e-01 -5.532618e+00 1.181250e+00 -2.379312e+00 -1.939804e+00 -1.154840e+01 -7.280673e+00 -4.653295e+00 -2.146940e+00 -9.476876e+00 -5.712930e+00 -8.282791e+00 6.995909e+01 -1.096844e-01 2.159463e+00 7.497485e-01 6.302586e-01 3.659987e-01 -9.816296e-02 -4.186687e-01 -1.655907e+00 -6.265810e-01 -7.069933e-01 2.570106e-01 2.433676e-01 -1.064591e+00 -5.066827e-02 -2.474356e-01 -1.708472e-01 -2.021017e-01 1.499477e-02 1.414751e-01 8.272369e-02 1.920227e-01 -3.915807e-02 -8.730341e-02 -1.943688e-01 -7.966792e-03 1.060508e-01
<VARIANCE> 39
 5.509105e+00 1.360393e+01 2.306981e+01 1.103322e+01 2.435191e+01 7.660623e+01 2.927894e+01 4.199265e+01 5.272282e+01 4.491327e+01 4.164724e+01 3.611163e+01 4.260392e+00 1.007246e-01 7.638130e-01 6.385379e-01 7.084942e-01 1.996893e+00 1.593436e+00 1.449629e+00 2.990000e+00 2.032525e+00 1.732525e+00 1.022139e+00 1.562471e+00 1.153753e-01 1.681122e-02 7.981649e-02 6.239701e-02 1.334839e-01 1.143919e-01 1.683437e-01 1.995946e-01 3.645440e-01 3.317379e-01 1.785122e-01 1.394181e-01 1.614604e-01 1.615242e-02
<GCONST> 8.282944e+01
<STATE> 14
<MEAN> 39
 -6.322996e-01 2.101448e+00 3.344954e-01 -4.693205e+00 -3.841274e+00 -1.496764e+01 -9.654842e+00 -1.134649e+01 -8.056823e+00 -1.872157e+01 -1.063639e+01 -9.634231e+00 6.624927e+01 -5.151947e-01 9.296092e-01 5.302271e-01 -9.606712e-02 -4.757845e-02 4.737988e-01 1.531027e-02 -5.889478e-01 8.909553e-02 3.275463e-01 3.297115e-01 1.298051e-01 -6.871321e-01 -9.909420e-02 -2.337292e-01 -9.514988e-02 -4.123838e-02 3.156573e-03 1.922744e-02 1.206035e-01 6.525453e-02 4.210879e-02 3.105747e-01 1.238485e-01 5.355422e-02 2.333916e-02
<VARIANCE> 39
 2.365075e+00 5.672407e+00 1.131659e+01 8.369876e+00 1.558603e+01 1.905112e+01 2.245213e+01 1.325759e+01 1.585415e+01 3.425925e+01 3.557426e+01 1.587476e+01 2.417407e+00 1.133804e-01 3.137500e-01 6.221951e-01 8.522894e-01 1.088418e+00 1.381276e+00 7.740651e-01 8.174129e-01 1.038400e+00 2.645343e+00 2.077979e+00 1.487421e+00 5.009789e-02 1.748538e-02 3.596932e-02 6.083193e-02 1.140324e-01 1.438896e-01 2.013759e-01 1.034467e-01 1.441707e-01 2.486238e-01 4.734115e-01 2.987946e-01 2.387039e-01 8.040891e-03
<GCONST> 6.916263e+01
<STATE> 15
<MEAN> 39
 -3.608349e+00 3.916376e+00 3.059437e+00 -1.997966e+00 -3.070457e-01 -8.700830e+00 -5.538158e+00 -1.010577e+01 -3.660727e+00 -1.216165e+01 -6.257526e+00 -7.154868e+00 6.360473e+01 -6.112001e-01 4.326960e-01 1.242906e-01 2.838297e-01 6.789823e-01 1.242099e+00 1.078049e+00 2.194115e-01 -7.301176e-02 -5.138869e-01 -4.266827e-01 -3.491122e-01 -6.272887e-01 -7.773872e-02 -1.407259e-01 1.340348e-02 7.581937e-02 1.564633e-01 1.124151e-01 1.729237e-01 2.425896e-01 1.132544e-01 -7.201248e-02 -1.237427e-01 -2.081760e-01 9.272466e-03
<VARIANCE> 39
 1.402518e+00 6.453794e+00 9.126260e+00 2.928106e+01 5.612953e+01 4.438489e+01 2.307931e+01 2.718903e+01 4.054700e+01 4.314355e+01 2.935217e+01 2.171897e+01 1.499344e+00 2.107904e-01 3.274090e-01 5.386739e-01 8.859844e-01 1.299659e+00 1.469972e+00 1.267427e+00 1.081622e+00 9.839386e-01 1.701188e+00 1.615727e+00 1.043633e+00 7.791857e-02 4.707682e-02 5.861149e-02 1.164332e-01 1.909954e-01 2.266953e-01 3.998426e-01 2.265455e-01 1.527819e-01 1.961381e-01 3.817484e-01 4.574897e-01 1.964033e-01 1.435641e-02
<GCONST> 7.938713e+01
<STATE> 16
<MEAN> 39
 -8.657596e+00 3.030941e+00 3.578331e+00 -2.521287e+00 -1.170960e+00 -8.486578e+00 -5.358507e+00 -1.391030e+01 -8.906963e+00 -1.745558e+01 -1.051894e+01 -1.266454e+01 6.029642e+01 -7.399344e-01 -3.834911e-01 2.765280e-02 2.312016e-01 6.665225e-01 5.606253e-01 4.039536e-02 -5.101743e-02 3.279288e-01 6.251779e-01 4.341875e-01 -5.482810e-02 -4.123983e-01 3.229284e-02 -6.939225e-02 -7.913796e-02 -4.344629e-02 -2.905343e-02 -5.133784e-02 -1.027756e-01 -2.753651e-02 5.524731e-02 9.532747e-02 1.068592e-01 1.062733e-01 3.410358e-02
<VARIANCE> 39
 4.776511e+00 4.775534e+00 4.511861e+00 1.545504e+01 2.210042e+01 1.702786e+01 1.677973e+01 2.196539e+01 3.126623e+01 2.139614e+01 1.901244e+01 1.945981e+01 1.722553e+00 1.639055e-01 2.763916e-01 5.146798e-01 7.879589e-01 5.134602e-01 8.076420e-01 1.214449e+00 7.151765e-01 1.237673e+00 1.632803e+00 1.383162e+00 1.318078e+00 6.745312e-02 1.957333e-02 6.309681e-02 7.586771e-02 1.351347e-01 8.965522e-02 1.703815e-01 2.990589e-01 1.581436e-01 2.011966e-01 2.516150e-01 2.070210e-01 2.580086e-01 4.453410e-03
<GCONST> 6.760497e+01
<STATE> 17
<MEAN> 39
 -1.120129e+01 2.039395e+00 2.930509e+00 2.601740e-01 8.144983e+00 1.307960e+00 1.042227e+00 -6.687946e+00 -1.232381e+00 -8.815412e+00 -1.609348e+00 -7.901633e+00 5.867752e+01 -6.174151e-01 -3.688763e-01 -1.223229e-01 5.068665e-02 8.241953e-02 3.687227e-01 3.808967e-01 -3.254869e-01 -5.660352e-01 2.120314e-01 1.727054e-01 -5.275484e-01 -3.141479e-01 4.427424e-02 -2.346551e-02 6.593420e-02 4.966867e-02 -6.437800e-02 -4.984200e-02 1.940673e-03 -9.843403e-02 -1.590714e-01 -1.287904e-01 -6.573266e-02 -5.337244e-02 4.415662e-02
<VARIANCE> 39
 4.986891e+00 1.055209e+01 7.458991e+00 1.399867e+01 3.687788e+01 2.640750e+01 3.625648e+01 5.123409e+01 2.919983e+01 1.630351e+01 2.307998e+01 1.862674e+01 1.550553e+00 2.798887e-01 4.783832e-01 9.331827e-01 1.432124e+00 2.359712e+00 1.440170e+00 1.660561e+00 1.383279e+00 2.264952e+00 1.382470e+00 1.544404e+00 1.621974e+00 7.837617e-02 4.952157e-02 5.093260e-02 1.493312e-01 2.770709e-01 4.014145e-01 2.031866e-01 2.313871e-01 3.454722e-01 4.718366e-01 2.606848e-01 2.385251e-01 2.847281e-01 1.134059e-02
<GCONST> 8.374742e+01
<STATE> 18
<MEAN> 39
 -1.471685e+01 -1.095869e+00 3.609515e+00 8.221350e-01 6.743310e+00 1.863559e+00 1.845611e+00 -1.153874e+01 -9.427890e+00 -1.465680e+01 -8.974834e+00 -1.611883e+01 5.728008e+01 -5.014050e-01 -5.855677e-01 -2.398871e-01 7.467798e-02 2.018017e-01 3.553974e-01 4.072066e-01 2.755533e-01 4.876462e-02 -1.106790e-01 1.248561e-01 2.091191e-01 -1.939263e-01 4.055130e-02 -1.456275e-02 -1.105692e-01 -6.930625e-02 -2.098897e-02 -5.872458e-02 -9.979396e-02 6.469666e-02 1.197731e-01 1.033272e-01 1.643439e-01 2.557801e-01 2.561314e-02
<VARIANCE> 39
 6.461679e+00 1.585614e+01 1.893220e+01 7.773377e+00 1.275889e+01 1.956023e+01 3.423437e+01 5.220110e+01 2.263446e+01 2.106736e+01 2.305055e+01 1.477223e+01 2.193755e+00 8.999822e-02 3.087336e-01 1.145171e+00 8.401282e-01 7.446789e-01 1.118881e+00 1.984436e+00 2.990239e+00 1.923907e+00 1.808841e+00 2.116763e+00 2.004792e+00 2.837811e-02 2.367794e-02 5.627150e-02 2.029840e-01 1.824677e-01 1.758098e-01 2.547270e-01 4.533372e-01 6.040273e-01 2.803188e-01 2.711758e-01 3.483608e-01 3.090378e-01 6.737839e-03
<GCONST> 8.007280e+01
<STATE> 19
<MEAN> 39
 -1.567778e+01 -4.061637e+00 -2.804126e-01 -1.200755e+00 4.838269e+00 1.096710e-01 3.169969e-01 -1.051173e+01 -4.281336e+00 -8.348674e+00 -1.469514e+00 -8.326420e+00 5.723844e+01 -1.726555e-01 -1.271868e-01 -1.057649e-01 -2.685336e-01 -3.028631e-01 -5.115158e-02 3.749402e-01 6.786789e-01 5.237507e-01 3.422500e-01 4.809372e-01 4.217112e-01 -8.416846e-02 2.095347e-02 3.514987e-02 2.646988e-02 -8.093583e-02 -8.134753e-02 6.128944e-03 1.236200e-01 1.104769e-01 7.373820e-02 -4.941883e-02 -1.290363e-01 -1.409588e-01 -5.307774e-03
<VARIANCE> 39
 2.479387e+00 6.194905e+00 1.323500e+01 1.873481e+01 2.390038e+01 3.003823e+01 2.502403e+01 4.365250e+01 3.668637e+01 2.253700e+01 2.147002e+01 1.650167e+01 9.822493e-01 1.377895e-01 4.002227e-01 8.473824e-01 5.659758e-01 9.788362e-01 1.669086e+00 2.290694e+00 2.079350e+00 2.011714e+00 1.203771e+00 1.611284e+00 1.807407e+00 4.177691e-02 2.465232e-02 1.058708e-01 1.713511e-01 1.620183e-01 1.766447e-01 2.656734e-01 3.222130e-01 4.132085e-01 5.460558e-01 2.261959e-01 2.528408e-01 2.648003e-01 6.999299e-03
<GCONST> 7.889655e+01
<TRANSP> 20
 0.000000e+00 1.000000e+00 0.000000e+00 0.000000e+00 0.000000e+00 0.000000e+00 0.000000e+00 0.000000e+00 0.000000e+00 0.000000e+00 0.000000e+00 0.000000e+00 0.000000e+00 0.000000e+00 0.000000e+00 0.000000e+00 0.000000e+00 0.000000e+00 0.000000e+00 0.000000e+00
 0.000000e+00 7.206146e-01 2.793854e-01 0.000000e+00 0.000000e+00 0.000000e+00 0.000000e+00 0.000000e+00 0.000000e+00 0.000000e+00 0.000000e+00 0.000000e+00 0.000000e+00 0.000000e+00 0.000000e+00 0.000000e+00 0.000000e+00 0.000000e+00 0.000000e+00 0.000000e+00
 0.000000e+00 0.000000e+00 7.732887e-01 2.267113e-01 0.000000e+00 0.000000e+00 0.000000e+00 0.000000e+00 0.000000e+00 0.000000e+00 0.000000e+00 0.000000e+00 0.000000e+00 0.000000e+00 0.000000e+00 0.000000e+00 0.000000e+00 0.000000e+00 0.000000e+00 0.000000e+00
 0.000000e+00 0.000000e+00 0.000000e+00 6.760354e-01 3.239646e-01 0.000000e+00 0.000000e+00 0.000000e+00 0.000000e+00 0.000000e+00 0.000000e+00 0.000000e+00 0.000000e+00 0.000000e+00 0.000000e+00 0.000000e+00 0.000000e+00 0.000000e+00 0.000000e+00 0.000000e+00
 0.000000e+00 0.000000e+00 0.000000e+00 0.000000e+00 6.973429e-01 3.026571e-01 0.000000e+00 0.000000e+00 0.000000e+00 0.000000e+00 0.000000e+00 0.000000e+00 0.000000e+00 0.000000e+00 0.000000e+00 0.000000e+00 0.000000e+00 0.000000e+00 0.000000e+00 0.000000e+00
 0.000000e+00 0.000000e+00 0.000000e+00 0.000000e+00 0.000000e+00 8.795790e-01 1.204210e-01 0.000000e+00 0.000000e+00 0.000000e+00 0.000000e+00 0.000000e+00 0.000000e+00 0.000000e+00 0.000000e+00 0.000000e+00 0.000000e+00 0.000000e+00 0.000000e+00 0.000000e+00
 0.000000e+00 0.000000e+00 0.000000e+00 0.000000e+00 0.000000e+00 0.000000e+00 8.292482e-01 1.707518e-01 0.000000e+00 0.000000e+00 0.000000e+00 0.000000e+00 0.000000e+00 0.000000e+00 0.000000e+00 0.000000e+00 0.000000e+00 0.000000e+00 0.000000e+00 0.000000e+00
 0.000000e+00 0.000000e+00 0.000000e+00 0.000000e+00 0.000000e+00 0.000000e+00 0.000000e+00 8.489805e-01 1.510195e-01 0.000000e+00 0.000000e+00 0.000000e+00 0.000000e+00 0.000000e+00 0.000000e+00 0.000000e+00 0.000000e+00 0.000000e+00 0.000000e+00 0.000000e+00
 0.000000e+00 0.000000e+00 0.000000e+00 0.000000e+00 0.000000e+00 0.000000e+00 0.000000e+00 0.000000e+00 7.933000e-01 2.067000e-01 0.000000e+00 0.000000e+00 0.000000e+00 0.000000e+00 0.000000e+00 0.000000e+00 0.000000e+00 0.000000e+00 0.000000e+00 0.000000e+00
 0.000000e+00 0.000000e+00 0.000000e+00 0.000000e+00 0.000000e+00 0.000000e+00 0.000000e+00 0.000000e+00 0.000000e+00 6.568016e-01 3.431984e-01 0.000000e+00 0.000000e+00 0.000000e+00 0.000000e+00 0.000000e+00 0.000000e+00 0.000000e+00 0.000000e+00 0.000000e+00
 0.000000e+00 0.000000e+00 0.000000e+00 0.000000e+00 0.000000e+00 0.000000e+00 0.000000e+00 0.000000e+00 0.000000e+00 0.000000e+00 7.463761e-01 2.536239e-01 0.000000e+00 0.000000e+00 0.000000e+00 0.000000e+00 0.000000e+00 0.000000e+00 0.000000e+00 0.000000e+00
 0.000000e+00 0.000000e+00 0.000000e+00 0.000000e+00 0.000000e+00 0.000000e+00 0.000000e+00 0.000000e+00 0.000000e+00 0.000000e+00 0.000000e+00 7.117087e-01 2.882913e-01 0.000000e+00 0.000000e+00 0.000000e+00 0.000000e+00 0.000000e+00 0.000000e+00 0.000000e+00
 0.000000e+00 0.000000e+00 0.000000e+00 0.000000e+00 0.000000e+00 0.000000e+00 0.000000e+00 0.000000e+00 0.000000e+00 0.000000e+00 0.000000e+00 0.000000e+00 7.743444e-01 2.256556e-01 0.000000e+00 0.000000e+00 0.000000e+00 0.000000e+00 0.000000e+00 0.000000e+00
 0.000000e+00 0.000000e+00 0.000000e+00 0.000000e+00 0.000000e+00 0.000000e+00 0.000000e+00 0.000000e+00 0.000000e+00 0.000000e+00 0.000000e+00 0.000000e+00 0.000000e+00 7.817765e-01 2.182235e-01 0.000000e+00 0.000000e+00 0.000000e+00 0.000000e+00 0.000000e+00
 0.000000e+00 0.000000e+00 0.000000e+00 0.000000e+00 0.000000e+00 0.000000e+00 0.000000e+00 0.000000e+00 0.000000e+00 0.000000e+00 0.000000e+00 0.000000e+00 0.000000e+00 0.000000e+00 7.525060e-01 2.474940e-01 0.000000e+00 0.000000e+00 0.000000e+00 0.000000e+00
 0.000000e+00 0.000000e+00 0.000000e+00 0.000000e+00 0.000000e+00 0.000000e+00 0.000000e+00 0.000000e+00 0.000000e+00 0.000000e+00 0.000000e+00 0.000000e+00 0.000000e+00 0.000000e+00 0.000000e+00 8.270137e-01 1.729863e-01 0.000000e+00 0.000000e+00 0.000000e+00
 0.000000e+00 0.000000e+00 0.000000e+00 0.000000e+00 0.000000e+00 0.000000e+00 0.000000e+00 0.000000e+00 0.000000e+00 0.000000e+00 0.000000e+00 0.000000e+00 0.000000e+00 0.000000e+00 0.000000e+00 0.000000e+00 8.274886e-01 1.725114e-01 0.000000e+00 0.000000e+00
 0.000000e+00 0.000000e+00 0.000000e+00 0.000000e+00 0.000000e+00 0.000000e+00 0.000000e+00 0.000000e+00 0.000000e+00 0.000000e+00 0.000000e+00 0.000000e+00 0.000000e+00 0.000000e+00 0.000000e+00 0.000000e+00 0.000000e+00 8.345710e-01 1.654290e-01 0.000000e+00
 0.000000e+00 0.000000e+00 0.000000e+00 0.000000e+00 0.000000e+00 0.000000e+00 0.000000e+00 0.000000e+00 0.000000e+00 0.000000e+00 0.000000e+00 0.000000e+00 0.000000e+00 0.000000e+00 0.000000e+00 0.000000e+00 0.000000e+00 0.000000e+00 8.152809e-01 1.847191e-01
 0.000000e+00 0.000000e+00 0.000000e+00 0.000000e+00 0.000000e+00 0.000000e+00 0.000000e+00 0.000000e+00 0.000000e+00 0.000000e+00 0.000000e+00 0.000000e+00 0.000000e+00 0.000000e+00 0.000000e+00 0.000000e+00 0.000000e+00 0.000000e+00 0.000000e+00 0.000000e+00
<ENDHMM>
