~o
<STREAMINFO> 1 39
<VECSIZE> 39<NULLD><MFCC_D_A_0><DIAGC>
~h "pukul"
<BEGINHMM>
<NUMSTATES> 20
<STATE> 2
<MEAN> 39
 -1.664959e+01 -6.498545e+00 -2.712179e+00 -4.699024e+00 9.161692e-01 -4.208924e+00 7.257270e-01 -6.127377e+00 -9.758408e-01 -7.193503e+00 1.643213e+00 -5.085941e+00 5.749520e+01 1.607386e+00 7.014943e-01 -3.962345e-01 -8.000473e-01 -7.593837e-01 -6.152381e-01 -8.062432e-01 -1.576210e+00 -1.148233e+00 -2.837862e-01 6.390780e-01 7.320381e-01 9.892390e-01 8.409707e-01 5.722278e-01 -9.197123e-02 -6.315805e-01 -5.658058e-01 -1.717719e-01 -2.975309e-01 -2.843098e-01 -3.456334e-01 -1.770220e-02 2.040216e-01 1.673669e-01 4.132388e-01
<VARIANCE> 39
 2.662959e+00 2.538755e+00 8.324437e+00 9.089139e+00 9.764666e+00 2.016968e+01 1.927853e+01 1.841099e+01 1.509662e+01 1.157267e+01 1.688665e+01 1.335998e+01 2.005269e+00 2.988162e+00 1.924928e+00 1.677615e+00 2.857180e+00 3.183786e+00 2.442324e+00 2.990053e+00 3.163195e+00 2.135178e+00 1.773248e+00 2.630978e+00 2.095520e+00 8.579651e-01 2.582554e-01 2.826837e-01 2.353982e-01 4.555421e-01 4.800567e-01 4.817604e-01 5.549896e-01 4.431646e-01 3.553936e-01 2.779534e-01 6.403783e-01 4.136615e-01 6.985410e-02
<GCONST> 9.682581e+01
<STATE> 3
<MEAN> 39
 -6.906897e-01 4.022903e+00 -4.303796e+00 -1.578175e+01 -8.622784e+00 -7.629851e+00 -5.077843e+00 -1.392958e+01 -8.144642e+00 -9.030038e+00 5.506874e+00 -9.559839e-01 6.580369e+01 3.873085e+00 2.964997e+00 -7.036369e-02 -3.699647e+00 -2.480080e+00 9.889374e-02 -3.612232e-01 3.990434e-01 -1.379754e+00 -6.863163e-01 5.679020e-01 2.749314e-01 1.933722e+00 -8.572502e-01 -4.975364e-01 1.555218e-01 4.098455e-01 5.623462e-01 4.708464e-01 6.082742e-01 9.539243e-01 4.163965e-01 -1.388822e-01 -2.614603e-01 -3.048898e-01 -4.262491e-01
<VARIANCE> 39
 2.248340e+01 2.326922e+01 2.867515e+01 4.167625e+01 3.256419e+01 2.671399e+01 1.763548e+01 3.087946e+01 2.544193e+01 2.156615e+01 4.195615e+01 2.501363e+01 6.425824e+00 2.323583e+00 2.103086e+00 1.840683e+00 2.890815e+00 2.706986e+00 4.487167e+00 3.524314e+00 5.137397e+00 2.570875e+00 1.881299e+00 5.363569e+00 1.963056e+00 6.715131e-01 5.111189e-01 5.638919e-01 3.859675e-01 1.010776e+00 5.595294e-01 2.924941e-01 4.330979e-01 4.290475e-01 3.760803e-01 4.007671e-01 5.812256e-01 4.706093e-01 1.096985e-01
<GCONST> 1.143220e+02
<STATE> 4
<MEAN> 39
 4.232722e+00 8.142925e+00 -2.950032e+00 -2.261607e+01 -9.955838e+00 -3.423679e+00 -3.423138e+00 -8.128729e+00 -9.928969e+00 -1.250590e+01 6.974467e+00 -1.634272e-01 6.892229e+01 -4.791711e-01 5.285319e-02 4.105186e-01 7.510418e-01 5.427548e-01 -2.716917e-02 5.448601e-01 5.066672e-01 1.772808e-01 -5.930796e-01 -8.433217e-01 -3.877568e-01 -3.826132e-01 -7.035443e-01 -4.589946e-01 1.507223e-01 9.038961e-01 4.318294e-01 -2.460203e-01 -1.142471e-01 -3.085826e-01 2.973081e-01 2.062637e-01 -3.014649e-01 -2.001453e-01 -4.339766e-01
<VARIANCE> 39
 3.036643e+00 5.795863e+00 2.307896e+01 2.686262e+01 3.660356e+01 7.993722e+01 1.899944e+01 8.386292e+01 2.894952e+01 9.152804e+00 6.058959e+01 2.291123e+01 6.050104e+00 5.765648e-01 3.146676e-01 7.874421e-01 2.223961e+00 1.133149e+00 1.685121e+00 9.257982e-01 2.823717e+00 1.648947e+00 1.283399e+00 9.008722e-01 1.453897e+00 3.971494e-01 1.398394e-01 1.285555e-01 1.536394e-01 4.059175e-01 2.320179e-01 3.791043e-01 3.007634e-01 6.106097e-01 2.781008e-01 2.482402e-01 2.771699e-01 2.135720e-01 4.043980e-02
<GCONST> 9.187548e+01
<STATE> 5
<MEAN> 39
 -2.045928e+00 5.407033e+00 -1.285948e+00 -1.416866e+01 -6.613117e+00 -6.604735e+00 -1.965039e+00 -8.082057e+00 -7.033500e+00 -1.246651e+01 2.224781e-01 -4.659790e+00 6.436746e+01 -1.429342e+00 -9.098244e-01 3.567485e-01 1.417708e+00 4.786316e-01 -4.507269e-01 -1.579966e-01 -1.196889e-01 5.352770e-01 1.340163e-01 -7.755247e-01 -3.624285e-01 -8.379124e-01 3.263079e-02 -6.106538e-02 -1.118394e-01 -1.526809e-01 -1.016478e-01 1.822436e-02 -5.443711e-02 -1.252682e-01 -1.061045e-01 7.024866e-02 2.494819e-01 1.658530e-01 6.025524e-02
<VARIANCE> 39
 5.371056e+00 5.609151e+00 1.085618e+01 1.241854e+01 3.708311e+01 4.105912e+01 1.784628e+01 4.779014e+01 3.465364e+01 1.446374e+01 5.091918e+01 3.665921e+01 2.269144e+00 9.787486e-02 2.982992e-01 5.670204e-01 6.268060e-01 1.176906e+00 1.222590e+00 1.309352e+00 2.025628e+00 9.553230e-01 1.473956e+00 1.493371e+00 1.318242e+00 4.626350e-02 3.282446e-02 4.590725e-02 6.261855e-02 8.146787e-02 1.814613e-01 2.180887e-01 2.317289e-01 3.096114e-01 2.373783e-01 3.552943e-01 2.440133e-01 2.037549e-01 9.243345e-03
<GCONST> 7.555067e+01
<STATE> 6
<MEAN> 39
 -7.802239e+00 1.434060e+00 -2.874708e-01 -8.171605e+00 -4.451599e+00 -7.596830e+00 -2.230035e+00 -9.744879e+00 -4.833767e+00 -1.123128e+01 -1.678420e+00 -6.005615e+00 6.116312e+01 -7.027312e-01 -4.767447e-01 3.587543e-02 8.859451e-01 1.082575e+00 5.939550e-01 3.000714e-01 6.148348e-02 2.795205e-01 1.916949e-01 -2.131083e-01 -6.142406e-01 -3.521683e-01 1.815352e-01 6.091614e-02 -2.498225e-01 -2.555195e-01 5.751654e-02 2.604694e-01 2.631543e-01 2.595894e-01 -1.111844e-02 2.053522e-02 1.058395e-02 -1.021619e-02 1.235986e-01
<VARIANCE> 39
 3.724015e+00 4.317980e+00 8.195136e+00 1.270222e+01 2.245185e+01 2.035859e+01 1.084474e+01 1.901463e+01 2.284595e+01 1.526562e+01 3.024433e+01 2.645868e+01 1.045260e+00 1.239233e-01 3.031390e-01 5.645534e-01 8.684372e-01 6.111923e-01 7.037945e-01 1.114808e+00 9.260048e-01 1.542613e+00 1.606771e+00 1.788157e+00 1.153308e+00 3.831178e-02 2.956104e-02 1.103189e-01 2.482352e-01 2.306332e-01 3.277105e-01 2.457474e-01 3.238621e-01 3.005824e-01 4.129585e-01 3.264942e-01 4.513906e-01 3.110433e-01 1.164434e-02
<GCONST> 7.484624e+01
<STATE> 7
<MEAN> 39
 -8.986860e+00 -7.509313e-01 -4.358746e+00 -9.204651e+00 -1.123966e+00 -2.775542e+00 2.622089e+00 -5.672910e+00 -3.026685e+00 -1.005789e+01 -2.807660e+00 -8.478588e+00 6.108616e+01 3.768395e-01 -5.354152e-01 -2.317622e+00 -1.972298e+00 -2.644120e-01 1.686641e+00 2.327410e+00 1.303006e+00 5.054270e-02 4.167158e-01 1.928974e-01 3.427246e-01 4.753496e-01 4.531608e-01 4.033366e-01 7.375955e-02 -4.099441e-01 -5.864189e-01 -4.209884e-01 -4.879296e-01 -5.675001e-01 -4.332599e-01 -1.458579e-01 3.991179e-01 4.629396e-01 2.096389e-01
<VARIANCE> 39
 4.365309e+00 6.172929e+00 3.104573e+01 4.521410e+01 4.710348e+01 3.495251e+01 3.364249e+01 3.679198e+01 4.242899e+01 4.999992e+01 4.249239e+01 2.584429e+01 1.932830e+00 4.576617e-01 1.207705e+00 3.035404e+00 3.047422e+00 4.182722e+00 3.083185e+00 3.978187e+00 3.492904e+00 3.356295e+00 2.642633e+00 3.767034e+00 1.428241e+00 2.157058e-01 1.017262e-01 1.863855e-01 7.896437e-01 8.306201e-01 4.652179e-01 7.412801e-01 1.471767e+00 6.178952e-01 4.541092e-01 5.791578e-01 4.815503e-01 2.269465e-01 4.653309e-02
<GCONST> 1.090536e+02
<STATE> 8
<MEAN> 39
 -6.677441e+00 1.540325e-01 -7.652203e+00 -1.335699e+01 -3.310344e+00 -9.332180e-01 5.224587e+00 -6.215003e+00 -6.346119e+00 -1.118416e+01 -4.338947e-01 -4.669393e+00 6.258845e+01 2.098888e+00 1.901084e+00 6.671655e-01 -8.363319e-01 -1.378013e+00 -1.509368e+00 -2.606129e+00 -2.529612e+00 -2.041213e+00 -6.919591e-01 1.679871e+00 1.751476e+00 1.011559e+00 5.215508e-01 4.660953e-01 5.320749e-01 -1.888692e-02 -2.122313e-01 -4.822463e-01 -1.156788e+00 -6.510199e-01 -1.393105e-01 6.041535e-02 3.372239e-01 -7.376356e-02 2.851222e-01
<VARIANCE> 39
 9.080502e+00 1.605308e+01 4.455526e+01 5.799268e+01 9.370390e+01 5.064935e+01 3.496598e+01 6.533498e+01 5.715797e+01 3.294056e+01 5.465509e+01 3.819891e+01 3.003802e+00 1.069606e+00 9.976978e-01 2.783641e+00 4.428282e+00 2.891342e+00 2.404367e+00 3.461256e+00 2.147403e+00 1.529958e+00 1.514388e+00 1.681751e+00 1.646727e+00 3.867365e-01 1.672717e-01 2.766193e-01 1.112891e+00 1.298406e+00 8.279595e-01 8.795722e-01 7.845421e-01 7.066941e-01 5.084740e-01 3.137129e-01 3.581938e-01 5.179601e-01 9.866694e-02
<GCONST> 1.149818e+02
<STATE> 9
<MEAN> 39
 1.625664e+00 6.982364e+00 -4.795917e+00 -1.821339e+01 -8.322755e+00 -6.643684e+00 -7.900950e+00 -1.492060e+01 -1.138395e+01 -1.138168e+01 6.557594e+00 -1.916596e+00 6.733723e+01 1.908319e+00 9.270506e-01 -1.337101e-02 -1.866616e+00 -7.162796e-01 8.594906e-02 -2.256439e+00 -7.719129e-01 -7.864122e-01 6.080961e-01 1.666905e+00 -2.764310e-01 1.363264e+00 -5.600543e-01 -6.333559e-01 -3.158285e-01 2.276494e-01 6.606271e-01 8.159091e-01 8.632199e-01 7.166947e-01 4.364455e-01 3.568317e-01 -3.806153e-01 -5.219594e-01 -2.109814e-01
<VARIANCE> 39
 3.883976e+00 1.675419e+01 4.112088e+01 3.489038e+01 3.136366e+01 3.356104e+01 6.719955e+01 6.389525e+01 5.781883e+01 2.602904e+01 1.066328e+02 2.925193e+01 4.248581e+00 1.011065e+00 1.320584e+00 2.127405e+00 4.479445e+00 2.988481e+00 3.999802e+00 4.844232e+00 4.548727e+00 3.436077e+00 3.000479e+00 2.692349e+00 2.768978e+00 5.201510e-01 8.033480e-02 7.476009e-02 2.555244e-01 4.762453e-01 2.606699e-01 3.494494e-01 3.495386e-01 4.225076e-01 4.755022e-01 1.766353e-01 3.095441e-01 3.209210e-01 5.720273e-02
<GCONST> 1.078820e+02
<STATE> 10
<MEAN> 39
 4.291979e+00 7.679562e+00 -8.292785e+00 -1.992760e+01 -9.010472e+00 -3.422558e+00 -2.620196e+00 -1.490565e+01 -1.146736e+01 -1.066903e+01 7.314313e+00 -1.073902e+00 6.889536e+01 1.059654e-01 -5.732738e-01 -5.883228e-01 -1.232353e-01 7.933612e-01 1.055658e+00 -4.930345e-01 -1.606357e+00 -3.429687e-01 1.655172e+00 1.307418e+00 -4.484214e-01 3.726341e-01 -2.384517e-01 -2.188633e-01 1.914545e-01 2.383227e-01 -8.503784e-04 -4.144226e-02 -5.742591e-02 -2.770347e-01 2.227321e-01 3.852293e-01 -2.343519e-01 -2.437531e-01 -9.598543e-02
<VARIANCE> 39
 2.964914e+00 1.560918e+01 2.990337e+01 2.871274e+01 2.670833e+01 2.614063e+01 3.889506e+01 4.769236e+01 2.760118e+01 3.942513e+01 4.877199e+01 2.590592e+01 1.513737e+00 1.938776e-01 5.599399e-01 7.969675e-01 6.545822e-01 8.550889e-01 1.179935e+00 1.418190e+00 4.102713e+00 1.395163e+00 3.351753e+00 2.262874e+00 3.463884e+00 5.519998e-02 4.831845e-02 6.828652e-02 1.645392e-01 1.369284e-01 1.832050e-01 1.484880e-01 2.216228e-01 3.482873e-01 1.954113e-01 3.714366e-01 6.355222e-01 3.889126e-01 1.896716e-02
<GCONST> 8.683472e+01
<STATE> 11
<MEAN> 39
 1.808977e+00 3.770497e+00 -1.592932e+00 -2.474747e+01 1.043546e+00 -2.965678e-01 -2.384380e+01 -1.185223e+01 -1.627777e+01 2.355810e+00 1.596802e+01 -9.061294e+00 7.347178e+01 2.016651e-02 -2.566299e-01 -1.751744e-01 2.827288e-01 3.210585e-01 -3.607956e-01 -2.658074e-01 -3.764029e-01 6.502690e-01 5.904642e-01 -8.271684e-01 -8.566384e-01 -3.194068e-02 -6.269275e-03 2.989477e-02 3.102152e-02 1.342757e-01 -7.777541e-02 -6.218154e-02 1.741994e-01 -2.081822e-02 2.111825e-02 -1.942067e-01 -2.093844e-01 9.780014e-02 -8.092241e-02
<VARIANCE> 39
 3.619877e+00 8.234613e+00 5.105079e+01 3.391740e+01 2.512761e+01 7.787710e+01 8.960931e+01 6.816755e+01 1.963649e+01 4.152665e+01 4.766513e+01 3.559883e+01 1.039991e+01 1.349218e-01 6.816326e-01 9.551559e-01 1.254724e+00 9.851681e-01 1.727032e+00 3.167641e+00 3.034866e+00 1.399457e+00 3.011633e+00 2.328823e+00 1.250416e+00 2.971799e-01 2.137449e-02 5.489110e-02 1.490645e-01 1.525586e-01 1.708360e-01 2.777235e-01 3.254040e-01 3.811473e-01 3.432279e-01 3.027310e-01 2.821538e-01 2.407841e-01 1.424441e-02
<GCONST> 9.231881e+01
<STATE> 12
<MEAN> 39
 2.305175e+00 -2.030209e-02 -7.220469e+00 -1.654069e+01 -6.030492e+00 2.359646e+00 -8.590522e+00 -2.844118e+01 -4.105165e+00 5.301045e+00 5.255287e+00 -7.730425e+00 6.978169e+01 -4.515832e-01 -3.012266e-01 6.553052e-01 4.150341e-01 -3.155811e-02 -2.418372e-01 -4.382306e-01 2.491256e-02 8.555462e-01 2.839722e-01 -8.936910e-01 -3.070198e-01 -2.315136e-01 -4.259741e-02 1.608029e-01 -1.217693e-02 4.781917e-02 3.811042e-02 -2.251920e-01 4.409480e-02 3.304021e-01 -3.101471e-01 -6.970670e-01 1.546127e-02 1.184483e-01 -1.105492e-01
<VARIANCE> 39
 4.927018e+00 9.134772e+00 7.032803e+01 2.448761e+01 4.685056e+01 7.570557e+01 5.837724e+01 5.966996e+01 6.078728e+01 1.553892e+01 6.072440e+01 7.563272e+01 7.669310e-01 8.829448e-02 4.380560e-01 4.469438e-01 5.181502e-01 1.333249e+00 1.458806e+00 1.029371e+00 1.785920e+00 2.867849e+00 4.532764e+00 1.434620e+00 2.110098e+00 1.103179e-01 1.504108e-02 4.539121e-02 7.279792e-02 1.091714e-01 1.945337e-01 2.162406e-01 2.046002e-01 3.606573e-01 4.833013e-01 4.655431e-01 2.893878e-01 5.460944e-01 4.710635e-03
<GCONST> 8.571559e+01
<STATE> 13
<MEAN> 39
 1.176517e+00 1.434776e+00 -7.763653e+00 -1.719681e+01 -3.632769e+00 -6.647321e+00 -1.447563e+01 -2.223817e+01 -7.320584e+00 -2.558590e+00 3.328881e-01 -1.331801e+01 6.776804e+01 -6.225432e-01 3.275735e-02 5.595181e-01 1.073893e+00 1.607113e-01 -3.066279e-01 3.421163e-01 -1.299644e-01 -2.664647e-01 -1.093926e+00 -6.820291e-01 9.977496e-02 -5.736007e-01 -1.122421e-01 -1.459242e-02 7.603434e-02 1.221112e-01 1.058562e-01 5.364585e-02 8.565013e-02 1.049403e-01 1.382503e-01 1.521439e-01 1.364411e-01 4.709719e-02 -4.446851e-02
<VARIANCE> 39
 4.411650e+00 1.157082e+01 2.444611e+01 1.812809e+01 6.049349e+01 2.668265e+01 2.030824e+01 3.225729e+01 4.971941e+01 1.802675e+01 9.093836e+01 3.118293e+01 1.631103e+00 1.728218e-01 4.284808e-01 7.766386e-01 1.020463e+00 1.230081e+00 1.390588e+00 1.448024e+00 2.236659e+00 1.881601e+00 2.110079e+00 1.173354e+00 1.441565e+00 6.158369e-02 3.305884e-02 8.018302e-02 9.006495e-02 1.225255e-01 2.118751e-01 2.404698e-01 2.263085e-01 3.624410e-01 2.278251e-01 2.214148e-01 2.580424e-01 2.384252e-01 1.007083e-02
<GCONST> 8.251573e+01
<STATE> 14
<MEAN> 39
 -3.803218e+00 1.900479e+00 -1.048002e+00 -7.149441e+00 9.082222e-01 -3.500443e+00 -9.398787e+00 -2.116398e+01 -6.356205e+00 -4.571585e+00 2.021981e+00 -9.756408e+00 6.422801e+01 -9.786123e-01 -1.240471e-01 4.617201e-01 1.189332e+00 5.975618e-01 -2.855291e-01 5.890787e-01 8.460198e-01 2.657023e-01 -5.118643e-01 -3.475454e-01 8.736785e-02 -7.563290e-01 -1.767307e-02 -4.112263e-02 -6.671543e-02 -1.172510e-01 -3.101400e-02 -3.984045e-02 -4.843880e-02 4.202525e-02 -1.605882e-02 1.821895e-02 2.699339e-02 1.135311e-01 1.395586e-02
<VARIANCE> 39
 4.043412e+00 5.969758e+00 1.801041e+01 1.897450e+01 2.320268e+01 3.942093e+01 2.764245e+01 2.818925e+01 3.409544e+01 2.491859e+01 5.057803e+01 4.543935e+01 1.966480e+00 1.906670e-01 3.361327e-01 5.145149e-01 5.651371e-01 1.540160e+00 9.596372e-01 1.489082e+00 3.059594e+00 1.233626e+00 1.735744e+00 1.796371e+00 1.134498e+00 2.711439e-02 3.676692e-02 8.110112e-02 5.998756e-02 8.880077e-02 1.392401e-01 2.087591e-01 3.519614e-01 2.930939e-01 3.122012e-01 4.857382e-01 2.776166e-01 1.626422e-01 5.481398e-03
<GCONST> 7.807280e+01
<STATE> 15
<MEAN> 39
 -8.711305e+00 2.912861e-01 -1.721947e-04 -4.216389e+00 1.983535e-02 -8.693381e+00 -9.563537e+00 -1.897827e+01 -7.999586e+00 -1.083972e+01 -4.965490e+00 -1.269077e+01 6.081550e+01 -6.380082e-01 -1.097735e-01 6.087334e-01 9.771949e-01 2.533249e-01 -3.393392e-02 4.655080e-01 6.793531e-01 -1.233910e-01 -6.938831e-01 -5.175239e-01 -1.174968e-01 -4.293284e-01 6.224622e-02 -1.656333e-02 -7.051478e-02 -8.661640e-02 -1.732248e-02 1.248011e-01 7.748049e-02 1.041483e-01 7.029691e-02 1.435053e-01 5.047319e-02 -1.118895e-01 5.127919e-02
<VARIANCE> 39
 3.422093e+00 5.718911e+00 9.271538e+00 1.559935e+01 2.306314e+01 1.957071e+01 1.403310e+01 9.380406e+00 1.619062e+01 1.142981e+01 1.735673e+01 1.793940e+01 1.001274e+00 1.358249e-01 3.616118e-01 4.672056e-01 4.552810e-01 5.087724e-01 1.062633e+00 7.460532e-01 1.015788e+00 1.688177e+00 1.159728e+00 1.487689e+00 1.359052e+00 4.736052e-02 2.801336e-02 6.121741e-02 9.914836e-02 9.190807e-02 8.759738e-02 1.798694e-01 1.283608e-01 1.211139e-01 3.427174e-01 2.431528e-01 2.359641e-01 2.373107e-01 1.042747e-02
<GCONST> 6.514120e+01
<STATE> 16
<MEAN> 39
 -1.059759e+01 4.285402e-01 2.528569e+00 6.774479e-01 5.525070e+00 -2.057930e+00 -1.497723e+00 -1.037691e+01 -2.595281e+00 -6.430968e+00 4.145408e-02 -8.521768e+00 5.959270e+01 -6.080740e-01 -4.749424e-01 -2.822649e-01 -6.168371e-02 -3.981252e-02 3.256958e-01 8.714252e-01 1.003232e+00 3.626054e-01 6.608955e-02 -1.485063e-01 -8.277871e-02 -3.473825e-01 -1.839628e-02 -1.117054e-01 -9.239823e-02 -1.106475e-01 -5.174182e-02 3.983596e-02 -5.838111e-02 -1.604430e-01 -2.327431e-02 2.151587e-02 -2.924547e-02 1.232324e-01 7.969820e-03
<VARIANCE> 39
 1.693635e+00 3.527850e+00 5.346939e+00 8.210690e+00 1.802622e+01 2.448793e+01 3.260095e+01 4.481296e+01 3.578733e+01 3.105950e+01 5.841105e+01 4.618905e+01 5.019599e-01 9.226561e-02 3.514793e-01 5.283026e-01 3.865836e-01 5.400355e-01 1.020083e+00 7.404628e-01 1.505491e+00 1.458356e+00 1.065186e+00 1.144693e+00 2.234930e+00 3.544984e-02 2.003754e-02 4.635622e-02 7.832226e-02 1.005242e-01 1.786763e-01 1.192764e-01 1.150287e-01 2.450102e-01 3.331805e-01 2.117970e-01 2.014346e-01 4.290417e-01 6.025986e-03
<GCONST> 6.792878e+01
<STATE> 17
<MEAN> 39
 -1.321723e+01 -2.451136e+00 1.351128e+00 -4.272206e-01 2.809837e+00 -4.235824e+00 -2.562012e+00 -1.158772e+01 -5.036994e+00 -9.599364e+00 -4.380384e+00 -1.150762e+01 5.818023e+01 -5.148892e-01 -4.644220e-01 4.364777e-02 3.370419e-01 4.416403e-01 4.006416e-01 3.642099e-01 4.528908e-01 2.906535e-01 -1.946970e-01 -5.066873e-01 -2.862452e-01 -2.256422e-01 -1.189724e-02 -1.697062e-02 -3.378183e-02 -1.086490e-02 5.414663e-02 -2.952132e-02 -1.022530e-01 -1.709600e-02 1.040093e-01 5.143940e-02 4.554162e-02 -1.253594e-01 2.962314e-02
<VARIANCE> 39
 7.847104e-01 1.930324e+00 6.339443e+00 1.063785e+01 2.530936e+01 4.535773e+01 2.862917e+01 1.530586e+01 1.708800e+01 2.365414e+01 3.972233e+01 2.947536e+01 1.561231e-01 1.827916e-01 5.003127e-01 6.559804e-01 8.308153e-01 1.109941e+00 8.062298e-01 1.347277e+00 1.812270e+00 1.575365e+00 1.630398e+00 2.362816e+00 1.785143e+00 4.189812e-02 2.027618e-02 7.011867e-02 1.911767e-01 2.293168e-01 2.804746e-01 2.286457e-01 1.547408e-01 3.752591e-01 1.977192e-01 2.986408e-01 4.545566e-01 3.107201e-01 5.638453e-03
<GCONST> 7.239426e+01
<STATE> 18
<MEAN> 39
 -1.578854e+01 -4.716784e+00 1.805679e-01 -7.205278e-01 3.640957e+00 -3.409770e+00 -1.018552e+00 -8.260060e+00 -2.115269e+00 -9.174128e+00 -4.037333e+00 -1.143537e+01 5.721869e+01 -6.182744e-01 -5.866079e-01 -4.066853e-01 -1.729882e-01 1.176911e-01 3.350374e-01 5.213225e-01 4.428112e-01 3.208924e-01 2.125134e-01 2.120903e-01 1.213739e-01 -2.622148e-01 1.745985e-02 1.416023e-02 2.358614e-03 8.800037e-03 2.174967e-02 1.010888e-01 6.357481e-02 -9.089784e-02 -1.857713e-01 -6.617333e-02 -2.786476e-02 1.371689e-02 1.088462e-02
<VARIANCE> 39
 1.380591e+00 2.622120e+00 5.338554e+00 9.881319e+00 2.119318e+01 3.591292e+01 4.350739e+01 5.066015e+01 2.243199e+01 1.463327e+01 2.465691e+01 2.552596e+01 3.535357e-01 1.007741e-01 2.273481e-01 4.411966e-01 5.192780e-01 1.013411e+00 1.419542e+00 1.258130e+00 2.216934e+00 1.340328e+00 1.088857e+00 1.587339e+00 1.869455e+00 1.598830e-02 1.484817e-02 4.221360e-02 8.253556e-02 1.257031e-01 1.274132e-01 2.437095e-01 2.812311e-01 3.721477e-01 2.540984e-01 1.830594e-01 2.771825e-01 3.081343e-01 3.088536e-03
<GCONST> 6.694972e+01
<STATE> 19
<MEAN> 39
 -1.864772e+01 -7.875085e+00 -1.708689e+00 8.940881e-01 8.335806e+00 2.976937e+00 3.358189e+00 -8.255661e+00 -5.307604e+00 -1.205068e+01 -6.013228e+00 -1.234276e+01 5.611240e+01 -4.509973e-01 -4.706542e-01 -2.803678e-01 2.020055e-02 3.952763e-01 8.095382e-01 1.167325e+00 9.488283e-01 1.848066e-02 -3.478720e-01 -3.317394e-01 -3.414946e-01 -1.679282e-01 1.302598e-01 1.323635e-01 1.097297e-01 1.131380e-02 -9.640684e-02 -5.622352e-02 1.736300e-01 3.685800e-01 3.215487e-01 8.016963e-02 -4.473659e-02 -6.147727e-02 4.066952e-02
<VARIANCE> 39
 1.973056e+00 3.042437e+00 5.603103e+00 1.761581e+01 4.390122e+01 6.314500e+01 5.536998e+01 3.669251e+01 2.317014e+01 2.396800e+01 2.586052e+01 2.467813e+01 2.965161e-01 2.230659e-01 2.045496e-01 6.225082e-01 1.379376e+00 1.459193e+00 1.432762e+00 1.859999e+00 1.961715e+00 1.625729e+00 1.445298e+00 1.527841e+00 1.524294e+00 3.392399e-02 1.688667e-02 3.979392e-02 1.427255e-01 2.705041e-01 2.832446e-01 2.486442e-01 4.005964e-01 3.493687e-01 2.856632e-01 2.708121e-01 3.053541e-01 2.980411e-01 5.058662e-03
<GCONST> 7.685451e+01
<TRANSP> 20
 0.000000e+00 1.000000e+00 0.000000e+00 0.000000e+00 0.000000e+00 0.000000e+00 0.000000e+00 0.000000e+00 0.000000e+00 0.000000e+00 0.000000e+00 0.000000e+00 0.000000e+00 0.000000e+00 0.000000e+00 0.000000e+00 0.000000e+00 0.000000e+00 0.000000e+00 0.000000e+00
 0.000000e+00 7.894362e-01 2.105638e-01 0.000000e+00 0.000000e+00 0.000000e+00 0.000000e+00 0.000000e+00 0.000000e+00 0.000000e+00 0.000000e+00 0.000000e+00 0.000000e+00 0.000000e+00 0.000000e+00 0.000000e+00 0.000000e+00 0.000000e+00 0.000000e+00 0.000000e+00
 0.000000e+00 0.000000e+00 7.090722e-01 2.909278e-01 0.000000e+00 0.000000e+00 0.000000e+00 0.000000e+00 0.000000e+00 0.000000e+00 0.000000e+00 0.000000e+00 0.000000e+00 0.000000e+00 0.000000e+00 0.000000e+00 0.000000e+00 0.000000e+00 0.000000e+00 0.000000e+00
 0.000000e+00 0.000000e+00 0.000000e+00 7.372279e-01 2.627721e-01 0.000000e+00 0.000000e+00 0.000000e+00 0.000000e+00 0.000000e+00 0.000000e+00 0.000000e+00 0.000000e+00 0.000000e+00 0.000000e+00 0.000000e+00 0.000000e+00 0.000000e+00 0.000000e+00 0.000000e+00
 0.000000e+00 0.000000e+00 0.000000e+00 0.000000e+00 7.963052e-01 2.036948e-01 0.000000e+00 0.000000e+00 0.000000e+00 0.000000e+00 0.000000e+00 0.000000e+00 0.000000e+00 0.000000e+00 0.000000e+00 0.000000e+00 0.000000e+00 0.000000e+00 0.000000e+00 0.000000e+00
 0.000000e+00 0.000000e+00 0.000000e+00 0.000000e+00 0.000000e+00 8.156441e-01 1.843559e-01 0.000000e+00 0.000000e+00 0.000000e+00 0.000000e+00 0.000000e+00 0.000000e+00 0.000000e+00 0.000000e+00 0.000000e+00 0.000000e+00 0.000000e+00 0.000000e+00 0.000000e+00
 0.000000e+00 0.000000e+00 0.000000e+00 0.000000e+00 0.000000e+00 0.000000e+00 6.586314e-01 3.413686e-01 0.000000e+00 0.000000e+00 0.000000e+00 0.000000e+00 0.000000e+00 0.000000e+00 0.000000e+00 0.000000e+00 0.000000e+00 0.000000e+00 0.000000e+00 0.000000e+00
 0.000000e+00 0.000000e+00 0.000000e+00 0.000000e+00 0.000000e+00 0.000000e+00 0.000000e+00 6.243287e-01 3.756714e-01 0.000000e+00 0.000000e+00 0.000000e+00 0.000000e+00 0.000000e+00 0.000000e+00 0.000000e+00 0.000000e+00 0.000000e+00 0.000000e+00 0.000000e+00
 0.000000e+00 0.000000e+00 0.000000e+00 0.000000e+00 0.000000e+00 0.000000e+00 0.000000e+00 0.000000e+00 6.572459e-01 3.427542e-01 0.000000e+00 0.000000e+00 0.000000e+00 0.000000e+00 0.000000e+00 0.000000e+00 0.000000e+00 0.000000e+00 0.000000e+00 0.000000e+00
 0.000000e+00 0.000000e+00 0.000000e+00 0.000000e+00 0.000000e+00 0.000000e+00 0.000000e+00 0.000000e+00 0.000000e+00 7.688027e-01 2.311973e-01 0.000000e+00 0.000000e+00 0.000000e+00 0.000000e+00 0.000000e+00 0.000000e+00 0.000000e+00 0.000000e+00 0.000000e+00
 0.000000e+00 0.000000e+00 0.000000e+00 0.000000e+00 0.000000e+00 0.000000e+00 0.000000e+00 0.000000e+00 0.000000e+00 0.000000e+00 8.096200e-01 1.903800e-01 0.000000e+00 0.000000e+00 0.000000e+00 0.000000e+00 0.000000e+00 0.000000e+00 0.000000e+00 0.000000e+00
 0.000000e+00 0.000000e+00 0.000000e+00 0.000000e+00 0.000000e+00 0.000000e+00 0.000000e+00 0.000000e+00 0.000000e+00 0.000000e+00 0.000000e+00 7.975144e-01 2.024856e-01 0.000000e+00 0.000000e+00 0.000000e+00 0.000000e+00 0.000000e+00 0.000000e+00 0.000000e+00
 0.000000e+00 0.000000e+00 0.000000e+00 0.000000e+00 0.000000e+00 0.000000e+00 0.000000e+00 0.000000e+00 0.000000e+00 0.000000e+00 0.000000e+00 0.000000e+00 7.920318e-01 2.079682e-01 0.000000e+00 0.000000e+00 0.000000e+00 0.000000e+00 0.000000e+00 0.000000e+00
 0.000000e+00 0.000000e+00 0.000000e+00 0.000000e+00 0.000000e+00 0.000000e+00 0.000000e+00 0.000000e+00 0.000000e+00 0.000000e+00 0.000000e+00 0.000000e+00 0.000000e+00 8.076759e-01 1.923241e-01 0.000000e+00 0.000000e+00 0.000000e+00 0.000000e+00 0.000000e+00
 0.000000e+00 0.000000e+00 0.000000e+00 0.000000e+00 0.000000e+00 0.000000e+00 0.000000e+00 0.000000e+00 0.000000e+00 0.000000e+00 0.000000e+00 0.000000e+00 0.000000e+00 0.000000e+00 8.113133e-01 1.886867e-01 0.000000e+00 0.000000e+00 0.000000e+00 0.000000e+00
 0.000000e+00 0.000000e+00 0.000000e+00 0.000000e+00 0.000000e+00 0.000000e+00 0.000000e+00 0.000000e+00 0.000000e+00 0.000000e+00 0.000000e+00 0.000000e+00 0.000000e+00 0.000000e+00 0.000000e+00 7.328993e-01 2.671007e-01 0.000000e+00 0.000000e+00 0.000000e+00
 0.000000e+00 0.000000e+00 0.000000e+00 0.000000e+00 0.000000e+00 0.000000e+00 0.000000e+00 0.000000e+00 0.000000e+00 0.000000e+00 0.000000e+00 0.000000e+00 0.000000e+00 0.000000e+00 0.000000e+00 0.000000e+00 7.097327e-01 2.902674e-01 0.000000e+00 0.000000e+00
 0.000000e+00 0.000000e+00 0.000000e+00 0.000000e+00 0.000000e+00 0.000000e+00 0.000000e+00 0.000000e+00 0.000000e+00 0.000000e+00 0.000000e+00 0.000000e+00 0.000000e+00 0.000000e+00 0.000000e+00 0.000000e+00 0.000000e+00 7.923726e-01 2.076274e-01 0.000000e+00
 0.000000e+00 0.000000e+00 0.000000e+00 0.000000e+00 0.000000e+00 0.000000e+00 0.000000e+00 0.000000e+00 0.000000e+00 0.000000e+00 0.000000e+00 0.000000e+00 0.000000e+00 0.000000e+00 0.000000e+00 0.000000e+00 0.000000e+00 0.000000e+00 7.002882e-01 2.997118e-01
 0.000000e+00 0.000000e+00 0.000000e+00 0.000000e+00 0.000000e+00 0.000000e+00 0.000000e+00 0.000000e+00 0.000000e+00 0.000000e+00 0.000000e+00 0.000000e+00 0.000000e+00 0.000000e+00 0.000000e+00 0.000000e+00 0.000000e+00 0.000000e+00 0.000000e+00 0.000000e+00
<ENDHMM>
