~o
<STREAMINFO> 1 39
<VECSIZE> 39<NULLD><MFCC_D_A_0><DIAGC>
~h "setengah"
<BEGINHMM>
<NUMSTATES> 20
<STATE> 2
<MEAN> 39
 -1.964506e+01 -6.900292e+00 -4.270657e+00 -3.738724e+00 2.704657e+00 -3.686779e+00 3.947621e+00 -5.045793e+00 2.791170e+00 -7.413046e+00 1.244338e+00 -6.461305e+00 5.673214e+01 -9.311253e-01 1.588070e+00 -9.310519e-01 9.305913e-01 -1.516212e-01 -7.816970e-01 8.294140e-01 -1.030682e+00 1.038413e+00 -6.536626e-01 1.160740e+00 -1.333639e-01 5.745903e-01 -3.418514e-01 5.912175e-01 -3.825248e-01 3.139747e-01 -2.099709e-01 -3.130376e-02 1.501252e-01 -1.863087e-01 1.747068e-01 -5.927599e-02 1.723689e-01 1.335704e-02 2.145606e-01
<VARIANCE> 39
 6.823872e+00 8.201428e+00 5.772691e+00 9.130807e+00 1.686723e+01 1.443706e+01 3.590086e+01 2.190840e+01 2.614019e+01 2.072237e+01 1.782596e+01 1.874865e+01 1.507422e+00 6.736148e-01 2.011934e+00 8.962106e-01 2.062350e+00 1.884629e+00 2.641515e+00 1.964352e+00 4.455880e+00 2.729421e+00 1.803859e+00 2.331163e+00 2.571222e+00 2.383860e-01 7.893664e-02 1.436869e-01 1.355657e-01 2.766909e-01 3.375273e-01 3.443483e-01 2.465088e-01 5.397314e-01 3.910812e-01 3.646927e-01 4.730746e-01 3.480910e-01 1.303443e-02
<GCONST> 9.096691e+01
<STATE> 3
<MEAN> 39
 -2.741419e+01 6.269160e+00 -1.186618e+01 3.249587e+00 9.469096e-01 -7.140014e+00 8.000815e+00 -8.196488e+00 6.789462e+00 -8.990136e+00 5.596065e+00 -5.164533e+00 6.211793e+01 -6.295064e-01 1.406946e+00 -7.778410e-01 2.982693e-01 -9.790838e-02 -9.759384e-01 2.601545e-01 -3.218576e-01 6.884327e-02 1.591996e-01 -3.768525e-02 3.268792e-01 8.411448e-01 9.551572e-01 -5.891603e-01 4.447329e-01 -5.946033e-01 -1.148153e-01 -2.973828e-01 -6.692966e-01 1.152881e-01 -2.996169e-01 2.670558e-01 -4.046105e-01 -1.504181e-01 -1.442785e-02
<VARIANCE> 39
 9.335003e+00 2.410247e+01 1.497616e+01 1.543736e+01 3.458625e+01 2.870784e+01 3.654774e+01 4.357430e+01 3.776035e+01 2.580711e+01 2.221028e+01 2.259943e+01 6.519083e+00 2.803656e+00 2.606009e+00 2.027878e+00 2.416716e+00 1.919696e+00 1.634210e+00 1.641500e+00 2.043848e+00 2.778637e+00 2.626169e+00 1.859650e+00 1.250812e+00 2.621648e-01 4.622005e-01 1.615560e-01 1.835086e-01 3.007400e-01 6.107723e-01 4.666264e-01 5.649416e-01 5.221803e-01 4.811195e-01 4.952859e-01 4.471675e-01 4.177954e-01 6.124898e-02
<GCONST> 1.053378e+02
<STATE> 4
<MEAN> 39
 -1.677905e+01 5.480531e+00 -9.753267e+00 -2.381001e+00 -1.386384e+00 -1.770238e+01 -9.980976e-01 -1.041006e+01 6.146577e+00 -7.445859e+00 1.686896e+00 -7.302792e+00 6.606750e+01 5.359110e+00 -5.243247e-01 -4.355154e-02 -2.158761e+00 -1.040394e+00 -2.764500e+00 -4.869721e+00 -9.964952e-02 7.888515e-02 1.238765e+00 -1.700242e+00 -1.813332e+00 2.253962e+00 1.245867e-01 -2.256429e-01 -2.112982e-01 3.337439e-03 4.801807e-01 5.213748e-01 -1.017500e-01 2.271100e-01 7.243871e-02 2.289996e-01 6.861238e-02 -1.067432e-01 1.981470e-01
<VARIANCE> 39
 7.414005e+01 1.809883e+01 1.793661e+01 2.801376e+01 4.577267e+01 8.832748e+01 1.114948e+02 6.732567e+01 4.506678e+01 4.625034e+01 4.107984e+01 3.811905e+01 2.363646e+01 1.541671e+00 1.925003e+00 1.930103e+00 2.526140e+00 5.340256e+00 6.294556e+00 6.107524e+00 5.829949e+00 1.853405e+00 5.920123e+00 5.592541e+00 3.901846e+00 1.155221e+00 1.628740e+00 1.058385e-01 2.047590e-01 4.843032e-01 6.149607e-01 1.263590e+00 2.288000e+00 4.534834e-01 3.602696e-01 6.768065e-01 5.540077e-01 8.612880e-01 4.191351e-01
<GCONST> 1.285650e+02
<STATE> 5
<MEAN> 39
 -3.636970e+00 1.473201e+00 -1.165199e+01 -7.301002e+00 5.850444e-01 -1.925317e+01 -1.213889e+01 -8.904053e+00 5.116982e+00 -5.606675e-01 -2.989886e+00 -1.124437e+01 7.345662e+01 9.067919e-01 -5.519458e-01 6.151026e-01 -1.635141e-01 9.537895e-01 1.749055e+00 -4.308102e-01 -1.986675e-01 -5.505866e-01 5.249428e-01 1.261065e-01 -1.047791e-01 -3.723531e-01 -1.225155e+00 2.254424e-01 4.267886e-01 5.953685e-01 -2.753849e-02 6.159709e-01 1.053255e+00 -6.292020e-02 -2.162405e-01 -7.569433e-01 3.000682e-01 2.993453e-01 -9.588591e-01
<VARIANCE> 39
 3.775872e+00 2.445642e+01 2.259871e+01 4.425060e+01 1.027632e+02 1.105911e+02 4.998674e+01 1.095343e+02 8.530225e+01 8.566530e+01 9.529063e+01 3.483363e+01 1.643778e+01 1.820845e+00 9.292632e-01 1.053765e+00 1.441393e+00 1.803171e+00 1.628425e+00 2.338471e+00 2.376390e+00 2.452705e+00 3.413726e+00 2.792809e+00 1.517262e+00 1.786439e+00 2.486290e-01 1.915638e-01 1.542850e-01 3.670975e-01 7.161737e-01 8.173186e-01 5.291636e-01 8.655148e-01 4.514755e-01 8.135130e-01 7.734298e-01 5.013557e-01 1.277358e-01
<GCONST> 1.175072e+02
<STATE> 6
<MEAN> 39
 -6.251056e+00 1.049090e+00 -6.814919e+00 -5.854929e+00 6.456823e-01 -1.115167e+01 -8.211037e+00 -9.855919e+00 2.101052e+00 -5.061131e+00 -8.653562e-01 -1.045075e+01 6.592427e+01 -7.745337e-01 -6.189190e-01 9.414187e-01 2.767922e-02 -1.803492e-01 6.941498e-01 5.454671e-01 8.181087e-02 -7.874824e-01 -7.920695e-01 -1.198941e-01 1.852020e-01 -1.263306e+00 -6.945308e-02 -1.350373e-01 -1.397328e-01 -1.056833e-01 -8.730204e-02 -3.475739e-01 2.137614e-02 6.479665e-02 1.189695e-01 2.174317e-01 5.746627e-03 2.701947e-02 2.283548e-01
<VARIANCE> 39
 2.440137e+00 1.130529e+01 1.539104e+01 1.230613e+01 5.373878e+01 7.103577e+01 3.799063e+01 4.521297e+01 4.112697e+01 4.371682e+01 4.387706e+01 1.591446e+01 7.258410e+00 1.657470e-01 4.013410e-01 2.986737e-01 7.308043e-01 1.164377e+00 1.412350e+00 1.286669e+00 1.800307e+00 1.130466e+00 2.416980e+00 1.157881e+00 1.481424e+00 1.964535e-01 7.969824e-02 4.825175e-02 9.939658e-02 1.040345e-01 2.162973e-01 1.792721e-01 2.516594e-01 2.263597e-01 2.039590e-01 3.114831e-01 2.444928e-01 2.770272e-01 6.489392e-02
<GCONST> 8.455105e+01
<STATE> 7
<MEAN> 39
 -9.818155e+00 -3.043894e+00 -4.667341e+00 -6.829937e+00 1.549926e-01 -1.273072e+01 -6.020086e+00 -9.677819e+00 1.470451e+00 -6.265204e+00 -1.485361e+00 -1.039479e+01 6.386457e+01 6.972665e-01 -1.764681e+00 -1.110634e+00 -7.167537e-01 2.784266e-01 -1.017444e-01 5.167021e-01 4.538805e-01 8.503026e-01 6.033338e-01 -8.815932e-01 -1.039758e+00 1.495827e+00 9.036622e-01 -1.501117e-01 -4.263804e-01 -2.089813e-01 1.494776e-01 2.792783e-01 -2.912200e-01 -1.687261e-02 2.420481e-01 2.679673e-01 -4.702914e-01 -4.827251e-01 6.904657e-01
<VARIANCE> 39
 7.426812e+00 9.920881e+00 1.694062e+01 9.951736e+00 2.270799e+01 5.300117e+01 2.702659e+01 4.923414e+01 3.170928e+01 2.724214e+01 4.039733e+01 1.314655e+01 7.564052e+00 3.044321e+00 1.686490e+00 3.168754e+00 2.264612e+00 2.986222e+00 2.746186e+00 3.824585e+00 2.777939e+00 1.907844e+00 4.884490e+00 3.148832e+00 3.508090e+00 1.666736e+00 1.252166e-01 2.069068e-01 4.611205e-01 4.323812e-01 6.185213e-01 3.525142e-01 5.022928e-01 4.757318e-01 5.375295e-01 7.601690e-01 2.806455e-01 5.375578e-01 2.780449e-01
<GCONST> 1.113830e+02
<STATE> 8
<MEAN> 39
 -2.579099e-01 -9.309634e+00 -7.868730e+00 -1.081271e+01 2.691297e+00 -9.393029e+00 -7.307936e+00 -5.627003e+00 3.385590e+00 7.254441e-02 -6.289490e+00 -1.672120e+01 7.289803e+01 1.608514e+00 1.375587e-01 3.035202e-01 5.868858e-02 3.862385e-01 5.094328e-01 -7.828701e-02 4.917425e-02 -4.170333e-01 5.726747e-01 -5.184966e-01 3.423207e-01 7.822569e-01 -4.898027e-01 7.186203e-01 6.032749e-01 2.913743e-01 -2.248122e-01 -1.588896e-01 1.197071e-01 -1.797706e-01 -4.772211e-01 -5.181889e-01 6.891248e-01 8.690923e-01 -7.528113e-01
<VARIANCE> 39
 1.047151e+01 2.780610e+01 6.567680e+01 3.282124e+01 1.204613e+02 7.486946e+01 9.524090e+01 1.706466e+02 3.480968e+01 1.137427e+02 9.092336e+01 3.828365e+01 1.282444e+01 1.684543e+00 2.868282e+00 2.102385e+00 2.462827e+00 4.101473e+00 2.581204e+00 3.464622e+00 4.073806e+00 3.015662e+00 3.931219e+00 3.046995e+00 6.182138e+00 2.825079e+00 1.525471e-01 2.664291e-01 4.245484e-01 4.411274e-01 7.159419e-01 4.955145e-01 7.682959e-01 5.234361e-01 3.473532e-01 6.201431e-01 5.814536e-01 6.286098e-01 1.682860e-01
<GCONST> 1.263447e+02
<STATE> 9
<MEAN> 39
 9.324738e-01 -2.455660e+00 -1.380203e+00 -6.977385e+00 1.470778e+00 -1.077646e+01 -5.495035e+00 -7.128591e+00 -1.763007e+00 -4.333960e+00 -3.416515e+00 -9.590595e+00 6.959593e+01 2.002173e-01 1.132749e+00 7.807627e-01 2.541477e-01 -5.702814e-01 4.124321e-01 1.359141e-01 -7.383479e-01 -9.753894e-01 -9.952334e-01 6.896700e-01 8.435275e-01 -7.399283e-01 -6.499729e-02 -1.576635e-01 -1.681726e-01 -1.740160e-01 -2.499469e-02 8.555117e-02 1.671457e-02 3.782241e-02 1.096772e-01 8.281025e-02 -1.189793e-01 -1.312318e-01 8.249268e-02
<VARIANCE> 39
 7.733215e+00 3.614262e+01 6.329085e+01 1.857845e+01 6.031836e+01 3.407109e+01 5.622649e+01 1.140072e+02 6.106730e+01 8.908273e+01 5.230256e+01 2.297893e+01 4.908658e+00 6.520701e-02 3.491097e-01 8.314102e-01 1.635443e+00 1.630114e+00 1.919472e+00 1.298482e+00 1.258775e+00 1.381805e+00 1.124312e+00 1.541741e+00 2.094045e+00 1.089667e-01 3.364044e-02 4.408281e-02 9.975007e-02 8.116991e-02 1.581688e-01 1.764666e-01 2.120814e-01 1.906575e-01 1.808283e-01 1.534953e-01 2.010334e-01 3.545069e-01 1.430232e-02
<GCONST> 8.702074e+01
<STATE> 10
<MEAN> 39
 2.758196e+00 -1.552794e+00 -4.303393e+00 -1.491652e+01 -2.681211e+00 -1.993924e+00 -4.995406e+00 -1.409439e+01 -2.334812e+00 -7.357605e+00 7.750348e-01 -1.266059e+00 6.780758e+01 -3.182826e-02 2.390744e-01 1.834760e-01 -4.107802e-01 -2.201415e-01 3.711807e-01 3.729914e-01 -2.568671e-01 -2.879804e-01 3.197990e-02 5.189953e-01 6.992754e-01 -1.483106e-01 -5.525524e-02 -2.173884e-01 -2.115241e-01 2.267568e-01 1.326343e-01 -1.232098e-01 3.639418e-02 4.764821e-02 3.214704e-01 1.104578e-01 -2.441917e-01 -3.225950e-01 1.187899e-01
<VARIANCE> 39
 4.594464e+00 2.427368e+01 1.671935e+01 2.880688e+01 1.795294e+01 2.985983e+01 6.573341e+01 6.541449e+01 2.145041e+01 4.773627e+01 2.647132e+01 2.894107e+01 1.370944e+00 4.878616e-02 2.648477e-01 5.407291e-01 1.089304e+00 1.027059e+00 1.211719e+00 4.650469e-01 9.896138e-01 9.607170e-01 1.142643e+00 1.123165e+00 1.714573e+00 4.165395e-02 1.506226e-02 8.343517e-02 6.328530e-02 1.753617e-01 1.500515e-01 1.754484e-01 9.746587e-02 2.087157e-01 2.003382e-01 1.766081e-01 2.532188e-01 2.557376e-01 1.778077e-02
<GCONST> 7.442141e+01
<STATE> 11
<MEAN> 39
 1.149443e+00 -1.207808e+00 -3.701454e+00 -9.006537e+00 2.708029e-01 -6.186527e+00 -3.817505e+00 -1.183732e+01 -8.829353e-01 -7.901258e+00 -3.387850e+00 -6.163939e+00 6.821272e+01 -2.452437e-02 -1.875445e+00 -1.293588e+00 1.768427e-01 9.376908e-01 -1.228080e-01 -4.462464e-01 1.350315e+00 2.050666e+00 -5.483775e-01 -1.586735e+00 -7.369462e-01 8.497685e-01 2.451567e-02 -5.223471e-01 -1.627096e-01 2.457753e-02 7.130101e-02 -4.508211e-02 -3.897389e-01 5.863945e-01 2.577840e-01 -1.660696e-01 -3.321691e-01 -1.350669e-01 2.188705e-01
<VARIANCE> 39
 7.465822e+00 4.467324e+01 3.696386e+01 3.473780e+01 5.067581e+01 2.915758e+01 6.588517e+01 8.821335e+01 5.067018e+01 5.174367e+01 6.686102e+01 6.866171e+01 4.758705e+00 2.265830e-01 1.018424e+00 9.293334e-01 2.186664e+00 3.078624e+00 2.769700e+00 2.167480e+00 3.547491e+00 1.661703e+00 9.396341e-01 2.241852e+00 2.069114e+00 2.744170e-01 2.672649e-02 1.500531e-01 2.188645e-01 2.630391e-01 6.018530e-01 2.444784e-01 3.410112e-01 2.958027e-01 4.688037e-01 1.911438e-01 3.700667e-01 3.831778e-01 4.131996e-02
<GCONST> 1.024507e+02
<STATE> 12
<MEAN> 39
 1.140195e+00 -1.166497e+01 -5.952740e+00 -8.457458e+00 5.171285e+00 -6.610006e+00 -1.156926e+01 -2.091974e+00 7.013856e+00 -1.249141e+01 -6.879961e+00 -1.044698e+01 7.343245e+01 -7.970636e-02 -1.412075e+00 -2.704530e-01 2.273757e-01 4.988186e-02 -8.593888e-02 -3.873276e-01 9.245332e-01 -6.325306e-02 -1.037876e+00 -5.705748e-01 -2.328247e-01 5.814778e-01 -9.783033e-02 4.779077e-01 3.165649e-01 1.804838e-01 -1.189143e-01 2.392953e-02 2.123680e-01 -4.635808e-01 -4.539347e-01 -6.453920e-02 1.792298e-01 2.019404e-01 -2.111367e-01
<VARIANCE> 39
 3.714312e+00 2.458625e+01 9.839779e+01 1.482156e+01 4.020440e+01 4.424689e+01 3.552979e+01 1.182075e+02 4.399281e+01 4.734115e+01 9.984238e+01 4.249186e+01 1.401815e+01 2.070064e-01 2.178751e+00 1.270460e+00 1.242516e+00 1.428955e+00 3.244595e+00 1.773389e+00 2.923226e+00 3.408162e+00 2.074128e+00 1.229484e+00 1.494294e+00 3.017858e-01 5.378238e-02 1.460207e-01 2.814594e-01 1.604320e-01 2.728895e-01 3.903424e-01 2.039115e-01 5.081300e-01 4.107518e-01 2.727232e-01 2.229840e-01 2.846698e-01 2.593939e-02
<GCONST> 1.010945e+02
<STATE> 13
<MEAN> 39
 7.660910e-01 -1.553798e+01 -7.816859e+00 -3.839849e+00 -3.646521e+00 -6.595376e+00 -3.456556e+00 -5.019145e+00 2.873240e+00 -8.903678e+00 -1.129119e+01 -4.571999e+00 7.386052e+01 -3.071347e-01 3.287170e-01 8.523449e-01 1.209114e+00 5.613354e-01 1.095239e-01 -1.497882e-01 -5.904412e-02 -8.892623e-02 -7.621043e-01 -7.127606e-01 3.514650e-01 -2.307943e-01 -8.032475e-02 2.939410e-01 1.727363e-01 3.849790e-02 3.219193e-01 -1.414281e-01 1.389591e-01 -1.285152e-01 -7.371264e-02 -9.786274e-02 1.569291e-01 1.031823e-01 -2.091030e-01
<VARIANCE> 39
 2.546090e+00 1.136043e+01 2.310292e+01 1.662638e+01 6.545535e+01 1.236498e+02 5.543134e+01 3.086505e+01 6.847854e+01 5.784708e+01 3.171889e+01 5.588745e+01 4.730391e+00 1.147027e-01 9.286002e-01 7.533916e-01 9.187561e-01 2.169824e+00 1.307642e+00 1.764733e+00 1.435927e+00 1.760603e+00 1.182889e+00 1.102683e+00 1.456320e+00 3.446872e-01 4.058676e-02 6.717094e-02 7.639550e-02 1.883849e-01 1.950280e-01 2.381792e-01 2.685860e-01 2.126169e-01 3.099492e-01 2.003269e-01 1.505392e-01 2.756926e-01 2.237425e-02
<GCONST> 8.842336e+01
<STATE> 14
<MEAN> 39
 -2.701531e+00 -9.872022e+00 -3.010525e+00 1.168696e+00 8.154072e+00 -8.331032e+00 -7.428058e+00 -6.397583e+00 9.891590e-01 -2.211802e+01 -1.282967e+01 -7.122266e+00 6.999550e+01 -1.113826e+00 4.853785e-01 3.556267e-01 1.149525e+00 9.719598e-01 -6.433632e-01 7.576016e-01 -2.139795e-01 1.434187e-02 -8.833970e-01 8.194988e-01 5.873238e-01 -8.521535e-01 -9.605139e-02 -3.268948e-01 -3.271823e-01 -2.792564e-01 -1.798309e-01 4.923783e-02 4.114021e-02 2.380661e-01 2.278084e-01 2.676914e-01 3.047740e-01 -4.025320e-02 2.685365e-02
<VARIANCE> 39
 5.451663e+00 7.681483e+00 2.830079e+01 1.833253e+01 3.463031e+01 4.967530e+01 3.232182e+01 5.799809e+01 1.027139e+02 1.070323e+02 6.755172e+01 4.233477e+01 8.962420e+00 2.016667e-01 6.730724e-01 1.661578e+00 1.212803e+00 1.311258e+00 1.375093e+00 2.063381e+00 2.704622e+00 3.127767e+00 1.420916e+00 2.473213e+00 1.731205e+00 1.859453e-01 4.069540e-02 6.461779e-02 1.133508e-01 1.166749e-01 2.866758e-01 2.054146e-01 2.357364e-01 3.567887e-01 4.215566e-01 2.745107e-01 2.936210e-01 2.466827e-01 1.714853e-02
<GCONST> 9.396082e+01
<STATE> 15
<MEAN> 39
 -9.066091e+00 -1.280219e+01 -1.943948e+00 4.260061e+00 1.206204e+01 -9.969479e+00 -2.191569e+00 -4.214728e+00 4.118403e+00 -2.481948e+01 -7.372112e+00 -4.334117e+00 6.820345e+01 -8.553677e-01 -4.029555e-01 5.604471e-02 3.323888e-01 -1.275244e-01 2.384535e-01 1.061788e+00 4.706071e-01 5.567884e-02 3.698545e-01 3.836029e-01 3.586727e-01 -5.461742e-01 9.613436e-02 1.290214e-01 7.906378e-02 -1.194553e-01 -1.563664e-01 1.592478e-01 4.982423e-02 3.052731e-02 -1.158717e-01 6.354085e-02 -1.712416e-01 -1.071602e-01 -3.322634e-02
<VARIANCE> 39
 1.198652e+01 1.789783e+01 2.561478e+01 1.153582e+01 2.621587e+01 2.795919e+01 6.957646e+01 4.293378e+01 1.184825e+02 5.507344e+01 6.355869e+01 6.683791e+01 1.308785e+01 2.518637e-01 5.186598e-01 5.911494e-01 1.070618e+00 7.309342e-01 1.412540e+00 2.095742e+00 2.387611e+00 1.499045e+00 2.241095e+00 2.616114e+00 2.992995e+00 1.747595e-01 4.333045e-02 5.243444e-02 1.280900e-01 1.445900e-01 1.207764e-01 1.673249e-01 4.135600e-01 3.807016e-01 2.718031e-01 2.830826e-01 6.168105e-01 4.696111e-01 1.325923e-02
<GCONST> 9.376450e+01
<STATE> 16
<MEAN> 39
 -1.236139e+01 -1.302798e+01 -1.242884e-01 7.647009e+00 9.834073e+00 -7.215706e+00 5.856809e+00 1.387643e+00 4.916816e+00 -2.106425e+01 -6.106148e+00 -3.650568e+00 6.437997e+01 -3.297687e-01 7.698523e-01 2.685958e-03 -9.749272e-02 -3.112319e-02 9.383205e-01 1.163186e-01 1.918104e-01 -5.460308e-01 3.943616e-01 -5.619488e-01 -6.408569e-01 -1.002000e+00 1.892513e-02 7.910331e-02 1.683583e-02 -1.154200e-01 4.034910e-02 3.067157e-02 -1.284062e-01 -3.418968e-02 2.136499e-02 1.290004e-01 -1.114628e-01 -2.127009e-01 1.417797e-02
<VARIANCE> 39
 1.567860e+01 2.384481e+01 1.733097e+01 3.125730e+01 5.216725e+01 5.211523e+01 5.140786e+01 4.365913e+01 7.860339e+01 2.076172e+01 1.824661e+01 2.294878e+01 7.925519e+00 1.203186e-01 2.741625e-01 6.759379e-01 7.119845e-01 8.168638e-01 1.153631e+00 1.491239e+00 9.835421e-01 1.321366e+00 9.327416e-01 1.538972e+00 1.238913e+00 3.702318e-02 2.572132e-02 5.613295e-02 1.095347e-01 8.031562e-02 1.312858e-01 2.279084e-01 2.914077e-01 2.552667e-01 3.137527e-01 1.357386e-01 3.316928e-01 2.401749e-01 7.926052e-03
<GCONST> 8.085844e+01
<STATE> 17
<MEAN> 39
 -1.159714e+01 -7.093701e+00 -3.119605e+00 4.241089e-01 6.460970e+00 -3.339314e+00 5.700551e-02 -2.757613e+00 1.098836e+00 -1.430560e+01 -8.857914e+00 -7.599609e+00 6.039869e+01 -8.502380e-01 3.957835e-01 2.689947e-01 -2.312817e-01 6.160564e-03 7.443882e-01 6.099102e-01 1.538344e-01 -1.967399e-01 6.644030e-01 4.712286e-01 -6.544850e-01 -6.803374e-01 -5.735879e-03 -4.194242e-02 7.960254e-02 1.631806e-01 5.253895e-02 2.684422e-02 1.057558e-01 -7.360897e-02 -3.411051e-03 5.588191e-02 1.294756e-01 9.418378e-02 5.712311e-02
<VARIANCE> 39
 6.717280e+00 4.530346e+00 8.948711e+00 1.425917e+01 1.856736e+01 2.067210e+01 2.615000e+01 2.680146e+01 5.329091e+01 4.913826e+01 1.533476e+01 1.572801e+01 2.631366e+00 8.591946e-02 2.900446e-01 4.343193e-01 1.061164e+00 1.089233e+00 1.058990e+00 1.124781e+00 1.149539e+00 8.108830e-01 1.001236e+00 1.429911e+00 1.312075e+00 4.839154e-02 1.631942e-02 3.864681e-02 6.543148e-02 1.346195e-01 1.453477e-01 1.475232e-01 1.238168e-01 1.031858e-01 1.475367e-01 1.852833e-01 2.670527e-01 2.203665e-01 4.556615e-03
<GCONST> 6.796621e+01
<STATE> 18
<MEAN> 39
 -1.644820e+01 -5.297740e+00 5.847964e-01 3.182630e+00 8.653935e+00 2.060348e+00 6.420314e+00 -1.815174e+00 -8.767764e-01 -1.242907e+01 -5.523974e+00 -9.694721e+00 5.710015e+01 -6.728336e-01 -3.988031e-02 3.324338e-01 1.770976e-02 1.864749e-01 7.985901e-01 9.162560e-01 -2.881020e-01 -7.686539e-01 -1.294163e-01 7.347171e-02 -2.743022e-01 -4.381013e-01 3.292007e-02 -1.509022e-01 -1.464835e-01 -1.067471e-01 -1.594467e-02 -2.538738e-02 -1.862015e-01 -1.491219e-01 -4.795655e-02 -3.604161e-02 -8.579603e-03 1.197592e-01 4.832108e-02
<VARIANCE> 39
 3.651093e+00 3.360106e+00 5.698617e+00 1.836410e+01 3.036034e+01 1.982370e+01 3.296549e+01 3.362746e+01 5.059744e+01 3.909391e+01 1.925558e+01 1.744051e+01 1.573642e+00 1.221394e-01 2.926837e-01 4.367702e-01 5.606263e-01 8.514423e-01 7.583610e-01 9.371813e-01 7.029197e-01 1.181314e+00 2.107722e+00 1.487111e+00 1.384744e+00 6.448685e-02 1.677074e-02 3.454492e-02 6.410273e-02 7.994839e-02 1.426781e-01 1.495167e-01 2.129701e-01 2.054841e-01 2.637249e-01 2.879958e-01 3.779729e-01 3.399840e-01 9.397173e-03
<GCONST> 7.040515e+01
<STATE> 19
<MEAN> 39
 -1.802196e+01 -7.387038e+00 -3.891090e-01 1.841168e+00 9.615376e+00 4.025448e+00 6.710824e+00 -4.666429e+00 -3.378734e+00 -1.180880e+01 -3.353586e+00 -8.899491e+00 5.638653e+01 -1.833362e-01 -4.083517e-03 -3.304329e-01 -9.268456e-01 -5.804973e-01 2.062140e-01 -2.170769e-01 -5.299342e-01 9.054542e-02 1.207814e+00 9.328396e-01 4.414230e-01 -1.618514e-01 3.953317e-02 5.231754e-02 -2.469020e-02 -9.289321e-02 -1.898229e-01 -1.005054e-01 -9.240215e-02 -6.117035e-03 3.108364e-02 1.027361e-02 3.289498e-02 6.818561e-02 2.868471e-02
<VARIANCE> 39
 3.164160e+00 5.172399e+00 9.240327e+00 2.438781e+01 3.064405e+01 2.913967e+01 3.596979e+01 5.067825e+01 5.930400e+01 6.377535e+01 6.099696e+01 4.280117e+01 1.165416e+00 1.139598e-01 5.779524e-01 6.297955e-01 9.513563e-01 1.380024e+00 2.332137e+00 2.759281e+00 2.722533e+00 2.063293e+00 2.327408e+00 2.504821e+00 3.413141e+00 3.751552e-02 2.062907e-02 5.360583e-02 7.629258e-02 1.777219e-01 2.693025e-01 3.036788e-01 6.055475e-01 4.483765e-01 2.758789e-01 4.383313e-01 3.381658e-01 5.924243e-01 1.004965e-02
<GCONST> 8.760039e+01
<TRANSP> 20
 0.000000e+00 1.000000e+00 0.000000e+00 0.000000e+00 0.000000e+00 0.000000e+00 0.000000e+00 0.000000e+00 0.000000e+00 0.000000e+00 0.000000e+00 0.000000e+00 0.000000e+00 0.000000e+00 0.000000e+00 0.000000e+00 0.000000e+00 0.000000e+00 0.000000e+00 0.000000e+00
 0.000000e+00 7.647076e-01 2.352924e-01 0.000000e+00 0.000000e+00 0.000000e+00 0.000000e+00 0.000000e+00 0.000000e+00 0.000000e+00 0.000000e+00 0.000000e+00 0.000000e+00 0.000000e+00 0.000000e+00 0.000000e+00 0.000000e+00 0.000000e+00 0.000000e+00 0.000000e+00
 0.000000e+00 0.000000e+00 8.093581e-01 1.906419e-01 0.000000e+00 0.000000e+00 0.000000e+00 0.000000e+00 0.000000e+00 0.000000e+00 0.000000e+00 0.000000e+00 0.000000e+00 0.000000e+00 0.000000e+00 0.000000e+00 0.000000e+00 0.000000e+00 0.000000e+00 0.000000e+00
 0.000000e+00 0.000000e+00 0.000000e+00 7.145755e-01 2.854246e-01 0.000000e+00 0.000000e+00 0.000000e+00 0.000000e+00 0.000000e+00 0.000000e+00 0.000000e+00 0.000000e+00 0.000000e+00 0.000000e+00 0.000000e+00 0.000000e+00 0.000000e+00 0.000000e+00 0.000000e+00
 0.000000e+00 0.000000e+00 0.000000e+00 0.000000e+00 6.917534e-01 3.082466e-01 0.000000e+00 0.000000e+00 0.000000e+00 0.000000e+00 0.000000e+00 0.000000e+00 0.000000e+00 0.000000e+00 0.000000e+00 0.000000e+00 0.000000e+00 0.000000e+00 0.000000e+00 0.000000e+00
 0.000000e+00 0.000000e+00 0.000000e+00 0.000000e+00 0.000000e+00 8.155280e-01 1.844721e-01 0.000000e+00 0.000000e+00 0.000000e+00 0.000000e+00 0.000000e+00 0.000000e+00 0.000000e+00 0.000000e+00 0.000000e+00 0.000000e+00 0.000000e+00 0.000000e+00 0.000000e+00
 0.000000e+00 0.000000e+00 0.000000e+00 0.000000e+00 0.000000e+00 0.000000e+00 7.211088e-01 2.788912e-01 0.000000e+00 0.000000e+00 0.000000e+00 0.000000e+00 0.000000e+00 0.000000e+00 0.000000e+00 0.000000e+00 0.000000e+00 0.000000e+00 0.000000e+00 0.000000e+00
 0.000000e+00 0.000000e+00 0.000000e+00 0.000000e+00 0.000000e+00 0.000000e+00 0.000000e+00 7.499588e-01 2.500412e-01 0.000000e+00 0.000000e+00 0.000000e+00 0.000000e+00 0.000000e+00 0.000000e+00 0.000000e+00 0.000000e+00 0.000000e+00 0.000000e+00 0.000000e+00
 0.000000e+00 0.000000e+00 0.000000e+00 0.000000e+00 0.000000e+00 0.000000e+00 0.000000e+00 0.000000e+00 7.992117e-01 2.007883e-01 0.000000e+00 0.000000e+00 0.000000e+00 0.000000e+00 0.000000e+00 0.000000e+00 0.000000e+00 0.000000e+00 0.000000e+00 0.000000e+00
 0.000000e+00 0.000000e+00 0.000000e+00 0.000000e+00 0.000000e+00 0.000000e+00 0.000000e+00 0.000000e+00 0.000000e+00 7.706620e-01 2.293380e-01 0.000000e+00 0.000000e+00 0.000000e+00 0.000000e+00 0.000000e+00 0.000000e+00 0.000000e+00 0.000000e+00 0.000000e+00
 0.000000e+00 0.000000e+00 0.000000e+00 0.000000e+00 0.000000e+00 0.000000e+00 0.000000e+00 0.000000e+00 0.000000e+00 0.000000e+00 7.360005e-01 2.639995e-01 0.000000e+00 0.000000e+00 0.000000e+00 0.000000e+00 0.000000e+00 0.000000e+00 0.000000e+00 0.000000e+00
 0.000000e+00 0.000000e+00 0.000000e+00 0.000000e+00 0.000000e+00 0.000000e+00 0.000000e+00 0.000000e+00 0.000000e+00 0.000000e+00 0.000000e+00 7.869065e-01 2.130935e-01 0.000000e+00 0.000000e+00 0.000000e+00 0.000000e+00 0.000000e+00 0.000000e+00 0.000000e+00
 0.000000e+00 0.000000e+00 0.000000e+00 0.000000e+00 0.000000e+00 0.000000e+00 0.000000e+00 0.000000e+00 0.000000e+00 0.000000e+00 0.000000e+00 0.000000e+00 7.699527e-01 2.300473e-01 0.000000e+00 0.000000e+00 0.000000e+00 0.000000e+00 0.000000e+00 0.000000e+00
 0.000000e+00 0.000000e+00 0.000000e+00 0.000000e+00 0.000000e+00 0.000000e+00 0.000000e+00 0.000000e+00 0.000000e+00 0.000000e+00 0.000000e+00 0.000000e+00 0.000000e+00 7.671524e-01 2.328476e-01 0.000000e+00 0.000000e+00 0.000000e+00 0.000000e+00 0.000000e+00
 0.000000e+00 0.000000e+00 0.000000e+00 0.000000e+00 0.000000e+00 0.000000e+00 0.000000e+00 0.000000e+00 0.000000e+00 0.000000e+00 0.000000e+00 0.000000e+00 0.000000e+00 0.000000e+00 7.877741e-01 2.122259e-01 0.000000e+00 0.000000e+00 0.000000e+00 0.000000e+00
 0.000000e+00 0.000000e+00 0.000000e+00 0.000000e+00 0.000000e+00 0.000000e+00 0.000000e+00 0.000000e+00 0.000000e+00 0.000000e+00 0.000000e+00 0.000000e+00 0.000000e+00 0.000000e+00 0.000000e+00 7.417929e-01 2.582072e-01 0.000000e+00 0.000000e+00 0.000000e+00
 0.000000e+00 0.000000e+00 0.000000e+00 0.000000e+00 0.000000e+00 0.000000e+00 0.000000e+00 0.000000e+00 0.000000e+00 0.000000e+00 0.000000e+00 0.000000e+00 0.000000e+00 0.000000e+00 0.000000e+00 0.000000e+00 8.125736e-01 1.874264e-01 0.000000e+00 0.000000e+00
 0.000000e+00 0.000000e+00 0.000000e+00 0.000000e+00 0.000000e+00 0.000000e+00 0.000000e+00 0.000000e+00 0.000000e+00 0.000000e+00 0.000000e+00 0.000000e+00 0.000000e+00 0.000000e+00 0.000000e+00 0.000000e+00 0.000000e+00 7.612097e-01 2.387903e-01 0.000000e+00
 0.000000e+00 0.000000e+00 0.000000e+00 0.000000e+00 0.000000e+00 0.000000e+00 0.000000e+00 0.000000e+00 0.000000e+00 0.000000e+00 0.000000e+00 0.000000e+00 0.000000e+00 0.000000e+00 0.000000e+00 0.000000e+00 0.000000e+00 0.000000e+00 7.400375e-01 2.599626e-01
 0.000000e+00 0.000000e+00 0.000000e+00 0.000000e+00 0.000000e+00 0.000000e+00 0.000000e+00 0.000000e+00 0.000000e+00 0.000000e+00 0.000000e+00 0.000000e+00 0.000000e+00 0.000000e+00 0.000000e+00 0.000000e+00 0.000000e+00 0.000000e+00 0.000000e+00 0.000000e+00
<ENDHMM>
