~o
<STREAMINFO> 1 39
<VECSIZE> 39<NULLD><MFCC_D_A_0><DIAGC>
~h "empat"
<BEGINHMM>
<NUMSTATES> 5
<STATE> 2
<MEAN> 39
 -5.324592e+00 2.087646e-01 6.455839e-02 -5.064698e+00 1.482842e+00 -1.945583e+00 -4.533185e+00 -1.600025e+01 -6.550927e+00 -7.141110e+00 1.582814e+00 -5.459068e+00 6.374802e+01 6.651179e-01 1.754526e-02 -3.528599e-01 -3.407654e-01 -3.519742e-02 2.364876e-01 -1.498220e-01 -3.728845e-01 -2.992228e-02 9.817576e-02 -7.651328e-02 -1.955008e-01 4.766400e-01 7.848242e-02 -1.130882e-01 -1.127302e-01 -1.091030e-01 -2.559524e-02 9.190228e-02 -5.849816e-03 4.731598e-04 1.090634e-01 9.015622e-02 -4.104786e-02 -8.071230e-02 9.026235e-02
<VARIANCE> 39
 4.280502e+01 2.958899e+01 3.134609e+01 4.468593e+01 4.363870e+01 4.150351e+01 4.632422e+01 7.274722e+01 5.190680e+01 5.239022e+01 3.085824e+01 4.055391e+01 2.296985e+01 3.805399e+00 2.034250e+00 3.481015e+00 3.827451e+00 2.299555e+00 3.666320e+00 3.280490e+00 4.599424e+00 3.339240e+00 3.924588e+00 2.227286e+00 3.070067e+00 2.290030e+00 4.518097e-01 2.228177e-01 3.987114e-01 4.985427e-01 3.946925e-01 5.278065e-01 4.875605e-01 6.263356e-01 4.202766e-01 4.933088e-01 4.156264e-01 5.012285e-01 2.717068e-01
<GCONST> 1.235592e+02
<STATE> 3
<MEAN> 39
 1.450665e+00 -1.482571e+01 -1.260273e+01 -1.158573e+01 -1.585547e+00 9.141462e-03 -5.619933e+00 -1.140831e+01 4.699131e+00 -5.433875e+00 -8.939586e+00 -1.157017e+01 7.460705e+01 -1.284177e-01 -4.073819e-01 3.847198e-01 5.815290e-01 -2.758775e-01 -8.433746e-01 -1.826581e-01 7.536834e-01 3.394356e-01 -6.809550e-01 -7.556425e-01 2.590889e-01 1.023968e-01 -3.168763e-01 3.458069e-01 3.247128e-01 2.589098e-01 5.859616e-02 -1.818594e-01 1.285892e-01 5.206235e-02 -2.834672e-01 -2.027898e-01 1.325570e-01 1.522818e-01 -3.787283e-01
<VARIANCE> 39
 5.031219e+00 2.328381e+01 9.858323e+01 4.481646e+01 7.345721e+01 9.084518e+01 6.011705e+01 1.127291e+02 4.302101e+01 1.021429e+02 5.255895e+01 6.363372e+01 1.150707e+01 1.009501e+00 3.718338e+00 2.361202e+00 2.827199e+00 2.006137e+00 3.292129e+00 1.889439e+00 3.261484e+00 3.608980e+00 4.034864e+00 2.277930e+00 2.974610e+00 2.187802e+00 2.213992e-01 2.442786e-01 5.603513e-01 7.760387e-01 3.301822e-01 7.372135e-01 4.609579e-01 6.385024e-01 5.335917e-01 8.234258e-01 4.152282e-01 5.163055e-01 7.803852e-02
<GCONST> 1.224105e+02
<STATE> 4
<MEAN> 39
 -1.062515e+01 -5.759536e+00 -4.449702e+00 -5.630840e+00 -1.775332e-01 -4.894957e+00 -4.006070e-01 -5.638339e+00 -8.321778e-01 -1.143068e+01 -6.257620e+00 -9.303269e+00 6.105241e+01 -8.042262e-01 3.079563e-01 3.944584e-01 2.640954e-01 2.104966e-01 1.724212e-01 5.141402e-01 2.790922e-01 -2.415991e-01 -8.556501e-03 4.043094e-01 1.532107e-01 -7.182183e-01 2.557872e-02 -7.420401e-02 -1.635220e-02 2.084831e-02 2.293002e-03 1.718614e-02 1.129378e-02 3.407187e-02 5.282057e-02 2.581340e-02 -6.764722e-03 5.950492e-02 6.729488e-02
<VARIANCE> 39
 2.447426e+01 8.672987e+00 2.054667e+01 2.143519e+01 1.857847e+01 2.793984e+01 4.978452e+01 3.570511e+01 2.191949e+01 2.068823e+01 3.680938e+01 3.758230e+01 1.739931e+01 1.684897e-01 4.845681e-01 6.423609e-01 8.440809e-01 9.244813e-01 1.247386e+00 1.613808e+00 1.406048e+00 1.556238e+00 1.358110e+00 1.364880e+00 1.023379e+00 1.816818e-01 2.060685e-02 5.471852e-02 7.170791e-02 1.352376e-01 1.557626e-01 2.023552e-01 2.324676e-01 2.156463e-01 2.838836e-01 2.433350e-01 2.200153e-01 1.571252e-01 1.097957e-02
<GCONST> 8.186209e+01
<TRANSP> 5
 0.000000e+00 1.000000e+00 0.000000e+00 0.000000e+00 0.000000e+00
 0.000000e+00 9.632781e-01 3.672197e-02 0.000000e+00 0.000000e+00
 0.000000e+00 0.000000e+00 9.169387e-01 8.306136e-02 0.000000e+00
 0.000000e+00 0.000000e+00 0.000000e+00 9.503615e-01 4.963849e-02
 0.000000e+00 0.000000e+00 0.000000e+00 0.000000e+00 0.000000e+00
<ENDHMM>
