~o
<STREAMINFO> 1 39
<VECSIZE> 39<NULLD><MFCC_D_A_0><DIAGC>
~h "enam"
<BEGINHMM>
<NUMSTATES> 20
<STATE> 2
<MEAN> 39
 -1.702517e+01 -5.895263e+00 -1.492826e+00 -3.312122e+00 9.266537e-01 -3.540200e+00 1.047865e+00 -5.723372e+00 5.697425e-02 -7.054715e+00 -9.685182e-01 -6.838645e+00 5.680898e+01 9.624963e-02 -1.663457e-02 2.750507e-02 7.765362e-02 2.097030e-01 1.128861e-01 -1.551410e-02 9.231412e-02 9.561444e-02 -1.023658e-01 -2.540275e-01 2.941626e-02 6.107969e-02 2.020013e-01 -6.648623e-02 -6.323764e-02 -3.589912e-02 -6.635781e-02 -1.930895e-01 -1.736094e-01 7.691903e-02 7.364835e-02 -2.223115e-02 -5.974974e-03 1.844046e-01 1.495306e-01
<VARIANCE> 39
 1.245191e+00 3.156456e+00 6.414293e+00 6.989226e+00 8.929618e+00 9.091289e+00 1.455087e+01 1.322639e+01 1.234609e+01 1.184262e+01 1.149157e+01 1.072178e+01 3.083099e-01 1.900386e-01 5.529640e-01 1.223725e+00 9.361612e-01 1.165271e+00 1.095031e+00 1.451678e+00 1.603627e+00 1.175299e+00 1.452197e+00 1.339432e+00 1.553031e+00 5.978790e-02 1.075302e-01 2.050766e-01 2.761536e-01 2.603149e-01 3.463934e-01 3.335183e-01 3.427638e-01 3.518938e-01 3.977503e-01 3.666615e-01 3.280970e-01 2.787358e-01 6.453720e-02
<GCONST> 7.477133e+01
<STATE> 3
<MEAN> 39
 -1.383604e+01 -7.666336e+00 -3.674084e+00 -4.851675e+00 -6.878915e-01 -7.274225e+00 -2.699280e+00 -4.079696e+00 2.553660e+00 -7.866908e+00 -3.009117e+00 -5.486331e+00 5.933704e+01 2.463088e+00 1.418763e-01 3.754891e-01 2.873433e-01 -6.010357e-01 -1.514174e+00 -1.907682e+00 -1.861935e-01 2.888752e-01 -1.192990e+00 -1.219405e+00 8.029743e-01 1.948659e+00 6.460677e-01 3.501847e-01 3.522788e-01 1.580753e-01 -1.360415e-01 -2.153908e-01 -3.418020e-01 -3.479435e-01 -1.998017e-01 -3.216375e-01 -2.339594e-01 -6.990113e-02 4.728191e-01
<VARIANCE> 39
 1.023923e+01 3.016245e+01 3.396679e+01 3.649064e+01 5.131459e+01 4.674390e+01 3.774195e+01 3.304906e+01 4.518515e+01 3.588700e+01 4.289435e+01 2.816718e+01 6.196344e+00 1.599294e+00 5.162591e+00 3.743309e+00 3.027582e+00 5.606006e+00 5.556876e+00 6.039422e+00 5.441243e+00 5.665163e+00 9.013040e+00 6.009864e+00 2.969034e+00 1.354310e+00 1.629831e-01 4.162570e-01 2.321919e-01 5.160393e-01 8.257340e-01 7.755260e-01 8.212157e-01 8.872871e-01 1.112498e+00 1.052333e+00 7.659338e-01 6.410151e-01 1.871658e-01
<GCONST> 1.265397e+02
<STATE> 4
<MEAN> 39
 -1.224267e+00 -7.128825e+00 4.344109e-01 -3.381514e+00 -2.172915e+00 -1.206100e+01 -1.088713e+01 -5.882401e+00 2.163480e+00 -1.269691e+01 -8.855699e+00 -3.639406e+00 7.039299e+01 2.209841e+00 1.224178e+00 1.011908e+00 2.298713e-01 -6.727484e-01 -9.108299e-01 -9.073485e-01 -1.075808e+00 -2.733490e-01 -2.473113e-01 9.764615e-02 3.187831e-01 1.322376e+00 -6.871490e-01 2.701863e-01 1.444827e-02 -5.881246e-02 1.109450e-01 4.305580e-01 6.570073e-01 -5.063174e-02 -2.156841e-01 4.389910e-01 5.729905e-01 -9.608412e-02 -7.057689e-01
<VARIANCE> 39
 1.048712e+01 6.450599e+01 6.929674e+01 2.992984e+01 8.276017e+01 8.469670e+01 9.016064e+01 9.057489e+01 3.929300e+01 1.575433e+02 6.225783e+01 3.386988e+01 2.452520e+01 2.150044e+00 4.160155e+00 2.195129e+00 3.892999e+00 4.414340e+00 3.991910e+00 4.062549e+00 5.332032e+00 3.725508e+00 5.427817e+00 5.048992e+00 3.672537e+00 2.792806e+00 1.517447e-01 8.743727e-01 4.103860e-01 5.907204e-01 6.311087e-01 6.614738e-01 7.105275e-01 6.428374e-01 5.056152e-01 1.182217e+00 4.831526e-01 4.549629e-01 1.939285e-01
<GCONST> 1.317496e+02
<STATE> 5
<MEAN> 39
 5.151017e-01 4.195717e+00 8.492621e+00 6.444125e-01 -2.903939e+00 -1.183774e+01 -5.251929e+00 -1.001592e+01 -3.945160e+00 -5.533110e+00 2.508981e+00 -6.239770e-01 6.755096e+01 2.536959e-01 8.105584e-01 4.536942e-01 4.029319e-01 -3.398105e-01 -5.100195e-01 -1.027130e-01 -2.540520e-01 -4.988989e-01 -1.770359e-01 6.285176e-01 1.161839e-01 -1.600029e-01 -1.894281e-01 -1.933320e-01 -1.344582e-01 -1.253495e-01 3.877578e-03 4.462380e-02 3.125300e-02 1.543790e-01 1.236071e-01 -4.552971e-02 -8.522393e-02 -6.637971e-02 -5.164037e-02
<VARIANCE> 39
 3.469270e+00 3.247884e+01 2.561683e+01 1.159421e+01 3.999200e+01 4.043928e+01 3.020746e+01 5.290926e+01 4.414878e+01 6.459593e+01 8.087631e+01 2.510583e+01 9.718283e+00 2.517174e-01 9.858719e-01 7.778031e-01 1.052940e+00 1.279746e+00 8.629389e-01 1.209598e+00 1.841283e+00 1.776635e+00 1.937568e+00 1.391194e+00 2.055240e+00 3.597340e-01 6.623642e-02 1.294638e-01 1.365534e-01 1.387433e-01 1.654362e-01 1.825921e-01 1.822525e-01 2.516643e-01 1.659466e-01 2.709955e-01 2.945606e-01 2.294485e-01 2.676784e-02
<GCONST> 9.055394e+01
<STATE> 6
<MEAN> 39
 2.158964e+00 2.293300e+00 2.367314e+00 -3.988144e+00 -6.136768e+00 -1.309559e+01 -1.035509e+01 -9.793326e+00 1.013248e+00 -1.785873e+01 -8.549932e+00 -3.306510e+00 6.855407e+01 3.478856e-02 5.264137e-01 4.067163e-02 -4.076809e-01 -2.436877e-01 3.014065e-01 2.405314e-01 -2.650496e-01 3.581820e-02 4.527831e-01 8.824561e-02 -3.850035e-01 -1.088779e-01 -1.490119e-02 -3.130008e-01 -2.703941e-01 9.577759e-02 2.495503e-01 -4.117688e-02 -2.429283e-01 7.965930e-02 1.999207e-01 2.154834e-01 -5.923125e-02 -1.296524e-01 7.599173e-02
<VARIANCE> 39
 3.159716e+00 1.864552e+01 1.859007e+01 1.791610e+01 2.204132e+01 6.506355e+01 5.705774e+01 7.902195e+01 3.156533e+01 5.479448e+01 9.244124e+01 8.732997e+01 4.186829e+00 8.697747e-02 5.869035e-01 5.852797e-01 9.697293e-01 8.584009e-01 1.190158e+00 1.718920e+00 1.567323e+00 1.950967e+00 1.889272e+00 1.003091e+00 1.781491e+00 5.327718e-02 2.480998e-02 7.712629e-02 1.971276e-01 2.358899e-01 1.635869e-01 2.026470e-01 2.653103e-01 3.731929e-01 4.102329e-01 2.482602e-01 2.049646e-01 2.002438e-01 1.829548e-02
<GCONST> 8.702654e+01
<STATE> 7
<MEAN> 39
 1.750112e+00 3.546380e+00 3.259651e+00 -2.009695e+00 -3.951625e+00 -1.404885e+01 -1.053643e+01 -1.057292e+01 -4.393572e-01 -8.503925e+00 -1.330823e+00 -5.973810e+00 6.798585e+01 3.026011e-01 -2.462466e+00 -2.422008e+00 -9.126445e-01 2.103795e+00 3.683554e-01 -1.058338e+00 1.741017e+00 1.267105e+00 1.243922e+00 -3.829365e-02 -1.094849e+00 1.049423e+00 7.224528e-02 -9.952168e-01 -6.904108e-01 -3.372091e-01 5.680722e-01 4.016136e-01 2.561944e-01 8.014281e-01 6.577330e-03 -4.020629e-01 -4.161828e-01 6.143565e-03 4.158734e-01
<VARIANCE> 39
 3.833632e+00 1.918489e+01 3.791970e+01 2.978177e+01 2.242322e+01 4.061887e+01 4.800057e+01 4.844045e+01 5.345185e+01 7.232069e+01 1.513368e+02 7.603754e+01 5.171557e+00 2.798528e-01 2.505719e+00 2.810337e+00 3.108887e+00 2.619129e+00 3.225169e+00 1.788087e+00 5.676051e+00 4.708546e+00 3.995942e+00 4.154905e+00 5.332540e+00 6.106287e-01 4.870676e-02 1.588740e-01 3.035255e-01 4.066955e-01 3.932681e-01 2.937329e-01 4.444805e-01 6.488191e-01 1.057372e+00 7.796971e-01 7.218222e-01 7.413349e-01 5.008356e-02
<GCONST> 1.144598e+02
<STATE> 8
<MEAN> 39
 2.685862e+00 -1.034587e+01 -7.763856e+00 -5.873514e+00 4.837832e+00 -9.593440e+00 -1.124320e+01 -5.871968e-01 3.946107e+00 -9.759396e+00 -5.702445e+00 -8.289798e+00 7.363910e+01 4.364274e-02 -2.996749e+00 -2.165590e+00 -4.389521e-01 1.721648e+00 1.368648e+00 1.185196e+00 2.055832e+00 -2.184755e-01 -1.041436e+00 -1.195071e+00 -4.687868e-01 1.215841e+00 -1.086304e-01 8.027841e-01 7.436745e-01 2.161861e-01 -6.243987e-01 -9.331389e-02 3.233334e-01 -7.218605e-01 -3.964505e-01 -1.833655e-01 1.674049e-01 2.399562e-01 -3.218862e-01
<VARIANCE> 39
 4.272412e+00 2.540868e+01 5.506306e+01 2.183444e+01 7.234161e+01 4.788644e+01 5.876482e+01 1.366936e+02 8.735254e+01 1.344046e+02 1.205936e+02 3.986853e+01 9.904163e+00 2.779303e-01 2.681550e+00 3.211745e+00 3.230601e+00 4.050303e+00 3.390092e+00 3.100626e+00 4.605194e+00 5.173958e+00 2.858540e+00 6.171364e+00 4.659181e+00 3.890781e-01 5.655154e-02 3.053309e-01 4.029824e-01 3.693002e-01 2.841728e-01 5.591084e-01 7.071204e-01 8.179784e-01 8.760890e-01 7.364269e-01 7.085263e-01 8.115487e-01 4.621301e-02
<GCONST> 1.207553e+02
<STATE> 9
<MEAN> 39
 2.650515e+00 -1.189713e+01 -6.161428e+00 -8.492170e+00 1.210882e+01 -6.133043e+00 -1.153232e+01 3.854575e-01 -2.602280e+00 -1.038908e+01 -3.095886e+00 -1.269215e+01 7.564534e+01 2.817460e-02 9.454394e-01 3.558283e-01 -4.785046e-02 -4.690611e-01 3.755105e-01 -1.000246e-01 -1.822145e+00 -6.017181e-01 -1.601448e-01 2.513708e-01 6.522784e-02 -3.894391e-01 7.526356e-03 4.187691e-01 2.052726e-01 8.966371e-02 -3.717334e-01 -1.845769e-01 -1.613142e-01 -1.743546e-01 -6.725298e-02 6.537563e-02 1.671216e-01 5.875340e-02 -2.135304e-01
<VARIANCE> 39
 2.345262e+00 1.913596e+01 1.056163e+02 2.143169e+01 4.449585e+01 3.012785e+01 5.471712e+01 1.581040e+02 4.908317e+01 1.186276e+02 1.726663e+02 2.009213e+01 8.728928e+00 1.093468e-01 1.840440e+00 1.356110e+00 1.310293e+00 1.714248e+00 1.587916e+00 1.818700e+00 1.860111e+00 2.653406e+00 2.188135e+00 1.758050e+00 1.157431e+00 3.795533e-01 2.081357e-02 2.051532e-01 2.535363e-01 1.837869e-01 3.008719e-01 2.390867e-01 5.137252e-01 5.622692e-01 3.565778e-01 3.413101e-01 4.925331e-01 2.147176e-01 2.528261e-02
<GCONST> 1.007257e+02
<STATE> 10
<MEAN> 39
 2.608649e+00 -9.891472e+00 -9.459273e+00 -5.634317e+00 -7.637866e-01 -4.295586e+00 -5.594429e+00 -1.034674e+01 4.147599e+00 -1.050547e+01 -2.854124e+00 -5.746484e+00 7.325202e+01 3.072324e-02 7.912198e-01 2.875947e-01 -1.626755e-01 -6.667424e-02 2.273557e-01 6.086715e-03 -1.000833e+00 -5.582161e-01 6.507044e-02 6.032715e-01 2.083708e-01 -3.462659e-01 -1.320622e-02 1.351567e-01 1.577776e-01 5.710012e-02 7.783979e-02 -1.849544e-02 1.128353e-02 -5.595323e-02 -7.952265e-02 -2.931276e-02 -5.944558e-02 2.752252e-02 -3.782384e-02
<VARIANCE> 39
 1.325006e+00 2.798520e+01 2.677525e+01 3.248579e+01 2.363054e+01 5.270910e+01 2.933317e+01 8.936224e+01 5.927417e+01 4.185981e+01 5.485934e+01 3.131612e+01 9.544754e+00 1.117096e-01 8.182633e-01 1.123328e+00 8.559465e-01 1.056783e+00 7.083819e-01 1.404819e+00 2.196037e+00 2.463617e+00 1.094484e+00 1.171630e+00 1.644900e+00 2.188306e-01 2.289435e-02 7.005733e-02 1.353049e-01 1.720363e-01 7.350632e-02 1.432602e-01 1.543138e-01 2.825776e-01 2.557905e-01 2.326655e-01 3.177187e-01 1.980257e-01 1.684946e-02
<GCONST> 8.556006e+01
<STATE> 11
<MEAN> 39
 1.055018e+00 7.447793e-01 -6.401868e+00 -9.739745e+00 2.007141e+00 -6.818343e+00 -1.061368e+01 -1.718852e+01 -1.103119e+01 -1.851362e+01 -1.029392e+01 -1.428442e+01 6.757648e+01 -4.022278e-01 7.373538e-01 9.626971e-01 3.265538e-01 -4.664953e-01 1.573034e-01 9.278391e-02 -4.989680e-01 -7.264648e-01 -1.717901e-02 1.283974e-01 1.886816e-01 -5.245952e-01 -2.750364e-02 -1.833458e-01 -5.606479e-02 9.450085e-02 1.790119e-01 7.588430e-02 3.465476e-02 6.615730e-02 2.006209e-01 2.888122e-02 -7.436000e-02 -7.892623e-03 5.600498e-02
<VARIANCE> 39
 4.780645e+00 4.459849e+00 1.252857e+01 1.056225e+01 1.175987e+01 1.997167e+01 2.997309e+01 2.821599e+01 3.276609e+01 4.437981e+01 7.471423e+01 5.214044e+01 4.250230e+00 1.372717e-01 6.358404e-01 8.635066e-01 1.257839e+00 1.648834e+00 1.491764e+00 1.879305e+00 2.366508e+00 1.334736e+00 1.721813e+00 1.422627e+00 1.326532e+00 5.066159e-02 1.103197e-02 7.917579e-02 1.774764e-01 1.358595e-01 2.343313e-01 2.364616e-01 4.473315e-01 4.776226e-01 2.463381e-01 3.425137e-01 2.014672e-01 2.349470e-01 7.564053e-03
<GCONST> 8.172731e+01
<STATE> 12
<MEAN> 39
 1.238294e+00 2.565603e+00 9.269312e-01 -3.532486e+00 2.956237e+00 -2.495510e+00 -6.140055e+00 -1.687998e+01 -6.815088e+00 -1.004546e+01 6.024620e-01 -3.839320e+00 6.747536e+01 -6.258566e-01 6.419951e-01 6.522744e-01 6.683154e-01 3.049221e-01 1.573349e-01 5.898564e-01 1.127438e-01 -1.471303e-01 -1.437971e-01 -3.746446e-01 -1.382196e-01 -6.853706e-01 -1.447028e-01 -1.476800e-01 -9.760278e-02 -3.548359e-02 1.371579e-02 2.563008e-02 4.120889e-02 1.995702e-01 2.043488e-01 1.011135e-01 4.475463e-02 -6.995708e-02 -4.144061e-02
<VARIANCE> 39
 3.932437e+00 1.405722e+01 1.437304e+01 1.030153e+01 1.039813e+01 2.741955e+01 5.078131e+01 2.909403e+01 4.656221e+01 1.847202e+01 4.392618e+01 1.952041e+01 4.247228e+00 2.063488e-01 3.915978e-01 4.275976e-01 5.951173e-01 6.877924e-01 6.269257e-01 1.799817e+00 1.839429e+00 2.092277e+00 1.304790e+00 1.332995e+00 1.422919e+00 7.727829e-02 1.216036e-02 6.776569e-02 7.521234e-02 9.982062e-02 8.449323e-02 1.391998e-01 3.165450e-01 1.891928e-01 3.163312e-01 2.319837e-01 2.110008e-01 2.369803e-01 8.745000e-03
<GCONST> 7.455294e+01
<STATE> 13
<MEAN> 39
 -4.315845e+00 5.664470e+00 4.679794e+00 1.109899e+00 5.255158e+00 -9.294177e-01 -1.873884e+00 -1.535774e+01 -6.636727e+00 -1.080640e+01 -1.632056e+00 -4.673704e+00 6.258495e+01 -7.723548e-01 9.116722e-02 5.694857e-01 6.457800e-01 5.384479e-01 5.203253e-01 3.067051e-01 1.455425e-02 2.028830e-01 -3.057007e-01 -3.781716e-01 -2.618139e-01 -5.309976e-01 6.677478e-03 -1.095177e-01 -8.832856e-02 -2.045678e-01 -4.840233e-02 -1.489909e-01 -1.379852e-01 2.274104e-02 -5.035459e-02 4.104365e-02 5.642040e-02 -1.426199e-01 3.321127e-02
<VARIANCE> 39
 1.969473e+00 8.051991e+00 1.200990e+01 2.707123e+01 1.908476e+01 2.511242e+01 3.699496e+01 2.559699e+01 3.244715e+01 3.185098e+01 5.418420e+01 4.465314e+01 1.389066e+00 1.997004e-01 4.563693e-01 8.775798e-01 9.830199e-01 7.463047e-01 8.829681e-01 1.753450e+00 1.244712e+00 1.898025e+00 1.066600e+00 1.236653e+00 2.278703e+00 5.959617e-02 2.463759e-02 1.006634e-01 1.854003e-01 2.185357e-01 1.401833e-01 1.213313e-01 2.728556e-01 2.707396e-01 4.019444e-01 2.666035e-01 3.183605e-01 3.910008e-01 7.198413e-03
<GCONST> 7.991679e+01
<STATE> 14
<MEAN> 39
 -7.639090e+00 3.024976e+00 2.771971e+00 -2.743484e+00 1.913346e+00 -4.633647e+00 -5.339353e+00 -1.640787e+01 -9.222425e+00 -1.323830e+01 -5.834782e+00 -1.206469e+01 6.098547e+01 -9.871617e-01 -4.629121e-01 -9.380557e-02 -1.120021e-01 -3.885513e-01 -1.290416e-01 8.125079e-01 1.044628e+00 5.570548e-01 8.115122e-01 4.183393e-01 -2.160111e-02 -5.545174e-01 5.974532e-02 -3.428628e-02 -8.533224e-02 3.035186e-02 -1.863657e-02 7.017648e-02 9.317301e-03 5.975554e-03 1.713566e-02 -2.434849e-02 -7.424035e-02 1.294466e-01 4.660735e-02
<VARIANCE> 39
 3.861643e+00 8.980818e+00 1.214206e+01 1.510574e+01 1.746977e+01 2.724049e+01 2.775582e+01 3.569227e+01 5.983163e+01 3.795855e+01 3.896341e+01 3.073581e+01 1.515333e+00 1.327724e-01 4.362046e-01 5.953853e-01 7.911233e-01 8.026858e-01 1.235922e+00 1.470016e+00 1.597463e+00 1.274702e+00 9.655800e-01 1.548792e+00 9.253607e-01 8.177485e-02 2.277926e-02 7.414592e-02 1.171547e-01 9.839301e-02 1.568397e-01 2.189116e-01 2.767956e-01 3.684902e-01 2.081483e-01 2.337589e-01 2.322668e-01 1.801065e-01 5.924279e-03
<GCONST> 7.621147e+01
<STATE> 15
<MEAN> 39
 -1.098200e+01 1.725709e+00 5.328926e+00 2.941225e+00 7.495816e+00 1.391854e+00 2.378795e+00 -8.829859e+00 -3.860423e+00 -9.537202e+00 -1.335363e+00 -6.760976e+00 5.920669e+01 -5.344380e-01 -4.676718e-01 -1.533724e-01 6.572226e-02 -6.611017e-02 -1.553834e-01 2.747829e-01 7.158390e-01 3.457153e-01 1.067224e-02 -3.133012e-01 -2.628066e-01 -2.504477e-01 8.022901e-02 4.009890e-02 -1.568291e-02 -6.091855e-02 -1.066171e-01 -6.226596e-02 -2.604202e-02 -3.884327e-02 -2.840037e-02 8.232580e-03 3.121568e-02 2.379473e-03 3.793364e-02
<VARIANCE> 39
 3.158565e+00 7.016420e+00 1.122341e+01 1.836575e+01 2.989764e+01 2.726109e+01 1.601622e+01 3.180469e+01 3.741522e+01 2.612583e+01 2.059751e+01 1.255578e+01 8.573259e-01 1.914150e-01 3.907922e-01 6.195245e-01 6.900761e-01 1.031361e+00 9.449986e-01 6.738043e-01 1.502479e+00 1.366663e+00 1.314977e+00 1.540155e+00 9.727035e-01 6.935183e-02 2.453152e-02 7.204279e-02 1.259841e-01 1.750452e-01 2.148995e-01 1.995080e-01 1.586051e-01 2.417335e-01 2.344902e-01 2.496890e-01 2.571807e-01 1.307436e-01 8.951865e-03
<GCONST> 7.268309e+01
<STATE> 16
<MEAN> 39
 -1.297606e+01 -6.409512e-01 2.265009e+00 -5.930436e-01 3.298835e+00 -2.253588e+00 1.888751e+00 -9.497293e+00 -5.180330e+00 -1.145972e+01 -3.937423e+00 -8.247100e+00 5.874060e+01 -3.176755e-01 -2.243068e-01 -5.584058e-01 -9.062552e-01 -7.303156e-01 1.301826e-01 2.488842e-01 -1.203299e-01 -2.995108e-01 -3.597969e-01 4.923781e-01 8.757423e-01 -1.326980e-01 2.480764e-02 2.771061e-02 -4.892461e-02 -2.008537e-01 -1.422814e-01 6.899170e-02 1.078751e-01 -6.474889e-03 -6.579159e-03 4.966406e-02 1.924787e-01 2.551414e-02 2.275761e-03
<VARIANCE> 39
 3.783304e+00 5.471248e+00 1.366118e+01 1.616171e+01 1.911328e+01 3.057194e+01 3.036423e+01 6.348002e+01 5.538807e+01 4.019432e+01 3.148568e+01 3.399423e+01 1.529888e+00 1.987636e-01 2.723762e-01 3.489895e-01 6.341689e-01 1.600214e+00 1.916134e+00 1.710248e+00 3.966951e+00 2.235034e+00 1.817776e+00 1.069560e+00 2.257596e+00 2.114132e-01 3.739659e-02 8.582800e-02 6.139751e-02 9.116475e-02 1.634518e-01 3.507689e-01 1.811154e-01 7.745731e-01 4.351641e-01 3.814048e-01 3.255866e-01 7.739784e-01 3.982190e-02
<GCONST> 8.634061e+01
<STATE> 17
<MEAN> 39
 -1.368278e+01 -1.379273e+00 7.009417e-01 -4.937821e+00 -9.009756e-01 -3.173256e+00 1.392887e+00 -9.387491e+00 -4.767503e+00 -1.073677e+01 -1.195276e+00 -7.423156e+00 5.795176e+01 -2.299122e-01 -3.844323e-01 -1.749302e-01 -2.201286e-01 -5.026895e-03 3.530367e-02 4.378291e-01 4.255622e-01 4.509677e-01 9.061724e-01 7.431385e-01 1.358705e-02 -1.060328e-01 -2.970017e-02 -9.002350e-02 5.716959e-02 3.154876e-01 3.694471e-01 8.794579e-02 -8.415438e-02 -6.795288e-02 -3.070444e-02 6.725605e-02 -4.585213e-02 -3.986321e-02 1.076498e-02
<VARIANCE> 39
 1.418354e+00 6.374783e+00 1.047674e+01 1.141336e+01 1.719919e+01 2.976612e+01 4.241085e+01 4.078317e+01 4.143434e+01 3.676167e+01 3.358210e+01 2.851651e+01 5.708606e-01 1.202053e-01 6.323078e-01 7.545652e-01 1.564010e+00 1.586988e+00 2.148298e+00 1.829140e+00 1.931575e+00 2.147630e+00 2.543724e+00 1.821878e+00 2.080422e+00 4.695104e-02 2.758448e-02 1.582657e-01 1.588731e-01 2.132326e-01 2.491292e-01 3.527693e-01 3.887863e-01 3.626559e-01 6.079007e-01 6.693538e-01 4.063641e-01 4.210961e-01 1.023421e-02
<GCONST> 8.558218e+01
<STATE> 18
<MEAN> 39
 -1.514282e+01 -3.099772e+00 1.136191e+00 -1.535021e+00 4.456633e+00 1.443047e+00 4.867376e+00 -5.934109e+00 -1.414133e+00 -6.202447e+00 2.103553e-01 -7.327708e+00 5.745831e+01 -3.754357e-01 -4.634451e-01 -3.595833e-01 4.851505e-02 1.377766e-01 9.414914e-02 -4.051771e-01 -7.659669e-02 -1.084841e-01 -3.871265e-01 -5.005207e-01 -2.633549e-01 -1.620259e-01 2.564142e-02 -2.909895e-02 -1.212413e-01 -9.778059e-02 -1.070261e-01 -1.138218e-01 -9.145495e-02 1.297366e-01 1.073958e-01 -2.112812e-01 -6.119141e-02 8.136131e-02 1.501475e-02
<VARIANCE> 39
 1.388561e+00 3.000980e+00 1.307770e+01 2.149770e+01 1.632664e+01 2.455105e+01 2.356122e+01 2.727692e+01 1.732059e+01 2.541441e+01 1.294263e+01 1.361181e+01 4.451963e-01 1.321106e-01 3.571800e-01 6.617025e-01 9.945863e-01 8.162299e-01 1.006454e+00 1.363146e+00 2.488067e+00 9.996200e-01 1.753769e+00 1.733392e+00 9.919301e-01 4.215923e-02 1.934961e-02 6.678075e-02 1.322822e-01 1.884530e-01 9.557383e-02 2.764760e-01 4.074146e-01 6.469154e-01 1.394340e-01 2.675112e-01 2.238641e-01 1.784927e-01 5.477874e-03
<GCONST> 7.011581e+01
<STATE> 19
<MEAN> 39
 -1.701147e+01 -6.315429e+00 -2.529622e+00 -4.465741e+00 1.081411e+00 -2.745436e+00 1.059177e+00 -6.025843e+00 -1.438580e+00 -8.085787e+00 -3.029437e-01 -7.304120e+00 5.667923e+01 -1.600131e-01 -3.295806e-01 -2.366250e-01 -3.349907e-02 -5.794787e-02 -2.890047e-01 -2.612900e-01 1.940563e-01 3.542666e-01 2.661269e-01 3.064295e-01 3.467256e-01 -6.745548e-02 2.534840e-02 8.158212e-02 8.071664e-02 -9.455048e-03 -3.153505e-03 8.728111e-02 6.234270e-02 -1.717177e-01 -5.988124e-02 1.770649e-01 5.460580e-02 -2.499953e-02 1.099465e-02
<VARIANCE> 39
 2.095037e+00 4.693733e+00 8.931490e+00 1.018941e+01 7.887403e+00 1.643175e+01 2.041170e+01 2.014529e+01 3.788063e+01 2.885266e+01 2.024582e+01 1.292914e+01 6.644767e-01 9.245269e-02 3.431329e-01 7.739538e-01 1.023409e+00 1.075336e+00 1.412596e+00 1.845553e+00 2.610195e+00 1.585961e+00 2.113161e+00 2.205216e+00 1.708670e+00 3.025959e-02 2.572531e-02 8.861146e-02 1.647597e-01 1.653029e-01 1.481189e-01 1.491728e-01 3.799358e-01 5.590687e-01 3.132333e-01 4.368305e-01 5.049733e-01 2.814818e-01 8.184968e-03
<GCONST> 7.506322e+01
<TRANSP> 20
 0.000000e+00 1.000000e+00 0.000000e+00 0.000000e+00 0.000000e+00 0.000000e+00 0.000000e+00 0.000000e+00 0.000000e+00 0.000000e+00 0.000000e+00 0.000000e+00 0.000000e+00 0.000000e+00 0.000000e+00 0.000000e+00 0.000000e+00 0.000000e+00 0.000000e+00 0.000000e+00
 0.000000e+00 8.281543e-01 1.718457e-01 0.000000e+00 0.000000e+00 0.000000e+00 0.000000e+00 0.000000e+00 0.000000e+00 0.000000e+00 0.000000e+00 0.000000e+00 0.000000e+00 0.000000e+00 0.000000e+00 0.000000e+00 0.000000e+00 0.000000e+00 0.000000e+00 0.000000e+00
 0.000000e+00 0.000000e+00 7.213065e-01 2.786935e-01 0.000000e+00 0.000000e+00 0.000000e+00 0.000000e+00 0.000000e+00 0.000000e+00 0.000000e+00 0.000000e+00 0.000000e+00 0.000000e+00 0.000000e+00 0.000000e+00 0.000000e+00 0.000000e+00 0.000000e+00 0.000000e+00
 0.000000e+00 0.000000e+00 0.000000e+00 7.192276e-01 2.807725e-01 0.000000e+00 0.000000e+00 0.000000e+00 0.000000e+00 0.000000e+00 0.000000e+00 0.000000e+00 0.000000e+00 0.000000e+00 0.000000e+00 0.000000e+00 0.000000e+00 0.000000e+00 0.000000e+00 0.000000e+00
 0.000000e+00 0.000000e+00 0.000000e+00 0.000000e+00 7.866732e-01 2.133268e-01 0.000000e+00 0.000000e+00 0.000000e+00 0.000000e+00 0.000000e+00 0.000000e+00 0.000000e+00 0.000000e+00 0.000000e+00 0.000000e+00 0.000000e+00 0.000000e+00 0.000000e+00 0.000000e+00
 0.000000e+00 0.000000e+00 0.000000e+00 0.000000e+00 0.000000e+00 8.002917e-01 1.997083e-01 0.000000e+00 0.000000e+00 0.000000e+00 0.000000e+00 0.000000e+00 0.000000e+00 0.000000e+00 0.000000e+00 0.000000e+00 0.000000e+00 0.000000e+00 0.000000e+00 0.000000e+00
 0.000000e+00 0.000000e+00 0.000000e+00 0.000000e+00 0.000000e+00 0.000000e+00 6.814172e-01 3.185828e-01 0.000000e+00 0.000000e+00 0.000000e+00 0.000000e+00 0.000000e+00 0.000000e+00 0.000000e+00 0.000000e+00 0.000000e+00 0.000000e+00 0.000000e+00 0.000000e+00
 0.000000e+00 0.000000e+00 0.000000e+00 0.000000e+00 0.000000e+00 0.000000e+00 0.000000e+00 6.860177e-01 3.139823e-01 0.000000e+00 0.000000e+00 0.000000e+00 0.000000e+00 0.000000e+00 0.000000e+00 0.000000e+00 0.000000e+00 0.000000e+00 0.000000e+00 0.000000e+00
 0.000000e+00 0.000000e+00 0.000000e+00 0.000000e+00 0.000000e+00 0.000000e+00 0.000000e+00 0.000000e+00 7.758149e-01 2.241851e-01 0.000000e+00 0.000000e+00 0.000000e+00 0.000000e+00 0.000000e+00 0.000000e+00 0.000000e+00 0.000000e+00 0.000000e+00 0.000000e+00
 0.000000e+00 0.000000e+00 0.000000e+00 0.000000e+00 0.000000e+00 0.000000e+00 0.000000e+00 0.000000e+00 0.000000e+00 8.613256e-01 1.386744e-01 0.000000e+00 0.000000e+00 0.000000e+00 0.000000e+00 0.000000e+00 0.000000e+00 0.000000e+00 0.000000e+00 0.000000e+00
 0.000000e+00 0.000000e+00 0.000000e+00 0.000000e+00 0.000000e+00 0.000000e+00 0.000000e+00 0.000000e+00 0.000000e+00 0.000000e+00 7.399172e-01 2.600828e-01 0.000000e+00 0.000000e+00 0.000000e+00 0.000000e+00 0.000000e+00 0.000000e+00 0.000000e+00 0.000000e+00
 0.000000e+00 0.000000e+00 0.000000e+00 0.000000e+00 0.000000e+00 0.000000e+00 0.000000e+00 0.000000e+00 0.000000e+00 0.000000e+00 0.000000e+00 8.316160e-01 1.683840e-01 0.000000e+00 0.000000e+00 0.000000e+00 0.000000e+00 0.000000e+00 0.000000e+00 0.000000e+00
 0.000000e+00 0.000000e+00 0.000000e+00 0.000000e+00 0.000000e+00 0.000000e+00 0.000000e+00 0.000000e+00 0.000000e+00 0.000000e+00 0.000000e+00 0.000000e+00 7.504940e-01 2.495060e-01 0.000000e+00 0.000000e+00 0.000000e+00 0.000000e+00 0.000000e+00 0.000000e+00
 0.000000e+00 0.000000e+00 0.000000e+00 0.000000e+00 0.000000e+00 0.000000e+00 0.000000e+00 0.000000e+00 0.000000e+00 0.000000e+00 0.000000e+00 0.000000e+00 0.000000e+00 7.262076e-01 2.737924e-01 0.000000e+00 0.000000e+00 0.000000e+00 0.000000e+00 0.000000e+00
 0.000000e+00 0.000000e+00 0.000000e+00 0.000000e+00 0.000000e+00 0.000000e+00 0.000000e+00 0.000000e+00 0.000000e+00 0.000000e+00 0.000000e+00 0.000000e+00 0.000000e+00 0.000000e+00 8.282496e-01 1.717504e-01 0.000000e+00 0.000000e+00 0.000000e+00 0.000000e+00
 0.000000e+00 0.000000e+00 0.000000e+00 0.000000e+00 0.000000e+00 0.000000e+00 0.000000e+00 0.000000e+00 0.000000e+00 0.000000e+00 0.000000e+00 0.000000e+00 0.000000e+00 0.000000e+00 0.000000e+00 7.237028e-01 2.762973e-01 0.000000e+00 0.000000e+00 0.000000e+00
 0.000000e+00 0.000000e+00 0.000000e+00 0.000000e+00 0.000000e+00 0.000000e+00 0.000000e+00 0.000000e+00 0.000000e+00 0.000000e+00 0.000000e+00 0.000000e+00 0.000000e+00 0.000000e+00 0.000000e+00 0.000000e+00 7.877257e-01 2.122743e-01 0.000000e+00 0.000000e+00
 0.000000e+00 0.000000e+00 0.000000e+00 0.000000e+00 0.000000e+00 0.000000e+00 0.000000e+00 0.000000e+00 0.000000e+00 0.000000e+00 0.000000e+00 0.000000e+00 0.000000e+00 0.000000e+00 0.000000e+00 0.000000e+00 0.000000e+00 7.542193e-01 2.457807e-01 0.000000e+00
 0.000000e+00 0.000000e+00 0.000000e+00 0.000000e+00 0.000000e+00 0.000000e+00 0.000000e+00 0.000000e+00 0.000000e+00 0.000000e+00 0.000000e+00 0.000000e+00 0.000000e+00 0.000000e+00 0.000000e+00 0.000000e+00 0.000000e+00 0.000000e+00 8.003514e-01 1.996486e-01
 0.000000e+00 0.000000e+00 0.000000e+00 0.000000e+00 0.000000e+00 0.000000e+00 0.000000e+00 0.000000e+00 0.000000e+00 0.000000e+00 0.000000e+00 0.000000e+00 0.000000e+00 0.000000e+00 0.000000e+00 0.000000e+00 0.000000e+00 0.000000e+00 0.000000e+00 0.000000e+00
<ENDHMM>
