~o
<STREAMINFO> 1 39
<VECSIZE> 39<NULLD><MFCC_D_A_0><DIAGC>
~h "jam"
<BEGINHMM>
<NUMSTATES> 20
<STATE> 2
<MEAN> 39
 -1.681594e+01 -5.729577e+00 -8.606902e-01 -2.003658e+00 3.949913e+00 -3.402557e-01 2.884913e+00 -4.919931e+00 4.625326e-01 -7.994447e+00 -2.269994e+00 -8.106789e+00 5.685473e+01 1.488566e+00 1.913344e+00 1.726489e+00 1.337122e+00 5.836202e-01 -1.745901e-01 -9.201797e-01 -1.463611e+00 -1.831654e+00 -1.286291e+00 -9.739262e-01 -6.458519e-01 5.973346e-01 3.480116e-01 5.753923e-01 4.959433e-01 2.510157e-01 -1.931981e-02 -3.365342e-01 -2.987566e-01 -4.078801e-01 -4.724232e-01 -2.641261e-01 -2.073522e-01 -2.297932e-01 1.852684e-01
<VARIANCE> 39
 4.692547e+00 8.904819e+00 8.752800e+00 1.332702e+01 1.563631e+01 1.305110e+01 2.320457e+01 2.379346e+01 2.047749e+01 1.651304e+01 1.967778e+01 1.682873e+01 8.436258e-01 1.393527e+00 2.924967e+00 2.610464e+00 1.295295e+00 8.508684e-01 1.736985e+00 3.175660e+00 3.348017e+00 4.054842e+00 3.363961e+00 3.285989e+00 2.086064e+00 2.279423e-01 1.544023e-01 2.143030e-01 2.291641e-01 1.715139e-01 1.923759e-01 2.712272e-01 4.494653e-01 4.852682e-01 6.249935e-01 5.303677e-01 3.410931e-01 2.960064e-01 1.732210e-02
<GCONST> 9.312062e+01
<STATE> 3
<MEAN> 39
 -7.411365e+00 6.311962e+00 9.435978e+00 3.799711e+00 4.114719e+00 -4.967196e+00 -3.067885e+00 -1.175742e+01 -7.372183e+00 -1.453483e+01 -6.967110e+00 -1.133963e+01 6.096129e+01 1.897683e-01 1.083393e+00 5.185941e-01 1.509075e-01 4.747292e-01 -8.596056e-01 2.539201e-01 -6.624060e-01 -1.137126e-01 1.264239e-03 -4.290228e-02 1.889270e-02 6.444904e-01 -8.049912e-01 -3.718408e-01 -5.762752e-01 -6.014777e-01 8.368755e-02 -4.299562e-01 4.381353e-01 1.699675e-01 5.088509e-01 4.611996e-01 4.610156e-01 3.402894e-01 1.094793e-01
<VARIANCE> 39
 7.529976e+00 1.013817e+01 8.523354e+00 1.959547e+01 3.348491e+01 4.915379e+01 4.618065e+01 3.136180e+01 5.352136e+01 7.029801e+01 6.705093e+01 4.705163e+01 1.628800e+00 3.864961e+00 2.784970e+00 2.665007e+00 2.043205e+00 1.564493e+00 2.587885e+00 3.004784e+00 2.971588e+00 3.265788e+00 4.699879e+00 2.348529e+00 2.998660e+00 3.685316e-01 1.946060e-01 4.773383e-01 3.536372e-01 4.946372e-01 4.284110e-01 1.074817e+00 4.438291e-01 8.539528e-01 5.727295e-01 7.817270e-01 5.252486e-01 5.266947e-01 1.710770e-01
<GCONST> 1.142158e+02
<STATE> 4
<MEAN> 39
 -1.649230e+01 7.969908e+00 5.481632e+00 -1.405007e+00 1.138761e+01 -1.202452e+01 2.818557e+00 -1.413520e+01 -2.831777e+00 -9.985894e+00 -3.515690e+00 -8.083015e+00 6.526981e+01 -1.421620e+00 1.234859e+00 -1.110782e-01 -2.766314e+00 -1.378399e+00 -5.829177e+00 -7.093043e-01 -3.761877e-01 2.029839e-01 1.296123e+00 3.094243e+00 1.963646e+00 2.517596e+00 1.079918e+00 -6.549950e-01 5.572767e-01 4.942870e-02 -1.976780e+00 -7.781031e-01 -6.422649e-01 1.153182e+00 -5.629763e-01 -1.224292e-01 8.376836e-01 3.228708e-01 3.335933e-01
<VARIANCE> 39
 2.043271e+01 3.492004e+01 3.819028e+01 5.728347e+01 4.373719e+01 7.187624e+01 3.943382e+01 6.495651e+01 6.357790e+01 5.742476e+01 1.016755e+02 5.936257e+01 1.538709e+01 4.066765e+00 1.283464e+00 5.235548e+00 3.781162e+00 1.130508e+01 3.121228e+00 4.385528e+00 8.596836e+00 5.388571e+00 6.582977e+00 8.654717e+00 5.020359e+00 4.055283e-01 5.847175e-01 6.775037e-01 5.947025e-01 1.202827e+00 9.317284e-01 9.350197e-01 4.483202e-01 1.286135e+00 1.511082e+00 8.192936e-01 8.397347e-01 7.926488e-01 1.592598e-01
<GCONST> 1.357699e+02
<STATE> 5
<MEAN> 39
 -1.214463e+01 6.853592e+00 1.180083e+01 -5.518125e+00 -6.891624e+00 -3.102917e+01 -2.150523e+00 -6.773767e+00 -8.151696e+00 -7.605177e+00 1.162334e+01 -7.433936e-01 7.331877e+01 2.864503e+00 -3.373612e+00 1.271669e+00 -5.505712e-02 -5.899215e+00 -3.474900e+00 -4.324932e-01 4.407822e+00 -1.059239e+00 1.238163e-01 2.576308e+00 1.308055e+00 2.397374e+00 3.916126e-01 -1.141936e+00 -7.801125e-01 5.357405e-01 1.026731e+00 1.911075e+00 5.350425e-01 5.495988e-01 5.687343e-01 -2.257090e-01 -1.469464e+00 -8.755160e-01 -3.920420e-01
<VARIANCE> 39
 2.656784e+01 2.726268e+01 7.892845e+01 4.891013e+01 1.297846e+02 2.847686e+01 2.787124e+01 1.353257e+02 2.829324e+01 6.300470e+01 1.824340e+02 5.382529e+01 1.214112e+01 1.198270e+00 2.602026e+00 4.262531e+00 2.513292e+00 7.619056e+00 6.595681e+00 3.705985e+00 5.089368e+00 1.359029e+01 2.615567e+00 6.118251e+00 3.595163e+00 6.698349e-01 7.395471e-01 3.504333e-01 1.049615e+00 7.278876e-01 2.658386e+00 4.263788e-01 3.232156e-01 1.733604e+00 9.681599e-01 8.687323e-01 8.553332e-01 6.013924e-01 6.180043e-02
<GCONST> 1.330744e+02
<STATE> 6
<MEAN> 39
 -5.850829e+00 -4.908819e+00 9.895562e+00 -4.688816e+00 -1.338724e+01 -3.210902e+01 1.662063e-01 5.573696e+00 -6.273302e+00 -8.675040e+00 1.030985e+01 -2.233958e+00 7.737527e+01 1.362951e+00 -3.614568e+00 -2.167263e+00 8.852475e-02 1.219467e+00 1.908314e+00 6.950570e-02 1.852292e+00 1.158077e+00 2.288138e-02 -2.211366e+00 -1.584509e+00 7.548330e-01 -4.133233e-01 4.227049e-01 -6.528593e-01 -1.332799e-01 1.727662e+00 1.193022e+00 -3.020189e-01 -1.386300e+00 9.324025e-02 -3.510481e-03 -9.774903e-01 -6.589612e-01 -4.436334e-01
<VARIANCE> 39
 6.184893e+00 2.013353e+01 9.210531e+01 2.225560e+01 7.068842e+01 5.350474e+01 3.656358e+01 1.018624e+02 7.696484e+01 2.813807e+01 1.867250e+02 4.349825e+01 1.301386e+01 4.366026e-01 9.589276e-01 3.814567e+00 1.906347e+00 4.015307e+00 3.142740e+00 1.584690e+00 5.164289e+00 3.042973e+00 3.597917e+00 1.561886e+00 2.916875e+00 2.143560e-01 5.437867e-02 1.639550e-01 4.882626e-01 2.541666e-01 7.189804e-01 4.229800e-01 3.383479e-01 7.012779e-01 1.014041e+00 2.534468e-01 3.216725e-01 4.246083e-01 4.584502e-02
<GCONST> 1.120895e+02
<STATE> 7
<MEAN> 39
 -2.388073e+00 -1.364575e+01 1.378985e-01 -6.301760e+00 -2.695306e+00 -2.234602e+01 -2.785430e+00 3.554199e+00 -4.188810e+00 -8.134051e+00 -7.234745e-01 -9.721526e+00 7.806259e+01 8.817106e-01 -1.447902e+00 -1.999435e+00 -5.296862e-01 1.979923e+00 3.255746e+00 -5.588615e-01 -8.874258e-01 4.431669e-01 6.025950e-01 -2.297876e+00 -2.475849e+00 -2.798253e-02 -1.143621e-01 6.507624e-01 3.651922e-01 -8.452421e-02 -4.088451e-01 7.825427e-02 -5.206406e-02 -4.542295e-01 -1.032097e-01 3.105777e-01 4.656164e-01 1.091732e-01 -1.840981e-01
<VARIANCE> 39
 3.883496e+00 9.777401e+00 8.199995e+01 7.257452e+00 5.637717e+01 6.588601e+01 4.376977e+01 1.035040e+02 8.363978e+01 3.522686e+01 2.090467e+02 5.579263e+01 9.780055e+00 1.220081e-01 9.148288e-01 9.973038e-01 7.608991e-01 1.483409e+00 2.216171e+00 1.390673e+00 4.301008e+00 1.944275e+00 2.141529e+00 1.623310e+00 1.173768e+00 1.187324e-01 1.844011e-02 6.971162e-02 1.354912e-01 1.546642e-01 1.974781e-01 2.276495e-01 1.674798e-01 4.559417e-01 3.544334e-01 5.157227e-01 2.169969e-01 4.602510e-01 1.668540e-02
<GCONST> 9.413168e+01
<STATE> 8
<MEAN> 39
 7.266771e-02 -1.529142e+01 -4.218414e+00 -8.905756e+00 -1.501599e+00 -7.499480e+00 -4.828146e+00 -2.074827e+00 -3.373483e+00 -1.262387e+00 -2.483031e+00 -1.688617e+01 7.677480e+01 3.698279e-01 4.236239e-01 -6.041737e-01 -4.021102e-01 2.584732e-01 1.554527e+00 -7.027391e-01 -1.335638e+00 6.943735e-01 7.148025e-01 -1.618003e-01 -2.807958e-01 -5.520429e-01 -8.042507e-02 3.168033e-01 2.083208e-01 3.288040e-02 -2.064242e-01 -4.510182e-01 2.412796e-02 8.086696e-02 -5.068429e-02 -1.903689e-01 3.305486e-01 3.180914e-01 -1.074749e-01
<VARIANCE> 39
 2.735898e+00 1.005713e+01 4.711493e+01 7.589464e+00 6.310442e+01 1.336373e+02 3.383867e+01 8.247604e+01 6.912046e+01 1.869919e+01 8.499200e+01 1.938836e+01 8.366612e+00 1.206971e-01 4.713666e-01 3.739403e-01 6.013020e-01 8.289131e-01 1.435161e+00 1.127607e+00 1.167950e+00 1.033159e+00 1.183056e+00 1.221509e+00 1.613384e+00 9.393430e-02 2.078047e-02 4.425521e-02 7.444403e-02 9.045622e-02 1.706495e-01 2.042152e-01 2.026643e-01 3.219753e-01 2.809368e-01 1.464931e-01 1.726991e-01 1.649992e-01 8.639662e-03
<GCONST> 7.956708e+01
<STATE> 9
<MEAN> 39
 1.361435e+00 -1.112454e+01 -6.418244e+00 -1.077879e+01 -5.881054e-02 -5.088142e+00 -7.990255e+00 -7.772035e+00 9.386752e-01 -1.030043e+00 -2.748706e+00 -1.575285e+01 7.376534e+01 5.474277e-02 2.124537e+00 7.688572e-01 2.711245e-01 -4.565127e-01 -1.587306e-01 -4.211532e-01 -1.023667e+00 -5.307350e-01 -3.381864e-01 9.328479e-01 8.471297e-01 -1.222153e+00 -1.289079e-01 2.927214e-01 5.467879e-01 5.285038e-01 9.001729e-02 -3.223066e-01 6.939751e-02 9.982543e-02 -5.612220e-01 -5.288021e-01 -2.566397e-01 2.469197e-01 -7.521648e-02
<VARIANCE> 39
 2.188787e+00 8.256215e+00 5.514997e+01 8.453215e+00 1.953341e+01 9.144857e+01 4.243760e+01 6.766831e+01 4.040100e+01 1.886632e+01 1.189865e+02 1.437554e+01 5.011637e+00 1.033303e-01 3.356082e-01 1.055170e+00 1.077205e+00 2.600029e+00 9.682935e-01 9.871398e-01 3.516799e+00 1.330982e+00 2.029848e+00 1.418604e+00 1.640215e+00 6.961340e-02 2.320725e-02 9.907322e-02 6.542891e-02 8.899401e-02 8.620626e-02 1.372353e-01 1.783888e-01 3.457020e-01 1.951258e-01 5.978883e-01 3.971969e-01 2.824956e-01 1.248097e-02
<GCONST> 8.280350e+01
<STATE> 10
<MEAN> 39
 8.083854e-01 -4.075377e+00 -2.000351e-01 -6.894416e+00 3.021246e-02 -5.167057e+00 -8.097649e+00 -8.941560e+00 -3.600094e+00 -3.736487e+00 -1.048459e+00 -1.315520e+01 7.020026e+01 -1.515839e-01 1.773228e+00 1.173826e+00 8.389301e-01 3.773733e-01 -2.359669e-01 -4.863524e-01 -6.361006e-01 -1.993754e+00 -1.875490e+00 -6.144639e-01 2.386986e-01 -8.545798e-01 -2.620555e-02 -2.329358e-01 -2.127719e-01 -1.187405e-01 1.979568e-01 1.427086e-01 -5.102667e-02 -7.724798e-04 -1.269210e-01 -2.160631e-01 -2.006573e-01 -9.066272e-02 1.376768e-01
<VARIANCE> 39
 2.338993e+00 5.040918e+00 3.712558e+01 1.351480e+01 1.190138e+01 6.195939e+01 4.508911e+01 3.328407e+01 3.283489e+01 3.249887e+01 1.055584e+02 2.408929e+01 2.341619e+00 9.224282e-02 4.403812e-01 1.037561e+00 8.049984e-01 1.595069e+00 1.046090e+00 1.443616e+00 2.874217e+00 1.218960e+00 1.964075e+00 1.377590e+00 2.283464e+00 1.033061e-01 1.274470e-02 4.477771e-02 7.348225e-02 1.590558e-01 1.358232e-01 1.325130e-01 1.645740e-01 1.553436e-01 1.536242e-01 2.416391e-01 2.778982e-01 3.341572e-01 6.928619e-03
<GCONST> 7.800028e+01
<STATE> 11
<MEAN> 39
 3.568300e-01 4.264498e-01 -4.000850e-02 -4.988085e+00 1.893592e+00 -6.207623e+00 -1.029753e+01 -1.356993e+01 -1.073085e+01 -1.272560e+01 -5.957005e+00 -1.351508e+01 6.771844e+01 -2.342113e-01 1.014226e+00 4.213766e-01 5.743520e-01 5.505736e-01 1.164939e-02 -3.214739e-01 -1.078896e+00 -8.514203e-01 -8.033302e-01 1.899192e-01 3.587896e-01 -6.193046e-01 -3.966664e-02 -1.046809e-01 -5.955013e-02 4.143201e-02 8.484366e-03 2.551420e-02 1.332709e-01 1.019152e-02 4.819559e-01 3.960316e-01 1.267180e-01 -4.736164e-02 7.254951e-03
<VARIANCE> 39
 2.988694e+00 4.472563e+00 2.398591e+01 8.420357e+00 2.115856e+01 3.090481e+01 3.238890e+01 5.086843e+01 2.039669e+01 7.012964e+01 1.501523e+02 5.134347e+01 1.492698e+00 1.705951e-01 5.065675e-01 8.641394e-01 7.747511e-01 9.843737e-01 9.453178e-01 8.237264e-01 2.214219e+00 1.499555e+00 1.660628e+00 1.402047e+00 1.855878e+00 4.568026e-02 3.020223e-02 1.107530e-01 1.108360e-01 8.937319e-02 1.207461e-01 2.296732e-01 2.010237e-01 2.463056e-01 2.576452e-01 1.953226e-01 2.429808e-01 3.048329e-01 1.219477e-02
<GCONST> 7.964201e+01
<STATE> 12
<MEAN> 39
 -6.919715e-01 3.768422e+00 1.248982e+00 -2.731295e+00 2.044702e+00 -7.478755e+00 -1.369343e+01 -1.966981e+01 -1.003062e+01 -1.364750e+01 -6.739445e+00 -1.366135e+01 6.528736e+01 -5.554860e-01 6.235535e-01 3.808532e-01 4.359766e-01 5.607747e-01 8.186144e-01 6.377244e-01 -3.189494e-01 2.593210e-01 -4.730829e-01 -7.961560e-02 9.734551e-02 -6.597943e-01 -1.577286e-01 -2.003680e-01 -9.049382e-02 -1.279195e-01 4.036729e-02 1.155056e-01 3.118201e-01 3.618385e-01 1.040377e-01 6.619442e-02 1.280021e-02 6.318162e-02 -3.970553e-02
<VARIANCE> 39
 2.004538e+00 7.102967e+00 2.181669e+01 1.086143e+01 1.322519e+01 1.826445e+01 2.042301e+01 3.018701e+01 2.034903e+01 5.321360e+01 6.460680e+01 4.628970e+01 1.028573e+00 1.145523e-01 2.197877e-01 2.850323e-01 1.028677e+00 5.752252e-01 1.091414e+00 1.651443e+00 9.095169e-01 1.294470e+00 1.177708e+00 1.242779e+00 1.073376e+00 4.613996e-02 1.230530e-02 2.231654e-02 6.952696e-02 1.800712e-01 1.356913e-01 2.066755e-01 2.233114e-01 1.370763e-01 1.653152e-01 3.045285e-01 1.168292e-01 1.410093e-01 3.545101e-03
<GCONST> 6.701924e+01
<STATE> 13
<MEAN> 39
 -3.346472e+00 6.939184e+00 3.268624e+00 -1.191710e+00 1.020791e+01 9.667394e-01 -5.951908e+00 -1.384632e+01 -6.497549e+00 -9.637042e+00 -9.992566e-01 -7.157940e+00 6.258161e+01 -8.087009e-01 3.601903e-01 -2.851259e-01 -3.759874e-02 5.657049e-01 6.119455e-01 3.495179e-01 1.071120e-02 7.682444e-01 9.707392e-02 -4.840307e-01 4.463416e-01 -7.982545e-01 -6.768198e-02 -1.386924e-01 -1.044573e-02 -1.281603e-01 -2.538118e-01 -8.409236e-02 -1.074544e-01 -1.044356e-01 -8.003543e-03 1.694656e-01 -2.562900e-03 -3.278113e-02 1.889853e-02
<VARIANCE> 39
 3.854685e+00 1.287284e+01 2.039427e+01 2.247371e+01 3.451316e+01 3.461172e+01 2.148914e+01 7.722477e+01 2.188033e+01 3.099097e+01 3.943671e+01 3.825492e+01 2.308669e+00 1.738552e-01 4.497974e-01 3.434316e-01 6.477970e-01 1.286525e+00 1.436523e+00 1.213791e+00 9.750230e-01 1.128929e+00 1.204385e+00 1.389425e+00 7.757583e-01 3.577140e-02 9.414831e-03 2.254048e-02 1.001302e-01 1.449166e-01 1.374556e-01 2.601271e-01 2.283717e-01 1.738795e-01 1.562652e-01 2.808470e-01 1.935174e-01 1.942616e-01 4.216284e-03
<GCONST> 7.354285e+01
<STATE> 14
<MEAN> 39
 -6.967525e+00 3.773174e+00 1.818727e+00 -3.154642e+00 2.440581e+00 -4.254158e+00 -7.893518e+00 -1.860024e+01 -9.932280e+00 -1.573774e+01 -9.012489e+00 -1.329497e+01 6.066077e+01 -8.896452e-01 -8.014740e-02 4.623304e-01 3.197993e-01 -1.303443e-01 5.125443e-01 4.748405e-01 -2.670580e-01 1.495504e-01 2.540082e-01 1.272658e-01 9.419418e-02 -5.585299e-01 5.064701e-02 -1.091555e-02 4.155652e-02 1.453078e-01 6.172279e-02 3.695650e-03 4.438348e-02 1.650701e-02 -6.690707e-03 -7.464475e-02 -2.201554e-02 -4.362599e-02 7.022523e-02
<VARIANCE> 39
 2.552322e+00 1.142477e+01 1.158882e+01 1.079041e+01 3.503547e+01 2.625765e+01 2.023124e+01 3.113933e+01 3.283332e+01 6.144804e+01 4.381882e+01 6.079934e+01 1.240278e+00 1.739218e-01 2.729627e-01 4.358278e-01 8.121885e-01 7.675644e-01 1.136483e+00 1.427511e+00 1.533362e+00 1.296424e+00 1.610473e+00 1.258606e+00 1.091417e+00 6.072893e-02 3.050888e-02 6.211501e-02 1.005862e-01 1.687238e-01 1.342223e-01 1.369563e-01 2.920821e-01 3.129239e-01 2.633874e-01 3.840516e-01 2.388318e-01 2.732641e-01 7.842053e-03
<GCONST> 7.707202e+01
<STATE> 15
<MEAN> 39
 -1.091959e+01 2.324539e+00 3.766308e+00 2.719043e-01 4.834248e+00 -1.487276e+00 -4.353621e+00 -1.696542e+01 -8.604044e+00 -1.373850e+01 -6.667725e+00 -1.070866e+01 5.875292e+01 -5.960857e-01 -2.522874e-01 1.316432e-01 1.584980e-01 3.566020e-01 4.470118e-01 7.930253e-01 5.756810e-01 -1.623991e-01 -1.272773e-01 -1.036792e-01 -3.116078e-01 -2.448400e-01 7.540186e-02 3.264364e-02 -4.306751e-02 -1.011864e-01 8.132067e-02 1.694769e-01 4.320085e-02 7.491621e-02 2.992456e-02 2.665535e-02 -1.194296e-01 -1.933378e-01 3.457183e-02
<VARIANCE> 39
 5.639894e+00 2.079495e+01 1.613734e+01 2.265281e+01 3.003145e+01 2.566021e+01 2.149730e+01 3.122231e+01 3.757813e+01 3.914457e+01 1.741829e+01 2.581258e+01 7.634599e-01 1.709017e-01 4.578820e-01 4.770740e-01 8.503776e-01 1.082508e+00 1.203818e+00 1.043820e+00 6.605286e-01 1.861733e+00 2.384016e+00 1.554617e+00 1.698200e+00 4.452804e-02 3.535390e-02 1.106640e-01 1.169509e-01 1.570759e-01 2.010498e-01 2.937722e-01 2.531422e-01 8.278587e-02 4.863653e-01 3.567119e-01 2.464339e-01 1.670995e-01 1.141824e-02
<GCONST> 7.877497e+01
<STATE> 16
<MEAN> 39
 -1.232162e+01 6.706317e+00 4.937043e+00 -1.762146e+00 1.170036e+01 9.305553e+00 -6.987351e-01 -1.737242e+01 -4.594372e+00 -7.577788e+00 -4.606872e+00 -1.135647e+01 5.678793e+01 -6.563642e-01 -6.058675e-01 -1.791993e-01 -4.064561e-01 -1.153726e-01 8.397112e-01 9.614599e-01 3.233981e-01 -4.989480e-03 5.021439e-01 2.465398e-01 -4.893287e-01 -2.459499e-01 3.970113e-02 -1.599011e-01 -1.346431e-01 4.432679e-02 -2.511385e-02 -1.476327e-01 -1.935480e-02 6.406344e-02 3.423762e-02 2.561843e-02 7.250912e-02 2.980024e-01 5.014736e-02
<VARIANCE> 39
 5.583856e+00 1.463012e+01 8.671696e+00 1.794660e+01 4.217575e+01 4.043277e+01 3.057310e+01 6.323100e+01 4.284659e+01 7.997123e+01 3.726382e+01 2.659342e+01 1.233370e+00 1.869447e-01 4.902972e-01 6.895802e-01 1.027666e+00 3.261437e+00 2.600178e+00 1.783162e+00 2.041762e+00 2.792001e+00 1.540278e+00 1.888891e+00 2.105328e+00 5.484764e-02 2.411306e-02 6.584155e-02 8.614146e-02 1.266620e-01 4.507138e-01 2.622993e-01 2.393453e-01 2.874896e-01 4.568895e-01 3.248889e-01 3.023909e-01 2.880034e-01 4.614947e-03
<GCONST> 8.651365e+01
<STATE> 17
<MEAN> 39
 -1.435823e+01 -2.432955e-01 2.750758e+00 -3.763697e-01 8.082037e+00 5.392454e+00 3.906495e+00 -1.115787e+01 -5.988337e+00 -1.293192e+01 -9.113144e+00 -1.461431e+01 5.737630e+01 -3.009941e-01 -4.940176e-01 -5.826944e-01 -9.213936e-02 2.209281e-01 5.408316e-01 8.704362e-01 1.083395e+00 1.346020e+00 9.018489e-01 7.588420e-02 2.170305e-01 -1.353710e-01 -2.020803e-02 -6.216934e-02 -1.061572e-01 -9.571983e-02 -2.277666e-01 -3.575214e-01 -2.849791e-01 1.670226e-01 2.819854e-02 1.498193e-03 2.702456e-01 7.209258e-02 -1.787181e-02
<VARIANCE> 39
 1.270956e+00 6.353388e+00 8.516316e+00 2.472221e+01 1.725073e+01 1.983718e+01 3.356237e+01 3.506103e+01 3.907848e+01 6.442229e+01 7.739774e+01 2.306277e+01 6.463607e-01 1.265348e-01 7.202420e-01 1.133895e+00 9.070680e-01 1.569852e+00 1.216742e+00 1.925466e+00 1.505904e+00 1.172263e+00 2.805063e+00 2.694654e+00 1.135658e+00 4.139464e-02 1.546325e-02 8.564101e-02 1.465185e-01 1.474017e-01 3.867009e-01 1.689861e-01 3.023530e-01 4.589877e-01 3.660299e-01 7.353892e-01 3.761680e-01 1.837947e-01 6.090850e-03
<GCONST> 8.112201e+01
<STATE> 18
<MEAN> 39
 -1.505269e+01 -1.467578e+00 -4.287767e-01 -1.903962e+00 8.734670e+00 6.429142e+00 4.691046e+00 -6.517947e+00 -9.456726e-01 -6.967749e+00 -2.148621e+00 -1.016972e+01 5.690614e+01 -3.138039e-01 -8.201252e-01 -3.473448e-01 -4.358681e-02 -5.974667e-01 -9.910966e-01 -4.230472e-01 7.784745e-01 3.229169e-01 -4.070837e-01 3.783237e-01 7.889496e-01 -6.201035e-02 -5.645570e-02 1.912666e-02 3.227830e-01 1.428617e-01 4.680435e-03 -1.624123e-01 -8.868787e-02 -3.269541e-01 -3.533394e-01 -3.805862e-01 -2.384094e-01 -9.253269e-02 -2.114091e-02
<VARIANCE> 39
 1.258680e+00 5.435497e+00 8.314903e+00 3.016891e+01 1.906756e+01 2.045183e+01 1.798824e+01 3.089299e+01 1.934149e+01 2.013831e+01 4.771331e+01 4.638859e+01 6.352588e-01 1.832471e-01 4.296042e-01 7.556256e-01 9.857013e-01 1.618149e+00 1.224257e+00 8.181595e-01 2.036499e+00 1.466728e+00 1.896528e+00 2.075504e+00 1.580374e+00 5.295120e-02 3.590598e-02 3.544858e-02 1.242595e-01 1.394654e-01 2.766618e-01 2.783886e-01 1.814886e-01 1.849102e-01 2.893843e-01 1.778364e-01 5.007520e-01 4.780046e-01 9.257293e-03
<GCONST> 7.649607e+01
<STATE> 19
<MEAN> 39
 -1.811389e+01 -3.953488e+00 1.684379e+00 5.976301e-01 9.477989e+00 5.142685e+00 4.070888e+00 -7.335691e+00 -3.710257e+00 -1.167457e+01 -6.412829e+00 -1.163159e+01 5.551984e+01 -5.025821e-01 -6.276655e-01 6.188504e-02 2.898975e-01 8.404752e-02 4.904860e-02 4.491094e-01 3.026666e-01 7.223285e-02 1.049245e-01 -2.203435e-01 -3.110068e-01 -1.630095e-01 7.864022e-02 1.003670e-01 -2.377545e-02 -4.452816e-02 1.661633e-02 1.049132e-01 1.649513e-02 -1.210984e-01 3.508168e-02 1.125087e-01 4.608743e-02 1.322551e-02 3.206326e-02
<VARIANCE> 39
 4.033397e+00 1.258653e+01 1.105221e+01 2.859914e+01 3.363361e+01 3.249987e+01 2.545288e+01 2.381357e+01 3.183684e+01 2.641286e+01 2.500879e+01 3.694115e+01 7.935517e-01 2.330991e-01 3.351901e-01 8.173909e-01 6.239278e-01 7.661226e-01 1.741893e+00 1.547491e+00 2.276295e+00 1.765650e+00 2.816381e+00 2.805950e+00 3.280553e+00 5.660407e-02 4.282002e-02 5.789147e-02 1.357653e-01 1.025719e-01 2.275907e-01 4.104561e-01 3.907377e-01 3.192756e-01 3.468695e-01 4.811000e-01 4.559096e-01 6.332211e-01 1.084185e-02
<GCONST> 8.508990e+01
<TRANSP> 20
 0.000000e+00 1.000000e+00 0.000000e+00 0.000000e+00 0.000000e+00 0.000000e+00 0.000000e+00 0.000000e+00 0.000000e+00 0.000000e+00 0.000000e+00 0.000000e+00 0.000000e+00 0.000000e+00 0.000000e+00 0.000000e+00 0.000000e+00 0.000000e+00 0.000000e+00 0.000000e+00
 0.000000e+00 7.330703e-01 2.669298e-01 0.000000e+00 0.000000e+00 0.000000e+00 0.000000e+00 0.000000e+00 0.000000e+00 0.000000e+00 0.000000e+00 0.000000e+00 0.000000e+00 0.000000e+00 0.000000e+00 0.000000e+00 0.000000e+00 0.000000e+00 0.000000e+00 0.000000e+00
 0.000000e+00 0.000000e+00 8.065789e-01 1.934210e-01 0.000000e+00 0.000000e+00 0.000000e+00 0.000000e+00 0.000000e+00 0.000000e+00 0.000000e+00 0.000000e+00 0.000000e+00 0.000000e+00 0.000000e+00 0.000000e+00 0.000000e+00 0.000000e+00 0.000000e+00 0.000000e+00
 0.000000e+00 0.000000e+00 0.000000e+00 6.672393e-01 3.327608e-01 0.000000e+00 0.000000e+00 0.000000e+00 0.000000e+00 0.000000e+00 0.000000e+00 0.000000e+00 0.000000e+00 0.000000e+00 0.000000e+00 0.000000e+00 0.000000e+00 0.000000e+00 0.000000e+00 0.000000e+00
 0.000000e+00 0.000000e+00 0.000000e+00 0.000000e+00 6.358621e-01 3.641379e-01 0.000000e+00 0.000000e+00 0.000000e+00 0.000000e+00 0.000000e+00 0.000000e+00 0.000000e+00 0.000000e+00 0.000000e+00 0.000000e+00 0.000000e+00 0.000000e+00 0.000000e+00 0.000000e+00
 0.000000e+00 0.000000e+00 0.000000e+00 0.000000e+00 0.000000e+00 6.249462e-01 3.750538e-01 0.000000e+00 0.000000e+00 0.000000e+00 0.000000e+00 0.000000e+00 0.000000e+00 0.000000e+00 0.000000e+00 0.000000e+00 0.000000e+00 0.000000e+00 0.000000e+00 0.000000e+00
 0.000000e+00 0.000000e+00 0.000000e+00 0.000000e+00 0.000000e+00 0.000000e+00 7.481962e-01 2.518038e-01 0.000000e+00 0.000000e+00 0.000000e+00 0.000000e+00 0.000000e+00 0.000000e+00 0.000000e+00 0.000000e+00 0.000000e+00 0.000000e+00 0.000000e+00 0.000000e+00
 0.000000e+00 0.000000e+00 0.000000e+00 0.000000e+00 0.000000e+00 0.000000e+00 0.000000e+00 8.184439e-01 1.815561e-01 0.000000e+00 0.000000e+00 0.000000e+00 0.000000e+00 0.000000e+00 0.000000e+00 0.000000e+00 0.000000e+00 0.000000e+00 0.000000e+00 0.000000e+00
 0.000000e+00 0.000000e+00 0.000000e+00 0.000000e+00 0.000000e+00 0.000000e+00 0.000000e+00 0.000000e+00 6.033764e-01 3.966236e-01 0.000000e+00 0.000000e+00 0.000000e+00 0.000000e+00 0.000000e+00 0.000000e+00 0.000000e+00 0.000000e+00 0.000000e+00 0.000000e+00
 0.000000e+00 0.000000e+00 0.000000e+00 0.000000e+00 0.000000e+00 0.000000e+00 0.000000e+00 0.000000e+00 0.000000e+00 7.028656e-01 2.971344e-01 0.000000e+00 0.000000e+00 0.000000e+00 0.000000e+00 0.000000e+00 0.000000e+00 0.000000e+00 0.000000e+00 0.000000e+00
 0.000000e+00 0.000000e+00 0.000000e+00 0.000000e+00 0.000000e+00 0.000000e+00 0.000000e+00 0.000000e+00 0.000000e+00 0.000000e+00 7.432408e-01 2.567593e-01 0.000000e+00 0.000000e+00 0.000000e+00 0.000000e+00 0.000000e+00 0.000000e+00 0.000000e+00 0.000000e+00
 0.000000e+00 0.000000e+00 0.000000e+00 0.000000e+00 0.000000e+00 0.000000e+00 0.000000e+00 0.000000e+00 0.000000e+00 0.000000e+00 0.000000e+00 7.061659e-01 2.938341e-01 0.000000e+00 0.000000e+00 0.000000e+00 0.000000e+00 0.000000e+00 0.000000e+00 0.000000e+00
 0.000000e+00 0.000000e+00 0.000000e+00 0.000000e+00 0.000000e+00 0.000000e+00 0.000000e+00 0.000000e+00 0.000000e+00 0.000000e+00 0.000000e+00 0.000000e+00 7.207737e-01 2.792263e-01 0.000000e+00 0.000000e+00 0.000000e+00 0.000000e+00 0.000000e+00 0.000000e+00
 0.000000e+00 0.000000e+00 0.000000e+00 0.000000e+00 0.000000e+00 0.000000e+00 0.000000e+00 0.000000e+00 0.000000e+00 0.000000e+00 0.000000e+00 0.000000e+00 0.000000e+00 7.276544e-01 2.723456e-01 0.000000e+00 0.000000e+00 0.000000e+00 0.000000e+00 0.000000e+00
 0.000000e+00 0.000000e+00 0.000000e+00 0.000000e+00 0.000000e+00 0.000000e+00 0.000000e+00 0.000000e+00 0.000000e+00 0.000000e+00 0.000000e+00 0.000000e+00 0.000000e+00 0.000000e+00 8.141689e-01 1.858311e-01 0.000000e+00 0.000000e+00 0.000000e+00 0.000000e+00
 0.000000e+00 0.000000e+00 0.000000e+00 0.000000e+00 0.000000e+00 0.000000e+00 0.000000e+00 0.000000e+00 0.000000e+00 0.000000e+00 0.000000e+00 0.000000e+00 0.000000e+00 0.000000e+00 0.000000e+00 7.425599e-01 2.574401e-01 0.000000e+00 0.000000e+00 0.000000e+00
 0.000000e+00 0.000000e+00 0.000000e+00 0.000000e+00 0.000000e+00 0.000000e+00 0.000000e+00 0.000000e+00 0.000000e+00 0.000000e+00 0.000000e+00 0.000000e+00 0.000000e+00 0.000000e+00 0.000000e+00 0.000000e+00 6.823946e-01 3.176055e-01 0.000000e+00 0.000000e+00
 0.000000e+00 0.000000e+00 0.000000e+00 0.000000e+00 0.000000e+00 0.000000e+00 0.000000e+00 0.000000e+00 0.000000e+00 0.000000e+00 0.000000e+00 0.000000e+00 0.000000e+00 0.000000e+00 0.000000e+00 0.000000e+00 0.000000e+00 6.270521e-01 3.729479e-01 0.000000e+00
 0.000000e+00 0.000000e+00 0.000000e+00 0.000000e+00 0.000000e+00 0.000000e+00 0.000000e+00 0.000000e+00 0.000000e+00 0.000000e+00 0.000000e+00 0.000000e+00 0.000000e+00 0.000000e+00 0.000000e+00 0.000000e+00 0.000000e+00 0.000000e+00 7.811888e-01 2.188112e-01
 0.000000e+00 0.000000e+00 0.000000e+00 0.000000e+00 0.000000e+00 0.000000e+00 0.000000e+00 0.000000e+00 0.000000e+00 0.000000e+00 0.000000e+00 0.000000e+00 0.000000e+00 0.000000e+00 0.000000e+00 0.000000e+00 0.000000e+00 0.000000e+00 0.000000e+00 0.000000e+00
<ENDHMM>
