~o
<STREAMINFO> 1 39
<VECSIZE> 39<NULLD><MFCC_D_A_0><DIAGC>
~h "pukul"
<BEGINHMM>
<NUMSTATES> 5
<STATE> 2
<MEAN> 39
 -4.631125e+00 2.604920e+00 -3.193995e+00 -1.294632e+01 -5.427327e+00 -5.175283e+00 -1.492580e+00 -9.101189e+00 -6.282635e+00 -1.083090e+01 1.962469e+00 -3.953917e+00 6.354122e+01 6.523285e-01 3.818823e-01 -1.561608e-01 -4.838571e-01 -2.272047e-01 6.893431e-02 -2.664052e-01 -4.049874e-01 -4.517998e-01 -6.549440e-02 3.331736e-01 1.233073e-01 3.917723e-01 1.296157e-03 -2.496138e-02 -6.024400e-03 -1.279638e-02 1.711513e-02 4.067358e-02 -2.380867e-02 -1.941203e-02 7.468245e-03 7.684548e-02 4.236220e-02 -2.453235e-02 1.182887e-02
<VARIANCE> 39
 5.000616e+01 3.290153e+01 2.541690e+01 5.616047e+01 4.850735e+01 4.077164e+01 3.591312e+01 5.083239e+01 4.201637e+01 2.476269e+01 5.859271e+01 3.239178e+01 1.640429e+01 3.674592e+00 2.397950e+00 2.032796e+00 4.819968e+00 3.243912e+00 2.913759e+00 4.042375e+00 4.059078e+00 2.671646e+00 2.100150e+00 3.373324e+00 2.150986e+00 1.165767e+00 4.693021e-01 3.651893e-01 3.941149e-01 7.072463e-01 5.581602e-01 5.360098e-01 7.553703e-01 7.052354e-01 4.493700e-01 3.697517e-01 5.151504e-01 4.016710e-01 1.326485e-01
<GCONST> 1.218333e+02
<STATE> 3
<MEAN> 39
 1.349358e+00 2.309608e+00 -5.372108e+00 -1.814558e+01 -2.940893e+00 -2.138442e+00 -1.349180e+01 -2.040018e+01 -9.503573e+00 -5.849425e-01 6.737017e+00 -8.805023e+00 6.938242e+01 -3.887549e-01 -2.202442e-01 2.916584e-01 6.353720e-01 3.149497e-01 -1.592194e-01 -8.727241e-02 -1.638695e-01 3.638455e-01 1.518994e-01 -5.766010e-01 -4.268443e-01 -2.786157e-01 -6.182384e-02 2.525128e-02 3.098774e-02 8.721513e-02 4.278977e-03 -7.907318e-02 5.245904e-02 7.221241e-02 -1.191199e-02 -1.298851e-01 -8.409409e-02 2.848445e-02 -6.426522e-02
<VARIANCE> 39
 8.598631e+00 1.244279e+01 5.261744e+01 5.139399e+01 4.833835e+01 6.529196e+01 9.418791e+01 8.567648e+01 6.116578e+01 4.705139e+01 9.714936e+01 5.730728e+01 1.174339e+01 2.432966e-01 5.450779e-01 8.976969e-01 1.065614e+00 1.332406e+00 1.538943e+00 2.069588e+00 3.178457e+00 1.994176e+00 4.061574e+00 1.807916e+00 1.903641e+00 2.422933e-01 3.150353e-02 7.001277e-02 1.075490e-01 1.377972e-01 1.889228e-01 2.445339e-01 2.864700e-01 3.773814e-01 3.726980e-01 4.888498e-01 3.166876e-01 3.281339e-01 1.242449e-02
<GCONST> 9.882268e+01
<STATE> 4
<MEAN> 39
 -1.245051e+01 -2.278963e+00 4.329926e-01 -1.272472e+00 3.661855e+00 -3.534456e+00 -3.299711e+00 -1.260024e+01 -4.758484e+00 -9.160001e+00 -3.471737e+00 -1.127030e+01 5.891027e+01 -6.311017e-01 -4.049186e-01 -1.956897e-02 2.996148e-01 2.599753e-01 2.613311e-01 6.272492e-01 7.227926e-01 1.629186e-01 -2.085804e-01 -2.367107e-01 -8.149298e-02 -3.354278e-01 3.070158e-02 -8.381822e-03 -2.172561e-02 -5.235696e-02 -2.195460e-02 4.525030e-02 3.804881e-02 4.845300e-02 4.134798e-02 3.057925e-02 1.535806e-02 -1.168547e-02 2.685008e-02
<VARIANCE> 39
 1.813434e+01 1.382964e+01 8.443613e+00 1.628279e+01 3.100447e+01 4.833052e+01 5.261715e+01 5.151535e+01 2.820845e+01 2.581724e+01 3.807809e+01 3.189453e+01 4.669386e+00 1.709856e-01 3.427175e-01 6.554568e-01 8.679321e-01 9.547530e-01 1.220696e+00 1.171532e+00 1.714883e+00 1.521984e+00 1.317024e+00 1.680835e+00 1.722226e+00 5.684853e-02 2.410036e-02 5.908766e-02 1.126054e-01 1.515305e-01 1.746997e-01 2.003160e-01 2.140269e-01 3.012423e-01 3.014481e-01 2.459328e-01 2.904714e-01 3.086668e-01 6.021127e-03
<GCONST> 8.207163e+01
<TRANSP> 5
 0.000000e+00 1.000000e+00 0.000000e+00 0.000000e+00 0.000000e+00
 0.000000e+00 9.692612e-01 3.073885e-02 0.000000e+00 0.000000e+00
 0.000000e+00 0.000000e+00 9.524942e-01 4.750578e-02 0.000000e+00
 0.000000e+00 0.000000e+00 0.000000e+00 9.553921e-01 4.460789e-02
 0.000000e+00 0.000000e+00 0.000000e+00 0.000000e+00 0.000000e+00
<ENDHMM>
