~o
<STREAMINFO> 1 39
<VECSIZE> 39<NULLD><MFCC_D_A_0><DIAGC>
~h "satu"
<BEGINHMM>
<NUMSTATES> 20
<STATE> 2
<MEAN> 39
 -1.876076e+01 -5.103540e+00 -3.402863e+00 -3.913666e+00 1.434385e-01 -7.326351e+00 2.634944e+00 -7.123425e+00 2.000400e+00 -6.791335e+00 2.416617e+00 -3.615822e+00 5.729389e+01 -1.058355e+00 1.481127e+00 -9.811609e-01 6.906765e-01 6.419206e-01 -7.991799e-01 1.231063e+00 -7.361759e-01 1.224098e+00 -1.592756e-01 7.757021e-01 -3.571620e-02 5.886474e-01 -3.148961e-01 5.206658e-01 -3.693372e-01 2.616967e-01 4.545689e-02 -1.104765e-01 2.904702e-01 -2.198085e-01 2.670180e-01 7.327779e-02 -2.874622e-02 -2.206691e-01 1.745381e-01
<VARIANCE> 39
 3.490892e+00 1.365669e+01 1.472893e+01 1.193129e+01 1.459703e+01 1.797637e+01 1.983179e+01 2.190810e+01 1.876621e+01 1.292070e+01 2.448660e+01 1.704231e+01 1.380013e+00 1.001687e+00 2.226723e+00 1.677434e+00 1.315581e+00 1.547456e+00 1.562532e+00 1.850001e+00 3.218630e+00 2.199515e+00 2.453928e+00 2.256417e+00 2.179380e+00 2.807246e-01 1.187994e-01 1.953530e-01 2.172107e-01 1.604243e-01 2.429424e-01 2.339952e-01 3.631417e-01 4.733528e-01 3.280345e-01 4.108066e-01 2.821713e-01 3.333854e-01 1.845064e-02
<GCONST> 9.036161e+01
<STATE> 3
<MEAN> 39
 -2.711920e+01 7.132428e+00 -1.134928e+01 1.816020e+00 1.819688e+00 -1.139610e+01 1.019579e+01 -1.220552e+01 9.183852e+00 -5.876412e+00 4.945597e+00 -3.351920e+00 6.146913e+01 -1.258245e+00 1.621135e+00 -1.262930e+00 7.576634e-01 4.646854e-01 -3.670079e-01 9.850247e-01 -3.468510e-01 4.343480e-01 5.514494e-01 -6.445558e-03 -2.117118e-02 7.076110e-01 5.717645e-01 -6.291415e-01 4.246092e-01 -4.676448e-01 -3.730618e-02 1.753372e-01 -4.582769e-01 3.903708e-01 -5.568712e-01 -9.679175e-02 -2.961653e-01 -4.853584e-02 -1.359648e-01
<VARIANCE> 39
 1.068632e+01 2.598504e+01 2.888367e+01 2.065704e+01 1.890442e+01 3.099058e+01 3.069670e+01 2.517613e+01 2.176602e+01 2.378254e+01 3.919840e+01 2.833141e+01 3.612354e+00 1.166409e+00 1.876436e+00 1.660476e+00 1.771495e+00 1.091244e+00 1.538859e+00 2.771476e+00 1.902138e+00 2.210756e+00 2.399279e+00 1.812288e+00 1.284759e+00 1.751782e-01 1.397818e-01 1.757289e-01 1.689541e-01 2.695156e-01 3.102323e-01 2.191374e-01 4.921527e-01 2.929700e-01 2.786305e-01 4.697752e-01 4.720953e-01 2.295343e-01 2.672713e-02
<GCONST> 9.678047e+01
<STATE> 4
<MEAN> 39
 -2.471493e+01 6.014407e+00 -1.168656e+01 -1.314357e+00 3.482667e+00 -1.264235e+01 8.836308e+00 -1.165432e+01 6.301355e+00 -5.697802e+00 1.737063e+00 -4.474084e+00 6.291421e+01 3.530840e+00 -7.711316e-01 -2.228172e-01 -1.956857e+00 -7.128984e-01 -1.122108e-01 -2.479376e+00 1.146193e-01 -8.862414e-01 -2.951407e-01 -1.747736e+00 -1.050540e+00 1.178503e+00 1.210685e+00 -3.224229e-01 -2.667858e-01 -3.736952e-01 -2.658344e-01 1.242748e-01 -6.343791e-01 -2.228090e-02 1.190886e-01 1.939143e-02 -4.384410e-01 -2.684087e-01 5.690740e-01
<VARIANCE> 39
 3.377644e+01 2.551344e+01 3.134825e+01 2.692467e+01 2.080758e+01 3.527468e+01 3.524334e+01 2.375542e+01 2.423625e+01 3.694420e+01 3.551993e+01 2.868088e+01 6.659261e+00 4.772127e+00 1.462257e+00 2.279090e+00 1.616007e+00 2.977231e+00 2.984019e+00 5.413636e+00 1.630172e+00 1.718654e+00 2.810921e+00 7.094361e+00 2.220085e+00 1.428414e+00 3.935907e-01 2.688855e-01 4.355283e-01 3.471994e-01 5.574216e-01 7.525454e-01 9.204108e-01 5.136902e-01 4.888116e-01 4.887022e-01 5.943424e-01 4.142608e-01 1.354606e-01
<GCONST> 1.158342e+02
<STATE> 5
<MEAN> 39
 -5.470901e+00 1.148909e+00 -1.584125e+01 -9.138963e+00 1.417160e+00 -1.082532e+01 -1.881719e+00 -9.849346e+00 4.758488e+00 -5.313773e+00 -6.189551e+00 -9.969059e+00 7.296961e+01 3.389338e+00 -2.575811e+00 -6.268330e-01 -9.139641e-01 4.745837e-01 1.129758e+00 -1.256859e+00 4.298331e-01 -1.223472e-01 2.056243e-02 -1.246956e+00 -5.296428e-01 2.074142e+00 -1.104850e+00 -1.201966e-01 3.834859e-01 7.003382e-01 2.974524e-01 1.975291e-01 6.629969e-01 -1.798739e-02 -2.053056e-02 -6.536271e-02 5.675913e-01 3.570154e-01 -5.616189e-01
<VARIANCE> 39
 1.157687e+01 2.752334e+01 3.520688e+01 2.441315e+01 4.247654e+01 6.698357e+01 7.853398e+01 8.445419e+01 4.043530e+01 1.151123e+02 1.456339e+02 3.031050e+01 2.161671e+01 3.539732e+00 2.091922e+00 4.449528e+00 2.497007e+00 3.140860e+00 4.266941e+00 5.115305e+00 7.614135e+00 3.720791e+00 3.720234e+00 4.554063e+00 3.312769e+00 1.765096e+00 1.330114e-01 4.034257e-01 3.681260e-01 2.206950e-01 4.002116e-01 7.776171e-01 7.816748e-01 6.372150e-01 4.361748e-01 6.491270e-01 6.499293e-01 3.925825e-01 1.647499e-01
<GCONST> 1.257091e+02
<STATE> 6
<MEAN> 39
 -3.191501e-01 -8.187543e+00 -1.092429e+01 -7.922240e+00 4.873556e+00 -8.963693e+00 -3.227490e+00 -5.373089e+00 1.839625e+00 -5.458739e+00 -5.383162e+00 -1.075685e+01 7.569656e+01 3.918573e-01 -2.920450e-01 8.187419e-01 1.248301e-01 -2.231266e-01 -6.991063e-02 -6.635451e-01 7.543005e-02 -1.988522e-01 1.919121e-01 -1.220535e-01 -3.986347e-03 -4.511619e-01 -3.124468e-01 4.719426e-01 2.206697e-01 2.912732e-02 -1.145651e-01 -1.726746e-01 -5.714295e-02 -5.234731e-02 -4.461985e-02 6.445990e-02 1.797768e-01 1.427066e-02 -3.703644e-01
<VARIANCE> 39
 3.926873e+00 2.871394e+01 9.002380e+01 2.173839e+01 5.904392e+01 3.649217e+01 8.545279e+01 1.572759e+02 6.935279e+01 7.005588e+01 1.356615e+02 2.934683e+01 2.135500e+01 1.962090e-01 1.055187e+00 1.079707e+00 7.326190e-01 8.501518e-01 8.894472e-01 1.708249e+00 1.062163e+00 1.231879e+00 1.708665e+00 1.590288e+00 7.751467e-01 4.408778e-01 5.323762e-02 1.004773e-01 2.359868e-01 1.734587e-01 1.991391e-01 2.319982e-01 2.942538e-01 3.607468e-01 2.993399e-01 2.197539e-01 3.839222e-01 1.993214e-01 2.172220e-02
<GCONST> 9.677827e+01
<STATE> 7
<MEAN> 39
 -2.010506e+00 -4.971756e+00 -4.945568e+00 -6.583850e+00 2.883092e+00 -6.866233e+00 -6.159452e+00 -5.546386e+00 3.293753e-01 -4.619966e+00 -4.775292e+00 -1.052808e+01 6.836934e+01 -7.747368e-01 4.763901e-01 8.868139e-01 4.625197e-01 -1.082068e-01 5.142054e-01 2.122751e-01 1.397492e-01 -7.358362e-01 -5.648140e-01 3.374970e-01 -2.753845e-02 -1.488778e+00 -1.479248e-01 -1.726220e-01 -1.393061e-01 -8.846833e-02 -5.442117e-03 5.443224e-02 2.170776e-01 1.319501e-01 -1.082496e-02 -2.583947e-02 1.575582e-02 -3.959710e-02 2.969101e-02
<VARIANCE> 39
 4.577689e+00 1.725964e+01 6.714519e+01 1.687100e+01 2.878278e+01 3.228627e+01 5.392433e+01 9.302875e+01 4.020235e+01 6.221697e+01 7.397611e+01 3.890273e+01 9.472223e+00 3.745697e-01 4.738058e-01 1.335087e+00 8.050441e-01 7.739539e-01 1.472537e+00 1.533674e+00 1.788425e+00 2.130306e+00 1.099133e+00 2.711022e+00 1.114361e+00 2.214977e-01 8.085385e-02 4.632827e-02 7.203949e-02 1.510676e-01 7.369501e-02 1.873463e-01 2.040641e-01 2.216825e-01 3.132879e-01 2.921398e-01 2.348501e-01 1.548578e-01 3.718528e-02
<GCONST> 8.992068e+01
<STATE> 8
<MEAN> 39
 -7.373075e+00 -4.386795e+00 -5.245450e+00 -7.359675e+00 6.542701e-01 -6.285471e+00 -3.894736e+00 -9.454597e+00 -1.757886e+00 -8.878077e+00 -5.047688e+00 -9.896249e+00 6.185457e+01 -7.475197e-01 -1.571583e-01 1.056703e+00 -1.911771e-01 1.196568e-01 1.317892e-01 4.325739e-01 4.435210e-01 -3.766141e-01 -2.517495e-01 1.900780e-01 -1.481626e-01 -7.977450e-01 6.220327e-02 5.160015e-02 -3.367305e-02 -2.262126e-03 2.965547e-02 -1.341833e-01 7.028932e-02 -7.438095e-02 2.056514e-01 6.142313e-02 -5.862740e-02 8.274391e-02 1.481526e-01
<VARIANCE> 39
 5.063975e+00 4.975555e+00 1.353623e+01 1.116393e+01 1.284686e+01 1.057351e+01 2.467917e+01 1.770790e+01 2.312014e+01 2.340140e+01 3.672412e+01 2.197474e+01 4.333333e+00 2.328151e-01 3.476540e-01 4.890403e-01 6.040812e-01 9.575729e-01 7.420145e-01 1.525099e+00 9.793252e-01 1.335626e+00 1.701361e+00 2.037880e+00 1.566621e+00 1.000924e-01 2.971208e-02 3.468521e-02 6.684431e-02 1.545476e-01 1.654427e-01 2.170932e-01 3.016060e-01 1.914069e-01 2.009770e-01 2.468480e-01 3.759560e-01 3.018630e-01 1.621990e-02
<GCONST> 7.444259e+01
<STATE> 9
<MEAN> 39
 -9.736016e+00 -4.244663e+00 9.229673e-02 -7.089705e+00 1.772847e+00 -5.935231e+00 -9.267825e-01 -5.075656e+00 -1.219079e+00 -8.183174e+00 -3.983936e+00 -1.077177e+01 5.948686e+01 -7.412284e-01 1.091982e-01 -2.137485e-01 -1.507827e-01 1.933842e-01 -2.040835e+00 2.607277e-01 -5.765138e-01 9.432885e-01 1.081597e+00 9.434671e-01 1.200553e+00 4.970563e-01 4.544835e-01 1.672164e-01 -3.770992e-01 -3.217682e-01 4.533887e-02 -1.082881e+00 -8.735433e-01 -7.703298e-01 -1.101421e-01 5.842236e-01 2.563994e-01 4.994678e-01 7.510104e-01
<VARIANCE> 39
 7.443264e+00 8.409254e+00 1.131262e+01 1.567181e+01 2.479664e+01 1.036948e+01 3.072271e+01 3.128265e+01 2.571876e+01 2.265353e+01 1.689009e+01 4.268253e+01 2.352418e+00 4.233978e-01 6.969252e-01 2.074283e+00 2.249342e+00 6.708060e+00 5.542341e+00 3.498581e+00 5.472085e+00 2.452965e+00 4.359863e+00 2.774175e+00 4.043413e+00 9.875156e-01 2.635995e-01 2.458619e-01 6.865538e-01 3.039194e-01 1.040547e+00 5.039901e-01 8.573624e-01 8.392954e-01 6.466539e-01 7.159762e-01 7.473440e-01 1.202769e+00 7.209718e-02
<GCONST> 1.100906e+02
<STATE> 10
<MEAN> 39
 -8.535226e+00 -2.763336e+00 -1.910641e+00 -1.024153e+01 3.362686e+00 -1.958504e+01 -6.919942e+00 -1.154034e+01 2.899447e-01 -1.472919e+00 -3.479003e-01 -3.884424e+00 6.604020e+01 2.427831e+00 1.105021e+00 -4.205369e-01 -1.773613e+00 1.550750e-01 -2.790558e+00 -3.706530e+00 -2.921651e+00 -1.331488e+00 2.867860e+00 1.323072e+00 1.248676e+00 2.678555e+00 6.624850e-01 1.713535e-01 5.152639e-02 -1.866789e-01 -1.263274e-01 1.455844e+00 -1.884934e-01 -3.547228e-02 -9.615518e-01 -2.034383e-01 3.052852e-02 -2.604499e-01 -7.199841e-02
<VARIANCE> 39
 2.696283e+01 1.822595e+01 3.704245e+01 2.610748e+01 5.726941e+01 6.906194e+01 1.041081e+02 1.132168e+02 6.617223e+01 5.824314e+01 7.125341e+01 3.593980e+01 2.215742e+01 1.937273e+00 3.405697e+00 7.133342e+00 2.307510e+00 6.130980e+00 8.384415e+00 6.467231e+00 9.570037e+00 6.396357e+00 6.112639e+00 5.713020e+00 7.425322e+00 6.127773e-01 5.217533e-01 3.647089e-01 8.146462e-01 6.199327e-01 1.030040e+00 1.141057e+00 1.328326e+00 1.393590e+00 6.662619e-01 1.335610e+00 6.059096e-01 5.970953e-01 3.671665e-01
<GCONST> 1.375859e+02
<STATE> 11
<MEAN> 39
 -8.818535e-02 7.309984e-01 -1.773241e+00 -1.519505e+01 2.422216e+00 -1.621973e+01 -1.648313e+01 -1.939097e+01 -7.631226e+00 4.631127e+00 2.784355e+00 -3.165483e+00 7.150076e+01 1.551061e+00 8.010615e-01 -6.510921e-01 -9.580477e-01 -2.399216e-01 2.575003e+00 -6.842172e-01 -1.024807e+00 -2.620155e+00 2.481676e-01 1.166831e+00 9.806910e-01 4.830692e-01 -5.615045e-01 -1.396789e-01 -1.613669e-01 1.625068e-01 -7.273709e-02 4.958789e-01 9.453894e-01 8.342717e-01 2.763639e-01 -8.447824e-01 -3.137841e-01 -6.975897e-02 -5.755396e-01
<VARIANCE> 39
 4.938519e+00 3.239030e+01 8.742074e+01 1.673621e+01 7.900060e+01 6.326558e+01 1.444178e+02 2.470445e+02 7.313255e+01 4.647199e+01 1.098317e+02 4.824313e+01 1.095700e+01 2.184386e+00 1.507212e+00 1.557837e+00 1.504414e+00 1.397631e+00 1.608561e+00 2.694699e+00 4.356972e+00 1.641745e+00 4.693610e+00 1.721268e+00 1.673662e+00 4.470019e-01 2.174172e-01 2.582132e-01 5.377665e-01 3.019845e-01 4.559990e-01 9.356571e-01 5.259798e-01 1.356943e+00 4.732318e-01 6.785450e-01 8.133308e-01 3.789046e-01 1.046109e-01
<GCONST> 1.192939e+02
<STATE> 12
<MEAN> 39
 1.523372e+00 2.238574e+00 -4.388865e+00 -1.922445e+01 3.944677e+00 -9.364516e+00 -1.789211e+01 -1.710592e+01 -1.485554e+01 3.441370e+00 6.443794e+00 -3.627854e+00 7.112308e+01 9.509004e-02 5.149063e-01 -3.702073e-01 -2.333656e-01 -8.919366e-01 5.315543e-01 9.933041e-01 9.434997e-02 -1.619660e-01 -1.017111e+00 5.016204e-01 4.057714e-01 -6.113029e-01 -1.818604e-01 -2.561546e-02 2.012041e-01 1.923632e-01 -8.983745e-02 -2.619968e-01 8.666418e-02 8.590481e-02 2.470194e-01 -6.795470e-02 -1.836582e-01 -1.308521e-01 -8.223046e-02
<VARIANCE> 39
 3.090538e+00 2.795570e+01 6.182128e+01 1.348784e+01 4.650262e+01 4.254385e+01 9.057737e+01 1.022635e+02 3.763366e+01 3.658939e+01 5.696967e+01 5.500168e+01 8.558238e+00 3.381978e-01 4.025325e-01 7.022308e-01 9.695698e-01 8.985314e-01 1.670318e+00 1.280556e+00 2.802838e+00 1.610852e+00 2.207757e+00 2.133702e+00 2.311655e+00 1.436823e-01 7.217488e-02 8.298700e-02 9.297271e-02 1.100218e-01 8.174510e-02 1.947819e-01 2.212099e-01 3.045358e-01 1.782668e-01 4.634674e-01 2.889632e-01 4.938074e-01 2.211350e-02
<GCONST> 9.245029e+01
<STATE> 13
<MEAN> 39
 2.234030e+00 6.492990e+00 -6.190241e+00 -1.787440e+01 -8.396465e+00 -9.138398e+00 -4.457936e+00 -1.612611e+01 -1.304112e+01 -8.909019e+00 4.486500e+00 1.661169e+00 6.680843e+01 -3.481251e-01 9.480121e-02 2.581936e-01 1.300094e-01 -7.028169e-01 4.075166e-01 4.801645e-01 6.504478e-01 -6.191126e-02 -8.069625e-01 -7.158863e-01 -1.550937e-01 -3.641214e-01 -1.835070e-01 -1.472000e-01 9.067027e-02 2.228585e-01 1.705093e-01 -1.254442e-01 -8.485200e-02 -3.917443e-02 1.710518e-01 1.691871e-01 8.664046e-02 1.052094e-02 -5.626891e-02
<VARIANCE> 39
 2.012080e+00 5.109205e+00 1.286622e+01 1.105293e+01 2.372641e+01 2.516121e+01 2.225495e+01 3.976486e+01 1.783445e+01 4.037938e+01 2.115012e+01 3.128644e+01 7.849405e-01 2.571785e-01 3.808823e-01 6.171744e-01 9.063333e-01 1.009085e+00 1.057323e+00 9.364830e-01 1.621426e+00 1.804904e+00 1.458479e+00 1.612164e+00 1.729783e+00 9.369143e-02 4.144722e-02 3.670416e-02 1.090880e-01 1.715961e-01 1.667192e-01 2.170133e-01 1.853776e-01 2.555394e-01 3.363351e-01 3.566452e-01 2.383858e-01 3.902317e-01 1.084239e-02
<GCONST> 7.632304e+01
<STATE> 14
<MEAN> 39
 -2.251933e+00 5.109044e+00 -2.305309e+00 -1.326746e+01 -6.688015e+00 -7.839941e+00 -6.131453e+00 -1.425982e+01 -1.131075e+01 -7.559476e+00 4.679759e+00 2.228946e+00 6.414624e+01 -8.265334e-01 -1.084985e-01 1.247037e+00 1.583544e+00 4.909430e-01 -2.463391e-01 1.578356e-01 8.135004e-04 3.309568e-01 -6.192271e-01 -1.237195e-01 -3.376566e-01 -6.373183e-01 3.420751e-02 1.999804e-02 1.268077e-01 6.199337e-02 1.299855e-01 1.750369e-02 -3.198959e-02 -8.614514e-02 -5.368931e-02 4.738119e-02 2.884192e-02 -2.185562e-01 4.266103e-02
<VARIANCE> 39
 5.214977e+00 9.005259e+00 2.359561e+01 2.478923e+01 2.897096e+01 1.839537e+01 3.255333e+01 3.185254e+01 1.633440e+01 2.738474e+01 1.604922e+01 4.351192e+01 1.798289e+00 3.363100e-01 4.381970e-01 3.417643e-01 5.740765e-01 1.702443e+00 1.686447e+00 2.150472e+00 2.273729e+00 9.863114e-01 1.644104e+00 1.315033e+00 9.863225e-01 1.042241e-01 3.175202e-02 4.283266e-02 6.198780e-02 1.384847e-01 2.056922e-01 3.291183e-01 2.880536e-01 3.550514e-01 2.070654e-01 1.965271e-01 2.288288e-01 2.094841e-01 1.269324e-02
<GCONST> 7.900272e+01
<STATE> 15
<MEAN> 39
 -4.603479e+00 5.901231e+00 4.766359e+00 -4.791751e+00 -2.045056e+00 -8.153728e+00 -4.936805e+00 -1.503580e+01 -9.047090e+00 -8.431806e+00 3.031691e+00 -8.641179e-01 6.216153e+01 -8.867786e-01 -4.366980e-01 3.554074e-01 8.298927e-01 -1.334089e-01 -3.133689e-01 2.529900e-01 4.043856e-02 6.073474e-01 -7.240452e-02 -2.292702e-02 -3.494053e-01 -4.830579e-01 -5.748152e-02 -1.788890e-01 -3.183096e-01 -2.678306e-01 -1.993064e-01 -6.316689e-02 -4.358317e-02 2.584611e-03 -6.036405e-02 -5.048686e-02 -2.913825e-02 1.407940e-01 1.365341e-02
<VARIANCE> 39
 3.607581e+00 7.339932e+00 1.785611e+01 2.605289e+01 2.124341e+01 8.514482e+00 3.176336e+01 2.739883e+01 2.473141e+01 1.441986e+01 2.619416e+01 5.470134e+01 8.730226e-01 2.392970e-01 4.383695e-01 8.573856e-01 8.791850e-01 9.787142e-01 7.483967e-01 1.351277e+00 1.322433e+00 1.964734e+00 1.508631e+00 1.245986e+00 2.294240e+00 4.608775e-02 2.605647e-02 5.847448e-02 7.333084e-02 8.115220e-02 1.296515e-01 2.052786e-01 2.341121e-01 2.988356e-01 3.696536e-01 2.353867e-01 3.187459e-01 2.375513e-01 7.048018e-03
<GCONST> 7.498804e+01
<STATE> 16
<MEAN> 39
 -8.810246e+00 9.958109e-01 -3.675090e-01 -8.366072e+00 -6.194423e+00 -9.623571e+00 -5.211322e+00 -1.493277e+01 -8.171725e+00 -1.062522e+01 3.196643e+00 -2.447517e+00 6.041064e+01 -8.149526e-01 -4.806034e-01 2.482706e-01 6.776320e-01 3.892290e-01 3.148615e-01 1.232757e-01 6.204946e-03 3.514279e-01 -1.490450e-01 -2.675185e-01 -1.688991e-02 -4.746493e-01 1.055499e-01 1.337843e-01 7.365865e-02 6.021342e-02 1.141140e-01 1.252622e-01 3.664045e-02 4.742208e-02 1.749214e-02 7.396974e-02 -1.007032e-01 4.268084e-02 4.862361e-02
<VARIANCE> 39
 2.320187e+00 5.384721e+00 1.379828e+01 2.132424e+01 1.324791e+01 1.391078e+01 1.537002e+01 1.640097e+01 1.480990e+01 1.200383e+01 1.217896e+01 2.747794e+01 9.786752e-01 6.117189e-02 2.761410e-01 6.313282e-01 7.570705e-01 7.460370e-01 8.264863e-01 7.904342e-01 7.565222e-01 1.888010e+00 1.532993e+00 9.203678e-01 1.365600e+00 2.263551e-02 1.869752e-02 1.966143e-02 8.985716e-02 1.300016e-01 1.526102e-01 1.603774e-01 1.598366e-01 1.710308e-01 2.634742e-01 2.827734e-01 1.548574e-01 3.291806e-01 5.629049e-03
<GCONST> 6.287043e+01
<STATE> 17
<MEAN> 39
 -1.143993e+01 1.766917e+00 4.737319e+00 -2.629568e+00 -3.792004e+00 -9.137608e+00 -4.566080e+00 -1.686400e+01 -1.028527e+01 -1.261891e+01 1.353888e+00 -3.300031e-01 5.845920e+01 -6.487641e-01 -3.798308e-01 -1.094304e-02 1.914411e-01 2.920646e-02 3.888311e-03 1.603744e-01 7.191880e-01 1.809849e-01 -4.121320e-01 -5.582641e-01 -4.791041e-01 -2.756870e-01 1.360501e-02 -5.971685e-02 -1.014694e-01 -1.396529e-01 2.113632e-02 5.887143e-02 1.177366e-01 1.862583e-01 1.710576e-01 9.574375e-02 2.326930e-02 -8.383103e-02 3.150051e-02
<VARIANCE> 39
 3.650990e+00 6.472111e+00 9.087943e+00 1.179733e+01 4.124881e+01 1.307708e+01 2.363395e+01 2.893671e+01 3.272082e+01 2.070000e+01 1.749092e+01 4.261917e+01 1.213720e+00 9.972200e-02 2.935435e-01 5.505407e-01 1.096812e+00 9.494839e-01 8.723035e-01 1.507223e+00 2.209288e+00 6.231056e-01 1.631063e+00 2.025284e+00 2.036696e+00 3.804766e-02 1.597818e-02 5.194081e-02 7.615106e-02 1.552324e-01 1.449878e-01 1.598199e-01 3.041100e-01 2.119395e-01 1.725553e-01 3.192170e-01 2.671616e-01 3.132661e-01 6.383318e-03
<GCONST> 7.232961e+01
<STATE> 18
<MEAN> 39
 -1.410850e+01 -1.710106e+00 2.031400e+00 -2.748662e+00 -1.028595e+00 -7.503789e+00 -2.300347e+00 -8.270068e+00 -9.736767e-01 -8.557993e+00 -2.586688e-02 -5.188399e+00 5.783507e+01 -3.927729e-01 -3.664017e-01 -6.638905e-02 5.401161e-02 3.911579e-01 3.615570e-01 5.550366e-01 5.289536e-01 5.451395e-01 2.613755e-01 -8.737922e-03 4.528155e-02 -1.529192e-01 4.310251e-03 -1.796517e-02 -3.503779e-02 6.923079e-03 -1.170558e-02 5.038409e-02 2.153144e-02 -8.598049e-02 -1.845295e-01 -9.739255e-02 3.100528e-02 5.348892e-02 -3.777184e-03
<VARIANCE> 39
 2.349065e+00 5.512586e+00 7.440515e+00 9.691148e+00 1.362819e+01 1.477419e+01 2.442921e+01 2.686036e+01 3.457621e+01 2.013445e+01 1.571316e+01 1.612086e+01 4.421453e-01 1.903154e-01 3.507955e-01 5.448728e-01 6.479966e-01 8.738438e-01 1.353631e+00 1.840858e+00 9.801148e-01 1.994477e+00 1.158456e+00 1.572051e+00 1.342341e+00 3.073015e-02 3.049804e-02 4.948204e-02 9.330567e-02 1.245096e-01 1.403499e-01 2.565126e-01 3.376752e-01 2.056756e-01 3.817968e-01 2.337653e-01 3.428628e-01 2.727488e-01 4.591071e-03
<GCONST> 6.957171e+01
<STATE> 19
<MEAN> 39
 -1.671622e+01 -3.890180e+00 1.666651e+00 -2.701490e+00 -6.183199e-01 -4.990492e+00 1.032698e+00 -7.843605e+00 -4.820091e+00 -1.235820e+01 -1.366190e+00 -3.052763e+00 5.658075e+01 -4.128105e-01 -4.227008e-01 -2.805093e-01 1.759284e-01 4.206113e-01 5.516564e-01 5.703349e-01 5.107977e-01 -1.380949e-01 -8.543588e-02 -1.357614e-01 8.832262e-02 -1.619537e-01 7.457991e-02 6.394818e-02 -1.862705e-02 5.408121e-02 -1.399475e-02 -1.899723e-01 -3.555335e-01 -1.465467e-01 1.666492e-01 1.847177e-01 7.255888e-02 -5.954942e-02 3.552195e-02
<VARIANCE> 39
 3.355436e+00 5.183365e+00 8.731619e+00 1.882511e+01 2.230493e+01 1.414606e+01 3.192303e+01 2.826091e+01 2.968279e+01 4.052867e+01 2.964099e+01 3.873837e+01 1.102688e+00 1.064791e-01 2.256915e-01 5.040658e-01 7.554455e-01 1.168156e+00 7.817895e-01 1.676040e+00 1.362296e+00 2.097285e+00 2.303302e+00 1.524180e+00 2.083591e+00 4.992552e-02 1.545106e-02 3.761269e-02 1.043878e-01 1.768464e-01 2.135873e-01 1.439612e-01 2.903069e-01 2.414680e-01 4.457889e-01 5.031576e-01 5.634836e-01 6.219077e-01 8.549864e-03
<GCONST> 7.731749e+01
<TRANSP> 20
 0.000000e+00 1.000000e+00 0.000000e+00 0.000000e+00 0.000000e+00 0.000000e+00 0.000000e+00 0.000000e+00 0.000000e+00 0.000000e+00 0.000000e+00 0.000000e+00 0.000000e+00 0.000000e+00 0.000000e+00 0.000000e+00 0.000000e+00 0.000000e+00 0.000000e+00 0.000000e+00
 0.000000e+00 7.640325e-01 2.359676e-01 0.000000e+00 0.000000e+00 0.000000e+00 0.000000e+00 0.000000e+00 0.000000e+00 0.000000e+00 0.000000e+00 0.000000e+00 0.000000e+00 0.000000e+00 0.000000e+00 0.000000e+00 0.000000e+00 0.000000e+00 0.000000e+00 0.000000e+00
 0.000000e+00 0.000000e+00 7.795533e-01 2.204467e-01 0.000000e+00 0.000000e+00 0.000000e+00 0.000000e+00 0.000000e+00 0.000000e+00 0.000000e+00 0.000000e+00 0.000000e+00 0.000000e+00 0.000000e+00 0.000000e+00 0.000000e+00 0.000000e+00 0.000000e+00 0.000000e+00
 0.000000e+00 0.000000e+00 0.000000e+00 7.430919e-01 2.569081e-01 0.000000e+00 0.000000e+00 0.000000e+00 0.000000e+00 0.000000e+00 0.000000e+00 0.000000e+00 0.000000e+00 0.000000e+00 0.000000e+00 0.000000e+00 0.000000e+00 0.000000e+00 0.000000e+00 0.000000e+00
 0.000000e+00 0.000000e+00 0.000000e+00 0.000000e+00 7.205333e-01 2.794667e-01 0.000000e+00 0.000000e+00 0.000000e+00 0.000000e+00 0.000000e+00 0.000000e+00 0.000000e+00 0.000000e+00 0.000000e+00 0.000000e+00 0.000000e+00 0.000000e+00 0.000000e+00 0.000000e+00
 0.000000e+00 0.000000e+00 0.000000e+00 0.000000e+00 0.000000e+00 8.141862e-01 1.858138e-01 0.000000e+00 0.000000e+00 0.000000e+00 0.000000e+00 0.000000e+00 0.000000e+00 0.000000e+00 0.000000e+00 0.000000e+00 0.000000e+00 0.000000e+00 0.000000e+00 0.000000e+00
 0.000000e+00 0.000000e+00 0.000000e+00 0.000000e+00 0.000000e+00 0.000000e+00 7.930740e-01 2.069260e-01 0.000000e+00 0.000000e+00 0.000000e+00 0.000000e+00 0.000000e+00 0.000000e+00 0.000000e+00 0.000000e+00 0.000000e+00 0.000000e+00 0.000000e+00 0.000000e+00
 0.000000e+00 0.000000e+00 0.000000e+00 0.000000e+00 0.000000e+00 0.000000e+00 0.000000e+00 8.393602e-01 1.606398e-01 0.000000e+00 0.000000e+00 0.000000e+00 0.000000e+00 0.000000e+00 0.000000e+00 0.000000e+00 0.000000e+00 0.000000e+00 0.000000e+00 0.000000e+00
 0.000000e+00 0.000000e+00 0.000000e+00 0.000000e+00 0.000000e+00 0.000000e+00 0.000000e+00 0.000000e+00 6.649067e-01 3.350933e-01 0.000000e+00 0.000000e+00 0.000000e+00 0.000000e+00 0.000000e+00 0.000000e+00 0.000000e+00 0.000000e+00 0.000000e+00 0.000000e+00
 0.000000e+00 0.000000e+00 0.000000e+00 0.000000e+00 0.000000e+00 0.000000e+00 0.000000e+00 0.000000e+00 0.000000e+00 6.663992e-01 3.336008e-01 0.000000e+00 0.000000e+00 0.000000e+00 0.000000e+00 0.000000e+00 0.000000e+00 0.000000e+00 0.000000e+00 0.000000e+00
 0.000000e+00 0.000000e+00 0.000000e+00 0.000000e+00 0.000000e+00 0.000000e+00 0.000000e+00 0.000000e+00 0.000000e+00 0.000000e+00 6.623908e-01 3.376092e-01 0.000000e+00 0.000000e+00 0.000000e+00 0.000000e+00 0.000000e+00 0.000000e+00 0.000000e+00 0.000000e+00
 0.000000e+00 0.000000e+00 0.000000e+00 0.000000e+00 0.000000e+00 0.000000e+00 0.000000e+00 0.000000e+00 0.000000e+00 0.000000e+00 0.000000e+00 8.228297e-01 1.771704e-01 0.000000e+00 0.000000e+00 0.000000e+00 0.000000e+00 0.000000e+00 0.000000e+00 0.000000e+00
 0.000000e+00 0.000000e+00 0.000000e+00 0.000000e+00 0.000000e+00 0.000000e+00 0.000000e+00 0.000000e+00 0.000000e+00 0.000000e+00 0.000000e+00 0.000000e+00 8.058025e-01 1.941976e-01 0.000000e+00 0.000000e+00 0.000000e+00 0.000000e+00 0.000000e+00 0.000000e+00
 0.000000e+00 0.000000e+00 0.000000e+00 0.000000e+00 0.000000e+00 0.000000e+00 0.000000e+00 0.000000e+00 0.000000e+00 0.000000e+00 0.000000e+00 0.000000e+00 0.000000e+00 7.538740e-01 2.461260e-01 0.000000e+00 0.000000e+00 0.000000e+00 0.000000e+00 0.000000e+00
 0.000000e+00 0.000000e+00 0.000000e+00 0.000000e+00 0.000000e+00 0.000000e+00 0.000000e+00 0.000000e+00 0.000000e+00 0.000000e+00 0.000000e+00 0.000000e+00 0.000000e+00 0.000000e+00 7.283127e-01 2.716873e-01 0.000000e+00 0.000000e+00 0.000000e+00 0.000000e+00
 0.000000e+00 0.000000e+00 0.000000e+00 0.000000e+00 0.000000e+00 0.000000e+00 0.000000e+00 0.000000e+00 0.000000e+00 0.000000e+00 0.000000e+00 0.000000e+00 0.000000e+00 0.000000e+00 0.000000e+00 7.452159e-01 2.547841e-01 0.000000e+00 0.000000e+00 0.000000e+00
 0.000000e+00 0.000000e+00 0.000000e+00 0.000000e+00 0.000000e+00 0.000000e+00 0.000000e+00 0.000000e+00 0.000000e+00 0.000000e+00 0.000000e+00 0.000000e+00 0.000000e+00 0.000000e+00 0.000000e+00 0.000000e+00 7.918927e-01 2.081074e-01 0.000000e+00 0.000000e+00
 0.000000e+00 0.000000e+00 0.000000e+00 0.000000e+00 0.000000e+00 0.000000e+00 0.000000e+00 0.000000e+00 0.000000e+00 0.000000e+00 0.000000e+00 0.000000e+00 0.000000e+00 0.000000e+00 0.000000e+00 0.000000e+00 0.000000e+00 8.196166e-01 1.803835e-01 0.000000e+00
 0.000000e+00 0.000000e+00 0.000000e+00 0.000000e+00 0.000000e+00 0.000000e+00 0.000000e+00 0.000000e+00 0.000000e+00 0.000000e+00 0.000000e+00 0.000000e+00 0.000000e+00 0.000000e+00 0.000000e+00 0.000000e+00 0.000000e+00 0.000000e+00 6.901353e-01 3.098647e-01
 0.000000e+00 0.000000e+00 0.000000e+00 0.000000e+00 0.000000e+00 0.000000e+00 0.000000e+00 0.000000e+00 0.000000e+00 0.000000e+00 0.000000e+00 0.000000e+00 0.000000e+00 0.000000e+00 0.000000e+00 0.000000e+00 0.000000e+00 0.000000e+00 0.000000e+00 0.000000e+00
<ENDHMM>
