~o
<STREAMINFO> 1 39
<VECSIZE> 39<NULLD><MFCC_D_A_0><DIAGC>
~h "sebelas"
<BEGINHMM>
<NUMSTATES> 20
<STATE> 2
<MEAN> 39
 -1.910740e+01 -5.567062e+00 -4.138217e+00 -3.753153e+00 2.627651e+00 -4.554749e+00 3.562420e+00 -5.300991e+00 2.518232e+00 -7.324979e+00 -6.886487e-01 -7.407963e+00 5.690526e+01 -9.343735e-01 1.433813e+00 -9.523752e-01 4.095698e-01 4.005014e-02 -1.263097e+00 9.556412e-01 -1.543692e+00 5.918460e-01 -4.746883e-01 6.453085e-01 4.129956e-01 5.779695e-01 -3.563497e-01 4.624807e-01 -3.110163e-01 2.647318e-01 2.102942e-02 -7.237238e-02 2.916230e-01 -2.013600e-01 1.065103e-01 -1.061081e-01 3.548461e-02 1.100557e-02 1.726765e-01
<VARIANCE> 39
 5.590742e+00 8.089375e+00 5.002572e+00 9.514344e+00 1.699817e+01 1.777662e+01 3.135758e+01 3.075612e+01 2.016054e+01 1.630831e+01 1.269580e+01 1.879520e+01 1.247404e+00 1.079795e+00 2.476806e+00 1.201805e+00 1.742765e+00 2.477036e+00 2.481497e+00 4.150961e+00 2.936377e+00 1.887124e+00 1.709735e+00 2.483760e+00 1.826802e+00 3.166566e-01 9.304621e-02 2.343272e-01 1.733161e-01 2.868978e-01 4.431510e-01 3.660307e-01 6.315548e-01 5.363014e-01 2.866070e-01 2.630069e-01 3.909734e-01 2.383753e-01 2.555984e-02
<GCONST> 9.264533e+01
<STATE> 3
<MEAN> 39
 -2.850631e+01 7.658301e+00 -1.224990e+01 8.699779e-01 5.537625e+00 -1.117450e+01 1.222670e+01 -1.133476e+01 6.036402e+00 -7.934067e+00 1.189161e+00 -4.590827e+00 6.248726e+01 2.110482e-01 1.265798e+00 -1.210650e-01 5.037625e-02 -4.484383e-01 -1.345114e+00 -5.270530e-01 -1.812713e-01 -3.816113e-01 5.891635e-01 -3.231501e-01 3.194393e-01 8.121530e-01 1.080845e+00 -5.151195e-01 5.811458e-01 -4.337636e-01 -3.820743e-01 -1.268102e-01 -9.888524e-01 1.117641e-01 -2.134655e-01 1.983793e-01 -1.828913e-01 -2.056863e-01 4.053698e-02
<VARIANCE> 39
 1.015890e+01 1.450696e+01 1.057989e+01 1.708605e+01 4.696692e+01 2.017479e+01 2.755789e+01 2.398412e+01 2.365959e+01 4.051616e+01 3.452544e+01 2.239358e+01 3.620780e+00 6.639283e+00 2.538332e+00 2.979101e+00 2.455868e+00 3.402004e+00 2.853808e+00 5.743073e+00 2.871696e+00 2.543639e+00 1.537974e+00 2.638065e+00 1.407562e+00 3.394863e-01 5.013891e-01 2.218360e-01 2.056495e-01 3.643475e-01 6.728228e-01 8.990076e-01 8.761040e-01 8.617535e-01 5.313970e-01 2.915668e-01 6.797487e-01 3.623474e-01 1.329741e-01
<GCONST> 1.106490e+02
<STATE> 4
<MEAN> 39
 -1.174885e+01 7.828960e+00 -6.584715e+00 -4.465798e+00 -1.467359e+00 -2.044981e+01 -4.631019e+00 -1.253043e+01 3.590800e+00 -4.118594e+00 -6.431599e-01 -7.177973e+00 6.903851e+01 4.752070e+00 -6.958055e-01 6.717276e-01 -1.710631e+00 -2.287823e-01 -8.064436e-01 -4.422397e+00 -4.829239e-01 -2.352276e-01 7.950470e-01 5.641065e-01 -1.056777e+00 2.060646e+00 -6.819178e-01 -8.588050e-02 -3.257619e-01 1.454540e-01 9.896945e-01 9.858707e-01 8.846269e-01 2.520221e-01 -8.125823e-02 -2.371718e-01 2.812804e-01 7.910550e-02 -2.785695e-01
<VARIANCE> 39
 5.463000e+01 2.084629e+01 1.735139e+01 1.857406e+01 1.102674e+02 7.854459e+01 9.229597e+01 1.001310e+02 3.694645e+01 9.658469e+01 3.161362e+01 2.240684e+01 1.992725e+01 2.415826e+00 1.551756e+00 1.573653e+00 1.775294e+00 8.813206e+00 9.539957e+00 9.795656e+00 1.088513e+01 4.928547e+00 2.660342e+00 2.918808e+00 1.675089e+00 1.064754e+00 7.933396e-01 2.158447e-01 1.752691e-01 4.181609e-01 7.462192e-01 9.184608e-01 1.676533e+00 1.022233e+00 1.000569e+00 6.333357e-01 3.541541e-01 2.898610e-01 4.869857e-01
<GCONST> 1.284274e+02
<STATE> 5
<MEAN> 39
 -2.167551e+00 5.193094e+00 -3.731519e+00 -8.063029e+00 7.232490e+00 -1.398663e+01 -1.052447e+01 -8.925844e+00 3.438534e-01 -3.354073e+00 4.528247e+00 -7.771821e+00 7.120533e+01 4.363604e-01 3.413855e-01 1.010095e+00 4.532333e-01 1.931073e-01 1.667101e+00 5.706515e-01 -5.865264e-02 -8.550294e-01 -7.950589e-01 -5.426887e-01 -1.792549e-01 -1.019361e+00 -4.680809e-01 8.760490e-02 1.957320e-01 3.667408e-01 -2.779832e-01 -7.406299e-02 3.644979e-01 1.687834e-01 -3.090342e-04 -2.303315e-01 -3.439306e-01 -3.118720e-02 -3.041113e-01
<VARIANCE> 39
 1.219945e+01 2.568054e+01 3.086965e+01 1.606306e+01 1.376948e+02 7.661456e+01 5.836347e+01 2.122232e+02 2.259222e+01 6.604858e+01 4.542690e+01 3.735274e+01 1.374309e+01 5.715472e-01 2.224985e-01 5.023281e-01 1.435113e+00 3.418439e+00 1.603045e+00 1.440752e+00 2.795741e+00 2.588065e+00 3.132104e+00 2.563055e+00 2.709526e+00 3.031609e-01 1.850727e-01 1.354909e-01 1.290032e-01 2.076960e-01 4.232090e-01 4.426101e-01 6.710516e-01 9.024149e-01 3.973934e-01 4.657379e-01 4.473803e-01 3.704290e-01 1.890695e-01
<GCONST> 1.085938e+02
<STATE> 6
<MEAN> 39
 -2.987520e+00 7.486029e+00 5.729973e-01 -3.704043e+00 7.342456e-02 -9.669660e+00 -6.798131e+00 -1.431044e+01 -3.217304e+00 -7.630880e+00 -1.687347e+00 -9.648998e+00 6.556715e+01 4.920389e-01 -6.471825e-01 3.504788e-01 -2.163481e-01 -3.637200e-01 7.543301e-01 -6.373184e-01 -9.857181e-01 -7.687680e-01 7.467157e-01 7.509472e-01 3.063575e-01 -1.396802e-01 2.415053e-01 -3.991605e-01 -5.599985e-01 -4.950935e-01 -2.179086e-01 -1.103583e-01 -4.591025e-01 -6.067435e-01 3.058030e-01 8.812618e-01 4.521172e-01 7.030091e-02 4.322989e-01
<VARIANCE> 39
 6.607783e+00 9.063000e+00 1.910490e+01 1.093547e+01 4.362312e+01 5.897208e+01 3.059620e+01 3.253624e+01 2.163664e+01 3.691788e+01 5.602126e+01 5.809153e+01 2.336405e+00 4.351168e-01 9.296085e-01 2.145464e+00 1.650248e+00 1.689176e+00 2.487964e+00 2.460017e+00 5.874635e+00 1.804742e+00 4.452837e+00 2.370733e+00 2.380539e+00 6.138066e-01 7.195722e-02 1.210080e-01 3.321397e-01 2.669846e-01 5.136012e-01 4.491325e-01 3.040859e-01 7.501764e-01 5.364845e-01 6.393331e-01 4.438561e-01 6.372423e-01 6.844999e-02
<GCONST> 1.041535e+02
<STATE> 7
<MEAN> 39
 2.001395e+00 2.214104e-02 -4.313885e+00 -9.582004e+00 -2.974931e+00 -7.520672e+00 -1.404006e+01 -2.248483e+01 -1.003225e+00 4.207800e+00 4.496140e+00 -9.195668e+00 6.963453e+01 1.106759e+00 -2.342769e+00 -1.107107e+00 -1.446783e+00 -6.263947e-01 1.161887e-01 -1.544765e+00 -2.783027e-01 2.241787e+00 2.334657e+00 -3.398097e-01 -1.147450e+00 1.386188e+00 -2.510385e-01 1.584295e-01 4.431421e-01 2.613754e-01 3.729667e-01 -5.613998e-02 3.583191e-01 1.084372e+00 1.000883e-01 -8.595606e-01 -6.861983e-01 -2.063994e-01 -1.671963e-01
<VARIANCE> 39
 7.174919e+00 2.314355e+01 4.859463e+01 2.006503e+01 8.263750e+01 4.794683e+01 1.656314e+01 7.907867e+01 4.845942e+01 1.220738e+02 6.105614e+01 4.441016e+01 5.219779e+00 3.588501e-01 1.078772e+00 5.350236e+00 2.622691e+00 6.641052e+00 4.891792e+00 1.838359e+00 8.909017e+00 3.614538e+00 9.227388e+00 3.667969e+00 2.047046e+00 5.450431e-01 4.882295e-02 3.259691e-01 4.806947e-01 2.706490e-01 6.215243e-01 7.403041e-01 3.198535e-01 4.443437e-01 8.761246e-01 1.179588e+00 3.624751e-01 4.164399e-01 1.596229e-01
<GCONST> 1.176625e+02
<STATE> 8
<MEAN> 39
 3.251800e+00 -7.757817e+00 5.143543e-02 -1.546068e+01 -7.439765e+00 6.793351e-01 -1.327101e+01 -2.172794e+01 7.015858e+00 8.279777e+00 2.710536e-02 -1.223796e+01 7.178516e+01 -9.031560e-02 -3.609622e-01 -2.031953e-01 -9.906868e-03 6.198663e-01 3.173958e-01 4.104466e-01 1.283150e+00 -4.571418e-01 -1.028042e+00 -1.274932e+00 -3.421881e-01 3.024372e-02 -1.295855e-01 2.988371e-01 -9.262227e-03 1.814854e-01 -2.859289e-02 -1.267467e-01 1.261373e-01 -1.378189e-01 -5.061434e-01 -1.306595e-01 9.933954e-02 2.438421e-01 -1.851163e-01
<VARIANCE> 39
 3.986936e+00 3.017634e+01 4.414803e+01 2.642982e+01 1.181981e+02 9.851251e+01 3.688018e+01 1.926394e+02 5.347888e+01 8.385464e+01 8.649821e+01 2.914053e+01 3.530272e+00 2.119922e-01 6.346789e-01 8.954359e-01 1.393598e+00 9.499361e-01 1.868559e+00 2.173150e+00 2.797930e+00 2.327007e+00 1.596213e+00 2.821498e+00 2.461918e+00 1.782789e-01 3.239903e-02 1.725173e-01 2.639894e-01 2.660847e-01 3.355638e-01 2.789621e-01 3.765241e-01 6.107079e-01 5.743335e-01 3.961502e-01 5.886057e-01 3.833428e-01 5.888036e-02
<GCONST> 1.039001e+02
<STATE> 9
<MEAN> 39
 2.084728e+00 -2.849553e+00 -4.809347e+00 -1.087004e+01 2.634146e+00 -1.356475e+01 -1.621503e+01 -9.172891e+00 -3.382225e+00 -9.340832e-01 -4.341321e+00 -1.084472e+01 7.054511e+01 -8.113494e-02 3.826254e-02 2.336950e-03 -1.996498e-01 1.223904e-01 -1.885814e-01 7.353603e-02 3.386426e-01 -2.932682e-01 1.006995e-02 -2.975785e-01 1.721716e-01 -1.353174e-01 1.921729e-02 -6.075556e-02 -9.472232e-02 -5.629437e-02 3.545543e-03 5.004701e-02 9.259896e-02 1.112830e-01 3.068948e-01 -2.079539e-02 -1.375793e-02 -5.569941e-02 6.438377e-02
<VARIANCE> 39
 2.867581e+00 1.392231e+01 2.455038e+01 1.116542e+01 5.741526e+01 1.747202e+02 4.502579e+01 2.149574e+02 4.323221e+01 7.975384e+01 1.425685e+02 7.299780e+01 4.524830e+00 1.243836e-01 4.804793e-01 7.505704e-01 7.553183e-01 7.803962e-01 9.744548e-01 1.010183e+00 2.485396e+00 2.204431e+00 1.740935e+00 1.690352e+00 1.389493e+00 1.227375e-01 1.311977e-02 8.165304e-02 1.332947e-01 1.302406e-01 7.684013e-02 1.435495e-01 1.641407e-01 4.789301e-01 2.407028e-01 2.669222e-01 2.410409e-01 2.142879e-01 2.466425e-02
<GCONST> 8.828372e+01
<STATE> 10
<MEAN> 39
 2.505039e+00 -7.094393e+00 -7.117684e+00 -1.436751e+01 1.520062e+00 -5.966279e+00 -1.104799e+01 -8.075631e+00 1.959573e+00 -1.175438e+00 -9.792939e+00 -1.424246e+01 7.173331e+01 -3.460500e-01 -1.096993e+00 8.267842e-03 -8.187436e-02 -1.627381e-01 2.466895e-01 1.636455e+00 2.049803e+00 8.874816e-01 -1.008090e+00 -1.423608e+00 2.657768e-01 5.287102e-01 -1.338858e-01 -8.684658e-03 2.349032e-01 2.629130e-01 -1.233900e-02 -6.113719e-02 1.896135e-01 -8.077157e-02 -2.666443e-01 -9.767142e-02 2.622351e-02 1.115415e-01 -5.990878e-03
<VARIANCE> 39
 4.460398e+00 2.937183e+01 4.052129e+01 8.313631e+00 7.830737e+01 8.857563e+01 8.756462e+01 1.364131e+02 4.368936e+01 7.934481e+01 1.837031e+02 5.962924e+01 8.840309e+00 2.115156e-01 3.652761e+00 2.000013e+00 1.110639e+00 6.201144e-01 1.232597e+00 1.800941e+00 2.736727e+00 3.446310e+00 1.715943e+00 2.044702e+00 2.493118e+00 5.538024e-01 2.737549e-02 3.796584e-01 1.888401e-01 1.344871e-01 1.879733e-01 3.087534e-01 2.915321e-01 5.212720e-01 6.138105e-01 3.474017e-01 3.938415e-01 2.398014e-01 5.840334e-02
<GCONST> 1.052021e+02
<STATE> 11
<MEAN> 39
 -3.213467e-01 -1.175527e+01 -5.263036e+00 -1.046535e+01 3.285163e+00 -1.246001e+01 -3.735429e+00 1.911144e+00 -3.140268e+00 -6.687992e+00 -1.240198e+01 -8.519786e+00 7.540309e+01 -3.015426e-01 3.675708e-01 4.873801e-01 6.645851e-01 -2.342395e-01 -5.437341e-01 5.563051e-01 -3.832783e-01 -8.839289e-01 -9.360604e-01 1.186940e-01 7.592704e-01 -2.650055e-01 -5.260921e-02 3.411660e-01 3.763654e-02 2.206807e-01 1.381161e-01 -4.456409e-02 -2.769624e-01 -4.387331e-01 -1.035303e-01 -2.187458e-02 2.291564e-01 6.779028e-02 -2.071531e-01
<VARIANCE> 39
 2.650821e+00 1.884846e+01 4.292311e+01 1.775215e+01 5.245062e+01 1.401968e+02 2.912157e+01 9.548820e+01 6.032221e+01 3.208753e+01 6.350908e+01 8.495151e+01 1.412505e+01 3.309952e-01 1.007075e+00 1.120642e+00 1.507828e+00 3.121923e+00 2.091249e+00 1.423895e+00 2.415487e+00 1.883738e+00 1.304875e+00 1.191458e+00 2.788141e+00 4.067585e-01 7.246583e-02 2.025833e-01 2.250817e-01 3.869311e-01 4.026298e-01 3.227872e-01 2.716756e-01 3.725522e-01 4.885257e-01 2.127809e-01 2.236581e-01 5.968449e-01 2.579163e-02
<GCONST> 1.026767e+02
<STATE> 12
<MEAN> 39
 -3.158613e+00 -6.075246e+00 -2.115367e+00 -5.359304e+00 1.540316e+00 -9.794114e+00 -2.775381e+00 -5.694149e+00 -2.419672e+00 -1.171641e+01 -1.224975e+01 -6.687506e+00 6.952670e+01 -1.876652e+00 2.028921e+00 -4.895086e-01 2.232087e+00 7.187442e-01 6.760839e-02 1.045925e+00 -1.301855e+00 8.611366e-01 -1.160060e+00 1.226683e+00 -4.940164e-01 -8.252962e-01 -6.862423e-01 6.618519e-01 -7.891865e-01 -5.614690e-02 -1.617112e-01 -1.537296e-01 7.248245e-01 -1.316826e-01 6.985769e-01 1.114522e-01 1.736510e-01 -4.606687e-01 2.278307e-01
<VARIANCE> 39
 9.195726e+00 1.015636e+01 1.271983e+01 1.765652e+01 3.226311e+01 1.541666e+02 2.746597e+01 4.559869e+01 6.097792e+01 4.495308e+01 7.429958e+01 3.142653e+01 1.232775e+01 9.670358e-01 2.087092e+00 1.917925e+00 1.575548e+00 2.135658e+00 2.781249e+00 2.915931e+00 3.591794e+00 4.540388e+00 1.421111e+00 2.984228e+00 1.587036e+00 2.962231e-01 1.409371e-01 1.930210e-01 1.020873e-01 3.066722e-01 4.154938e-01 5.944142e-01 3.671620e-01 2.363513e-01 5.901392e-01 1.523660e-01 4.570960e-01 2.147298e-01 6.194199e-02
<GCONST> 1.051757e+02
<STATE> 13
<MEAN> 39
 -1.516743e+01 7.303895e+00 -9.997103e+00 5.466130e-01 2.129032e+00 -1.065919e+01 6.620858e+00 -1.106544e+01 3.746740e+00 -1.274804e+01 -7.928008e+00 -1.007597e+01 6.978588e+01 -3.505300e+00 3.545176e+00 -2.369621e+00 1.216408e+00 6.975489e-02 -1.397497e+00 2.352394e+00 -4.919664e-01 1.829022e-01 1.452651e-01 3.259633e-01 -2.621533e-01 2.761870e-01 2.936057e-01 -4.218955e-01 2.246036e-01 -2.115285e-01 -9.335002e-04 1.558738e-01 -4.395553e-01 4.756217e-01 -5.790225e-01 3.498628e-01 -1.341018e-01 2.990406e-01 9.472988e-03
<VARIANCE> 39
 2.835458e+01 3.547312e+01 2.581554e+01 9.618410e+00 2.951955e+01 8.070334e+01 2.709204e+01 2.385194e+01 1.263810e+01 8.553471e+01 6.004793e+01 3.031929e+01 6.556146e+00 8.926085e-01 1.739084e+00 8.553346e-01 1.053389e+00 2.260110e+00 3.119285e+00 2.415045e+00 2.165857e+00 3.675192e+00 1.850566e+00 3.820154e+00 1.901248e+00 2.507134e-01 2.913650e-01 3.310029e-01 2.799442e-01 1.859798e-01 2.298791e-01 4.026493e-01 3.464378e-01 2.477449e-01 2.725176e-01 3.144890e-01 7.135285e-01 3.441359e-01 5.551212e-02
<GCONST> 1.043032e+02
<STATE> 14
<MEAN> 39
 -2.296548e+01 1.251050e+01 -1.355877e+01 4.794526e+00 7.402621e-01 -1.419012e+01 9.866529e+00 -9.096016e+00 1.134549e+00 -1.323742e+01 -4.014693e+00 -9.256854e+00 6.897454e+01 -1.103440e+00 8.525956e-01 -2.464778e-01 7.124115e-01 4.429621e-01 8.314670e-01 2.996011e-01 2.717993e-01 -4.806884e-01 2.569816e-01 6.290014e-01 1.105193e-01 -3.618661e-01 4.148028e-01 -4.312650e-01 3.594279e-01 -1.317580e-01 -4.585528e-02 2.751313e-01 -1.566022e-01 -4.996130e-02 6.543458e-02 -2.169868e-01 5.154464e-02 -9.171089e-03 -1.051491e-01
<VARIANCE> 39
 1.126741e+01 3.160450e+01 1.660983e+01 9.292651e+00 7.347376e+01 3.267828e+01 1.726854e+01 4.978985e+01 1.514561e+01 3.665744e+01 4.322529e+01 2.376460e+01 4.363241e+00 3.164741e-01 4.369172e-01 6.390618e-01 7.517420e-01 5.504095e-01 1.130105e+00 9.667636e-01 1.193683e+00 1.109017e+00 9.552391e-01 1.939533e+00 1.176291e+00 9.234615e-02 6.814668e-02 8.760572e-02 1.170759e-01 1.356492e-01 2.143190e-01 1.608815e-01 2.013652e-01 2.408807e-01 2.587705e-01 1.942489e-01 2.640519e-01 2.588523e-01 1.497229e-02
<GCONST> 8.178407e+01
<STATE> 15
<MEAN> 39
 -2.810350e+01 1.686179e+01 -1.473350e+01 6.682656e+00 4.820822e+00 -8.514778e+00 1.200424e+01 -8.843021e+00 -1.120875e+00 -8.296061e+00 -4.850122e+00 -6.197687e+00 6.700812e+01 -2.827157e-01 -3.799934e-01 3.436983e-01 1.470469e-01 6.788902e-02 3.138701e-01 2.153734e-01 1.761556e-02 -6.919408e-02 -7.978761e-03 3.825449e-01 2.497411e-01 -5.177341e-01 5.920678e-02 -1.681278e-01 5.103566e-02 -1.173326e-01 5.976868e-02 -7.428605e-03 9.334231e-03 -5.643833e-02 5.657711e-02 4.377433e-02 -4.806773e-02 -3.013863e-02 -4.258900e-02
<VARIANCE> 39
 1.181392e+01 8.589225e+00 2.710649e+01 9.402973e+00 1.879339e+01 1.381112e+01 1.087325e+01 1.597999e+01 2.305132e+01 4.521547e+01 2.052487e+01 4.904097e+01 7.652090e+00 2.018452e-01 3.988338e-01 3.687041e-01 6.820944e-01 6.996119e-01 8.745026e-01 7.855041e-01 1.098162e+00 1.788279e+00 1.671906e+00 1.224665e+00 1.448581e+00 1.031044e-01 2.741594e-02 7.376298e-02 7.661974e-02 1.216435e-01 1.286584e-01 1.509289e-01 1.864884e-01 1.578126e-01 3.052976e-01 2.962457e-01 2.071608e-01 2.996470e-01 1.911973e-02
<GCONST> 7.582452e+01
<STATE> 16
<MEAN> 39
 -2.691384e+01 7.167370e+00 -9.538559e+00 4.776796e+00 5.497286e+00 -5.291638e+00 1.285383e+01 -9.226263e+00 2.828134e-01 -1.254602e+01 1.380145e+00 -8.817774e+00 6.160095e+01 2.068123e-01 -1.558362e+00 5.957602e-01 -5.485212e-01 8.119859e-01 1.505184e+00 2.590723e-01 -6.308206e-02 -8.420159e-02 -2.093800e-01 -1.331141e-01 -2.022118e-01 -8.893732e-01 1.205116e-01 -1.385141e-01 -3.321683e-03 4.010281e-02 6.938355e-02 2.689780e-01 -5.348141e-02 1.927796e-01 6.576297e-02 -1.212646e-01 -1.831309e-01 -5.228323e-02 1.978105e-02
<VARIANCE> 39
 7.673217e+00 2.635155e+01 1.889784e+01 1.390515e+01 3.353916e+01 2.895981e+01 2.818749e+01 3.639037e+01 4.412969e+01 3.743683e+01 5.045827e+01 2.676395e+01 5.358801e+00 2.586427e-01 5.177782e-01 4.284329e-01 4.731662e-01 1.023222e+00 1.616788e+00 1.794140e+00 1.375070e+00 1.666648e+00 1.697484e+00 1.749261e+00 7.747476e-01 1.185240e-01 1.727445e-02 6.148705e-02 6.387112e-02 1.021166e-01 1.498640e-01 2.975705e-01 2.818088e-01 3.209591e-01 4.041187e-01 2.271586e-01 2.820348e-01 1.525892e-01 2.098412e-02
<GCONST> 8.288664e+01
<STATE> 17
<MEAN> 39
 -2.517699e+01 -1.231188e+00 -7.964993e+00 2.852160e+00 1.045935e+01 5.243754e+00 1.478477e+01 -5.678357e+00 -2.274241e-01 -1.444617e+01 -5.467819e+00 -9.187389e+00 5.798619e+01 5.783036e-01 -1.377488e+00 7.608640e-01 6.463966e-02 1.410994e-01 9.724181e-01 -1.796724e-01 8.722237e-01 2.912183e-01 -5.516955e-01 -6.158056e-01 -3.951213e-01 -5.225134e-01 3.967725e-02 2.426715e-01 8.932077e-02 1.771914e-02 -3.191503e-01 -5.463877e-01 -3.248709e-01 -2.439181e-01 -2.175103e-01 8.835553e-02 1.529142e-01 1.040018e-01 8.129752e-02
<VARIANCE> 39
 8.835264e+00 1.944718e+01 1.182673e+01 1.672688e+01 1.977654e+01 2.085546e+01 2.916286e+01 2.797417e+01 4.531021e+01 2.554539e+01 3.094622e+01 2.630379e+01 1.990610e+00 1.949040e-01 8.650138e-01 7.696918e-01 8.896650e-01 2.439090e+00 2.524250e+00 1.787310e+00 2.623367e+00 2.482632e+00 1.576804e+00 1.798971e+00 1.635768e+00 8.931605e-02 4.537054e-02 7.563154e-02 8.248136e-02 2.262939e-01 3.530893e-01 2.677923e-01 5.130810e-01 4.871015e-01 4.991007e-01 2.917455e-01 2.788174e-01 2.581340e-01 1.173453e-02
<GCONST> 8.810941e+01
<STATE> 18
<MEAN> 39
 -2.095918e+01 -4.543670e+00 -3.429152e+00 1.111565e+00 5.552561e+00 8.881034e-01 6.096949e+00 -8.500146e+00 -2.338499e+00 -1.317002e+01 -2.790463e+00 -7.382232e+00 5.665565e+01 7.436301e-01 -9.067425e-01 8.214324e-01 -2.527497e-01 1.461193e-01 8.217682e-02 -1.165659e+00 -1.629618e-01 -4.774463e-01 1.559416e-01 3.433085e-01 1.999814e-01 -2.791739e-01 -7.023664e-02 -2.570629e-02 -5.127135e-02 -6.955071e-02 1.872753e-01 2.264925e-01 3.072575e-01 1.672824e-01 -7.295505e-02 1.211303e-02 -7.428869e-02 -4.877695e-03 -5.165599e-03
<VARIANCE> 39
 9.144886e+00 2.039634e+01 1.663156e+01 2.244790e+01 2.190881e+01 1.509571e+01 2.707030e+01 2.258254e+01 2.878337e+01 2.541236e+01 3.352628e+01 2.562179e+01 1.458495e+00 2.321555e-01 5.701408e-01 5.686278e-01 1.446823e+00 1.871714e+00 1.793646e+00 3.405042e+00 2.918598e+00 1.547989e+00 1.421935e+00 2.039760e+00 1.748138e+00 5.949847e-02 3.822888e-02 9.517493e-02 1.122836e-01 3.054589e-01 2.804686e-01 2.101327e-01 4.739649e-01 4.564363e-01 2.433597e-01 3.017899e-01 3.839742e-01 4.647752e-01 9.166202e-03
<GCONST> 8.692406e+01
<STATE> 19
<MEAN> 39
 -2.083616e+01 -9.299453e+00 -6.922877e-01 1.291764e+00 1.270084e+01 1.087878e+01 1.189643e+01 -3.641955e+00 -3.692439e+00 -1.275869e+01 -4.982794e+00 -1.037682e+01 5.449770e+01 1.244160e-01 -8.402335e-01 3.093060e-01 -7.127673e-01 6.071428e-02 5.858382e-01 3.725063e-01 8.687575e-01 -4.712524e-01 7.035347e-01 6.754635e-02 3.017365e-03 -3.162301e-01 4.221132e-02 1.247902e-01 -8.599508e-03 -6.210360e-02 -1.624828e-01 -3.312663e-01 -1.413562e-01 -5.095204e-03 1.844405e-02 3.127350e-03 1.444744e-02 5.473954e-02 5.289906e-02
<VARIANCE> 39
 1.161300e+01 1.714274e+01 1.386258e+01 1.923623e+01 1.631969e+01 3.260594e+01 4.804709e+01 2.301418e+01 3.990705e+01 3.106414e+01 2.818239e+01 1.559777e+01 1.456761e+00 2.457269e-01 3.598461e-01 5.207927e-01 1.317005e+00 9.430742e-01 2.211956e+00 1.708435e+00 1.842924e+00 2.226231e+00 2.282516e+00 2.422672e+00 2.053920e+00 5.599223e-02 2.764791e-02 3.723212e-02 8.677094e-02 2.390656e-01 1.605958e-01 3.683112e-01 2.656615e-01 3.481973e-01 4.094966e-01 5.114678e-01 5.428545e-01 2.790196e-01 7.687046e-03
<GCONST> 8.457252e+01
<TRANSP> 20
 0.000000e+00 1.000000e+00 0.000000e+00 0.000000e+00 0.000000e+00 0.000000e+00 0.000000e+00 0.000000e+00 0.000000e+00 0.000000e+00 0.000000e+00 0.000000e+00 0.000000e+00 0.000000e+00 0.000000e+00 0.000000e+00 0.000000e+00 0.000000e+00 0.000000e+00 0.000000e+00
 0.000000e+00 8.206924e-01 1.793076e-01 0.000000e+00 0.000000e+00 0.000000e+00 0.000000e+00 0.000000e+00 0.000000e+00 0.000000e+00 0.000000e+00 0.000000e+00 0.000000e+00 0.000000e+00 0.000000e+00 0.000000e+00 0.000000e+00 0.000000e+00 0.000000e+00 0.000000e+00
 0.000000e+00 0.000000e+00 8.422622e-01 1.577378e-01 0.000000e+00 0.000000e+00 0.000000e+00 0.000000e+00 0.000000e+00 0.000000e+00 0.000000e+00 0.000000e+00 0.000000e+00 0.000000e+00 0.000000e+00 0.000000e+00 0.000000e+00 0.000000e+00 0.000000e+00 0.000000e+00
 0.000000e+00 0.000000e+00 0.000000e+00 7.280450e-01 2.719550e-01 0.000000e+00 0.000000e+00 0.000000e+00 0.000000e+00 0.000000e+00 0.000000e+00 0.000000e+00 0.000000e+00 0.000000e+00 0.000000e+00 0.000000e+00 0.000000e+00 0.000000e+00 0.000000e+00 0.000000e+00
 0.000000e+00 0.000000e+00 0.000000e+00 0.000000e+00 7.825585e-01 2.174415e-01 0.000000e+00 0.000000e+00 0.000000e+00 0.000000e+00 0.000000e+00 0.000000e+00 0.000000e+00 0.000000e+00 0.000000e+00 0.000000e+00 0.000000e+00 0.000000e+00 0.000000e+00 0.000000e+00
 0.000000e+00 0.000000e+00 0.000000e+00 0.000000e+00 0.000000e+00 7.955862e-01 2.044138e-01 0.000000e+00 0.000000e+00 0.000000e+00 0.000000e+00 0.000000e+00 0.000000e+00 0.000000e+00 0.000000e+00 0.000000e+00 0.000000e+00 0.000000e+00 0.000000e+00 0.000000e+00
 0.000000e+00 0.000000e+00 0.000000e+00 0.000000e+00 0.000000e+00 0.000000e+00 7.139609e-01 2.860391e-01 0.000000e+00 0.000000e+00 0.000000e+00 0.000000e+00 0.000000e+00 0.000000e+00 0.000000e+00 0.000000e+00 0.000000e+00 0.000000e+00 0.000000e+00 0.000000e+00
 0.000000e+00 0.000000e+00 0.000000e+00 0.000000e+00 0.000000e+00 0.000000e+00 0.000000e+00 7.887083e-01 2.112918e-01 0.000000e+00 0.000000e+00 0.000000e+00 0.000000e+00 0.000000e+00 0.000000e+00 0.000000e+00 0.000000e+00 0.000000e+00 0.000000e+00 0.000000e+00
 0.000000e+00 0.000000e+00 0.000000e+00 0.000000e+00 0.000000e+00 0.000000e+00 0.000000e+00 0.000000e+00 8.628504e-01 1.371496e-01 0.000000e+00 0.000000e+00 0.000000e+00 0.000000e+00 0.000000e+00 0.000000e+00 0.000000e+00 0.000000e+00 0.000000e+00 0.000000e+00
 0.000000e+00 0.000000e+00 0.000000e+00 0.000000e+00 0.000000e+00 0.000000e+00 0.000000e+00 0.000000e+00 0.000000e+00 7.823501e-01 2.176499e-01 0.000000e+00 0.000000e+00 0.000000e+00 0.000000e+00 0.000000e+00 0.000000e+00 0.000000e+00 0.000000e+00 0.000000e+00
 0.000000e+00 0.000000e+00 0.000000e+00 0.000000e+00 0.000000e+00 0.000000e+00 0.000000e+00 0.000000e+00 0.000000e+00 0.000000e+00 7.987366e-01 2.012633e-01 0.000000e+00 0.000000e+00 0.000000e+00 0.000000e+00 0.000000e+00 0.000000e+00 0.000000e+00 0.000000e+00
 0.000000e+00 0.000000e+00 0.000000e+00 0.000000e+00 0.000000e+00 0.000000e+00 0.000000e+00 0.000000e+00 0.000000e+00 0.000000e+00 0.000000e+00 7.073985e-01 2.926016e-01 0.000000e+00 0.000000e+00 0.000000e+00 0.000000e+00 0.000000e+00 0.000000e+00 0.000000e+00
 0.000000e+00 0.000000e+00 0.000000e+00 0.000000e+00 0.000000e+00 0.000000e+00 0.000000e+00 0.000000e+00 0.000000e+00 0.000000e+00 0.000000e+00 0.000000e+00 7.384669e-01 2.615331e-01 0.000000e+00 0.000000e+00 0.000000e+00 0.000000e+00 0.000000e+00 0.000000e+00
 0.000000e+00 0.000000e+00 0.000000e+00 0.000000e+00 0.000000e+00 0.000000e+00 0.000000e+00 0.000000e+00 0.000000e+00 0.000000e+00 0.000000e+00 0.000000e+00 0.000000e+00 7.304992e-01 2.695008e-01 0.000000e+00 0.000000e+00 0.000000e+00 0.000000e+00 0.000000e+00
 0.000000e+00 0.000000e+00 0.000000e+00 0.000000e+00 0.000000e+00 0.000000e+00 0.000000e+00 0.000000e+00 0.000000e+00 0.000000e+00 0.000000e+00 0.000000e+00 0.000000e+00 0.000000e+00 8.826723e-01 1.173278e-01 0.000000e+00 0.000000e+00 0.000000e+00 0.000000e+00
 0.000000e+00 0.000000e+00 0.000000e+00 0.000000e+00 0.000000e+00 0.000000e+00 0.000000e+00 0.000000e+00 0.000000e+00 0.000000e+00 0.000000e+00 0.000000e+00 0.000000e+00 0.000000e+00 0.000000e+00 8.187742e-01 1.812259e-01 0.000000e+00 0.000000e+00 0.000000e+00
 0.000000e+00 0.000000e+00 0.000000e+00 0.000000e+00 0.000000e+00 0.000000e+00 0.000000e+00 0.000000e+00 0.000000e+00 0.000000e+00 0.000000e+00 0.000000e+00 0.000000e+00 0.000000e+00 0.000000e+00 0.000000e+00 7.587193e-01 2.412808e-01 0.000000e+00 0.000000e+00
 0.000000e+00 0.000000e+00 0.000000e+00 0.000000e+00 0.000000e+00 0.000000e+00 0.000000e+00 0.000000e+00 0.000000e+00 0.000000e+00 0.000000e+00 0.000000e+00 0.000000e+00 0.000000e+00 0.000000e+00 0.000000e+00 0.000000e+00 7.973496e-01 2.026504e-01 0.000000e+00
 0.000000e+00 0.000000e+00 0.000000e+00 0.000000e+00 0.000000e+00 0.000000e+00 0.000000e+00 0.000000e+00 0.000000e+00 0.000000e+00 0.000000e+00 0.000000e+00 0.000000e+00 0.000000e+00 0.000000e+00 0.000000e+00 0.000000e+00 0.000000e+00 7.970425e-01 2.029575e-01
 0.000000e+00 0.000000e+00 0.000000e+00 0.000000e+00 0.000000e+00 0.000000e+00 0.000000e+00 0.000000e+00 0.000000e+00 0.000000e+00 0.000000e+00 0.000000e+00 0.000000e+00 0.000000e+00 0.000000e+00 0.000000e+00 0.000000e+00 0.000000e+00 0.000000e+00 0.000000e+00
<ENDHMM>
