~o
<STREAMINFO> 1 39
<VECSIZE> 39<NULLD><MFCC_D_A_0><DIAGC>
~h "setengah"
<BEGINHMM>
<NUMSTATES> 5
<STATE> 2
<MEAN> 39
 -1.293462e+01 -3.062975e-01 -8.293630e+00 -4.238270e+00 7.558498e-01 -1.093517e+01 -2.494330e+00 -8.598141e+00 4.093161e+00 -5.600636e+00 -4.819992e-02 -9.289752e+00 6.520603e+01 6.667846e-01 -4.423842e-03 -1.611088e-01 -1.856929e-01 7.971920e-03 -2.376697e-01 -3.570065e-01 -1.546959e-01 3.446402e-02 1.561159e-01 -2.407494e-01 -3.148485e-01 5.606017e-01 3.621663e-02 2.453854e-02 4.933402e-02 -7.729117e-03 -4.966729e-03 1.459966e-02 -1.618002e-02 1.769615e-02 -5.806039e-02 -5.483184e-04 1.368432e-02 5.298669e-02 -1.650658e-02
<VARIANCE> 39
 9.925034e+01 4.728686e+01 2.826350e+01 3.705909e+01 5.216449e+01 8.455768e+01 1.000754e+02 6.483953e+01 4.486486e+01 5.754372e+01 6.067095e+01 3.647844e+01 3.656802e+01 5.578095e+00 2.972231e+00 2.172820e+00 2.710224e+00 2.896943e+00 4.192430e+00 5.749780e+00 3.422832e+00 2.664316e+00 3.937509e+00 3.316390e+00 3.107400e+00 2.214542e+00 8.685206e-01 3.563982e-01 3.885022e-01 4.561410e-01 5.592782e-01 6.461931e-01 9.164104e-01 5.062897e-01 4.584090e-01 6.917012e-01 5.947346e-01 6.355053e-01 4.060759e-01
<GCONST> 1.312368e+02
<STATE> 3
<MEAN> 39
 1.038824e+00 -7.011097e+00 -4.305314e+00 -7.867806e+00 1.227987e+00 -6.886291e+00 -6.364724e+00 -7.171836e+00 1.030536e+00 -9.038110e+00 -5.641945e+00 -6.919177e+00 7.082932e+01 -1.332546e-01 -7.902690e-02 1.799853e-01 4.332267e-01 1.977692e-01 3.299288e-02 4.731667e-02 9.390386e-02 2.328852e-03 -7.160726e-01 -2.122006e-01 3.635175e-01 -9.626682e-02 -7.050189e-02 -2.878150e-02 -3.205647e-02 3.574771e-02 2.966915e-02 -2.574447e-02 2.951458e-02 1.370257e-03 5.570662e-02 -1.433745e-02 1.267117e-02 -4.168853e-02 -2.054079e-02
<VARIANCE> 39
 6.226939e+00 5.764002e+01 5.310205e+01 4.080305e+01 6.413526e+01 6.020825e+01 6.207626e+01 1.073623e+02 6.722995e+01 8.738541e+01 7.701298e+01 5.536749e+01 1.254238e+01 2.491795e-01 2.250957e+00 1.500501e+00 1.716622e+00 2.154417e+00 2.149368e+00 1.751404e+00 2.642476e+00 2.912999e+00 1.474261e+00 2.103556e+00 2.258724e+00 6.035634e-01 3.949446e-02 2.198975e-01 1.928317e-01 2.037859e-01 3.120497e-01 2.567982e-01 2.588674e-01 3.961091e-01 3.954936e-01 2.261994e-01 3.127875e-01 3.414102e-01 5.942715e-02
<GCONST> 1.075556e+02
<STATE> 4
<MEAN> 39
 -1.257524e+01 -9.076174e+00 -1.324760e+00 3.276040e+00 9.201054e+00 -3.552603e+00 2.280334e+00 -2.890291e+00 1.176944e+00 -1.748763e+01 -6.914596e+00 -6.856870e+00 6.196658e+01 -6.540999e-01 1.258105e-01 7.319783e-02 -1.104479e-01 -3.972384e-02 5.185600e-01 5.482874e-01 5.237116e-02 -2.278370e-01 4.246846e-01 3.809141e-01 -1.472077e-01 -5.872781e-01 3.281254e-02 -1.415010e-02 -2.123719e-02 -6.748422e-02 -6.978776e-02 3.368517e-02 -3.549686e-02 -2.894375e-02 -2.299042e-02 6.808545e-02 -1.382675e-02 -4.399444e-03 2.550005e-02
<VARIANCE> 39
 2.304819e+01 1.951146e+01 1.579648e+01 2.419527e+01 3.458576e+01 5.828053e+01 6.107039e+01 4.513792e+01 8.114103e+01 8.126096e+01 4.256227e+01 3.914875e+01 2.693581e+01 2.416498e-01 5.326186e-01 6.373918e-01 1.080396e+00 1.055172e+00 1.460731e+00 1.867465e+00 1.733977e+00 1.492443e+00 1.887797e+00 2.269675e+00 2.204890e+00 1.467393e-01 2.600063e-02 6.465494e-02 1.059775e-01 1.413020e-01 1.829540e-01 2.041472e-01 3.257659e-01 2.949597e-01 2.582470e-01 2.732037e-01 3.869662e-01 3.709224e-01 1.034419e-02
<GCONST> 9.329575e+01
<TRANSP> 5
 0.000000e+00 1.000000e+00 0.000000e+00 0.000000e+00 0.000000e+00
 0.000000e+00 9.649168e-01 3.508324e-02 0.000000e+00 0.000000e+00
 0.000000e+00 0.000000e+00 9.606918e-01 3.930820e-02 0.000000e+00
 0.000000e+00 0.000000e+00 0.000000e+00 9.578460e-01 4.215401e-02
 0.000000e+00 0.000000e+00 0.000000e+00 0.000000e+00 0.000000e+00
<ENDHMM>
