~o
<STREAMINFO> 1 39
<VECSIZE> 39<NULLD><MFCC_D_A_0><DIAGC>
~h "tujuh"
<BEGINHMM>
<NUMSTATES> 5
<STATE> 2
<MEAN> 39
 -9.886104e+00 -2.249152e-01 3.913061e+00 -4.014137e+00 -4.562284e+00 -1.468109e+01 -7.135339e+00 -9.787272e+00 -3.823426e+00 -8.281158e+00 -2.401303e+00 -6.710612e+00 6.489413e+01 5.845261e-01 4.002682e-01 4.331383e-01 1.779724e-01 -4.223830e-01 -7.285511e-01 -6.439285e-01 -1.559147e-02 -2.100834e-01 -4.373528e-02 1.111138e-01 -8.168919e-02 6.306072e-01 6.928534e-02 -6.525214e-03 -3.333655e-02 -2.251483e-03 5.359391e-02 4.131522e-02 -3.286655e-02 4.667802e-02 2.392463e-03 2.254648e-02 5.133875e-03 -2.980720e-02 1.176410e-02
<VARIANCE> 39
 6.175417e+01 3.230901e+01 3.589575e+01 3.771783e+01 8.408570e+01 1.300242e+02 6.767143e+01 5.652168e+01 6.346099e+01 5.396513e+01 8.766695e+01 5.451752e+01 3.703626e+01 4.975949e+00 2.002867e+00 1.917464e+00 2.657424e+00 5.614357e+00 1.176210e+01 5.258749e+00 4.579616e+00 4.454062e+00 3.320582e+00 4.650965e+00 2.756030e+00 1.476184e+00 7.385563e-01 3.636842e-01 3.579277e-01 5.422036e-01 1.011550e+00 1.940388e+00 9.243754e-01 8.845859e-01 7.199301e-01 5.860946e-01 5.985727e-01 4.864117e-01 1.943911e-01
<GCONST> 1.349760e+02
<STATE> 3
<MEAN> 39
 -3.178590e+00 2.381924e+00 8.744516e+00 -4.774748e-01 -3.337495e+00 -1.585746e+01 -1.238129e+01 -8.663313e+00 -8.368840e+00 -5.694486e+00 9.194375e+00 -5.828163e+00 6.953632e+01 2.473676e-02 -4.693547e-02 -3.146155e-01 -5.579417e-04 5.203450e-01 5.261617e-01 1.268657e-01 -5.258882e-01 5.594208e-02 2.494133e-01 2.791187e-02 3.308768e-02 -2.864625e-01 -9.500711e-02 3.649135e-03 4.610330e-02 3.165513e-02 1.394108e-02 1.805423e-02 1.090519e-01 2.273726e-03 1.762156e-02 -4.741469e-02 -3.538302e-02 3.487849e-02 -4.329737e-02
<VARIANCE> 39
 2.378422e+01 3.229981e+01 9.524537e+01 4.719161e+01 8.986449e+01 5.634579e+01 5.960033e+01 1.021544e+02 7.361652e+01 6.119211e+01 9.395400e+01 5.586528e+01 1.917838e+01 1.230281e+00 1.360923e+00 2.782892e+00 1.800125e+00 4.242380e+00 3.133752e+00 2.492028e+00 4.196582e+00 3.855492e+00 3.331458e+00 3.322254e+00 2.499578e+00 7.826657e-01 1.612032e-01 2.013589e-01 3.616162e-01 2.968835e-01 5.929402e-01 5.351542e-01 3.983758e-01 7.342997e-01 6.791648e-01 5.048847e-01 5.714805e-01 4.357749e-01 6.669634e-02
<GCONST> 1.221900e+02
<STATE> 4
<MEAN> 39
 -1.178572e+01 -2.150373e+00 -5.502374e-01 -1.380221e+00 4.303743e+00 -3.644917e+00 -2.302269e+00 -1.162805e+01 -2.079802e+00 -7.068628e+00 -9.135057e-01 -6.919474e+00 5.904646e+01 -5.220451e-01 -3.077884e-01 -8.033156e-02 -8.263859e-02 3.002613e-02 3.340366e-01 5.753465e-01 5.244865e-01 1.962191e-01 -2.144124e-01 -2.193794e-01 -7.132095e-02 -2.999159e-01 1.667639e-02 -1.661007e-03 -5.275482e-03 -1.910334e-02 -3.599096e-02 -1.763440e-02 -2.879671e-02 -6.708967e-03 -1.504238e-02 6.647958e-03 2.291911e-02 2.438308e-03 2.326885e-02
<VARIANCE> 39
 2.734850e+01 2.012038e+01 1.538574e+01 2.071134e+01 2.529464e+01 5.052981e+01 6.802921e+01 7.009975e+01 3.973523e+01 2.979328e+01 4.836319e+01 3.494815e+01 7.277420e+00 1.913457e-01 4.094335e-01 6.542778e-01 9.956465e-01 1.156451e+00 1.494899e+00 1.536532e+00 2.114069e+00 1.726844e+00 1.887105e+00 1.603944e+00 1.396196e+00 6.553316e-02 2.760417e-02 5.877370e-02 1.103735e-01 1.905104e-01 1.965751e-01 2.776506e-01 2.703887e-01 3.473166e-01 3.228661e-01 3.321024e-01 2.356134e-01 2.156406e-01 5.445331e-03
<GCONST> 8.789646e+01
<TRANSP> 5
 0.000000e+00 1.000000e+00 0.000000e+00 0.000000e+00 0.000000e+00
 0.000000e+00 9.572775e-01 4.272247e-02 0.000000e+00 0.000000e+00
 0.000000e+00 0.000000e+00 9.573448e-01 4.265526e-02 0.000000e+00
 0.000000e+00 0.000000e+00 0.000000e+00 9.651961e-01 3.480390e-02
 0.000000e+00 0.000000e+00 0.000000e+00 0.000000e+00 0.000000e+00
<ENDHMM>
