~o
<STREAMINFO> 1 39
<VECSIZE> 39<NULLD><MFCC_D_A_0><DIAGC>
~h "alarm"
<BEGINHMM>
<NUMSTATES> 20
<STATE> 2
<MEAN> 39
 -1.629395e+01 -7.371078e+00 -3.272367e+00 -4.379158e+00 3.991021e-01 -4.821366e+00 4.906114e-01 -6.300807e+00 -1.890637e-01 -6.333581e+00 -9.529671e-01 -6.935209e+00 5.740952e+01 1.904885e+00 -9.016415e-01 -1.687580e+00 -7.883090e-01 6.535034e-01 6.955884e-01 -3.393321e-01 -7.092710e-01 5.813532e-01 -8.648882e-02 -1.423916e+00 -1.008877e+00 1.717558e+00 6.805649e-01 -5.378394e-01 -6.014653e-01 -1.443196e-01 3.410060e-01 1.779944e-01 -3.331246e-01 -3.147482e-01 1.121801e-01 -1.221518e-01 -3.501341e-01 -3.807484e-01 7.780939e-01
<VARIANCE> 39
 6.901952e+00 4.513604e+00 1.484331e+01 1.352754e+01 1.162574e+01 2.212500e+01 2.434980e+01 1.330285e+01 2.587737e+01 2.004080e+01 1.433676e+01 1.123632e+01 3.428714e+00 3.106760e+00 1.787717e+00 2.778547e+00 1.976331e+00 4.092928e+00 3.136055e+00 5.059911e+00 4.551090e+00 3.792135e+00 3.706687e+00 2.796490e+00 2.278201e+00 2.274517e+00 2.288741e-01 2.203975e-01 4.304312e-01 3.484914e-01 5.554058e-01 4.520553e-01 5.365177e-01 8.173044e-01 5.542935e-01 4.532934e-01 4.700615e-01 3.065083e-01 2.137189e-01
<GCONST> 1.067852e+02
<STATE> 3
<MEAN> 39
 -3.270132e+00 -1.610047e+01 -1.397463e+01 -7.516771e+00 4.751666e+00 -1.374650e+00 -3.772952e+00 -1.283108e+01 2.232638e+00 -9.264181e+00 -8.462042e+00 -1.235576e+01 7.143988e+01 2.414582e+00 -1.253615e+00 -9.319053e-01 -3.310646e-01 -1.987282e-01 2.163065e-01 -1.072294e+00 -3.661871e-01 -4.016548e-01 -3.854742e-01 -6.565722e-01 -4.979404e-01 2.728820e+00 -6.073106e-01 5.452188e-01 7.552338e-01 1.344936e-01 -5.215982e-01 -1.994797e-01 1.284218e-01 3.954468e-01 -2.608663e-01 2.456450e-01 4.295721e-01 4.416007e-01 -6.131982e-01
<VARIANCE> 39
 2.181471e+01 1.989263e+01 4.500689e+01 2.360463e+01 8.368017e+01 5.543118e+01 1.031578e+02 1.157230e+02 8.023348e+01 9.487960e+01 4.759192e+01 2.394522e+01 2.458584e+01 2.230449e+00 4.085363e+00 5.483818e+00 3.340999e+00 5.594344e+00 3.562012e+00 3.273719e+00 1.044330e+01 3.723194e+00 5.791687e+00 4.884455e+00 3.110289e+00 3.085488e+00 3.339282e-01 5.417635e-01 3.857228e-01 4.274845e-01 6.002631e-01 5.341620e-01 6.643867e-01 1.143743e+00 7.147759e-01 8.881904e-01 4.890438e-01 5.178139e-01 3.381620e-01
<GCONST> 1.324500e+02
<STATE> 4
<MEAN> 39
 9.433841e-01 -1.540878e+01 -8.587577e+00 -1.011310e+01 7.808108e-01 -1.605716e+00 -4.185042e+00 -5.854933e+00 -2.782900e+00 -3.875989e+00 -1.801209e+00 -1.075437e+01 7.697033e+01 2.224960e-01 1.334101e+00 3.687796e-01 -5.852208e-01 -4.265509e-01 -4.977722e-01 -1.517910e-01 -1.512689e-01 1.903193e-01 6.663247e-01 4.192574e-01 3.727732e-01 -2.755838e-01 -3.825892e-02 2.821162e-01 2.292040e-02 -1.264876e-01 9.326684e-02 -1.793846e-01 -1.224798e-02 -2.533599e-01 1.408910e-01 1.442825e-01 -1.839324e-02 -7.278676e-02 -2.798562e-01
<VARIANCE> 39
 3.040905e+00 1.520957e+01 1.085911e+02 5.443362e+01 1.231215e+02 6.042317e+01 9.017739e+01 1.276190e+02 3.822527e+01 6.595682e+01 8.456586e+01 1.734922e+01 1.138493e+01 1.288061e-01 6.756305e-01 1.319704e+00 7.098700e-01 1.138882e+00 1.315745e+00 1.178070e+00 1.699339e+00 1.151759e+00 2.006051e+00 1.479522e+00 1.481635e+00 3.050253e-01 4.951648e-02 1.509839e-01 2.302342e-01 2.540171e-01 1.981735e-01 2.621241e-01 1.978651e-01 3.863002e-01 2.344240e-01 2.682420e-01 2.411204e-01 2.280215e-01 6.333341e-02
<GCONST> 9.735329e+01
<STATE> 5
<MEAN> 39
 2.122416e+00 -6.692923e+00 -9.299405e+00 -1.327712e+01 -3.602515e+00 -2.158957e+00 -6.042611e+00 -1.492562e+01 1.409297e+00 -1.313510e+00 -4.814708e+00 -1.053523e+01 7.258173e+01 1.463208e-01 9.018157e-01 1.438168e-01 -5.867755e-01 -3.905500e-02 1.368142e-01 -3.081795e-01 -4.151619e-01 1.379188e-01 6.346997e-01 8.414515e-02 -9.080929e-02 -3.466351e-01 -6.431944e-02 -3.916490e-01 -3.570587e-01 1.817983e-01 2.786928e-01 3.246561e-01 6.345395e-02 1.894066e-01 4.381927e-02 -3.579487e-01 -1.197040e-01 -7.335095e-02 1.395898e-01
<VARIANCE> 39
 2.765594e+00 8.970027e+00 4.014199e+01 2.534811e+01 9.813886e+01 9.706242e+01 6.959955e+01 1.084807e+02 4.478768e+01 5.952023e+01 1.218832e+02 1.848710e+01 5.823034e+00 1.050226e-01 5.081884e-01 1.250169e+00 8.797660e-01 1.053125e+00 1.358137e+00 7.013330e-01 1.340218e+00 1.170167e+00 1.383195e+00 1.031283e+00 6.934444e-01 1.033060e-01 1.177269e-02 4.664200e-02 1.190831e-01 1.007025e-01 1.330076e-01 1.949199e-01 1.239146e-01 3.197940e-01 2.097598e-01 2.935827e-01 2.017126e-01 2.009301e-01 1.146749e-02
<GCONST> 8.333876e+01
<STATE> 6
<MEAN> 39
 2.585285e+00 -7.641315e+00 -1.421064e+01 -1.226343e+01 2.140908e+00 -3.645407e+00 -9.498900e+00 -1.265654e+01 1.304438e+00 -7.063313e+00 -9.623978e+00 -1.014455e+01 7.227386e+01 -3.633254e-02 -8.179281e-01 -8.996578e-01 3.540315e-01 9.991114e-01 3.833071e-01 4.028108e-01 8.675308e-01 9.617721e-02 -8.623124e-01 -9.383748e-01 -3.782376e-01 3.016652e-01 -1.034971e-01 -1.041832e-01 1.757766e-01 7.598461e-02 1.372514e-02 -1.610444e-01 3.317802e-03 1.660241e-01 3.811634e-02 -3.808407e-02 -2.008574e-02 -8.164199e-02 5.999282e-02
<VARIANCE> 39
 2.190554e+00 1.310691e+01 3.809402e+01 2.204127e+01 5.420794e+01 3.388451e+01 5.454953e+01 9.046558e+01 4.325138e+01 7.355525e+01 1.507469e+02 2.812132e+01 4.272505e+00 1.797476e-01 5.885453e-01 8.154196e-01 7.418075e-01 6.305490e-01 1.483329e+00 1.882439e+00 1.952045e+00 3.004214e+00 2.293979e+00 1.037174e+00 2.306642e+00 8.348613e-02 2.943928e-02 1.452514e-01 1.432741e-01 1.117127e-01 1.473998e-01 2.279983e-01 2.331117e-01 2.050460e-01 3.322063e-01 4.321811e-01 2.791401e-01 3.392082e-01 2.092152e-02
<GCONST> 9.027341e+01
<STATE> 7
<MEAN> 39
 1.848920e+00 -1.232515e+01 -3.925182e+00 -1.242621e+01 1.242429e+01 -1.457970e+00 -1.105500e+01 4.415139e+00 -9.327370e-02 -4.149066e+00 -1.633457e+00 -1.587748e+01 7.722047e+01 -2.804067e-01 -6.615529e-01 4.396070e-01 4.344974e-01 -4.017752e-01 1.525937e-01 8.368398e-02 9.040038e-02 1.068470e-01 -2.179155e-01 -1.445522e-01 -1.417714e-01 1.916286e-01 6.519204e-03 1.234839e-01 -1.906496e-03 1.288352e-02 -3.050665e-01 -1.168252e-01 2.406787e-02 -1.747999e-01 -8.612994e-03 9.063844e-02 1.505621e-01 1.802161e-01 -8.514079e-02
<VARIANCE> 39
 1.589725e+00 9.826136e+00 7.485197e+01 1.993234e+01 6.232376e+01 2.190001e+01 4.025060e+01 1.448730e+02 2.227088e+01 3.429851e+01 6.998123e+01 3.799176e+01 6.935373e+00 1.303972e-01 3.328391e-01 4.975696e-01 6.328545e-01 1.490072e+00 1.468580e+00 1.318933e+00 1.786774e+00 8.249609e-01 2.213031e+00 9.136346e-01 9.343540e-01 9.277602e-02 2.392709e-02 5.025502e-02 6.719423e-02 8.978466e-02 1.071442e-01 2.061695e-01 2.112476e-01 3.049774e-01 1.548842e-01 1.502220e-01 1.888935e-01 1.643667e-01 1.108465e-02
<GCONST> 7.937389e+01
<STATE> 8
<MEAN> 39
 -5.519233e-01 -1.012400e+01 -1.596400e+01 -5.938008e+00 -3.735898e+00 2.329984e+00 -4.242685e+00 -1.410048e+01 3.460452e+00 -5.988614e+00 -7.890905e+00 -1.059471e+01 7.399610e+01 -1.787632e-01 -3.547695e-02 6.979997e-02 4.155036e-01 -4.682339e-01 -1.071064e+00 5.821414e-02 3.009905e-01 -1.032348e-01 -1.774447e-01 2.817607e-01 5.651944e-01 -2.332675e-01 8.815950e-02 1.437284e-01 2.192561e-01 -1.208560e-01 1.957609e-02 -3.046951e-01 9.408584e-02 2.045433e-02 -1.742455e-01 2.331435e-01 7.615162e-02 2.332946e-02 -1.295025e-01
<VARIANCE> 39
 2.233062e+00 1.785160e+01 4.521060e+01 3.829223e+01 6.412610e+01 8.751824e+01 6.895616e+01 8.468417e+01 4.896779e+01 1.658519e+02 5.339058e+01 7.143925e+01 5.282118e+00 2.139274e-01 1.685117e-01 7.938701e-01 1.048696e+00 8.930307e-01 1.742776e+00 7.080179e-01 2.918973e-01 1.552341e+00 2.337089e+00 8.453317e-01 1.188173e+00 9.708959e-02 3.498210e-02 6.901656e-02 2.297095e-01 1.804618e-01 1.667393e-01 2.173968e-01 1.500399e-01 1.465923e-01 3.143198e-01 6.617824e-01 1.597113e-01 2.858326e-01 1.359450e-02
<GCONST> 8.805912e+01
<STATE> 9
<MEAN> 39
 9.334965e-02 -9.463755e+00 -8.240619e+00 -8.078783e+00 1.241435e+00 -7.895113e+00 -7.241019e+00 -5.348311e+00 -2.108248e+00 -5.876573e+00 -2.220640e+00 -1.198627e+01 7.277650e+01 2.056867e-01 2.754525e-01 6.452550e-01 2.934681e-01 -5.728782e-01 -1.277005e+00 4.499237e-01 3.932727e-01 -6.506184e-01 1.610498e+00 8.248858e-01 -5.218399e-01 -3.832009e-01 7.794440e-02 -1.600363e-01 -8.613721e-02 2.642684e-01 3.886715e-02 1.563133e-01 -9.257846e-02 1.206292e-01 1.110678e-01 -2.653002e-02 -9.657543e-02 -1.266666e-01 1.171728e-01
<VARIANCE> 39
 3.340744e+00 1.929862e+01 9.265372e+01 2.715799e+01 4.139112e+01 1.779321e+01 3.431444e+01 1.418585e+02 3.995588e+01 9.159917e+01 9.758369e+01 5.220081e+01 9.830488e+00 1.628293e-01 1.159476e+00 1.415762e+00 1.241893e+00 1.757880e+00 1.497139e+00 5.380539e-01 2.403389e+00 2.660906e+00 2.616354e+00 1.067839e+00 1.880985e+00 3.045602e-01 2.150062e-02 3.197076e-01 2.339350e-01 1.727364e-01 4.863507e-01 2.637733e-01 2.236175e-01 4.406016e-01 4.610477e-01 6.878259e-01 2.409496e-01 2.868341e-01 9.843748e-02
<GCONST> 1.006652e+02
<STATE> 10
<MEAN> 39
 3.849994e-01 -1.172200e+01 -4.820239e+00 -4.771765e+00 -1.586477e+00 -8.178565e+00 -3.102798e+00 -3.036605e+00 2.119349e+00 1.588801e+00 -1.643063e+00 -1.357115e+01 7.241901e+01 8.401573e-02 1.231346e-01 5.233684e-01 1.275567e+00 -2.798061e-01 -1.006274e+00 3.038494e-01 4.819034e-01 1.774393e-01 -2.999291e-01 3.106626e-02 -6.244773e-01 -2.437223e-01 1.601260e-02 3.150000e-02 9.442750e-02 4.324680e-02 1.294319e-01 1.126758e-01 -1.731154e-01 1.338497e-03 -2.085535e-01 -5.211122e-01 -4.251851e-02 -7.282504e-02 1.002330e-01
<VARIANCE> 39
 7.891055e+00 1.326274e+01 8.020037e+01 3.154814e+01 3.774106e+01 3.616240e+01 6.520261e+01 8.279353e+01 1.964904e+01 4.196257e+01 7.583675e+01 2.899679e+01 1.056824e+01 8.882887e-01 3.051556e+00 9.009656e-01 7.083751e-01 3.062042e+00 2.983483e+00 2.170639e+00 2.384927e+00 2.210615e+00 2.440460e+00 1.426901e+00 2.994707e+00 1.373117e+00 1.595621e-01 4.274018e-01 1.114873e-01 1.437214e-01 4.991718e-01 7.242418e-01 3.297631e-01 1.951940e-01 2.696211e-01 4.772390e-01 3.380471e-01 5.827891e-01 1.766930e-01
<GCONST> 1.086164e+02
<STATE> 11
<MEAN> 39
 2.777178e+00 -1.353227e+01 -7.302045e+00 -4.367754e+00 -9.069650e-01 -1.259547e+01 -8.064332e+00 -1.334743e+00 -1.231135e+00 -4.483291e+00 -1.249623e+00 -1.582780e+01 7.464726e+01 -2.573672e-02 4.342038e-01 9.479105e-02 -5.075913e-01 8.666593e-02 4.909646e-01 -4.406236e-01 -5.257790e-01 -7.288073e-02 -6.123590e-01 1.933432e-01 4.089698e-01 -2.673058e-01 -7.945643e-02 4.396252e-01 1.709657e-01 -9.334539e-02 -2.677215e-02 1.185786e-01 2.106548e-02 -2.673812e-01 -7.751354e-02 6.535389e-02 1.295286e-01 1.282874e-01 -2.007830e-01
<VARIANCE> 39
 3.932201e+00 1.038682e+01 1.105495e+02 2.327576e+01 2.810234e+01 1.057780e+01 3.465244e+01 1.085081e+02 5.313227e+01 5.139322e+01 1.407178e+02 5.045808e+01 9.474854e+00 1.460749e-01 2.170535e+00 1.372805e+00 1.476569e+00 1.322594e+00 6.689122e-01 1.879175e+00 2.081546e+00 1.819710e+00 1.319432e+00 2.242485e+00 2.098150e+00 3.394235e-01 4.347506e-02 8.276267e-02 2.155901e-01 3.288485e-01 2.505029e-01 1.989701e-01 3.232661e-01 2.358286e-01 3.635363e-01 3.155307e-01 4.206877e-01 4.186748e-01 1.877508e-02
<GCONST> 9.661499e+01
<STATE> 12
<MEAN> 39
 4.707977e-01 -2.240314e+00 -5.208776e+00 -7.609622e+00 -3.481816e+00 -1.223164e+01 -1.021586e+01 -1.202590e+01 -3.294923e+00 -1.213009e+01 -8.925920e+00 -1.369816e+01 6.802967e+01 -2.898719e-01 1.612494e+00 1.502019e+00 3.931097e-01 -3.866040e-01 -3.032044e-01 -2.238854e-01 -6.779779e-01 -1.213375e+00 -8.147548e-01 2.653272e-01 -2.886024e-01 -6.706365e-01 -5.095194e-02 -1.089517e-01 -3.606696e-02 5.178902e-02 9.461106e-02 5.755842e-02 5.700852e-02 4.944205e-03 1.161318e-02 2.778153e-02 -9.348373e-02 6.322838e-02 2.817355e-02
<VARIANCE> 39
 4.058050e+00 2.538659e+01 3.586523e+01 1.380372e+01 1.648965e+01 1.445298e+01 2.742184e+01 4.262805e+01 2.018812e+01 4.567054e+01 1.060819e+02 1.400064e+01 8.565767e+00 1.522952e-01 4.487332e-01 1.043207e+00 1.046544e+00 1.546705e+00 7.242845e-01 8.309551e-01 1.932624e+00 1.169718e+00 1.815920e+00 2.438327e+00 1.526799e+00 1.081642e-01 2.476362e-02 6.542137e-02 1.722197e-01 2.154206e-01 1.734810e-01 1.397402e-01 1.412116e-01 3.067518e-01 2.481591e-01 3.135021e-01 2.694089e-01 1.949063e-01 1.211323e-02
<GCONST> 8.267532e+01
<STATE> 13
<MEAN> 39
 -8.528183e-01 3.791958e+00 2.950954e+00 -2.401503e+00 -2.367240e+00 -1.141077e+01 -9.572409e+00 -1.531525e+01 -8.328925e+00 -1.147054e+01 -2.448705e+00 -9.980042e+00 6.578398e+01 -6.570738e-01 8.516716e-01 6.030852e-01 4.086528e-01 1.936985e-01 2.884573e-01 1.449377e-01 -4.235611e-01 -1.391690e-01 -6.567033e-02 -1.942849e-02 4.915420e-01 -7.224904e-01 -9.418341e-02 -1.730589e-01 -8.920970e-02 -9.944028e-02 -1.639510e-02 3.476332e-02 1.236129e-01 2.344027e-01 2.159315e-01 2.207848e-01 7.273141e-02 -9.990291e-02 -1.410862e-02
<VARIANCE> 39
 3.922239e+00 1.263233e+01 1.011646e+01 1.554645e+01 7.116767e+00 1.290147e+01 2.298506e+01 2.461117e+01 1.041836e+01 3.136847e+01 5.086497e+01 2.210880e+01 4.117038e+00 1.385343e-01 3.810986e-01 5.564017e-01 8.367969e-01 8.891775e-01 5.437331e-01 9.834488e-01 1.911617e+00 6.768273e-01 1.007082e+00 1.314695e+00 1.182938e+00 3.153757e-02 1.371323e-02 2.506602e-02 8.080298e-02 1.859513e-01 6.185142e-02 7.970549e-02 1.577608e-01 9.047570e-02 1.100280e-01 1.430295e-01 1.360527e-01 2.695262e-01 5.243413e-03
<GCONST> 6.408234e+01
<STATE> 14
<MEAN> 39
 -5.695220e+00 3.360598e+00 4.231281e+00 9.353078e-01 3.016741e+00 -3.015203e+00 9.446973e-01 -7.200310e+00 -2.500599e+00 -6.822004e+00 9.779148e-02 -1.005291e+01 6.240041e+01 -8.422421e-01 5.502840e-01 5.754831e-01 2.867068e-02 3.197401e-01 1.170587e-01 1.652927e-01 6.157629e-01 5.399756e-01 -1.991632e-01 -8.495833e-02 3.786243e-01 -7.147627e-01 -3.604920e-02 -1.887656e-01 -7.362027e-02 -3.130694e-02 -2.001635e-01 -1.881126e-01 -7.659561e-02 -5.914707e-02 -1.483105e-02 -1.942807e-01 -1.804707e-01 1.518317e-02 2.569867e-02
<VARIANCE> 39
 4.417233e+00 1.411489e+01 1.588667e+01 2.625022e+01 3.072230e+01 4.519993e+01 5.291871e+01 4.860521e+01 3.062505e+01 3.191223e+01 2.013012e+01 1.602528e+01 2.913872e+00 1.305344e-01 4.599147e-01 7.316102e-01 6.274650e-01 1.185304e+00 1.388507e+00 1.100468e+00 1.290632e+00 7.596799e-01 1.358347e+00 9.360377e-01 8.510346e-01 4.207953e-02 1.841145e-02 3.640900e-02 7.021728e-02 1.291409e-01 1.056664e-01 1.632947e-01 1.604546e-01 2.761640e-01 2.118669e-01 2.224712e-01 1.661165e-01 9.420770e-02 4.714193e-03
<GCONST> 7.279972e+01
<STATE> 15
<MEAN> 39
 -8.041727e+00 5.962924e+00 7.311198e+00 -2.331305e+00 -5.324641e+00 -1.301961e+01 -8.262898e+00 -1.424976e+01 -9.251504e+00 -1.631699e+01 -8.310585e+00 -1.303086e+01 6.021260e+01 -7.566749e-01 -8.459646e-04 8.206413e-01 5.818250e-01 3.880749e-02 1.583073e-01 5.363488e-01 8.333744e-02 -4.184185e-01 -4.683045e-01 -2.735611e-02 1.569284e-01 -4.881685e-01 3.009344e-02 -1.743663e-02 -4.265070e-02 -1.550401e-02 2.291431e-02 9.490930e-02 4.600462e-02 -5.547889e-02 -1.370895e-01 1.082070e-02 7.021195e-02 2.740920e-02 3.000620e-02
<VARIANCE> 39
 6.252934e+00 7.081535e+00 1.463555e+01 2.077203e+01 3.711919e+01 2.032865e+01 2.367479e+01 2.051323e+01 2.769836e+01 3.555874e+01 3.037129e+01 1.901216e+01 1.656235e+00 9.693832e-02 2.265079e-01 5.404712e-01 5.776725e-01 8.414163e-01 1.049781e+00 1.622928e+00 1.681585e+00 1.773639e+00 1.786999e+00 1.379200e+00 9.887292e-01 4.363407e-02 2.261668e-02 4.584882e-02 1.630163e-01 1.251104e-01 1.718390e-01 1.732088e-01 3.319740e-01 3.426124e-01 2.576342e-01 3.660261e-01 2.729928e-01 2.624917e-01 1.022696e-02
<GCONST> 7.594904e+01
<STATE> 16
<MEAN> 39
 -1.151061e+01 4.398221e+00 7.409534e+00 -7.995122e-01 -2.120160e+00 -6.661323e+00 -3.014535e+00 -1.439607e+01 -1.061321e+01 -1.579478e+01 -6.329728e+00 -1.051610e+01 5.816977e+01 -6.043935e-01 -3.742239e-01 1.686920e-01 5.185029e-01 4.705234e-01 4.722210e-01 5.037374e-02 -8.122092e-02 -3.601093e-02 2.319685e-01 4.057498e-01 2.332236e-01 -2.948225e-01 -1.198994e-02 -8.445751e-02 4.409432e-02 1.433487e-01 6.807087e-02 -2.476996e-01 -2.158969e-01 7.842693e-02 1.336744e-01 3.031357e-02 1.137194e-01 4.202399e-02 2.106890e-02
<VARIANCE> 39
 2.476822e+00 9.198353e+00 1.700109e+01 1.158736e+01 2.270941e+01 2.212378e+01 2.044564e+01 4.083332e+01 4.561060e+01 4.701218e+01 3.107311e+01 2.230105e+01 7.774781e-01 2.483056e-01 7.971967e-01 1.790614e+00 1.019033e+00 1.545885e+00 1.694222e+00 1.115119e+00 1.893647e+00 1.965867e+00 2.382081e+00 1.959175e+00 2.582017e+00 7.455897e-02 4.043209e-02 1.670658e-01 2.594706e-01 1.141219e-01 2.538587e-01 2.777776e-01 2.405071e-01 3.087499e-01 3.593942e-01 4.710859e-01 3.183979e-01 4.043674e-01 8.713647e-03
<GCONST> 8.591565e+01
<STATE> 17
<MEAN> 39
 -1.517567e+01 5.138626e+00 1.408212e+01 4.139103e+00 -3.612828e+00 -1.103205e+01 -2.281019e+00 -8.562760e+00 -7.044867e+00 -1.425539e+01 -2.833957e+00 -7.514007e+00 5.616744e+01 -6.382223e-01 -5.903307e-01 -1.917272e-02 2.060667e-01 7.050650e-02 -2.336979e-01 1.352866e-01 7.776340e-01 7.990464e-01 3.833268e-01 2.481987e-01 2.228453e-01 -2.806799e-01 7.959168e-02 -6.325422e-02 -1.722083e-01 -6.548209e-02 1.528552e-01 2.498563e-01 5.781557e-02 -1.272741e-01 -1.924504e-02 2.064982e-01 1.797613e-01 1.178217e-01 5.228341e-02
<VARIANCE> 39
 3.658318e+00 1.393709e+01 3.032447e+01 1.119742e+01 2.379111e+01 2.046522e+01 3.378825e+01 5.165007e+01 5.352617e+01 2.948716e+01 3.820300e+01 7.021326e+01 1.692884e+00 2.316764e-01 6.456231e-01 1.123982e+00 7.335964e-01 1.655863e+00 2.865587e+00 2.063418e+00 3.689159e+00 4.022693e+00 2.162884e+00 2.807268e+00 3.286774e+00 8.087987e-02 2.409441e-02 1.401101e-01 1.952652e-01 1.161234e-01 2.356191e-01 3.982705e-01 3.812090e-01 7.533346e-01 8.901425e-01 4.760995e-01 4.256651e-01 8.389992e-01 5.998855e-03
<GCONST> 9.414301e+01
<STATE> 18
<MEAN> 39
 -1.504282e+01 -2.138868e-01 7.280845e+00 4.354734e+00 5.044215e+00 -3.380218e+00 6.766919e-01 -5.586205e+00 -1.277678e-01 -8.324002e+00 1.087392e-01 -6.022324e+00 5.710854e+01 -1.799553e-01 -3.340142e-01 -2.192124e-01 8.528426e-02 2.353724e-01 2.157445e-01 -9.467350e-02 -1.918485e-01 -1.280715e-01 2.486797e-01 4.019861e-01 3.555662e-01 -5.590345e-02 2.193152e-02 3.492688e-02 -3.182294e-02 -9.819679e-02 -6.824109e-02 -3.681551e-02 5.646208e-02 -3.997676e-03 4.912005e-04 4.083881e-02 -6.676132e-02 -2.775780e-02 3.840702e-03
<VARIANCE> 39
 3.585056e+00 6.051672e+00 1.397689e+01 1.571917e+01 2.008469e+01 2.442205e+01 3.646083e+01 3.186402e+01 2.370564e+01 2.295318e+01 2.573523e+01 2.511882e+01 9.089561e-01 2.455868e-01 3.859755e-01 8.662396e-01 1.273936e+00 2.033081e+00 2.029872e+00 1.909440e+00 2.435730e+00 1.420045e+00 1.679806e+00 1.674076e+00 1.922628e+00 6.133791e-02 3.578648e-02 4.660795e-02 1.366643e-01 2.431640e-01 3.915905e-01 3.455098e-01 2.621441e-01 4.083096e-01 2.603774e-01 2.840270e-01 2.901727e-01 2.566681e-01 1.258123e-02
<GCONST> 8.240652e+01
<STATE> 19
<MEAN> 39
 -1.807719e+01 -5.005416e-01 9.465836e+00 3.679471e+00 4.352126e-01 -9.348221e+00 -4.690471e+00 -1.154118e+01 -7.406783e+00 -1.127700e+01 2.261349e-01 -6.049692e+00 5.535403e+01 -4.736924e-01 -5.208192e-01 -3.078702e-01 -2.909535e-01 -1.529181e-01 -2.166036e-01 2.817183e-01 3.919720e-01 3.923080e-01 2.517368e-01 1.931128e-01 6.314266e-01 -1.890543e-01 3.308012e-02 -8.949867e-03 -6.365661e-02 -3.836989e-02 -5.921696e-02 2.480150e-02 2.367846e-03 1.017250e-01 7.945259e-02 -2.140287e-01 -2.319865e-01 -6.548663e-02 5.360534e-03
<VARIANCE> 39
 8.831354e+00 8.955540e+00 5.726562e+01 4.706715e+01 2.570911e+01 4.553093e+01 3.072482e+01 3.197817e+01 3.071251e+01 4.344321e+01 5.895463e+01 2.892593e+01 2.715343e+00 1.484710e-01 4.077770e-01 7.986835e-01 8.962912e-01 1.101490e+00 9.934562e-01 1.603918e+00 1.130974e+00 1.025012e+00 1.353330e+00 1.429051e+00 1.550792e+00 2.113114e-02 3.498187e-02 5.416881e-02 1.083480e-01 1.980603e-01 2.343947e-01 2.070648e-01 2.593189e-01 2.306641e-01 1.552742e-01 2.531741e-01 3.113540e-01 2.391875e-01 4.406071e-03
<GCONST> 8.114149e+01
<TRANSP> 20
 0.000000e+00 1.000000e+00 0.000000e+00 0.000000e+00 0.000000e+00 0.000000e+00 0.000000e+00 0.000000e+00 0.000000e+00 0.000000e+00 0.000000e+00 0.000000e+00 0.000000e+00 0.000000e+00 0.000000e+00 0.000000e+00 0.000000e+00 0.000000e+00 0.000000e+00 0.000000e+00
 0.000000e+00 7.335961e-01 2.664039e-01 0.000000e+00 0.000000e+00 0.000000e+00 0.000000e+00 0.000000e+00 0.000000e+00 0.000000e+00 0.000000e+00 0.000000e+00 0.000000e+00 0.000000e+00 0.000000e+00 0.000000e+00 0.000000e+00 0.000000e+00 0.000000e+00 0.000000e+00
 0.000000e+00 0.000000e+00 7.875785e-01 2.124216e-01 0.000000e+00 0.000000e+00 0.000000e+00 0.000000e+00 0.000000e+00 0.000000e+00 0.000000e+00 0.000000e+00 0.000000e+00 0.000000e+00 0.000000e+00 0.000000e+00 0.000000e+00 0.000000e+00 0.000000e+00 0.000000e+00
 0.000000e+00 0.000000e+00 0.000000e+00 7.929987e-01 2.070013e-01 0.000000e+00 0.000000e+00 0.000000e+00 0.000000e+00 0.000000e+00 0.000000e+00 0.000000e+00 0.000000e+00 0.000000e+00 0.000000e+00 0.000000e+00 0.000000e+00 0.000000e+00 0.000000e+00 0.000000e+00
 0.000000e+00 0.000000e+00 0.000000e+00 0.000000e+00 8.100303e-01 1.899697e-01 0.000000e+00 0.000000e+00 0.000000e+00 0.000000e+00 0.000000e+00 0.000000e+00 0.000000e+00 0.000000e+00 0.000000e+00 0.000000e+00 0.000000e+00 0.000000e+00 0.000000e+00 0.000000e+00
 0.000000e+00 0.000000e+00 0.000000e+00 0.000000e+00 0.000000e+00 7.575235e-01 2.424765e-01 0.000000e+00 0.000000e+00 0.000000e+00 0.000000e+00 0.000000e+00 0.000000e+00 0.000000e+00 0.000000e+00 0.000000e+00 0.000000e+00 0.000000e+00 0.000000e+00 0.000000e+00
 0.000000e+00 0.000000e+00 0.000000e+00 0.000000e+00 0.000000e+00 0.000000e+00 7.700276e-01 2.299723e-01 0.000000e+00 0.000000e+00 0.000000e+00 0.000000e+00 0.000000e+00 0.000000e+00 0.000000e+00 0.000000e+00 0.000000e+00 0.000000e+00 0.000000e+00 0.000000e+00
 0.000000e+00 0.000000e+00 0.000000e+00 0.000000e+00 0.000000e+00 0.000000e+00 0.000000e+00 7.230738e-01 2.769262e-01 0.000000e+00 0.000000e+00 0.000000e+00 0.000000e+00 0.000000e+00 0.000000e+00 0.000000e+00 0.000000e+00 0.000000e+00 0.000000e+00 0.000000e+00
 0.000000e+00 0.000000e+00 0.000000e+00 0.000000e+00 0.000000e+00 0.000000e+00 0.000000e+00 0.000000e+00 6.393383e-01 3.606617e-01 0.000000e+00 0.000000e+00 0.000000e+00 0.000000e+00 0.000000e+00 0.000000e+00 0.000000e+00 0.000000e+00 0.000000e+00 0.000000e+00
 0.000000e+00 0.000000e+00 0.000000e+00 0.000000e+00 0.000000e+00 0.000000e+00 0.000000e+00 0.000000e+00 0.000000e+00 6.680695e-01 3.319305e-01 0.000000e+00 0.000000e+00 0.000000e+00 0.000000e+00 0.000000e+00 0.000000e+00 0.000000e+00 0.000000e+00 0.000000e+00
 0.000000e+00 0.000000e+00 0.000000e+00 0.000000e+00 0.000000e+00 0.000000e+00 0.000000e+00 0.000000e+00 0.000000e+00 0.000000e+00 7.782850e-01 2.217150e-01 0.000000e+00 0.000000e+00 0.000000e+00 0.000000e+00 0.000000e+00 0.000000e+00 0.000000e+00 0.000000e+00
 0.000000e+00 0.000000e+00 0.000000e+00 0.000000e+00 0.000000e+00 0.000000e+00 0.000000e+00 0.000000e+00 0.000000e+00 0.000000e+00 0.000000e+00 8.197349e-01 1.802651e-01 0.000000e+00 0.000000e+00 0.000000e+00 0.000000e+00 0.000000e+00 0.000000e+00 0.000000e+00
 0.000000e+00 0.000000e+00 0.000000e+00 0.000000e+00 0.000000e+00 0.000000e+00 0.000000e+00 0.000000e+00 0.000000e+00 0.000000e+00 0.000000e+00 0.000000e+00 7.699860e-01 2.300141e-01 0.000000e+00 0.000000e+00 0.000000e+00 0.000000e+00 0.000000e+00 0.000000e+00
 0.000000e+00 0.000000e+00 0.000000e+00 0.000000e+00 0.000000e+00 0.000000e+00 0.000000e+00 0.000000e+00 0.000000e+00 0.000000e+00 0.000000e+00 0.000000e+00 0.000000e+00 7.021888e-01 2.978112e-01 0.000000e+00 0.000000e+00 0.000000e+00 0.000000e+00 0.000000e+00
 0.000000e+00 0.000000e+00 0.000000e+00 0.000000e+00 0.000000e+00 0.000000e+00 0.000000e+00 0.000000e+00 0.000000e+00 0.000000e+00 0.000000e+00 0.000000e+00 0.000000e+00 0.000000e+00 7.983506e-01 2.016494e-01 0.000000e+00 0.000000e+00 0.000000e+00 0.000000e+00
 0.000000e+00 0.000000e+00 0.000000e+00 0.000000e+00 0.000000e+00 0.000000e+00 0.000000e+00 0.000000e+00 0.000000e+00 0.000000e+00 0.000000e+00 0.000000e+00 0.000000e+00 0.000000e+00 0.000000e+00 7.601047e-01 2.398954e-01 0.000000e+00 0.000000e+00 0.000000e+00
 0.000000e+00 0.000000e+00 0.000000e+00 0.000000e+00 0.000000e+00 0.000000e+00 0.000000e+00 0.000000e+00 0.000000e+00 0.000000e+00 0.000000e+00 0.000000e+00 0.000000e+00 0.000000e+00 0.000000e+00 0.000000e+00 7.349603e-01 2.650397e-01 0.000000e+00 0.000000e+00
 0.000000e+00 0.000000e+00 0.000000e+00 0.000000e+00 0.000000e+00 0.000000e+00 0.000000e+00 0.000000e+00 0.000000e+00 0.000000e+00 0.000000e+00 0.000000e+00 0.000000e+00 0.000000e+00 0.000000e+00 0.000000e+00 0.000000e+00 8.336857e-01 1.663143e-01 0.000000e+00
 0.000000e+00 0.000000e+00 0.000000e+00 0.000000e+00 0.000000e+00 0.000000e+00 0.000000e+00 0.000000e+00 0.000000e+00 0.000000e+00 0.000000e+00 0.000000e+00 0.000000e+00 0.000000e+00 0.000000e+00 0.000000e+00 0.000000e+00 0.000000e+00 7.848977e-01 2.151024e-01
 0.000000e+00 0.000000e+00 0.000000e+00 0.000000e+00 0.000000e+00 0.000000e+00 0.000000e+00 0.000000e+00 0.000000e+00 0.000000e+00 0.000000e+00 0.000000e+00 0.000000e+00 0.000000e+00 0.000000e+00 0.000000e+00 0.000000e+00 0.000000e+00 0.000000e+00 0.000000e+00
<ENDHMM>
