~o
<STREAMINFO> 1 39
<VECSIZE> 39<NULLD><MFCC_D_A_0><DIAGC>
~h "kurang"
<BEGINHMM>
<NUMSTATES> 20
<STATE> 2
<MEAN> 39
 -1.698381e+01 -6.447747e+00 -2.893810e+00 -5.216076e+00 3.284547e-01 -3.629201e+00 3.621311e-01 -5.614613e+00 1.435396e-01 -5.845489e+00 2.759788e-01 -6.054855e+00 5.681978e+01 5.640832e-01 -3.441470e-01 -1.285914e+00 -1.463216e+00 -4.606232e-01 4.183758e-01 3.465573e-01 4.809834e-01 -4.800439e-02 2.639897e-01 8.142411e-01 8.201746e-01 4.626290e-01 2.601353e-01 -1.180969e-01 -5.340427e-01 -4.525006e-01 -3.030320e-01 -1.219841e-01 2.419384e-01 1.264341e-01 -6.347026e-02 -2.004120e-01 1.135876e-01 3.902935e-01 2.006030e-01
<VARIANCE> 39
 9.525481e-01 1.576686e+00 5.051451e+00 7.062002e+00 9.052279e+00 1.299230e+01 1.724657e+01 1.774210e+01 2.086420e+01 1.074174e+01 1.589409e+01 1.233459e+01 2.275600e-01 4.251244e-01 7.925735e-01 2.654982e+00 3.811315e+00 3.715814e+00 3.464500e+00 3.277624e+00 5.298426e+00 4.921318e+00 4.041380e+00 1.610745e+00 1.994233e+00 2.008731e-01 1.093805e-01 2.124403e-01 3.575172e-01 5.547082e-01 3.992405e-01 3.249998e-01 5.350689e-01 9.386867e-01 7.705874e-01 6.166309e-01 4.177724e-01 3.013488e-01 1.816822e-02
<GCONST> 8.961261e+01
<STATE> 3
<MEAN> 39
 -1.337336e+01 -8.407298e+00 -9.933712e+00 -1.015858e+01 -1.744264e+00 -3.850527e+00 2.697920e+00 -4.944106e+00 -2.175614e+00 -7.767481e+00 3.857536e+00 -1.039523e+00 5.965619e+01 1.997543e+00 1.789195e+00 3.094705e-01 -6.666384e-01 -1.132469e+00 -7.472263e-01 -9.801322e-01 -1.476672e+00 -1.264926e+00 -5.577081e-01 2.741867e-01 4.348553e-01 9.143159e-01 5.433819e-01 8.500891e-01 7.872711e-01 2.328691e-01 -2.501900e-01 -3.590221e-01 -6.369144e-01 -4.395670e-01 -2.863308e-01 -4.267712e-02 8.288793e-02 -6.600850e-02 2.105741e-01
<VARIANCE> 39
 1.174601e+01 2.612229e+01 3.264088e+01 7.177985e+01 5.065747e+01 7.808284e+01 2.226943e+01 9.695646e+01 5.942160e+01 3.968356e+01 2.440067e+01 4.156314e+01 1.809983e+00 2.260674e+00 4.896214e+00 7.280725e+00 4.588923e+00 2.428226e+00 4.398886e+00 3.545619e+00 4.762724e+00 3.333262e+00 2.700252e+00 2.402898e+00 3.224559e+00 5.049698e-01 1.776398e-01 3.764414e-01 1.095453e+00 9.199273e-01 4.531976e-01 9.451727e-01 5.973555e-01 7.046317e-01 7.099453e-01 7.007755e-01 7.396168e-01 7.855906e-01 8.556094e-02
<GCONST> 1.229633e+02
<STATE> 4
<MEAN> 39
 9.036242e-01 6.813529e+00 -4.591413e+00 -1.543094e+01 -9.864913e+00 -7.577584e+00 -5.711577e+00 -1.333749e+01 -9.650170e+00 -9.715429e+00 5.798941e+00 1.397890e+00 6.630235e+01 2.754338e+00 1.938909e+00 -2.922336e-01 -1.480802e+00 -8.149304e-01 7.111524e-01 -1.188859e+00 -1.444898e+00 -1.613641e+00 6.686485e-02 1.652130e+00 1.290630e+00 1.658943e+00 -7.744139e-01 -1.088699e+00 -7.959217e-01 -3.477806e-03 7.629935e-01 9.516353e-01 4.591034e-01 8.069710e-02 3.690992e-01 5.542495e-01 2.588281e-01 -8.145299e-02 -2.798610e-01
<VARIANCE> 39
 8.574020e+00 9.204901e+00 2.162908e+01 2.400616e+01 5.947992e+01 2.999679e+01 2.089874e+01 7.662480e+01 3.009240e+01 2.544935e+01 4.238403e+01 3.652918e+01 4.219363e+00 1.907445e+00 3.023183e+00 3.092693e+00 1.191155e+00 2.903746e+00 5.141201e+00 3.557971e+00 2.128563e+00 2.539063e+00 3.951763e+00 3.804672e+00 4.376766e+00 4.481113e-01 1.464645e-01 1.070902e-01 2.243294e-01 3.413860e-01 4.363125e-01 2.854443e-01 3.204115e-01 3.289188e-01 3.845681e-01 7.097315e-01 4.916910e-01 3.551147e-01 6.337950e-02
<GCONST> 1.078287e+02
<STATE> 5
<MEAN> 39
 4.074309e+00 6.235036e+00 -8.204235e+00 -1.891135e+01 -7.062188e+00 1.243498e+00 -6.582481e+00 -1.815142e+01 -1.259171e+01 -5.085413e+00 1.460572e+01 5.583372e+00 6.932793e+01 3.225064e-02 -1.139496e+00 -9.884843e-01 1.822118e-01 1.176413e+00 9.909484e-01 -1.176015e+00 -1.536300e+00 9.724330e-01 2.627371e+00 1.168186e+00 -1.046965e+00 3.730475e-01 -2.684318e-01 -3.642708e-01 1.626035e-01 6.733546e-01 2.845026e-01 -6.907005e-01 -3.081000e-01 1.992898e-01 7.627687e-01 2.581753e-01 -7.744764e-01 -8.777813e-01 -1.541056e-01
<VARIANCE> 39
 1.373528e+00 9.748799e+00 4.633431e+01 1.456286e+01 6.272512e+01 4.639535e+01 3.694020e+01 3.883676e+01 2.930972e+01 9.404638e+01 4.509988e+01 3.656783e+01 2.481957e+00 1.690470e-01 7.727343e-01 5.437803e-01 1.404871e+00 2.169658e+00 1.889301e+00 1.766592e+00 3.012132e+00 3.568349e+00 5.626733e+00 3.634020e+00 3.331920e+00 5.787338e-02 7.062344e-02 1.396655e-01 1.983235e-01 1.667437e-01 2.235753e-01 1.534114e-01 3.165850e-01 3.414169e-01 5.179035e-01 1.297759e+00 6.477491e-01 4.687175e-01 3.860624e-02
<GCONST> 9.722218e+01
<STATE> 6
<MEAN> 39
 3.433198e+00 -3.226271e-01 -1.074520e+01 -1.220202e+01 2.151866e-01 -2.587079e+00 -1.563406e+01 -2.333804e+01 -3.445873e+00 4.106597e+00 9.531681e+00 -6.302633e+00 6.990147e+01 -6.442484e-01 -1.371948e+00 5.523944e-01 2.713461e+00 1.366768e+00 -2.172566e+00 -9.970099e-01 1.148969e+00 1.711517e+00 -3.300809e-01 -2.116803e+00 -2.250375e+00 -3.020386e-01 -2.177753e-01 -5.051869e-03 3.747752e-01 1.817456e-01 -5.798789e-01 -5.272912e-01 8.387681e-01 1.096258e+00 -5.419515e-01 -1.229022e+00 -7.958169e-02 4.897200e-01 -1.422062e-01
<VARIANCE> 39
 1.952214e+00 7.844757e+00 4.390754e+01 2.032142e+01 5.554172e+01 6.501228e+01 5.128925e+01 5.077095e+01 3.464849e+01 5.429290e+01 6.217844e+01 3.564359e+01 3.572243e+00 4.464824e-01 1.019955e+00 1.131683e+00 1.485009e+00 2.680630e+00 1.340202e+00 4.350160e+00 4.839733e+00 4.846821e+00 6.656441e+00 2.567844e+00 4.421067e+00 3.893705e-01 8.921303e-02 1.786115e-01 1.678913e-01 2.598497e-01 4.302888e-01 2.477308e-01 4.872686e-01 3.706822e-01 7.122833e-01 5.821742e-01 4.749515e-01 5.240176e-01 7.967938e-02
<GCONST> 1.067691e+02
<STATE> 7
<MEAN> 39
 -2.151599e-01 -5.168028e+00 -7.487352e+00 -3.288584e+00 -5.648220e-01 -1.239005e+01 -1.208021e+01 -1.186120e+01 -2.653501e+00 -3.229474e+00 5.147481e+00 -9.534074e+00 6.844714e+01 1.652159e-01 -2.375610e+00 -4.583835e-01 1.413929e+00 -6.948234e-01 -1.665317e+00 1.570000e+00 3.116043e+00 5.215722e-01 -9.905652e-01 -1.023147e+00 -1.029941e+00 6.964762e-01 5.657690e-01 -2.805950e-01 -6.254944e-01 -6.833878e-01 -1.179972e-01 8.363026e-01 1.683563e-01 -2.136438e-01 2.054364e-01 6.439790e-01 1.244287e-01 -4.021261e-02 5.056027e-01
<VARIANCE> 39
 5.176101e+00 2.052662e+01 4.963812e+01 3.599743e+01 3.900855e+01 5.630338e+01 1.115289e+02 5.583142e+01 5.348511e+01 3.291509e+01 1.011951e+02 1.990722e+01 3.928200e+00 1.522904e+00 9.163519e-01 2.205774e+00 2.082725e+00 1.616559e+00 2.012624e+00 3.413474e+00 2.839597e+00 4.666930e+00 4.614627e+00 1.783338e+00 5.298454e+00 8.883438e-01 1.508227e-01 3.196110e-01 1.708426e-01 3.164679e-01 4.762880e-01 3.049590e-01 6.460408e-01 6.215972e-01 1.082191e+00 4.708580e-01 4.834513e-01 7.853091e-01 1.100883e-01
<GCONST> 1.145777e+02
<STATE> 8
<MEAN> 39
 3.949045e+00 -1.471292e+01 -1.218095e+01 -2.148368e+00 -8.871878e-01 -1.103664e+01 -5.390449e+00 -3.049765e+00 1.261252e+00 -7.687931e-01 1.575231e+00 -1.498476e+01 7.415460e+01 3.271049e-01 -1.647915e+00 -4.167638e-01 -3.493302e-01 4.964018e-03 1.509893e+00 1.187122e+00 1.310928e+00 9.739007e-01 -5.550273e-02 -1.247221e+00 -4.603011e-01 9.638187e-01 -3.334706e-01 4.474370e-01 4.038888e-01 -1.958631e-01 4.731169e-02 3.627479e-01 -2.583899e-01 -5.271081e-01 -1.954526e-01 -9.965350e-02 -1.714724e-02 3.558001e-01 -2.576023e-01
<VARIANCE> 39
 2.627770e+00 9.932662e+00 6.103360e+01 2.663898e+01 5.488209e+01 5.245592e+01 7.282690e+01 5.813972e+01 5.835989e+01 9.296558e+01 8.598996e+01 4.213165e+01 5.584166e+00 8.357340e-01 1.766134e+00 2.553268e+00 1.920411e+00 2.042722e+00 2.110897e+00 2.944956e+00 3.168023e+00 3.204006e+00 2.754256e+00 1.599010e+00 1.846400e+00 4.574304e-01 6.374341e-02 9.835181e-02 2.142983e-01 1.809446e-01 2.472114e-01 3.445013e-01 4.006114e-01 4.195459e-01 4.914179e-01 6.811539e-01 2.950432e-01 3.511841e-01 3.196618e-02
<GCONST> 1.059417e+02
<STATE> 9
<MEAN> 39
 1.666791e+00 -1.794477e+01 -1.080525e+01 -4.949680e+00 -9.312216e+00 9.250928e-01 -2.278217e+00 -7.731596e+00 4.637861e+00 3.924921e-01 -3.980456e+00 -1.030253e+01 7.587669e+01 -1.990130e-01 3.473949e-01 1.969152e-01 -3.049459e-01 3.723442e-01 2.121033e-01 -2.758260e-03 1.216299e-02 2.809791e-01 -2.049546e-01 -5.477899e-01 2.561732e-01 -2.163003e-01 8.187761e-02 3.919318e-01 -1.085068e-02 7.784098e-02 2.831986e-01 -3.242195e-01 -7.052039e-02 -1.505460e-02 -4.494800e-02 -6.415737e-02 1.671224e-01 -6.403399e-02 -1.832727e-01
<VARIANCE> 39
 2.162866e+00 1.006859e+01 5.445845e+01 1.553090e+01 1.338692e+02 9.395462e+01 2.311501e+01 1.051841e+02 5.872687e+01 5.368280e+01 3.678717e+01 4.675309e+01 4.557822e+00 1.267673e-01 5.687928e-01 6.385512e-01 1.039125e+00 2.049553e+00 1.829820e+00 9.814904e-01 1.648091e+00 2.255469e+00 1.557247e+00 2.063016e+00 1.144825e+00 2.148810e-01 2.219900e-02 6.354996e-02 1.802918e-01 1.741886e-01 1.835400e-01 1.852367e-01 1.647887e-01 4.183179e-01 5.137573e-01 2.560963e-01 2.672359e-01 2.558187e-01 2.183276e-02
<GCONST> 9.048209e+01
<STATE> 10
<MEAN> 39
 2.857709e+00 -1.109105e+01 -1.078907e+01 -6.640543e+00 3.513921e+00 -7.489680e+00 -5.476573e+00 -1.120956e+00 4.152331e+00 -4.431172e+00 -4.844172e+00 -1.421696e+01 7.263892e+01 -1.061466e-01 1.532786e+00 1.047523e-01 -5.706496e-01 1.098242e-01 7.479826e-02 -1.431752e-01 -9.905732e-01 -3.622431e-01 -4.801562e-01 -2.620381e-01 3.676571e-01 -6.993026e-01 -5.975344e-02 1.161760e-01 1.688482e-01 1.122418e-02 -1.078142e-01 -7.150488e-02 -8.787363e-02 -2.235752e-01 -3.794035e-01 -1.579981e-01 1.541665e-01 -1.112989e-03 -3.852101e-02
<VARIANCE> 39
 2.774947e+00 2.084246e+01 7.398534e+01 2.577764e+01 1.994316e+01 3.233047e+01 1.830800e+01 5.784085e+01 2.881345e+01 4.295429e+01 5.680230e+01 2.602792e+01 4.700251e+00 1.664760e-01 4.031216e-01 8.571463e-01 9.882687e-01 1.351671e+00 1.911306e+00 8.402253e-01 1.851905e+00 2.436081e+00 1.479402e+00 8.544943e-01 2.934515e+00 3.692202e-02 2.635634e-02 4.069942e-02 1.050599e-01 1.601146e-01 8.404607e-02 1.774193e-01 1.145963e-01 2.049256e-01 3.088755e-01 3.249468e-01 1.472457e-01 2.517194e-01 1.067934e-02
<GCONST> 8.110255e+01
<STATE> 11
<MEAN> 39
 1.317249e+00 -6.573948e+00 -7.267105e+00 -7.178931e+00 1.795426e+00 -3.030039e+00 -4.968048e+00 -8.900601e+00 -1.473175e+00 -8.949103e+00 -2.700222e+00 -9.922464e+00 7.005000e+01 -3.564407e-01 1.525677e+00 1.444666e+00 1.167327e-01 1.022464e+00 -3.066040e-03 -5.831508e-01 -1.951134e-01 -1.643557e+00 -8.843349e-01 9.169605e-01 -1.058869e-01 -6.792440e-01 -1.084425e-01 -5.610518e-02 4.897681e-02 1.911143e-01 -1.291674e-01 8.265788e-02 1.825129e-01 3.156793e-01 4.508078e-01 2.948817e-01 -6.849068e-02 1.681732e-01 -3.066656e-02
<VARIANCE> 39
 1.804227e+00 9.500235e+00 5.503791e+01 1.241681e+01 2.848322e+01 2.186379e+01 3.078577e+01 2.314493e+01 3.085515e+01 2.383985e+01 6.436262e+01 5.961908e+01 3.291626e+00 2.660019e-01 2.963238e-01 6.787928e-01 5.286519e-01 2.583253e+00 7.142580e-01 7.425518e-01 2.321378e+00 4.389275e+00 2.151595e+00 7.866079e-01 1.998571e+00 6.035374e-02 2.527815e-02 4.512596e-02 1.598148e-01 9.373379e-02 2.109133e-01 1.186103e-01 2.444982e-01 1.232702e-01 7.114531e-01 2.255272e-01 2.066096e-01 5.137668e-01 1.024051e-02
<GCONST> 8.075378e+01
<STATE> 12
<MEAN> 39
 -7.223392e-01 1.925732e+00 -1.148497e+00 -6.712683e+00 3.774107e+00 -4.808871e+00 -3.141950e+00 -3.423840e+00 1.043910e+00 -4.502202e+00 5.755245e-01 -7.931786e+00 6.659541e+01 -6.499436e-01 9.348978e-01 7.482438e-01 6.823602e-01 2.683643e-01 5.652336e-01 6.635928e-01 2.210188e-02 3.108619e-01 -3.395445e-01 -3.836223e-01 -9.564364e-02 -7.984802e-01 -3.935587e-02 -1.084431e-01 -2.176960e-03 1.121247e-01 -1.254436e-02 4.729614e-02 -3.369371e-03 -1.154112e-01 -1.836959e-01 -1.851461e-01 -1.372195e-01 -1.594796e-01 3.591006e-03
<VARIANCE> 39
 7.337784e+00 1.897859e+01 2.425185e+01 2.349508e+01 2.431934e+01 3.478088e+01 2.690248e+01 4.513464e+01 1.225374e+01 2.694007e+01 3.424133e+01 2.351160e+01 4.948973e+00 1.363750e-01 3.731831e-01 8.784081e-01 7.767267e-01 8.574023e-01 8.628370e-01 9.107896e-01 1.453369e+00 2.045485e+00 1.488741e+00 1.020488e+00 1.429179e+00 7.499740e-02 3.326194e-02 3.814550e-02 4.553343e-02 1.211968e-01 1.659104e-01 1.582350e-01 1.783005e-01 2.069340e-01 2.106659e-01 1.557704e-01 1.687703e-01 1.639372e-01 7.812147e-03
<GCONST> 7.574458e+01
<STATE> 13
<MEAN> 39
 -3.574152e+00 1.206929e+00 -2.398685e+00 -3.373173e+00 5.925445e+00 -2.057535e+00 -5.480650e+00 -1.435291e+01 -9.388153e+00 -2.009926e+01 -1.377774e+01 -1.806649e+01 6.378004e+01 -4.282086e-01 9.162992e-01 1.299992e+00 7.969663e-01 -1.013574e-01 -1.917297e-02 1.751972e-01 -7.179376e-01 -1.538751e+00 -8.723252e-01 -2.347038e-01 -3.785036e-01 -4.768860e-01 -1.314740e-02 -1.802320e-01 -1.771840e-01 -1.205630e-01 -4.980177e-02 -1.138932e-01 -4.463591e-02 8.977871e-02 1.643400e-01 2.528104e-01 9.487277e-02 3.886364e-02 6.207921e-02
<VARIANCE> 39
 5.268329e+00 1.393302e+01 2.578963e+01 8.713838e+00 9.447532e+00 1.035406e+01 1.705425e+01 4.080249e+01 6.771283e+01 6.457810e+01 6.084633e+01 2.799614e+01 2.407344e+00 2.982135e-01 2.351411e-01 7.019297e-01 6.386518e-01 5.050244e-01 9.863527e-01 1.409554e+00 1.225986e+00 1.039856e+00 9.214119e-01 6.557964e-01 8.019668e-01 1.092272e-01 4.392920e-02 4.033721e-02 7.982041e-02 1.061347e-01 9.641682e-02 2.243102e-01 2.588931e-01 1.532063e-01 1.801117e-01 1.354611e-01 1.661479e-01 2.401007e-01 1.702888e-02
<GCONST> 7.353359e+01
<STATE> 14
<MEAN> 39
 -4.615264e+00 3.854260e+00 1.747267e+00 -1.866143e+00 4.347092e+00 -2.760226e+00 -4.147039e+00 -1.199057e+01 -7.950490e+00 -1.647346e+01 -8.594731e+00 -1.494364e+01 6.264925e+01 -9.899398e-01 -3.291968e-02 3.949509e-01 1.402700e-01 7.073227e-02 -2.811413e-01 3.204764e-01 3.469254e-01 3.868497e-01 3.355049e-01 -9.140635e-02 -5.484943e-02 -5.675831e-01 -1.553259e-01 -3.015326e-01 -2.415038e-01 -1.962740e-01 9.290481e-02 -2.471600e-02 2.054840e-01 1.612662e-01 3.393433e-01 3.501478e-01 1.295201e-01 2.963061e-01 -8.896892e-03
<VARIANCE> 39
 3.034625e+00 8.640944e+00 1.364344e+01 1.020266e+01 1.227038e+01 1.177758e+01 1.308271e+01 6.921974e+01 8.930198e+01 7.865270e+01 7.283230e+01 4.149084e+01 1.353345e+00 2.340043e-01 3.717577e-01 2.187834e-01 3.665137e-01 7.306076e-01 7.055161e-01 8.066853e-01 1.578208e+00 1.051622e+00 6.426863e-01 1.954779e+00 9.728881e-01 6.217232e-02 2.109319e-02 5.129720e-02 4.886691e-02 1.173750e-01 1.043459e-01 1.855389e-01 7.262756e-02 2.169841e-01 1.705342e-01 1.365700e-01 2.774252e-01 1.982945e-01 5.464174e-03
<GCONST> 6.896723e+01
<STATE> 15
<MEAN> 39
 -9.324736e+00 2.772158e+00 2.810168e+00 -1.237517e+00 4.483570e+00 -3.038419e+00 -9.808026e-01 -1.032503e+01 -5.419285e+00 -1.314706e+01 -7.180151e+00 -1.205272e+01 6.037263e+01 -1.188085e+00 -4.386265e-01 4.604726e-02 9.260710e-02 -6.033038e-02 1.261342e-02 5.918251e-01 2.659822e-01 2.065384e-01 1.813375e-01 3.024648e-01 7.680995e-01 -5.423151e-01 6.163125e-02 -8.478869e-02 -8.402415e-03 -3.110366e-02 -1.218794e-01 1.146076e-01 -3.730177e-02 1.123687e-01 -6.592160e-03 -2.161583e-01 -3.846850e-02 -1.267152e-02 2.274770e-02
<VARIANCE> 39
 6.008699e+00 1.523295e+01 1.709760e+01 7.575117e+00 8.609267e+00 1.572381e+01 1.890219e+01 3.298087e+01 5.674539e+01 6.744712e+01 4.073241e+01 2.821706e+01 1.944445e+00 1.403821e-01 2.438160e-01 4.148199e-01 4.176724e-01 4.667059e-01 9.548212e-01 1.211148e+00 7.306536e-01 1.829185e+00 9.958090e-01 7.797508e-01 6.832628e-01 5.008777e-02 2.962968e-02 8.177646e-02 8.202787e-02 8.115173e-02 9.858003e-02 1.879795e-01 1.630908e-01 1.365517e-01 3.208405e-01 9.450289e-02 9.458445e-02 1.863911e-01 1.015540e-02
<GCONST> 6.832901e+01
<STATE> 16
<MEAN> 39
 -1.213202e+01 8.450485e-01 2.658779e+00 -1.831267e+00 3.892247e+00 -1.359769e+00 2.289635e+00 -4.321233e+00 1.995453e-01 -1.077207e+01 -4.754269e+00 -8.946487e+00 5.876840e+01 -5.920184e-01 -5.298314e-01 4.798864e-01 5.000589e-01 -3.983517e-01 4.719516e-01 6.544227e-01 8.169485e-01 1.587981e-01 -8.992395e-01 -5.327696e-01 -3.525423e-01 -4.277779e-01 1.197797e-01 7.838126e-02 7.374536e-02 2.354945e-01 1.863600e-01 4.339900e-02 4.409005e-02 -1.151100e-03 -1.591273e-01 1.068792e-01 8.456350e-02 -1.410042e-01 7.654235e-02
<VARIANCE> 39
 2.603379e+00 1.034718e+01 1.403529e+01 1.080252e+01 2.711816e+01 2.150258e+01 2.592041e+01 3.477741e+01 3.503766e+01 4.172646e+01 3.090179e+01 2.173256e+01 5.833140e-01 1.007257e-01 6.418268e-01 6.543955e-01 7.418968e-01 8.247784e-01 1.086718e+00 1.458598e+00 1.066669e+00 1.375502e+00 1.126112e+00 1.337574e+00 9.946223e-01 9.423818e-02 3.211554e-02 1.080182e-01 1.337054e-01 7.533585e-02 1.721208e-01 2.756116e-01 3.471561e-01 2.298351e-01 3.611299e-01 2.889868e-01 2.986182e-01 1.568036e-01 9.199842e-03
<GCONST> 7.580659e+01
<STATE> 17
<MEAN> 39
 -1.488380e+01 2.655441e-01 7.978636e+00 5.348110e+00 6.746003e+00 -1.086821e-01 6.112444e+00 1.813681e+00 4.815346e+00 -7.773020e+00 -3.872195e+00 -8.742615e+00 5.718829e+01 -1.950350e-01 -1.803934e-01 8.960187e-02 2.472435e-01 5.811296e-02 2.797394e-02 3.005031e-01 2.121684e-01 -7.196347e-02 1.001182e-01 2.105377e-01 2.885665e-01 -1.139311e-01 -2.014850e-02 -9.275842e-02 -1.858137e-01 -9.348059e-02 3.071881e-02 -3.499551e-02 -1.654371e-02 -2.499678e-02 2.597436e-02 4.467588e-02 -7.229058e-03 6.368856e-02 3.170366e-03
<VARIANCE> 39
 7.107507e+00 4.167988e+00 1.508166e+01 2.113803e+01 2.329796e+01 2.736339e+01 4.273834e+01 3.645494e+01 3.743681e+01 4.180851e+01 1.369334e+01 1.859204e+01 2.014557e+00 5.020325e-01 3.758516e-01 1.377288e+00 1.497090e+00 1.618788e+00 2.011494e+00 3.060724e+00 1.107019e+00 1.126023e+00 1.017075e+00 1.298096e+00 5.607415e-01 1.381183e-01 8.800164e-02 3.538766e-02 1.542814e-01 1.513239e-01 3.303309e-01 2.444025e-01 3.761988e-01 2.179785e-01 1.434993e-01 1.864880e-01 2.575314e-01 1.337670e-01 2.053845e-02
<GCONST> 8.210890e+01
<STATE> 18
<MEAN> 39
 -1.523535e+01 -1.664592e+00 3.681865e+00 2.589364e+00 6.739712e+00 1.083850e+00 6.379461e+00 -2.073145e+00 -2.859751e+00 -1.342370e+01 -5.299706e+00 -9.361137e+00 5.714962e+01 -6.464536e-01 -8.411250e-01 -4.241046e-01 3.090748e-01 5.510867e-01 5.232987e-01 5.117817e-01 1.733423e-01 2.768318e-01 3.926544e-01 1.470562e-01 6.275389e-02 -2.705272e-01 -4.810505e-03 -2.952598e-02 -9.690521e-03 -1.386705e-01 -5.680426e-02 5.433297e-02 -8.293660e-02 -3.849898e-02 1.512160e-01 1.737199e-01 1.854650e-02 -4.838723e-02 -2.010490e-02
<VARIANCE> 39
 1.245443e+00 4.274898e+00 7.660494e+00 9.417062e+00 2.835147e+01 1.381979e+01 3.520002e+01 9.163167e+01 4.376627e+01 3.174737e+01 2.401035e+01 2.352632e+01 2.765610e-01 7.975336e-02 4.204185e-01 6.648554e-01 4.496790e-01 7.695975e-01 1.092234e+00 9.605512e-01 1.622819e+00 9.591419e-01 8.603633e-01 1.230783e+00 1.426716e+00 4.042600e-02 7.958686e-03 6.222928e-02 9.360847e-02 1.671316e-01 1.302759e-01 1.669333e-01 2.307839e-01 3.054654e-01 2.516342e-01 2.149540e-01 1.609018e-01 2.647272e-01 6.424951e-03
<GCONST> 6.742659e+01
<STATE> 19
<MEAN> 39
 -1.888598e+01 -5.973143e+00 1.894036e+00 1.980718e+00 7.492561e+00 4.674078e+00 9.887148e+00 -5.006856e-01 -3.134159e-02 -9.699001e+00 -4.648701e+00 -1.012926e+01 5.541428e+01 -5.962134e-01 -7.342778e-01 -5.571192e-01 -3.757312e-01 7.657924e-02 4.022357e-01 5.086056e-01 5.079796e-01 4.358815e-01 5.985426e-01 6.838042e-02 -2.523182e-01 -2.371437e-01 7.027812e-02 1.048150e-01 -1.797057e-02 3.315097e-03 3.858861e-02 -5.381129e-02 -8.546457e-02 -1.338573e-02 -1.006580e-01 -1.515895e-01 -2.778289e-02 2.634590e-02 5.405508e-02
<VARIANCE> 39
 3.821410e+00 8.356877e+00 8.275850e+00 1.344247e+01 3.556264e+01 4.123125e+01 4.829630e+01 4.110017e+01 2.286324e+01 4.830367e+01 4.411620e+01 2.282040e+01 1.047210e+00 1.172498e-01 5.104589e-01 3.889121e-01 1.233119e+00 1.963797e+00 1.914884e+00 2.348992e+00 2.293648e+00 1.351102e+00 2.097946e+00 1.500079e+00 1.079783e+00 4.278116e-02 1.164210e-02 9.930579e-02 1.026067e-01 2.102137e-01 2.827588e-01 2.318509e-01 4.272887e-01 4.625805e-01 2.075369e-01 3.757006e-01 3.106306e-01 2.235941e-01 5.891478e-03
<GCONST> 8.123666e+01
<TRANSP> 20
 0.000000e+00 1.000000e+00 0.000000e+00 0.000000e+00 0.000000e+00 0.000000e+00 0.000000e+00 0.000000e+00 0.000000e+00 0.000000e+00 0.000000e+00 0.000000e+00 0.000000e+00 0.000000e+00 0.000000e+00 0.000000e+00 0.000000e+00 0.000000e+00 0.000000e+00 0.000000e+00
 0.000000e+00 6.919079e-01 3.080921e-01 0.000000e+00 0.000000e+00 0.000000e+00 0.000000e+00 0.000000e+00 0.000000e+00 0.000000e+00 0.000000e+00 0.000000e+00 0.000000e+00 0.000000e+00 0.000000e+00 0.000000e+00 0.000000e+00 0.000000e+00 0.000000e+00 0.000000e+00
 0.000000e+00 0.000000e+00 7.821712e-01 2.178288e-01 0.000000e+00 0.000000e+00 0.000000e+00 0.000000e+00 0.000000e+00 0.000000e+00 0.000000e+00 0.000000e+00 0.000000e+00 0.000000e+00 0.000000e+00 0.000000e+00 0.000000e+00 0.000000e+00 0.000000e+00 0.000000e+00
 0.000000e+00 0.000000e+00 0.000000e+00 7.148783e-01 2.851218e-01 0.000000e+00 0.000000e+00 0.000000e+00 0.000000e+00 0.000000e+00 0.000000e+00 0.000000e+00 0.000000e+00 0.000000e+00 0.000000e+00 0.000000e+00 0.000000e+00 0.000000e+00 0.000000e+00 0.000000e+00
 0.000000e+00 0.000000e+00 0.000000e+00 0.000000e+00 7.494387e-01 2.505613e-01 0.000000e+00 0.000000e+00 0.000000e+00 0.000000e+00 0.000000e+00 0.000000e+00 0.000000e+00 0.000000e+00 0.000000e+00 0.000000e+00 0.000000e+00 0.000000e+00 0.000000e+00 0.000000e+00
 0.000000e+00 0.000000e+00 0.000000e+00 0.000000e+00 0.000000e+00 7.120376e-01 2.879623e-01 0.000000e+00 0.000000e+00 0.000000e+00 0.000000e+00 0.000000e+00 0.000000e+00 0.000000e+00 0.000000e+00 0.000000e+00 0.000000e+00 0.000000e+00 0.000000e+00 0.000000e+00
 0.000000e+00 0.000000e+00 0.000000e+00 0.000000e+00 0.000000e+00 0.000000e+00 7.022497e-01 2.977504e-01 0.000000e+00 0.000000e+00 0.000000e+00 0.000000e+00 0.000000e+00 0.000000e+00 0.000000e+00 0.000000e+00 0.000000e+00 0.000000e+00 0.000000e+00 0.000000e+00
 0.000000e+00 0.000000e+00 0.000000e+00 0.000000e+00 0.000000e+00 0.000000e+00 0.000000e+00 7.583399e-01 2.416601e-01 0.000000e+00 0.000000e+00 0.000000e+00 0.000000e+00 0.000000e+00 0.000000e+00 0.000000e+00 0.000000e+00 0.000000e+00 0.000000e+00 0.000000e+00
 0.000000e+00 0.000000e+00 0.000000e+00 0.000000e+00 0.000000e+00 0.000000e+00 0.000000e+00 0.000000e+00 7.955261e-01 2.044739e-01 0.000000e+00 0.000000e+00 0.000000e+00 0.000000e+00 0.000000e+00 0.000000e+00 0.000000e+00 0.000000e+00 0.000000e+00 0.000000e+00
 0.000000e+00 0.000000e+00 0.000000e+00 0.000000e+00 0.000000e+00 0.000000e+00 0.000000e+00 0.000000e+00 0.000000e+00 7.813926e-01 2.186075e-01 0.000000e+00 0.000000e+00 0.000000e+00 0.000000e+00 0.000000e+00 0.000000e+00 0.000000e+00 0.000000e+00 0.000000e+00
 0.000000e+00 0.000000e+00 0.000000e+00 0.000000e+00 0.000000e+00 0.000000e+00 0.000000e+00 0.000000e+00 0.000000e+00 0.000000e+00 6.843518e-01 3.156483e-01 0.000000e+00 0.000000e+00 0.000000e+00 0.000000e+00 0.000000e+00 0.000000e+00 0.000000e+00 0.000000e+00
 0.000000e+00 0.000000e+00 0.000000e+00 0.000000e+00 0.000000e+00 0.000000e+00 0.000000e+00 0.000000e+00 0.000000e+00 0.000000e+00 0.000000e+00 8.053057e-01 1.946944e-01 0.000000e+00 0.000000e+00 0.000000e+00 0.000000e+00 0.000000e+00 0.000000e+00 0.000000e+00
 0.000000e+00 0.000000e+00 0.000000e+00 0.000000e+00 0.000000e+00 0.000000e+00 0.000000e+00 0.000000e+00 0.000000e+00 0.000000e+00 0.000000e+00 0.000000e+00 6.493099e-01 3.506901e-01 0.000000e+00 0.000000e+00 0.000000e+00 0.000000e+00 0.000000e+00 0.000000e+00
 0.000000e+00 0.000000e+00 0.000000e+00 0.000000e+00 0.000000e+00 0.000000e+00 0.000000e+00 0.000000e+00 0.000000e+00 0.000000e+00 0.000000e+00 0.000000e+00 0.000000e+00 6.123046e-01 3.876954e-01 0.000000e+00 0.000000e+00 0.000000e+00 0.000000e+00 0.000000e+00
 0.000000e+00 0.000000e+00 0.000000e+00 0.000000e+00 0.000000e+00 0.000000e+00 0.000000e+00 0.000000e+00 0.000000e+00 0.000000e+00 0.000000e+00 0.000000e+00 0.000000e+00 0.000000e+00 7.565704e-01 2.434297e-01 0.000000e+00 0.000000e+00 0.000000e+00 0.000000e+00
 0.000000e+00 0.000000e+00 0.000000e+00 0.000000e+00 0.000000e+00 0.000000e+00 0.000000e+00 0.000000e+00 0.000000e+00 0.000000e+00 0.000000e+00 0.000000e+00 0.000000e+00 0.000000e+00 0.000000e+00 7.043419e-01 2.956582e-01 0.000000e+00 0.000000e+00 0.000000e+00
 0.000000e+00 0.000000e+00 0.000000e+00 0.000000e+00 0.000000e+00 0.000000e+00 0.000000e+00 0.000000e+00 0.000000e+00 0.000000e+00 0.000000e+00 0.000000e+00 0.000000e+00 0.000000e+00 0.000000e+00 0.000000e+00 7.269586e-01 2.730414e-01 0.000000e+00 0.000000e+00
 0.000000e+00 0.000000e+00 0.000000e+00 0.000000e+00 0.000000e+00 0.000000e+00 0.000000e+00 0.000000e+00 0.000000e+00 0.000000e+00 0.000000e+00 0.000000e+00 0.000000e+00 0.000000e+00 0.000000e+00 0.000000e+00 0.000000e+00 7.544976e-01 2.455025e-01 0.000000e+00
 0.000000e+00 0.000000e+00 0.000000e+00 0.000000e+00 0.000000e+00 0.000000e+00 0.000000e+00 0.000000e+00 0.000000e+00 0.000000e+00 0.000000e+00 0.000000e+00 0.000000e+00 0.000000e+00 0.000000e+00 0.000000e+00 0.000000e+00 0.000000e+00 7.657826e-01 2.342174e-01
 0.000000e+00 0.000000e+00 0.000000e+00 0.000000e+00 0.000000e+00 0.000000e+00 0.000000e+00 0.000000e+00 0.000000e+00 0.000000e+00 0.000000e+00 0.000000e+00 0.000000e+00 0.000000e+00 0.000000e+00 0.000000e+00 0.000000e+00 0.000000e+00 0.000000e+00 0.000000e+00
<ENDHMM>
