~o
<STREAMINFO> 1 39
<VECSIZE> 39<NULLD><MFCC_D_A_0><DIAGC>
~h "delapan"
<BEGINHMM>
<NUMSTATES> 5
<STATE> 2
<MEAN> 39
 -9.822617e+00 -2.530151e-01 5.207832e+00 -6.386733e-01 -1.386101e+00 -8.096960e+00 -4.555966e+00 -9.782739e+00 -6.168858e-01 -7.614972e+00 -2.162685e+00 -7.009577e+00 6.146484e+01 1.538182e+00 3.397642e-01 6.984627e-01 -2.861337e-01 -9.155421e-01 -1.028197e+00 -1.668218e+00 -6.021206e-01 5.788909e-01 4.898236e-01 -1.004165e-01 7.214164e-02 1.305294e+00 9.017185e-02 -2.531793e-01 -2.138120e-01 -1.773865e-01 9.429454e-02 7.082168e-02 -7.530630e-02 6.918339e-02 1.053731e-01 1.869059e-01 8.452252e-03 5.592665e-02 1.475418e-01
<VARIANCE> 39
 4.368690e+01 3.452037e+01 4.347040e+01 2.266490e+01 8.265114e+01 5.516287e+01 7.168673e+01 5.024958e+01 4.231534e+01 5.628458e+01 2.179189e+01 2.216768e+01 2.579077e+01 1.771007e+00 4.658546e+00 4.068561e+00 3.521876e+00 7.578592e+00 6.332711e+00 5.488120e+00 5.697957e+00 6.472921e+00 5.949663e+00 2.782120e+00 2.871201e+00 1.167821e+00 3.708211e-01 6.427922e-01 7.669946e-01 4.897448e-01 1.385085e+00 1.242528e+00 1.128993e+00 1.078961e+00 1.004015e+00 9.164354e-01 5.159820e-01 4.920504e-01 1.543544e-01
<GCONST> 1.326835e+02
<STATE> 3
<MEAN> 39
 -8.490990e-01 -9.061799e+00 -5.962524e+00 -1.208565e+01 9.603228e-01 -2.982126e+00 -8.554988e+00 -9.159070e+00 8.260576e-01 -3.432825e+00 -6.726649e+00 -1.029049e+01 7.166425e+01 1.383446e-02 -1.007836e-02 -1.170383e-01 2.909934e-02 1.151610e-01 1.579913e-01 1.951312e-01 8.563381e-02 -1.261613e-01 -2.031145e-01 -1.035488e-01 1.095717e-02 -2.572437e-02 -2.923481e-02 8.808550e-02 5.495605e-02 4.546231e-02 -1.759891e-02 -9.289533e-03 2.439823e-02 -2.374789e-02 -2.124964e-02 -4.213140e-02 5.871100e-03 -1.791747e-02 -5.594883e-02
<VARIANCE> 39
 1.503611e+01 3.341897e+01 6.124570e+01 2.909042e+01 8.723370e+01 1.205705e+02 5.921989e+01 1.081379e+02 8.730628e+01 7.219762e+01 8.817628e+01 5.718275e+01 3.011934e+01 1.114334e+00 2.529788e+00 2.566489e+00 2.157064e+00 2.258248e+00 3.693649e+00 2.137985e+00 3.567442e+00 2.727915e+00 4.443424e+00 2.840862e+00 2.399702e+00 1.649795e+00 1.812541e-01 2.778412e-01 3.511107e-01 3.382023e-01 2.951444e-01 5.276908e-01 3.769916e-01 6.149395e-01 3.935485e-01 7.615052e-01 4.797057e-01 4.488026e-01 1.757685e-01
<GCONST> 1.229829e+02
<STATE> 4
<MEAN> 39
 -9.852478e+00 -3.903861e-01 1.374307e+00 -1.774475e+00 3.308001e+00 -2.024023e+00 -1.912115e-01 -8.246976e+00 -4.688015e+00 -1.342191e+01 -5.356373e+00 -1.007108e+01 6.039021e+01 -5.776433e-01 -1.069509e-01 -4.124418e-02 9.221857e-02 2.500564e-01 2.832173e-01 3.979343e-01 6.456122e-02 -1.602459e-01 -3.508724e-02 9.688489e-02 -1.564082e-01 -4.274463e-01 -1.553188e-03 -6.241483e-02 -1.883454e-02 -7.171209e-03 -2.101585e-02 -2.610017e-02 -5.699163e-03 1.274689e-02 2.662764e-03 2.406214e-02 7.408908e-03 2.887514e-02 2.568275e-02
<VARIANCE> 39
 3.865769e+01 2.003458e+01 1.681646e+01 2.207103e+01 3.672610e+01 3.976501e+01 4.553112e+01 4.126840e+01 5.244111e+01 5.290638e+01 4.385515e+01 3.278413e+01 1.652874e+01 2.256175e-01 7.227561e-01 7.717410e-01 8.178595e-01 1.342335e+00 1.648847e+00 1.446225e+00 1.669856e+00 1.568513e+00 1.868795e+00 1.358266e+00 1.274423e+00 1.315096e-01 3.173131e-02 6.434449e-02 1.139182e-01 1.292376e-01 1.974011e-01 2.601203e-01 2.468525e-01 2.787606e-01 2.543149e-01 3.173625e-01 2.543265e-01 2.235002e-01 8.639358e-03
<GCONST> 8.987939e+01
<TRANSP> 5
 0.000000e+00 1.000000e+00 0.000000e+00 0.000000e+00 0.000000e+00
 0.000000e+00 9.074924e-01 9.250766e-02 0.000000e+00 0.000000e+00
 0.000000e+00 0.000000e+00 9.781159e-01 2.188407e-02 0.000000e+00
 0.000000e+00 0.000000e+00 0.000000e+00 9.684165e-01 3.158351e-02
 0.000000e+00 0.000000e+00 0.000000e+00 0.000000e+00 0.000000e+00
<ENDHMM>
