~o
<STREAMINFO> 1 39
<VECSIZE> 39<NULLD><MFCC_D_A_0><DIAGC>
~h "lima"
<BEGINHMM>
<NUMSTATES> 20
<STATE> 2
<MEAN> 39
 -1.737915e+01 -4.667200e+00 8.732202e-01 -2.176212e+00 2.072635e-02 -6.165336e+00 -4.721335e-01 -7.053417e+00 -2.268550e+00 -9.310706e+00 1.232183e+00 -3.478190e+00 5.647095e+01 2.137702e+00 2.059101e+00 1.304141e+00 2.458333e-01 -8.935826e-01 -1.849304e+00 -2.037340e+00 -2.188295e+00 -1.526134e+00 -5.439918e-01 9.169406e-02 -1.528228e-01 1.090858e+00 7.129190e-01 6.026126e-01 5.709515e-01 8.985442e-02 -6.671085e-01 -7.071549e-01 -4.612893e-01 -2.837768e-01 -1.010721e-01 2.584861e-01 4.786645e-02 -2.018560e-02 4.438503e-01
<VARIANCE> 39
 8.655549e+00 8.380702e+00 1.863956e+01 1.390501e+01 1.599983e+01 2.466457e+01 1.608470e+01 2.046211e+01 2.556769e+01 3.625483e+01 2.586097e+01 1.864633e+01 2.327287e+00 2.315260e+00 2.348850e+00 2.836884e+00 2.779357e+00 4.609004e+00 3.820692e+00 3.293619e+00 2.194231e+00 3.437181e+00 4.793367e+00 3.096049e+00 2.309574e+00 6.583347e-01 1.634458e-01 2.712340e-01 3.140339e-01 3.919297e-01 9.021077e-01 3.357418e-01 5.170599e-01 4.245182e-01 4.415434e-01 7.324906e-01 4.498742e-01 4.409166e-01 5.052002e-02
<GCONST> 1.064503e+02
<STATE> 3
<MEAN> 39
 -5.764601e+00 7.048959e+00 1.015456e+01 -3.647632e-01 -7.234273e+00 -1.663612e+01 -1.136259e+01 -1.626807e+01 -7.188697e+00 -8.441425e+00 2.500183e+00 -3.108864e+00 6.253786e+01 2.236119e+00 1.381673e+00 2.348438e+00 4.152293e-01 -2.999971e+00 -2.330374e+00 -1.221595e+00 -7.880372e-01 -1.431490e-01 1.156717e+00 9.077965e-01 4.459606e-01 1.708953e+00 -6.861441e-01 -1.021748e+00 -4.999716e-02 -1.597419e-01 -4.589983e-01 6.385298e-01 1.137115e+00 6.882227e-01 1.871572e-01 1.629442e-01 -2.957678e-02 2.486531e-02 -1.047867e-01
<VARIANCE> 39
 8.527912e+00 1.148428e+01 1.869004e+01 2.062431e+01 4.166214e+01 1.968509e+01 3.324492e+01 1.811726e+01 2.323993e+01 4.735451e+01 7.230938e+01 4.339536e+01 4.035422e+00 1.804812e+00 4.243800e+00 2.585347e+00 4.320803e+00 8.053557e+00 4.027840e+00 7.371985e+00 6.649137e+00 2.595870e+00 5.973743e+00 3.904522e+00 3.337709e+00 5.411423e-01 1.060040e-01 2.340671e-01 3.300432e-01 5.551220e-01 9.456604e-01 6.080561e-01 9.515246e-01 7.056211e-01 8.138019e-01 1.293861e+00 7.310362e-01 4.240265e-01 2.924286e-02
<GCONST> 1.172945e+02
<STATE> 4
<MEAN> 39
 -3.723838e+00 1.958009e+00 2.035028e+01 4.406455e+00 -2.144102e+01 -2.058035e+01 -3.887856e+00 -1.154372e+01 -9.488233e+00 -2.441159e+00 9.159480e+00 -1.664087e+00 6.828142e+01 -2.106695e-01 -1.222045e+00 2.655491e+00 -1.119012e+00 -3.163489e+00 1.417864e+00 4.822915e-01 -2.027368e-02 -6.519178e-01 1.638453e+00 3.415513e-01 -8.708676e-01 1.183090e+00 -4.014056e-01 2.544278e-01 -4.017475e-01 -8.232183e-01 1.413191e+00 1.200834e+00 -8.661259e-01 -2.841617e-01 2.544511e-01 -1.173868e-01 -3.580060e-01 -3.684786e-01 -3.876520e-01
<VARIANCE> 39
 2.346036e+00 4.039474e+01 4.955121e+01 6.214560e+01 1.538326e+02 4.434119e+01 3.620275e+01 7.988877e+01 1.033039e+02 9.035201e+01 8.645816e+01 6.618737e+01 5.955523e+00 4.812332e-01 1.642354e+00 1.965366e+00 3.828721e+00 1.026700e+01 5.567162e+00 8.078506e+00 5.286861e+00 5.382258e+00 5.534065e+00 2.443093e+00 3.673243e+00 4.517546e-01 1.154164e-01 4.058107e-01 2.922948e-01 5.206090e-01 1.066975e+00 8.575037e-01 1.039767e+00 7.163891e-01 7.688603e-01 1.137196e+00 6.198959e-01 4.876096e-01 7.104885e-02
<GCONST> 1.257111e+02
<STATE> 5
<MEAN> 39
 -5.688812e+00 1.369101e+00 2.562324e+01 -4.163193e+00 -2.353128e+01 -1.092779e+01 -1.028633e+01 -1.407566e+01 -7.961108e+00 -4.386543e-02 6.168633e+00 -5.845501e+00 7.003672e+01 -1.828257e-01 2.816929e-01 8.675579e-01 -1.536554e+00 3.005538e-01 1.612482e+00 -9.445456e-01 -1.758777e-01 -5.460886e-01 -1.253940e-01 -4.747745e-01 -4.614089e-01 2.373343e-01 1.689107e-01 8.263303e-02 -6.641280e-01 6.940967e-01 4.171159e-01 -6.929372e-01 4.890068e-01 1.721962e-03 -3.112235e-01 -3.682757e-01 9.133320e-02 2.548224e-01 -2.700213e-01
<VARIANCE> 39
 6.594398e+00 4.273932e+01 8.319872e+01 7.921117e+01 2.186202e+02 4.217487e+01 1.088176e+01 1.142176e+02 8.040839e+01 7.634418e+01 9.814203e+01 1.001835e+02 5.201018e+00 3.316176e-01 5.424491e-01 1.142022e+00 2.514050e+00 3.020483e+00 2.079239e+00 3.550303e+00 3.472361e+00 1.526212e+00 2.366893e+00 2.905534e+00 2.015302e+00 1.254878e-01 5.039005e-02 1.263841e-01 9.449995e-02 3.019351e-01 4.757706e-01 7.321754e-01 2.535381e-01 8.515415e-01 2.561809e-01 6.655927e-01 2.493338e-01 4.858952e-01 2.108478e-02
<GCONST> 1.076562e+02
<STATE> 6
<MEAN> 39
 -4.406326e+00 6.318548e+00 2.431495e+01 -4.805414e+00 -1.385944e+01 -1.330576e+01 -9.909434e+00 -1.325259e+01 -1.543721e+01 -2.699757e+00 8.985533e+00 -8.158594e+00 6.778201e+01 2.535808e-01 5.375183e-03 -3.228093e-01 5.598983e-01 -2.985687e-01 1.351919e-01 9.646966e-01 -8.709717e-01 -2.060824e-01 3.679525e-01 2.001445e-01 -3.059259e-01 -1.552550e-01 4.763483e-02 2.692091e-02 -4.147660e-01 4.632343e-01 4.495170e-01 -1.839971e-01 7.801110e-02 1.124480e-01 1.146178e-01 -2.233490e-01 1.109996e-01 1.669703e-01 -1.482098e-01
<VARIANCE> 39
 8.781498e+00 1.660004e+01 9.441039e+01 5.355147e+01 1.530357e+02 2.228643e+01 2.616778e+01 1.600533e+02 8.446930e+01 7.706345e+01 1.469447e+02 5.770591e+01 3.318098e+00 1.402023e-01 1.778706e-01 7.943650e-01 1.627763e+00 1.584764e+00 2.125648e+00 1.316874e+00 1.596640e+00 2.023085e+00 1.685137e+00 1.475338e+00 1.581931e+00 8.598428e-02 2.590396e-02 4.566126e-02 1.627686e-01 2.241642e-01 7.021046e-01 1.784637e-01 4.345676e-01 5.671903e-01 2.316318e-01 3.908522e-01 5.706482e-01 2.939604e-01 1.569405e-02
<GCONST> 9.696180e+01
<STATE> 7
<MEAN> 39
 -4.076653e+00 1.735782e+00 1.991076e+01 4.908153e-01 -2.073481e+01 -1.257193e+01 -5.837879e+00 -1.925955e+01 -8.915008e+00 -2.619133e+00 4.510401e+00 -4.597642e+00 6.747028e+01 3.506323e-01 4.732418e-01 -1.921366e+00 5.815603e-01 3.296560e+00 8.001140e-01 6.158119e-01 -3.452017e-01 -5.752606e-01 -8.338998e-01 1.069663e-01 1.097036e-01 -7.010556e-01 8.531313e-03 -2.061261e-02 -1.670248e-01 -2.083035e-01 3.033669e-01 4.148031e-01 -1.413159e-01 -4.040415e-01 -1.228443e-01 6.127555e-02 -1.101592e-01 -5.339607e-02 5.911577e-02
<VARIANCE> 39
 4.069445e+00 2.597041e+01 4.803257e+01 4.861403e+01 1.154933e+02 1.408234e+01 3.299776e+01 6.482333e+01 1.669222e+01 1.928514e+01 6.797901e+01 6.541069e+01 5.156338e+00 1.966316e-01 3.479456e-01 6.064421e-01 1.251855e+00 2.223405e+00 2.221895e+00 1.967333e+00 3.630881e+00 1.471451e+00 2.494709e+00 9.547005e-01 1.599121e+00 1.326145e-01 2.907813e-02 5.365236e-02 1.163350e-01 1.656913e-01 5.154523e-01 3.171141e-01 2.484903e-01 3.139468e-01 3.649246e-01 4.330805e-01 2.425054e-01 2.494401e-01 4.394072e-02
<GCONST> 9.273013e+01
<STATE> 8
<MEAN> 39
 -9.630731e-01 6.112097e+00 9.052409e+00 -3.846767e+00 -5.341872e+00 -6.398090e+00 -6.015208e+00 -2.025233e+01 -1.315264e+01 -7.792282e+00 4.934929e+00 -1.910663e+00 6.608035e+01 3.289213e-01 -3.295859e-01 -1.585517e+00 3.290325e-02 1.834483e+00 1.330778e+00 6.950293e-02 -1.123423e+00 -5.793710e-01 -9.255359e-01 1.939436e-01 1.062857e+00 5.520495e-02 2.932549e-02 -8.843735e-02 -8.478557e-02 -2.946326e-01 -2.529140e-01 -1.262384e-01 -6.903521e-02 2.002617e-01 8.691427e-02 1.272014e-01 1.614203e-01 -7.484385e-02 1.118325e-01
<VARIANCE> 39
 8.667978e+00 8.897018e+00 9.758548e+01 5.650776e+01 3.188688e+01 1.758157e+01 1.170560e+01 4.473986e+01 2.775177e+01 2.678974e+01 4.189691e+01 3.455888e+01 2.258286e+00 1.874891e-01 4.053345e-01 7.612045e-01 8.809425e-01 1.168632e+00 9.777029e-01 7.102315e-01 1.779491e+00 1.865736e+00 1.091849e+00 3.441852e+00 1.810339e+00 6.740949e-02 3.762754e-02 4.344842e-02 1.256381e-01 1.122830e-01 1.345495e-01 2.676122e-01 1.152647e-01 2.440606e-01 2.414273e-01 2.553881e-01 3.911441e-01 2.789868e-01 1.207584e-02
<GCONST> 8.217612e+01
<STATE> 9
<MEAN> 39
 -1.102837e+00 4.758637e+00 9.169680e+00 2.488621e-01 -2.046465e+00 -3.601968e+00 -3.452302e+00 -2.415912e+01 -1.752850e+01 -8.770915e+00 7.710502e+00 -8.099127e-01 6.609702e+01 7.361593e-01 -1.040373e-01 -2.675290e+00 -1.723813e+00 7.629797e-01 4.388801e-01 -1.402924e-01 4.014010e-01 4.112192e-01 7.710840e-01 4.352262e-01 -3.767810e-01 2.922021e-01 1.459198e-01 -3.968971e-01 -5.908862e-01 -7.210607e-01 -3.003946e-01 -8.949061e-02 -2.104705e-01 8.582509e-01 9.968601e-01 7.659599e-01 4.725974e-02 -6.767782e-01 2.389089e-01
<VARIANCE> 39
 3.446398e+00 1.469538e+01 3.757293e+01 2.928053e+01 2.606235e+01 1.917125e+01 2.750304e+01 3.716204e+01 2.347698e+01 3.149187e+01 4.389545e+01 4.608749e+01 1.242871e+00 1.639847e-01 4.581190e-01 8.900720e-01 1.844201e+00 1.244512e+00 8.208816e-01 7.006896e-01 2.266789e+00 2.740275e+00 1.243511e+00 2.441304e+00 2.438863e+00 1.043437e-01 1.387302e-02 1.161388e-01 1.519226e-01 2.497462e-01 3.077398e-01 3.783179e-01 2.674652e-01 2.814025e-01 2.499269e-01 3.005849e-01 5.386999e-01 3.394793e-01 1.239617e-02
<GCONST> 8.620766e+01
<STATE> 10
<MEAN> 39
 1.065771e+00 2.787886e+00 9.793395e-02 -7.871750e+00 -2.446905e+00 -3.118891e+00 -6.161297e+00 -2.178968e+01 -1.117538e+01 -3.053559e+00 8.935516e+00 -4.698199e+00 6.760938e+01 8.854580e-01 -1.835442e+00 -3.937670e+00 -2.558493e+00 1.268806e+00 1.092701e+00 -7.111409e-01 1.804059e+00 2.453442e+00 1.566696e+00 4.413371e-02 -1.862612e+00 9.258271e-01 -1.474812e-01 -6.104108e-01 -6.427860e-02 1.802454e-01 4.190862e-01 1.595429e-01 -1.373254e-01 4.219074e-01 6.937079e-01 -7.714072e-02 -8.676190e-01 -4.788749e-01 1.325931e-01
<VARIANCE> 39
 3.341407e+00 1.202636e+01 3.587214e+01 1.928884e+01 2.756202e+01 1.904652e+01 2.628885e+01 8.510974e+01 3.781897e+01 3.537205e+01 3.827510e+01 6.315294e+01 2.055547e+00 3.633061e-01 1.404718e+00 2.741097e+00 4.226449e+00 1.367328e+00 3.039010e+00 3.282500e+00 2.997791e+00 3.931763e+00 3.199575e+00 2.548108e+00 3.577842e+00 3.190556e-01 5.062699e-02 1.598587e-01 3.838789e-01 5.471243e-01 1.039559e-01 2.066041e-01 5.721828e-01 8.016709e-01 5.221598e-01 4.797177e-01 5.796174e-01 7.916528e-01 3.898663e-02
<GCONST> 1.042787e+02
<STATE> 11
<MEAN> 39
 2.959133e+00 -3.950600e+00 -9.928139e+00 -1.380227e+01 3.109133e+00 1.110269e+00 -7.289075e+00 -1.610500e+01 -4.317785e+00 8.988076e-01 5.218048e+00 -1.163016e+01 7.055298e+01 1.111373e-01 -2.696884e+00 -2.443513e+00 -7.080733e-01 2.203378e+00 9.725032e-01 -1.088667e+00 1.900059e+00 3.338505e+00 5.357415e-01 -2.580195e+00 -2.045229e+00 9.079338e-01 -3.863522e-01 1.805585e-01 1.082290e+00 8.788550e-01 -1.703344e-01 -4.505881e-01 -1.151595e-01 -2.044492e-01 -1.928571e-01 -6.183500e-01 -3.877317e-01 5.257501e-01 -2.296152e-01
<VARIANCE> 39
 1.422040e+00 1.954256e+01 4.574759e+01 8.789956e+00 4.602663e+01 1.180387e+01 2.463449e+01 6.941260e+01 3.790783e+01 2.206114e+01 5.716166e+01 4.810198e+01 4.156639e+00 3.662829e-01 1.977974e+00 2.406103e+00 2.221661e+00 1.331422e+00 2.153212e+00 2.272866e+00 2.382545e+00 2.260261e+00 3.299040e+00 2.574581e+00 3.576839e+00 3.927938e-01 2.980840e-02 2.020981e-01 2.448721e-01 2.349514e-01 1.641754e-01 2.324539e-01 3.975238e-01 3.763898e-01 6.548652e-01 4.452846e-01 4.328667e-01 5.678327e-01 1.750641e-02
<GCONST> 9.839094e+01
<STATE> 12
<MEAN> 39
 1.791512e+00 -1.054844e+01 -1.052639e+01 -1.147301e+01 9.279929e+00 9.195539e-01 -1.361607e+01 -1.148570e+01 4.583730e+00 -2.287601e+00 -2.744233e+00 -1.245409e+01 7.264577e+01 -6.220998e-01 -1.394494e+00 4.025540e-01 6.561500e-01 4.646357e-01 -1.370595e-01 -1.117461e+00 6.625639e-01 1.933510e+00 -1.264743e+00 -2.357912e+00 -2.541374e-01 1.799719e-01 -1.851002e-01 7.751447e-01 5.762331e-01 9.214843e-02 -6.731378e-01 -2.005035e-01 4.691349e-01 -3.205135e-01 -8.788663e-01 -3.878284e-01 4.337465e-01 2.714255e-01 -4.218973e-01
<VARIANCE> 39
 2.380358e+00 1.519463e+01 6.205021e+01 1.539714e+01 2.857240e+01 2.586590e+01 5.126242e+01 1.131339e+02 3.607266e+01 4.247190e+01 8.272779e+01 3.286174e+01 8.289517e+00 9.599501e-02 1.128746e+00 1.506056e+00 9.791289e-01 1.929731e+00 1.107585e+00 1.940553e+00 1.625317e+00 2.518181e+00 3.096662e+00 1.564866e+00 3.490877e+00 3.194620e-01 5.224586e-02 1.554548e-01 2.838655e-01 1.064753e-01 1.721569e-01 1.765904e-01 3.971853e-01 3.863767e-01 4.267792e-01 5.593532e-01 2.933320e-01 5.451961e-01 4.976005e-02
<GCONST> 9.749471e+01
<STATE> 13
<MEAN> 39
 -4.517889e-01 -1.197863e+01 -6.176280e+00 -1.021728e+01 6.851976e+00 1.966806e-02 -1.399011e+01 -7.230267e+00 4.594820e+00 -6.475384e+00 -4.585160e+00 -1.441307e+01 7.213591e+01 -1.046464e+00 6.937402e-01 2.901964e-01 7.409924e-01 -5.004426e-01 -6.548952e-01 8.468049e-01 2.548355e-01 -4.564063e-01 -1.002479e+00 -7.492443e-01 -3.000765e-01 -1.261938e+00 -1.389636e-01 5.153065e-01 5.249429e-02 -1.116482e-01 -1.270491e-01 -1.080055e-01 2.641566e-01 -5.223387e-02 -5.268434e-01 1.463710e-01 4.385586e-01 1.176900e-01 -3.325955e-01
<VARIANCE> 39
 4.296062e+00 1.654362e+01 8.601958e+01 2.191753e+01 1.805766e+01 4.491714e+01 4.663157e+01 1.314933e+02 6.812621e+01 3.492554e+01 9.387364e+01 3.596462e+01 9.336145e+00 1.544744e-01 7.704279e-01 8.098516e-01 5.268384e-01 1.280541e+00 6.380224e-01 7.299827e-01 2.085417e+00 1.397253e+00 1.062635e+00 9.209315e-01 7.885557e-01 2.723458e-01 2.791701e-02 7.483388e-02 2.533953e-01 1.606601e-01 2.409018e-01 1.809779e-01 2.063520e-01 3.485580e-01 4.217346e-01 2.681162e-01 3.845956e-01 2.898473e-01 3.059866e-02
<GCONST> 9.005022e+01
<STATE> 14
<MEAN> 39
 -4.159063e+00 -5.863669e+00 -7.408220e+00 -8.377805e+00 4.349999e+00 -2.127696e+00 -8.809546e+00 -1.078856e+01 2.162659e+00 -8.213223e+00 -6.687557e+00 -1.306571e+01 6.574159e+01 -1.098929e+00 9.929429e-01 6.343042e-01 1.294778e-01 -4.375491e-01 -6.155602e-01 4.173650e-01 -5.631483e-03 -9.275203e-01 -3.839353e-01 2.803887e-01 9.726602e-02 -1.183264e+00 1.284708e-02 -1.604909e-01 1.007778e-02 3.087755e-02 7.067446e-02 2.204550e-02 -1.070999e-01 -1.254874e-01 -3.547725e-02 9.705527e-02 1.965595e-01 1.274587e-01 1.032062e-01
<VARIANCE> 39
 4.692155e+00 1.112569e+01 2.995207e+01 1.284348e+01 9.960764e+00 2.455032e+01 2.533132e+01 4.204076e+01 2.245366e+01 1.634501e+01 5.240726e+01 1.561332e+01 1.921784e+00 1.532044e-01 3.529931e-01 7.741609e-01 6.133850e-01 1.043852e+00 8.905021e-01 7.001115e-01 2.955917e+00 2.110293e+00 1.430720e+00 1.808530e+00 9.918416e-01 1.180127e-01 1.978959e-02 4.245443e-02 4.229416e-02 1.024980e-01 1.753605e-01 1.223530e-01 6.995197e-02 3.432847e-01 2.852002e-01 2.123131e-01 1.673573e-01 1.208550e-01 1.464937e-02
<GCONST> 7.284296e+01
<STATE> 15
<MEAN> 39
 -8.011403e+00 -3.627501e+00 -6.446239e+00 -8.068697e+00 2.742414e+00 -4.999658e+00 -7.999487e+00 -1.209229e+01 -1.358034e+00 -7.836890e+00 -3.519910e+00 -1.105231e+01 6.195716e+01 -9.089788e-01 3.499685e-01 7.101164e-01 8.145131e-01 4.734386e-01 1.981723e-01 6.355394e-01 1.589487e-01 -4.775850e-01 -3.132093e-01 2.335438e-01 2.559673e-01 -7.138607e-01 1.164823e-01 1.223138e-02 1.043210e-01 1.744079e-01 1.645086e-01 2.319878e-01 1.831175e-01 1.354006e-01 6.566364e-02 -1.190073e-01 -1.357794e-01 -5.091308e-02 1.048887e-01
<VARIANCE> 39
 3.311026e+00 5.939612e+00 9.728387e+00 6.647676e+00 6.861893e+00 1.773228e+01 1.754869e+01 1.219532e+01 1.555313e+01 1.550380e+01 2.011262e+01 1.808495e+01 1.291562e+00 1.571263e-01 1.810593e-01 6.385022e-01 5.387759e-01 1.011654e+00 1.129995e+00 1.518332e+00 9.734111e-01 7.021275e-01 7.142851e-01 1.266454e+00 8.716313e-01 6.797439e-02 2.346905e-02 4.174590e-02 7.497964e-02 5.616505e-02 1.602815e-01 1.803234e-01 1.748081e-01 2.226884e-01 1.798341e-01 1.393218e-01 8.013080e-02 1.675808e-01 5.780085e-03
<GCONST> 6.090978e+01
<STATE> 16
<MEAN> 39
 -1.046835e+01 -1.407575e+00 -2.568410e+00 -3.633453e+00 6.876366e+00 -2.268719e+00 -5.048599e+00 -9.830761e+00 -2.807997e+00 -1.193458e+01 -5.324761e+00 -1.201377e+01 5.991108e+01 -7.368724e-01 2.136520e-01 7.074261e-01 5.326053e-01 3.773318e-02 1.355409e-01 1.027940e+00 1.000624e+00 -2.304358e-01 -5.516175e-01 7.206771e-02 1.646790e-01 -5.300440e-01 -2.535121e-02 -1.724826e-01 -1.842949e-01 -2.612965e-01 -2.719709e-01 -9.211084e-02 7.350186e-02 7.607129e-02 1.675297e-01 1.897957e-01 6.612580e-02 1.005273e-01 1.846546e-02
<VARIANCE> 39
 2.895514e+00 8.666599e+00 1.097665e+01 4.930096e+00 1.155157e+01 6.692278e+00 1.941808e+01 1.907313e+01 1.918534e+01 2.242373e+01 1.876496e+01 1.516992e+01 1.516069e+00 8.066402e-02 2.347780e-01 5.232043e-01 5.831059e-01 1.077996e+00 8.652305e-01 1.832448e+00 1.082035e+00 6.883993e-01 1.516223e+00 1.314699e+00 8.393455e-01 3.334183e-02 1.635325e-02 1.877378e-02 6.057110e-02 5.511502e-02 1.507512e-01 1.490168e-01 2.396615e-01 2.166782e-01 1.581442e-01 1.862694e-01 2.358008e-01 1.552611e-01 7.137869e-03
<GCONST> 6.116725e+01
<STATE> 17
<MEAN> 39
 -1.303556e+01 -2.232556e+00 -1.212204e+00 -3.133386e+00 4.189148e+00 -8.726147e-01 2.276236e+00 -3.814312e+00 -1.198255e+00 -1.014555e+01 -3.135466e+00 -9.198202e+00 5.832171e+01 -6.589981e-01 -5.277391e-01 -8.503152e-02 1.653794e-01 -2.181724e-01 4.841912e-02 9.129547e-01 4.247977e-01 -1.013789e-01 -7.589904e-02 -1.672931e-01 2.454201e-01 -3.446795e-01 1.343958e-02 -6.473427e-02 -4.548702e-02 3.348838e-02 1.369751e-01 5.779381e-02 -1.656633e-01 -2.765456e-01 -1.656121e-01 -2.220754e-02 4.876833e-02 -3.516622e-02 4.807919e-02
<VARIANCE> 39
 1.562072e+00 5.206913e+00 1.071366e+01 9.273859e+00 1.157776e+01 1.327833e+01 1.973571e+01 2.087947e+01 1.458755e+01 2.091153e+01 1.606000e+01 1.308128e+01 7.797609e-01 1.240678e-01 2.888753e-01 5.235805e-01 4.805956e-01 1.021600e+00 7.184979e-01 1.095704e+00 9.976499e-01 2.196490e+00 2.537342e+00 6.492072e-01 7.026094e-01 5.801578e-02 1.350374e-02 5.883195e-02 1.246352e-01 7.140415e-02 1.817008e-01 1.316059e-01 1.113295e-01 1.975181e-01 2.829726e-01 4.633268e-01 1.806878e-01 1.550481e-01 6.820207e-03
<GCONST> 6.340014e+01
<STATE> 18
<MEAN> 39
 -1.508626e+01 -5.688618e+00 -2.825389e+00 -2.575727e+00 6.398908e+00 -3.097506e+00 -1.638135e+00 -8.790714e+00 -4.145159e+00 -1.091880e+01 -3.180161e+00 -8.564603e+00 5.796788e+01 -6.707454e-01 -6.331671e-01 -1.115469e-01 6.227203e-01 6.083354e-01 6.343938e-01 2.287034e-01 -2.044117e-02 -3.787565e-02 3.261946e-01 7.929245e-01 5.636263e-01 -3.111153e-01 -1.987028e-03 2.613434e-02 3.232200e-02 2.651915e-02 -2.248389e-02 7.469831e-02 4.329452e-02 4.639663e-02 2.320111e-02 -5.563081e-02 -4.005001e-02 -7.291256e-02 -2.364577e-02
<VARIANCE> 39
 1.626636e+00 1.286963e+01 8.405728e+00 7.397055e+00 2.488246e+01 2.802314e+01 4.399304e+01 2.822953e+01 1.339688e+01 2.318038e+01 1.643598e+01 1.654674e+01 1.901052e+00 5.337212e-02 7.132742e-01 7.372581e-01 3.117618e-01 2.202919e+00 1.667435e+00 3.480295e+00 1.259339e+00 1.752019e+00 1.703590e+00 9.870458e-01 1.330608e+00 1.327768e-01 9.693332e-03 1.289482e-01 8.970069e-02 1.377016e-01 5.237912e-01 2.510228e-01 6.897266e-01 1.112955e-01 2.101786e-01 5.103120e-01 2.650035e-01 1.997954e-01 2.200256e-02
<GCONST> 7.723160e+01
<STATE> 19
<MEAN> 39
 -1.722450e+01 -5.666015e+00 -1.666277e+00 -1.942383e+00 5.621209e+00 6.237897e-01 4.832523e+00 -6.114840e+00 -4.122264e+00 -1.183896e+01 -3.721810e+00 -8.868732e+00 5.642898e+01 -5.025485e-01 -2.364325e-01 1.544587e-01 -1.768931e-01 -3.751565e-01 -3.568019e-02 3.828376e-01 -1.427707e-01 -5.097835e-01 -5.446094e-01 -7.700689e-01 -2.247609e-01 -2.323284e-01 1.132026e-01 3.507097e-02 1.335381e-02 -4.526147e-03 -5.099843e-04 -4.033455e-03 -7.289834e-02 1.204412e-01 6.460711e-02 -3.174663e-02 -2.259319e-01 -1.305012e-01 6.874841e-02
<VARIANCE> 39
 2.070625e+00 8.279360e+00 9.261677e+00 8.339849e+00 1.301403e+01 1.642351e+01 5.091222e+01 1.818040e+01 2.590671e+01 1.387077e+01 2.889276e+01 1.788699e+01 9.399784e-01 1.884577e-01 2.845127e-01 5.248444e-01 6.592009e-01 7.835032e-01 9.612690e-01 1.830423e+00 1.214803e+00 9.405715e-01 1.346897e+00 2.544857e+00 1.805736e+00 6.687897e-02 1.673895e-02 4.256653e-02 7.641449e-02 1.732872e-01 1.940540e-01 2.472339e-01 3.611009e-01 1.912339e-01 2.633536e-01 2.405738e-01 4.928705e-01 4.366346e-01 6.934204e-03
<GCONST> 7.216866e+01
<TRANSP> 20
 0.000000e+00 1.000000e+00 0.000000e+00 0.000000e+00 0.000000e+00 0.000000e+00 0.000000e+00 0.000000e+00 0.000000e+00 0.000000e+00 0.000000e+00 0.000000e+00 0.000000e+00 0.000000e+00 0.000000e+00 0.000000e+00 0.000000e+00 0.000000e+00 0.000000e+00 0.000000e+00
 0.000000e+00 7.142617e-01 2.857383e-01 0.000000e+00 0.000000e+00 0.000000e+00 0.000000e+00 0.000000e+00 0.000000e+00 0.000000e+00 0.000000e+00 0.000000e+00 0.000000e+00 0.000000e+00 0.000000e+00 0.000000e+00 0.000000e+00 0.000000e+00 0.000000e+00 0.000000e+00
 0.000000e+00 0.000000e+00 7.272393e-01 2.727607e-01 0.000000e+00 0.000000e+00 0.000000e+00 0.000000e+00 0.000000e+00 0.000000e+00 0.000000e+00 0.000000e+00 0.000000e+00 0.000000e+00 0.000000e+00 0.000000e+00 0.000000e+00 0.000000e+00 0.000000e+00 0.000000e+00
 0.000000e+00 0.000000e+00 0.000000e+00 5.721106e-01 4.278894e-01 0.000000e+00 0.000000e+00 0.000000e+00 0.000000e+00 0.000000e+00 0.000000e+00 0.000000e+00 0.000000e+00 0.000000e+00 0.000000e+00 0.000000e+00 0.000000e+00 0.000000e+00 0.000000e+00 0.000000e+00
 0.000000e+00 0.000000e+00 0.000000e+00 0.000000e+00 5.360834e-01 4.639166e-01 0.000000e+00 0.000000e+00 0.000000e+00 0.000000e+00 0.000000e+00 0.000000e+00 0.000000e+00 0.000000e+00 0.000000e+00 0.000000e+00 0.000000e+00 0.000000e+00 0.000000e+00 0.000000e+00
 0.000000e+00 0.000000e+00 0.000000e+00 0.000000e+00 0.000000e+00 6.928906e-01 3.071094e-01 0.000000e+00 0.000000e+00 0.000000e+00 0.000000e+00 0.000000e+00 0.000000e+00 0.000000e+00 0.000000e+00 0.000000e+00 0.000000e+00 0.000000e+00 0.000000e+00 0.000000e+00
 0.000000e+00 0.000000e+00 0.000000e+00 0.000000e+00 0.000000e+00 0.000000e+00 6.945986e-01 3.054015e-01 0.000000e+00 0.000000e+00 0.000000e+00 0.000000e+00 0.000000e+00 0.000000e+00 0.000000e+00 0.000000e+00 0.000000e+00 0.000000e+00 0.000000e+00 0.000000e+00
 0.000000e+00 0.000000e+00 0.000000e+00 0.000000e+00 0.000000e+00 0.000000e+00 0.000000e+00 7.254943e-01 2.745057e-01 0.000000e+00 0.000000e+00 0.000000e+00 0.000000e+00 0.000000e+00 0.000000e+00 0.000000e+00 0.000000e+00 0.000000e+00 0.000000e+00 0.000000e+00
 0.000000e+00 0.000000e+00 0.000000e+00 0.000000e+00 0.000000e+00 0.000000e+00 0.000000e+00 0.000000e+00 4.787653e-01 5.212347e-01 0.000000e+00 0.000000e+00 0.000000e+00 0.000000e+00 0.000000e+00 0.000000e+00 0.000000e+00 0.000000e+00 0.000000e+00 0.000000e+00
 0.000000e+00 0.000000e+00 0.000000e+00 0.000000e+00 0.000000e+00 0.000000e+00 0.000000e+00 0.000000e+00 0.000000e+00 5.718778e-01 4.281221e-01 0.000000e+00 0.000000e+00 0.000000e+00 0.000000e+00 0.000000e+00 0.000000e+00 0.000000e+00 0.000000e+00 0.000000e+00
 0.000000e+00 0.000000e+00 0.000000e+00 0.000000e+00 0.000000e+00 0.000000e+00 0.000000e+00 0.000000e+00 0.000000e+00 0.000000e+00 5.691181e-01 4.308819e-01 0.000000e+00 0.000000e+00 0.000000e+00 0.000000e+00 0.000000e+00 0.000000e+00 0.000000e+00 0.000000e+00
 0.000000e+00 0.000000e+00 0.000000e+00 0.000000e+00 0.000000e+00 0.000000e+00 0.000000e+00 0.000000e+00 0.000000e+00 0.000000e+00 0.000000e+00 5.726731e-01 4.273269e-01 0.000000e+00 0.000000e+00 0.000000e+00 0.000000e+00 0.000000e+00 0.000000e+00 0.000000e+00
 0.000000e+00 0.000000e+00 0.000000e+00 0.000000e+00 0.000000e+00 0.000000e+00 0.000000e+00 0.000000e+00 0.000000e+00 0.000000e+00 0.000000e+00 0.000000e+00 5.992156e-01 4.007845e-01 0.000000e+00 0.000000e+00 0.000000e+00 0.000000e+00 0.000000e+00 0.000000e+00
 0.000000e+00 0.000000e+00 0.000000e+00 0.000000e+00 0.000000e+00 0.000000e+00 0.000000e+00 0.000000e+00 0.000000e+00 0.000000e+00 0.000000e+00 0.000000e+00 0.000000e+00 7.394866e-01 2.605135e-01 0.000000e+00 0.000000e+00 0.000000e+00 0.000000e+00 0.000000e+00
 0.000000e+00 0.000000e+00 0.000000e+00 0.000000e+00 0.000000e+00 0.000000e+00 0.000000e+00 0.000000e+00 0.000000e+00 0.000000e+00 0.000000e+00 0.000000e+00 0.000000e+00 0.000000e+00 7.322876e-01 2.677123e-01 0.000000e+00 0.000000e+00 0.000000e+00 0.000000e+00
 0.000000e+00 0.000000e+00 0.000000e+00 0.000000e+00 0.000000e+00 0.000000e+00 0.000000e+00 0.000000e+00 0.000000e+00 0.000000e+00 0.000000e+00 0.000000e+00 0.000000e+00 0.000000e+00 0.000000e+00 7.345072e-01 2.654928e-01 0.000000e+00 0.000000e+00 0.000000e+00
 0.000000e+00 0.000000e+00 0.000000e+00 0.000000e+00 0.000000e+00 0.000000e+00 0.000000e+00 0.000000e+00 0.000000e+00 0.000000e+00 0.000000e+00 0.000000e+00 0.000000e+00 0.000000e+00 0.000000e+00 0.000000e+00 6.764497e-01 3.235503e-01 0.000000e+00 0.000000e+00
 0.000000e+00 0.000000e+00 0.000000e+00 0.000000e+00 0.000000e+00 0.000000e+00 0.000000e+00 0.000000e+00 0.000000e+00 0.000000e+00 0.000000e+00 0.000000e+00 0.000000e+00 0.000000e+00 0.000000e+00 0.000000e+00 0.000000e+00 5.538774e-01 4.461226e-01 0.000000e+00
 0.000000e+00 0.000000e+00 0.000000e+00 0.000000e+00 0.000000e+00 0.000000e+00 0.000000e+00 0.000000e+00 0.000000e+00 0.000000e+00 0.000000e+00 0.000000e+00 0.000000e+00 0.000000e+00 0.000000e+00 0.000000e+00 0.000000e+00 0.000000e+00 7.144218e-01 2.855782e-01
 0.000000e+00 0.000000e+00 0.000000e+00 0.000000e+00 0.000000e+00 0.000000e+00 0.000000e+00 0.000000e+00 0.000000e+00 0.000000e+00 0.000000e+00 0.000000e+00 0.000000e+00 0.000000e+00 0.000000e+00 0.000000e+00 0.000000e+00 0.000000e+00 0.000000e+00 0.000000e+00
<ENDHMM>
