~o
<STREAMINFO> 1 39
<VECSIZE> 39<NULLD><MFCC_D_A_0><DIAGC>
~h "nol"
<BEGINHMM>
<NUMSTATES> 5
<STATE> 2
<MEAN> 39
 -6.910396e+00 1.000630e+00 1.653225e+00 -3.812015e+00 1.371365e+00 -8.091996e+00 -6.509439e+00 -1.070496e+01 -1.544842e+00 -6.531708e+00 6.501796e-01 -7.386979e+00 6.324856e+01 1.394791e+00 1.013446e-01 -4.654989e-01 -7.573253e-01 2.585928e-01 3.605844e-01 -7.011028e-01 -1.931914e-01 4.140146e-02 1.297335e-01 2.031836e-01 -3.277076e-01 1.074657e+00 -7.794877e-03 -1.046490e-01 -1.351464e-01 -1.427936e-01 -2.777504e-03 1.771978e-01 1.442961e-01 -2.967467e-02 -2.112109e-03 -4.155881e-02 -1.702719e-03 3.814237e-02 1.836036e-02
<VARIANCE> 39
 7.613179e+01 5.211367e+01 7.341576e+01 4.494640e+01 3.655545e+01 4.232432e+01 8.540422e+01 5.585447e+01 4.676567e+01 5.682233e+01 8.299169e+01 4.216083e+01 3.282467e+01 1.863291e+00 6.998933e+00 8.389062e+00 4.960447e+00 3.877385e+00 6.595010e+00 4.914520e+00 5.182149e+00 4.104155e+00 2.728819e+00 3.669580e+00 3.236634e+00 6.307428e-01 3.208092e-01 9.924474e-01 1.077621e+00 5.952550e-01 6.854599e-01 8.595918e-01 7.031959e-01 9.564486e-01 7.530908e-01 4.727268e-01 5.746524e-01 6.065625e-01 1.199211e-01
<GCONST> 1.338988e+02
<STATE> 3
<MEAN> 39
 2.911567e+00 -3.150088e+00 -9.093319e+00 -2.040237e+01 8.903831e-01 7.046996e+00 -7.598450e+00 -1.450176e+01 -3.656301e+00 -6.993984e+00 1.118667e+00 -7.584518e+00 7.181348e+01 -1.739077e-01 2.762569e-01 2.188208e-01 9.371006e-02 -1.996819e-01 7.149571e-02 1.932131e-01 -2.641948e-01 -1.846564e-01 -1.530918e-01 -1.894812e-01 1.150318e-01 -2.492534e-01 -5.446752e-02 4.269452e-02 7.453154e-02 1.354309e-01 2.778567e-02 -1.366471e-01 -2.246261e-02 6.701108e-02 1.726953e-02 1.870806e-02 -4.323885e-03 -2.147097e-02 -5.440036e-02
<VARIANCE> 39
 2.939915e+00 3.236490e+01 6.296161e+01 1.934128e+01 8.895905e+01 6.586726e+01 7.251758e+01 1.134586e+02 6.980573e+01 5.700357e+01 1.443637e+02 4.537790e+01 1.197493e+01 1.820742e-01 5.047754e-01 9.934462e-01 1.277573e+00 1.588035e+00 2.051023e+00 1.306506e+00 1.777668e+00 1.593060e+00 2.026454e+00 1.227462e+00 1.167075e+00 1.804590e-01 1.959160e-02 9.020335e-02 1.264945e-01 1.101309e-01 2.251356e-01 2.160531e-01 1.909590e-01 2.686343e-01 2.483362e-01 2.703011e-01 2.073447e-01 1.796799e-01 1.107761e-02
<GCONST> 9.318224e+01
<STATE> 4
<MEAN> 39
 -1.015988e+01 -9.544269e-01 -7.820137e-01 -4.548677e+00 7.949468e-01 -2.607597e+00 6.665707e-01 -9.707601e+00 -3.794553e+00 -1.065956e+01 -4.091801e+00 -8.986535e+00 6.009997e+01 -6.216235e-01 -2.666025e-01 1.072400e-01 3.834775e-01 -6.821626e-04 -2.827656e-01 3.023463e-01 4.230254e-01 1.831164e-01 9.740266e-02 1.242211e-02 -3.227156e-03 -3.843367e-01 3.043747e-02 -2.004630e-02 -3.244262e-02 -7.175320e-02 -2.776573e-02 2.927219e-02 -2.815503e-02 -8.229878e-04 2.449773e-02 2.466142e-02 7.518258e-03 -8.719021e-03 2.998952e-02
<VARIANCE> 39
 2.346642e+01 1.185756e+01 1.198087e+01 3.260601e+01 1.836052e+01 3.307702e+01 2.800556e+01 3.405424e+01 2.483693e+01 2.709101e+01 3.994051e+01 2.735787e+01 8.187909e+00 1.764570e-01 3.730781e-01 6.541004e-01 1.102845e+00 1.059509e+00 1.310160e+00 1.492177e+00 1.616043e+00 1.424245e+00 1.273105e+00 1.902934e+00 1.835540e+00 9.549459e-02 2.401638e-02 6.717002e-02 9.752883e-02 1.593181e-01 1.833756e-01 1.907815e-01 2.573830e-01 2.817774e-01 2.554600e-01 2.254968e-01 2.918261e-01 3.129442e-01 7.072779e-03
<GCONST> 8.304198e+01
<TRANSP> 5
 0.000000e+00 1.000000e+00 0.000000e+00 0.000000e+00 0.000000e+00
 0.000000e+00 9.318363e-01 6.816370e-02 0.000000e+00 0.000000e+00
 0.000000e+00 0.000000e+00 9.583695e-01 4.163051e-02 0.000000e+00
 0.000000e+00 0.000000e+00 0.000000e+00 9.602243e-01 3.977568e-02
 0.000000e+00 0.000000e+00 0.000000e+00 0.000000e+00 0.000000e+00
<ENDHMM>
