~o
<STREAMINFO> 1 39
<VECSIZE> 39<NULLD><MFCC_D_A_0><DIAGC>
~h "sepuluh"
<BEGINHMM>
<NUMSTATES> 20
<STATE> 2
<MEAN> 39
 -1.825126e+01 -6.576196e+00 -3.260848e+00 -3.607867e+00 1.444016e+00 -2.844289e+00 3.989834e+00 -4.662590e+00 1.348094e+00 -6.383462e+00 8.655473e-01 -6.925341e+00 5.680688e+01 -7.311928e-01 1.271783e+00 -9.792473e-01 2.334993e-01 -1.321585e-01 -1.118664e+00 7.893944e-01 -9.614215e-01 9.308261e-01 -6.035501e-01 7.742090e-01 6.067028e-03 5.062867e-01 -4.151239e-01 6.134272e-01 -3.773251e-01 2.880504e-01 1.442418e-01 -2.761393e-01 3.934096e-01 -3.463840e-01 3.011402e-01 -2.623647e-01 9.706354e-03 8.203364e-02 2.253360e-01
<VARIANCE> 39
 2.909561e+00 4.842073e+00 4.908562e+00 8.109923e+00 1.413324e+01 2.516381e+01 2.559105e+01 1.752011e+01 1.737100e+01 1.632365e+01 1.533642e+01 1.230808e+01 8.052449e-01 9.965192e-01 2.039188e+00 1.181084e+00 1.540229e+00 1.536329e+00 2.191179e+00 2.304987e+00 2.129129e+00 2.349931e+00 2.801705e+00 2.225168e+00 1.697869e+00 2.756278e-01 1.482186e-01 1.926958e-01 1.600073e-01 2.502713e-01 2.483195e-01 4.102221e-01 3.619120e-01 2.441913e-01 4.421645e-01 6.169019e-01 3.927297e-01 3.021220e-01 2.415762e-02
<GCONST> 8.805709e+01
<STATE> 3
<MEAN> 39
 -2.722283e+01 6.250558e+00 -1.156302e+01 4.114802e-01 3.909508e+00 -1.059118e+01 1.211875e+01 -1.185978e+01 8.103110e+00 -9.619895e+00 2.811118e+00 -3.800618e+00 6.186964e+01 -1.410434e+00 2.235936e+00 -8.133451e-01 4.097715e-01 9.834282e-01 -1.602036e+00 1.104830e+00 -1.661007e-01 -1.452502e-01 6.265858e-01 -7.511888e-01 8.578005e-01 1.008512e+00 6.719137e-01 -6.030438e-01 5.952793e-01 -4.051436e-01 -4.242975e-02 3.335329e-02 -7.233443e-01 4.259535e-01 -5.887000e-01 3.423970e-01 -3.075494e-01 -1.463186e-01 -1.522497e-01
<VARIANCE> 39
 8.792761e+00 2.392623e+01 9.074149e+00 1.682712e+01 1.208786e+01 1.810557e+01 2.121688e+01 1.377891e+01 2.615919e+01 4.303740e+01 2.980695e+01 2.978435e+01 4.602202e+00 1.614292e+00 2.521185e+00 2.438980e+00 2.357619e+00 1.365562e+00 1.372663e+00 2.671247e+00 3.104274e+00 3.591972e+00 4.316708e+00 2.345302e+00 2.472862e+00 3.507971e-01 4.112652e-01 3.258355e-01 2.087513e-01 3.255967e-01 3.741729e-01 3.168697e-01 7.041938e-01 6.451800e-01 3.972111e-01 6.876137e-01 6.105317e-01 6.777877e-01 5.417014e-02
<GCONST> 1.050947e+02
<STATE> 4
<MEAN> 39
 -1.919678e+01 8.324746e+00 -9.315434e+00 -3.947886e+00 4.118919e+00 -1.765796e+01 3.401576e+00 -9.794234e+00 3.173544e+00 -2.139421e+00 -6.361922e-01 -4.839394e+00 6.692230e+01 4.187235e+00 -8.101849e-01 6.148587e-01 -1.578208e+00 -7.146656e-01 -2.711027e-01 -3.612499e+00 -8.293839e-01 -4.742128e-01 9.674621e-01 5.040048e-01 -1.510574e+00 1.471017e+00 2.557882e-01 -2.490332e-01 -6.245187e-02 3.000954e-03 6.268194e-02 6.820422e-01 -1.430982e-02 -2.244860e-01 2.026989e-02 -1.359261e-01 3.596908e-01 -1.135319e-01 1.543997e-02
<VARIANCE> 39
 9.755132e+01 1.438847e+01 1.962835e+01 4.827680e+01 6.541378e+01 3.577809e+01 1.051111e+02 7.002491e+01 3.082304e+01 1.027983e+02 3.568536e+01 2.882478e+01 2.069545e+01 4.050399e+00 9.196383e-01 2.229947e+00 1.768260e+00 6.518981e+00 4.883779e+00 7.375061e+00 9.767617e+00 3.227901e+00 3.539503e+00 3.727418e+00 1.873738e+00 1.987699e+00 1.940523e+00 2.130752e-01 3.390718e-01 3.605721e-01 1.153295e+00 5.662342e-01 2.265729e+00 1.020402e+00 6.069695e-01 6.575652e-01 4.562389e-01 6.015556e-01 4.615070e-01
<GCONST> 1.304006e+02
<STATE> 5
<MEAN> 39
 -4.020812e+00 3.740668e+00 -7.798207e+00 -9.620666e+00 8.162080e+00 -1.154795e+01 -5.831907e+00 -1.134909e+01 6.469660e-01 5.420498e-01 5.026336e+00 -8.584257e+00 7.237585e+01 4.423628e-01 -1.431897e-01 7.277369e-01 4.374132e-01 6.280960e-01 1.935107e+00 4.028711e-01 -3.795994e-01 -1.052823e+00 -9.341449e-01 2.058760e-02 7.048795e-02 -1.084818e+00 -8.741251e-01 1.235099e-01 2.168202e-01 4.208472e-01 -2.533009e-01 -2.309630e-01 4.447887e-01 4.769957e-01 2.249125e-01 -4.236006e-01 -4.207672e-01 1.079911e-01 -6.509951e-01
<VARIANCE> 39
 4.884699e+01 1.854022e+01 3.645858e+01 5.375306e+01 1.874378e+02 7.097173e+01 7.607066e+01 2.164207e+02 1.667648e+01 1.225007e+02 4.791397e+01 1.903419e+01 2.710243e+01 1.068438e+00 6.276223e-01 8.151778e-01 1.283958e+00 1.897935e+00 1.530760e+00 1.699255e+00 2.767776e+00 1.007653e+00 2.780148e+00 2.134285e+00 1.456827e+00 7.774094e-01 2.593739e-01 2.060586e-01 3.218199e-01 3.904053e-01 6.862572e-01 5.385532e-01 7.601132e-01 1.233768e+00 2.175491e-01 5.759505e-01 4.188676e-01 2.751417e-01 2.468012e-01
<GCONST> 1.154820e+02
<STATE> 6
<MEAN> 39
 -9.949179e+00 1.241083e+00 -3.781066e+00 -5.652362e+00 2.902350e+00 -7.458437e+00 -2.455239e+00 -1.103728e+01 -4.999548e-01 -5.569334e+00 1.902938e+00 -8.332144e+00 6.282563e+01 -4.204718e-01 -9.037402e-01 7.729703e-01 1.739701e-01 -6.015478e-01 4.343556e-01 -3.892761e-02 5.366510e-01 -2.361440e-01 -3.724907e-01 -3.294604e-01 5.370408e-02 -8.992926e-01 4.314058e-02 -4.266509e-02 -8.669488e-02 5.984214e-03 2.081973e-02 -6.256395e-02 -4.491499e-03 -2.615780e-02 2.908372e-02 6.281652e-02 -1.035704e-02 8.996186e-02 1.598673e-01
<VARIANCE> 39
 4.122379e+01 1.474428e+01 1.280396e+01 1.802576e+01 4.772148e+01 2.641211e+01 3.082271e+01 6.169792e+01 2.709464e+01 4.448464e+01 2.136184e+01 1.325920e+01 1.377532e+01 4.375412e-01 3.417017e-01 6.926884e-01 1.035614e+00 1.579893e+00 1.116825e+00 1.564371e+00 1.818850e+00 9.235853e-01 2.232832e+00 1.642072e+00 1.096335e+00 2.481375e-01 3.336474e-02 8.266246e-02 9.683184e-02 1.828426e-01 2.232421e-01 2.162585e-01 2.812787e-01 1.879288e-01 2.216931e-01 3.106941e-01 3.355404e-01 2.126200e-01 1.303010e-02
<GCONST> 8.732672e+01
<STATE> 7
<MEAN> 39
 -9.942013e+00 -2.580773e+00 -4.615524e-01 -4.318070e+00 1.471373e-01 -6.715536e+00 -4.691459e+00 -1.041004e+01 -3.178962e+00 -8.860733e+00 -7.744932e-01 -6.985427e+00 6.104130e+01 2.150057e+00 8.292568e-01 -2.177581e-01 -1.410478e+00 -1.476933e+00 -4.440314e-01 -1.341468e+00 -1.399222e-01 -1.120225e+00 -9.706668e-01 6.801458e-02 1.149539e+00 8.755641e-01 8.065382e-01 7.633168e-01 -2.438685e-01 -9.265113e-01 -6.142148e-01 -1.775497e-01 -1.511075e-01 -8.870456e-02 -3.809679e-01 -1.370950e-01 2.162661e-01 2.941060e-01 3.916207e-01
<VARIANCE> 39
 2.296791e+01 1.599687e+01 1.800352e+01 1.865108e+01 2.300224e+01 3.672895e+01 2.599001e+01 3.510719e+01 1.559914e+01 3.329036e+01 2.474032e+01 1.523084e+01 4.824080e+00 3.437576e+00 4.796997e+00 2.386348e+00 5.584427e+00 3.949501e+00 3.952576e+00 2.637567e+00 2.352800e+00 4.878510e+00 4.085111e+00 2.411746e+00 2.346528e+00 7.869604e-01 2.126637e-01 3.492111e-01 1.947984e-01 6.272778e-01 4.214262e-01 5.770862e-01 5.921140e-01 3.855918e-01 7.381179e-01 6.188123e-01 3.835402e-01 3.736224e-01 8.206376e-02
<GCONST> 1.123452e+02
<STATE> 8
<MEAN> 39
 2.952244e+00 6.408861e+00 -2.011251e+00 -1.644276e+01 -1.140640e+01 -1.006704e+01 -8.233775e+00 -9.485339e+00 -8.427743e+00 -1.395826e+01 -5.300699e-01 -1.884832e+00 6.615093e+01 2.309670e+00 1.502221e+00 -5.999361e-01 -2.701033e+00 -1.617840e+00 8.580129e-01 4.176655e-01 1.597766e-01 -1.508480e+00 -8.047180e-01 6.767612e-01 1.315354e+00 1.090352e+00 -8.679861e-01 -7.888011e-01 1.952537e-02 7.801644e-01 1.010594e+00 7.779325e-01 4.301811e-01 -3.455457e-01 9.070639e-02 6.662382e-01 4.995711e-01 -1.072287e-01 -2.936975e-01
<VARIANCE> 39
 5.546500e+00 1.063199e+01 4.200277e+01 1.576648e+01 2.997267e+01 3.321709e+01 2.150150e+01 5.825232e+01 5.607021e+01 2.112206e+01 3.381359e+01 3.419578e+01 2.210459e+00 1.763187e+00 1.965051e+00 8.084490e-01 4.428328e+00 3.422730e+00 3.361388e+00 2.242899e+00 1.966089e+00 5.264546e+00 2.372825e+00 3.595118e+00 2.774004e+00 3.983344e-01 9.538707e-02 2.405695e-01 3.460991e-01 4.414027e-01 2.081122e-01 6.227540e-01 4.877077e-01 9.539413e-01 4.827513e-01 6.000997e-01 5.537654e-01 5.661814e-01 3.745477e-02
<GCONST> 1.074131e+02
<STATE> 9
<MEAN> 39
 4.974668e+00 6.391180e+00 -3.615494e+00 -1.784663e+01 -1.015928e+01 -3.953482e+00 -6.767940e+00 -1.367836e+01 -1.209387e+01 -1.106040e+01 4.791488e+00 1.287543e+00 6.748040e+01 1.294200e-01 -7.602903e-01 -4.373237e-01 3.770741e-01 9.756466e-01 1.809756e+00 -3.799249e-01 -2.380996e+00 -1.444930e+00 2.129063e+00 2.236731e+00 4.626729e-01 3.453156e-01 -2.765695e-01 -3.238780e-01 1.073502e-01 6.725463e-01 2.889525e-01 -3.123241e-01 -3.131916e-01 -4.164750e-01 1.228721e-01 6.012735e-01 -1.245336e-01 -7.149537e-01 -8.238767e-02
<VARIANCE> 39
 2.407570e+00 1.129164e+01 2.686354e+01 9.629516e+00 4.805433e+01 5.341220e+01 1.487220e+01 4.861981e+01 6.064195e+01 3.314278e+01 5.755177e+01 3.891612e+01 1.898992e+00 1.868668e-01 1.205486e+00 1.038975e+00 1.585793e+00 9.617990e-01 2.715464e+00 2.421702e+00 4.998433e+00 3.022084e+00 4.574923e+00 2.491779e+00 3.405433e+00 1.479204e-01 1.065232e-01 1.164581e-01 1.988980e-01 3.094353e-01 2.424642e-01 6.219771e-01 3.193274e-01 5.652494e-01 7.493331e-01 4.692142e-01 5.220597e-01 7.780750e-01 3.505339e-02
<GCONST> 1.001685e+02
<STATE> 10
<MEAN> 39
 3.655218e+00 3.790328e+00 -1.114115e+00 -1.522728e+01 7.996489e-02 1.099270e+00 -1.173537e+01 -2.090810e+01 -2.012819e+01 -2.204393e+00 1.583483e+01 -1.309089e+00 6.926994e+01 -1.888365e-01 -5.206953e-01 3.598909e-01 1.630589e+00 6.050493e-01 -6.670968e-01 -7.661800e-01 -1.419073e+00 1.240744e-01 1.508613e+00 -1.634027e-01 -1.907302e+00 -5.898942e-02 -2.937644e-02 1.339326e-01 1.344133e-01 2.986591e-02 -1.162735e-01 -3.656704e-01 -3.703650e-02 5.104511e-01 3.686384e-01 -4.265751e-01 -3.882800e-01 -9.297652e-02 -6.087289e-02
<VARIANCE> 39
 3.207470e+00 1.957326e+01 5.404295e+01 5.395761e+01 6.452207e+01 1.818360e+01 4.004473e+01 8.530912e+01 5.859695e+01 8.285271e+01 4.432481e+01 3.278708e+01 2.712976e+00 1.448538e-01 7.385676e-01 9.346593e-01 1.145177e+00 1.874405e+00 1.135331e+00 2.119210e+00 2.630054e+00 3.754680e+00 3.051869e+00 1.921202e+00 3.200433e+00 8.905124e-02 2.329059e-02 1.577286e-01 1.864524e-01 3.237512e-01 2.521922e-01 2.999915e-01 4.952917e-01 4.585291e-01 6.185963e-01 8.399556e-01 2.679466e-01 6.134052e-01 3.124762e-02
<GCONST> 9.950458e+01
<STATE> 11
<MEAN> 39
 3.199113e+00 1.239961e+00 -2.134029e+00 -6.114362e+00 1.963940e-01 -7.003019e+00 -1.817470e+01 -2.360432e+01 -1.259241e+01 -6.939183e-01 6.936239e+00 -7.687280e+00 6.801814e+01 -1.664789e-01 -3.366274e-02 2.655866e-01 5.976829e-02 2.300289e-01 -7.595200e-01 -6.153477e-01 6.317747e-01 5.664538e-01 2.293639e-02 6.444197e-01 -2.808867e-01 1.407535e-01 6.211177e-02 1.467481e-01 -1.419204e-01 -5.365205e-01 -2.051412e-01 3.265235e-01 2.161578e-01 1.650137e-01 -1.463757e-01 -2.201962e-01 1.982936e-01 4.625387e-01 4.724016e-02
<VARIANCE> 39
 5.880378e+00 1.974388e+01 7.412321e+01 3.120315e+01 4.788303e+01 3.312665e+01 5.290790e+01 3.189348e+01 5.311301e+01 3.484846e+01 6.486982e+01 1.180818e+01 4.200608e+00 1.744034e-01 6.331018e-01 6.833417e-01 2.494391e+00 1.265333e+00 1.818911e+00 2.742443e+00 1.617696e+00 3.109190e+00 2.499947e+00 2.875402e+00 2.454264e+00 2.565726e-01 3.004218e-02 7.541229e-02 1.762580e-01 1.758925e-01 2.842556e-01 3.231610e-01 3.835554e-01 3.090883e-01 5.452506e-01 5.276899e-01 4.814393e-01 4.712899e-01 2.237197e-02
<GCONST> 9.726284e+01
<STATE> 12
<MEAN> 39
 3.124352e+00 1.812608e+00 -1.759444e+00 -1.360394e+01 -2.323485e+00 -4.397012e+00 -1.568552e+01 -2.098454e+01 -1.315048e+01 3.546608e+00 1.421012e+01 -8.018770e+00 7.019594e+01 1.193344e-01 4.484646e-01 -8.902881e-01 -1.052837e+00 -1.250077e-01 6.870738e-01 5.787339e-01 9.725039e-03 -2.823086e-02 -6.828420e-01 -2.001706e-01 8.121790e-01 -9.134877e-02 -6.235243e-02 4.261193e-02 -5.970564e-02 1.686747e-01 3.307069e-02 -3.221593e-02 1.535479e-01 -4.709441e-02 -4.170917e-02 -3.060931e-01 -2.436623e-01 1.637756e-01 -1.165792e-01
<VARIANCE> 39
 2.196296e+00 1.098350e+01 4.765144e+01 4.515092e+01 6.676161e+01 3.532824e+01 1.187788e+02 8.545352e+01 6.726688e+01 5.880995e+01 2.199181e+01 4.793435e+01 5.269572e+00 1.420991e-01 5.010821e-01 8.103867e-01 2.091360e+00 1.128005e+00 1.183916e+00 1.582897e+00 2.093693e+00 1.415169e+00 1.756155e+00 9.427714e-01 1.792090e+00 1.956532e-01 2.549083e-02 8.532604e-02 2.224152e-01 2.734111e-01 2.294731e-01 2.047362e-01 3.046174e-01 3.145879e-01 2.714373e-01 2.907491e-01 1.284488e-01 3.055502e-01 2.426781e-02
<GCONST> 9.177734e+01
<STATE> 13
<MEAN> 39
 3.229695e+00 4.331712e+00 -8.398590e+00 -1.488512e+01 -5.742728e+00 -2.415079e+00 -8.607787e+00 -2.222613e+01 -1.454392e+01 -4.984157e+00 1.015309e+01 2.173952e-01 6.775613e+01 -4.119224e-01 4.180993e-01 4.114566e-01 2.160596e-01 6.917121e-02 -2.917918e-02 5.319648e-01 6.975443e-01 9.690436e-02 -1.110912e+00 -6.774710e-01 3.093707e-01 -3.285285e-01 -1.200064e-01 -6.828905e-02 2.923616e-01 3.384788e-01 1.851340e-01 -7.101592e-02 -2.412274e-02 -1.894021e-02 4.777597e-02 1.542610e-01 -3.028420e-02 -2.122717e-01 -6.510704e-02
<VARIANCE> 39
 2.787665e+00 6.202642e+00 1.678833e+01 7.109654e+00 4.502063e+01 2.569083e+01 3.351326e+01 3.199919e+01 1.962865e+01 2.253999e+01 2.531141e+01 3.434119e+01 1.472286e+00 1.840785e-01 2.486539e-01 7.177588e-01 1.069950e+00 8.199700e-01 5.193709e-01 1.127364e+00 1.518158e+00 1.898681e+00 1.562260e+00 8.108881e-01 6.179783e-01 7.868835e-02 2.537006e-02 3.389751e-02 5.967306e-02 8.605473e-02 1.269643e-01 1.280992e-01 2.404239e-01 2.012372e-01 2.087165e-01 2.096208e-01 1.458979e-01 1.139052e-01 3.809601e-03
<GCONST> 6.850253e+01
<STATE> 14
<MEAN> 39
 -1.111770e+00 5.038736e+00 -1.227843e+00 -9.803409e+00 -2.096402e+00 -5.088368e+00 -8.313766e+00 -1.786680e+01 -1.102470e+01 -8.263550e+00 7.120296e+00 -1.550950e+00 6.505659e+01 -1.000323e+00 -4.111030e-01 6.222523e-01 1.195622e+00 7.099564e-01 -3.546549e-01 3.797531e-01 3.870383e-01 4.085926e-01 -1.556468e-01 -4.125380e-01 -6.413533e-03 -6.331044e-01 -6.638508e-02 -1.555759e-01 -1.723367e-01 -1.051481e-01 -1.216306e-01 -4.182466e-02 -5.962929e-02 6.252300e-02 1.038830e-01 9.385143e-02 5.858131e-02 -9.096398e-03 -5.305224e-03
<VARIANCE> 39
 2.899359e+00 6.432096e+00 1.392455e+01 1.162921e+01 4.534474e+01 4.996683e+01 3.695724e+01 3.727411e+01 2.407211e+01 1.192757e+01 1.736611e+01 4.752150e+01 1.264601e+00 2.362019e-01 3.186247e-01 9.140105e-01 7.828550e-01 1.096975e+00 1.513341e+00 1.005890e+00 1.457721e+00 1.790999e+00 1.065512e+00 1.339275e+00 1.652364e+00 1.046680e-01 2.302484e-02 4.512036e-02 7.666344e-02 1.122770e-01 1.367260e-01 2.708248e-01 1.784862e-01 2.604108e-01 3.672699e-01 2.329761e-01 2.669860e-01 2.611903e-01 5.227502e-03
<GCONST> 7.604109e+01
<STATE> 15
<MEAN> 39
 -5.970665e+00 2.364493e+00 7.006913e-01 -4.030545e+00 1.163757e+00 -5.625033e+00 -7.303864e+00 -1.791253e+01 -1.113223e+01 -1.053353e+01 3.081638e+00 -4.254098e+00 6.205025e+01 -9.328488e-01 -3.913380e-01 4.241527e-01 7.588778e-01 8.069945e-02 -1.967499e-01 2.402266e-01 1.496093e-01 3.216641e-01 -4.840613e-01 -1.034742e+00 -3.162308e-01 -5.598451e-01 1.403622e-02 2.776836e-04 -5.713724e-02 -1.330067e-01 -5.838547e-02 8.200253e-04 -3.934952e-02 -2.767107e-02 1.174470e-02 5.262812e-02 5.109073e-03 5.241243e-02 2.932119e-02
<VARIANCE> 39
 2.486526e+00 6.393529e+00 1.639278e+01 1.348511e+01 2.259985e+01 2.576778e+01 3.214677e+01 4.672317e+01 2.315069e+01 1.606222e+01 2.850575e+01 4.282627e+01 9.681579e-01 1.665191e-01 3.351509e-01 3.504470e-01 6.283258e-01 6.306975e-01 9.920062e-01 1.219351e+00 1.108370e+00 1.105375e+00 1.338791e+00 1.284867e+00 9.903097e-01 2.875992e-02 2.949326e-02 7.055517e-02 8.567533e-02 1.047841e-01 1.275827e-01 1.789059e-01 1.421080e-01 1.962793e-01 2.163576e-01 2.386388e-01 2.004188e-01 2.074327e-01 5.673172e-03
<GCONST> 6.947089e+01
<STATE> 16
<MEAN> 39
 -1.069828e+01 -5.664640e-01 1.038778e+00 -1.706979e+00 2.601606e+00 -5.802684e+00 -5.555823e+00 -1.490410e+01 -7.889802e+00 -1.115537e+01 4.089947e-02 -3.672271e+00 5.977529e+01 -7.818862e-01 -6.713173e-01 -1.305884e-01 4.872234e-01 5.541832e-01 2.838127e-01 4.418030e-01 6.214891e-01 2.921462e-01 -3.671274e-02 -2.714308e-01 -1.261667e-01 -3.462927e-01 9.155478e-02 1.625401e-02 -8.529079e-03 2.269430e-02 1.051928e-01 1.570831e-01 1.191665e-01 1.083913e-01 3.466469e-02 6.723387e-03 -1.368599e-02 -1.030421e-01 4.221185e-02
<VARIANCE> 39
 2.726711e+00 6.048920e+00 1.166377e+01 1.576506e+01 3.348993e+01 2.138886e+01 1.728972e+01 2.441802e+01 2.292482e+01 1.713799e+01 2.811377e+01 3.352814e+01 1.233941e+00 1.415043e-01 2.773066e-01 3.319570e-01 7.001800e-01 1.127205e+00 7.713697e-01 1.136317e+00 9.041926e-01 8.768949e-01 7.446263e-01 1.010286e+00 1.684985e+00 4.112152e-02 2.055444e-02 6.063725e-02 5.547277e-02 9.727659e-02 1.769470e-01 1.091324e-01 2.310898e-01 1.645931e-01 1.845775e-01 1.427190e-01 2.510041e-01 3.585270e-01 6.730869e-03
<GCONST> 6.727936e+01
<STATE> 17
<MEAN> 39
 -1.379545e+01 -3.588016e+00 1.341442e-01 -4.656104e-01 5.348847e+00 -1.689365e+00 -8.159850e-01 -9.099500e+00 -3.449258e+00 -7.880487e+00 9.712896e-02 -5.577942e+00 5.829670e+01 -5.510901e-01 -3.836142e-01 1.044826e-02 1.453902e-02 5.152549e-02 3.921851e-01 9.077791e-01 1.128928e+00 7.541491e-01 1.409236e-01 -6.020966e-01 -6.519524e-01 -2.980726e-01 6.353931e-03 5.324427e-02 3.751010e-02 -5.790649e-03 -1.429899e-02 -4.177888e-03 2.571870e-03 -1.280567e-01 -1.418834e-01 -1.323810e-01 1.120784e-03 4.798819e-03 1.268758e-02
<VARIANCE> 39
 2.614305e+00 3.070356e+00 1.122358e+01 1.626168e+01 3.016373e+01 3.250746e+01 2.166667e+01 2.045560e+01 2.301675e+01 2.037590e+01 2.569604e+01 2.943509e+01 1.165768e+00 4.149194e-02 1.897068e-01 4.912392e-01 6.960990e-01 1.340819e+00 1.246962e+00 1.077470e+00 1.790530e+00 1.782340e+00 1.231080e+00 1.063533e+00 1.344267e+00 1.574087e-02 1.080076e-02 3.367751e-02 9.102145e-02 1.755624e-01 2.585697e-01 3.015160e-01 2.029118e-01 3.907183e-01 2.919948e-01 2.072530e-01 1.811567e-01 2.629150e-01 3.621231e-03
<GCONST> 6.851488e+01
<STATE> 18
<MEAN> 39
 -1.663776e+01 -4.990765e+00 1.026207e+00 1.203172e+00 6.549274e+00 -2.109844e-01 1.430700e+00 -9.504975e+00 -6.974272e+00 -1.410570e+01 -5.297898e+00 -8.883844e+00 5.690546e+01 -6.007913e-01 -3.934058e-01 -1.313750e-02 2.550122e-01 5.185694e-01 9.401380e-01 5.953402e-01 2.317786e-01 -7.967051e-02 -5.668621e-01 -3.183983e-01 -2.197892e-01 -2.713088e-01 -8.382464e-03 -3.353779e-02 -9.041078e-02 -1.141662e-01 -7.873081e-02 -3.476173e-02 -1.472474e-01 2.746572e-02 1.384412e-01 1.289134e-01 8.239060e-02 1.167915e-01 -2.649780e-02
<VARIANCE> 39
 1.699319e+00 1.781917e+00 5.009013e+00 1.002730e+01 1.603361e+01 1.906966e+01 2.424473e+01 2.683077e+01 2.632194e+01 3.864105e+01 3.439013e+01 3.480466e+01 4.822096e-01 9.020075e-02 2.247780e-01 5.930592e-01 7.195984e-01 8.826801e-01 1.394035e+00 1.186705e+00 2.173237e+00 1.046602e+00 9.408470e-01 1.163203e+00 1.767992e+00 5.278565e-02 1.601572e-02 2.904424e-02 8.596786e-02 1.198161e-01 1.415781e-01 1.878625e-01 2.383866e-01 4.042703e-01 1.375303e-01 1.432662e-01 2.072224e-01 3.117490e-01 9.260382e-03
<GCONST> 6.679041e+01
<STATE> 19
<MEAN> 39
 -1.940424e+01 -7.766326e+00 -1.035962e+00 3.870120e-01 7.809372e+00 3.137490e+00 4.185940e+00 -6.273001e+00 -4.317815e+00 -1.511455e+01 -7.548235e+00 -1.057970e+01 5.548134e+01 -3.529133e-01 -3.808768e-01 -2.964072e-01 -1.192524e-01 -4.541018e-02 1.069837e-01 2.224115e-01 2.402206e-01 4.646235e-01 1.542690e-01 -4.605864e-01 -5.515842e-01 -1.810007e-01 1.110020e-01 6.760204e-02 2.153690e-02 -3.246861e-02 -4.688421e-02 -7.237584e-02 7.522979e-02 2.443772e-02 -7.890643e-02 -1.447915e-02 -5.462983e-02 -1.105401e-01 7.091013e-02
<VARIANCE> 39
 1.928553e+00 2.788500e+00 1.303869e+01 2.231835e+01 2.995055e+01 1.976356e+01 2.615651e+01 3.186357e+01 3.957930e+01 6.040196e+01 4.228651e+01 3.409234e+01 5.018620e-01 2.781092e-01 2.296793e-01 6.727138e-01 1.028262e+00 1.139096e+00 1.273372e+00 1.475440e+00 1.779944e+00 1.927155e+00 2.628662e+00 1.591370e+00 1.668534e+00 6.883442e-02 3.282764e-02 3.827933e-02 1.509961e-01 2.123923e-01 1.933593e-01 2.328060e-01 2.498516e-01 3.655965e-01 3.180614e-01 4.839274e-01 2.125639e-01 3.581604e-01 7.800954e-03
<GCONST> 7.973313e+01
<TRANSP> 20
 0.000000e+00 1.000000e+00 0.000000e+00 0.000000e+00 0.000000e+00 0.000000e+00 0.000000e+00 0.000000e+00 0.000000e+00 0.000000e+00 0.000000e+00 0.000000e+00 0.000000e+00 0.000000e+00 0.000000e+00 0.000000e+00 0.000000e+00 0.000000e+00 0.000000e+00 0.000000e+00
 0.000000e+00 7.857143e-01 2.142857e-01 0.000000e+00 0.000000e+00 0.000000e+00 0.000000e+00 0.000000e+00 0.000000e+00 0.000000e+00 0.000000e+00 0.000000e+00 0.000000e+00 0.000000e+00 0.000000e+00 0.000000e+00 0.000000e+00 0.000000e+00 0.000000e+00 0.000000e+00
 0.000000e+00 0.000000e+00 7.939405e-01 2.060595e-01 0.000000e+00 0.000000e+00 0.000000e+00 0.000000e+00 0.000000e+00 0.000000e+00 0.000000e+00 0.000000e+00 0.000000e+00 0.000000e+00 0.000000e+00 0.000000e+00 0.000000e+00 0.000000e+00 0.000000e+00 0.000000e+00
 0.000000e+00 0.000000e+00 0.000000e+00 7.769590e-01 2.230410e-01 0.000000e+00 0.000000e+00 0.000000e+00 0.000000e+00 0.000000e+00 0.000000e+00 0.000000e+00 0.000000e+00 0.000000e+00 0.000000e+00 0.000000e+00 0.000000e+00 0.000000e+00 0.000000e+00 0.000000e+00
 0.000000e+00 0.000000e+00 0.000000e+00 0.000000e+00 6.581830e-01 3.418171e-01 0.000000e+00 0.000000e+00 0.000000e+00 0.000000e+00 0.000000e+00 0.000000e+00 0.000000e+00 0.000000e+00 0.000000e+00 0.000000e+00 0.000000e+00 0.000000e+00 0.000000e+00 0.000000e+00
 0.000000e+00 0.000000e+00 0.000000e+00 0.000000e+00 0.000000e+00 8.648188e-01 1.351812e-01 0.000000e+00 0.000000e+00 0.000000e+00 0.000000e+00 0.000000e+00 0.000000e+00 0.000000e+00 0.000000e+00 0.000000e+00 0.000000e+00 0.000000e+00 0.000000e+00 0.000000e+00
 0.000000e+00 0.000000e+00 0.000000e+00 0.000000e+00 0.000000e+00 0.000000e+00 7.695971e-01 2.304029e-01 0.000000e+00 0.000000e+00 0.000000e+00 0.000000e+00 0.000000e+00 0.000000e+00 0.000000e+00 0.000000e+00 0.000000e+00 0.000000e+00 0.000000e+00 0.000000e+00
 0.000000e+00 0.000000e+00 0.000000e+00 0.000000e+00 0.000000e+00 0.000000e+00 0.000000e+00 6.500767e-01 3.499233e-01 0.000000e+00 0.000000e+00 0.000000e+00 0.000000e+00 0.000000e+00 0.000000e+00 0.000000e+00 0.000000e+00 0.000000e+00 0.000000e+00 0.000000e+00
 0.000000e+00 0.000000e+00 0.000000e+00 0.000000e+00 0.000000e+00 0.000000e+00 0.000000e+00 0.000000e+00 7.471590e-01 2.528410e-01 0.000000e+00 0.000000e+00 0.000000e+00 0.000000e+00 0.000000e+00 0.000000e+00 0.000000e+00 0.000000e+00 0.000000e+00 0.000000e+00
 0.000000e+00 0.000000e+00 0.000000e+00 0.000000e+00 0.000000e+00 0.000000e+00 0.000000e+00 0.000000e+00 0.000000e+00 7.907501e-01 2.092499e-01 0.000000e+00 0.000000e+00 0.000000e+00 0.000000e+00 0.000000e+00 0.000000e+00 0.000000e+00 0.000000e+00 0.000000e+00
 0.000000e+00 0.000000e+00 0.000000e+00 0.000000e+00 0.000000e+00 0.000000e+00 0.000000e+00 0.000000e+00 0.000000e+00 0.000000e+00 7.986844e-01 2.013156e-01 0.000000e+00 0.000000e+00 0.000000e+00 0.000000e+00 0.000000e+00 0.000000e+00 0.000000e+00 0.000000e+00
 0.000000e+00 0.000000e+00 0.000000e+00 0.000000e+00 0.000000e+00 0.000000e+00 0.000000e+00 0.000000e+00 0.000000e+00 0.000000e+00 0.000000e+00 7.979457e-01 2.020543e-01 0.000000e+00 0.000000e+00 0.000000e+00 0.000000e+00 0.000000e+00 0.000000e+00 0.000000e+00
 0.000000e+00 0.000000e+00 0.000000e+00 0.000000e+00 0.000000e+00 0.000000e+00 0.000000e+00 0.000000e+00 0.000000e+00 0.000000e+00 0.000000e+00 0.000000e+00 8.183046e-01 1.816954e-01 0.000000e+00 0.000000e+00 0.000000e+00 0.000000e+00 0.000000e+00 0.000000e+00
 0.000000e+00 0.000000e+00 0.000000e+00 0.000000e+00 0.000000e+00 0.000000e+00 0.000000e+00 0.000000e+00 0.000000e+00 0.000000e+00 0.000000e+00 0.000000e+00 0.000000e+00 8.025783e-01 1.974216e-01 0.000000e+00 0.000000e+00 0.000000e+00 0.000000e+00 0.000000e+00
 0.000000e+00 0.000000e+00 0.000000e+00 0.000000e+00 0.000000e+00 0.000000e+00 0.000000e+00 0.000000e+00 0.000000e+00 0.000000e+00 0.000000e+00 0.000000e+00 0.000000e+00 0.000000e+00 8.011428e-01 1.988572e-01 0.000000e+00 0.000000e+00 0.000000e+00 0.000000e+00
 0.000000e+00 0.000000e+00 0.000000e+00 0.000000e+00 0.000000e+00 0.000000e+00 0.000000e+00 0.000000e+00 0.000000e+00 0.000000e+00 0.000000e+00 0.000000e+00 0.000000e+00 0.000000e+00 0.000000e+00 8.158728e-01 1.841272e-01 0.000000e+00 0.000000e+00 0.000000e+00
 0.000000e+00 0.000000e+00 0.000000e+00 0.000000e+00 0.000000e+00 0.000000e+00 0.000000e+00 0.000000e+00 0.000000e+00 0.000000e+00 0.000000e+00 0.000000e+00 0.000000e+00 0.000000e+00 0.000000e+00 0.000000e+00 7.922481e-01 2.077519e-01 0.000000e+00 0.000000e+00
 0.000000e+00 0.000000e+00 0.000000e+00 0.000000e+00 0.000000e+00 0.000000e+00 0.000000e+00 0.000000e+00 0.000000e+00 0.000000e+00 0.000000e+00 0.000000e+00 0.000000e+00 0.000000e+00 0.000000e+00 0.000000e+00 0.000000e+00 7.663154e-01 2.336846e-01 0.000000e+00
 0.000000e+00 0.000000e+00 0.000000e+00 0.000000e+00 0.000000e+00 0.000000e+00 0.000000e+00 0.000000e+00 0.000000e+00 0.000000e+00 0.000000e+00 0.000000e+00 0.000000e+00 0.000000e+00 0.000000e+00 0.000000e+00 0.000000e+00 0.000000e+00 7.573264e-01 2.426736e-01
 0.000000e+00 0.000000e+00 0.000000e+00 0.000000e+00 0.000000e+00 0.000000e+00 0.000000e+00 0.000000e+00 0.000000e+00 0.000000e+00 0.000000e+00 0.000000e+00 0.000000e+00 0.000000e+00 0.000000e+00 0.000000e+00 0.000000e+00 0.000000e+00 0.000000e+00 0.000000e+00
<ENDHMM>
