~o
<STREAMINFO> 1 39
<VECSIZE> 39<NULLD><MFCC_D_A_0><DIAGC>
~h "setengah"
<BEGINHMM>
<NUMSTATES> 5
<STATE> 2
<MEAN> 39
 -1.293442e+01 -3.064413e-01 -8.293481e+00 -4.238485e+00 7.558874e-01 -1.093493e+01 -2.494474e+00 -8.597463e+00 4.093068e+00 -5.600241e+00 -4.801307e-02 -9.289766e+00 6.520617e+01 6.667790e-01 -4.429023e-03 -1.611336e-01 -1.857107e-01 7.998926e-03 -2.376901e-01 -3.569556e-01 -1.546799e-01 3.447795e-02 1.561121e-01 -2.408141e-01 -3.147997e-01 5.606132e-01 3.622010e-02 2.455133e-02 4.933013e-02 -7.729609e-03 -4.964726e-03 1.459608e-02 -1.616944e-02 1.768408e-02 -5.806103e-02 -5.651389e-04 1.367234e-02 5.299618e-02 -1.651507e-02
<VARIANCE> 39
 9.925288e+01 4.728611e+01 2.826522e+01 3.706186e+01 5.216502e+01 8.455705e+01 1.000749e+02 6.484032e+01 4.486562e+01 5.754491e+01 6.066453e+01 3.648002e+01 3.657026e+01 5.578116e+00 2.972115e+00 2.172755e+00 2.710357e+00 2.896911e+00 4.192496e+00 5.749862e+00 3.422926e+00 2.664266e+00 3.937510e+00 3.316134e+00 3.107590e+00 2.214567e+00 8.685243e-01 3.564013e-01 3.885000e-01 4.561822e-01 5.592746e-01 6.462122e-01 9.164289e-01 5.063183e-01 4.584019e-01 6.917138e-01 5.947012e-01 6.355368e-01 4.060930e-01
<GCONST> 1.312373e+02
<STATE> 3
<MEAN> 39
 1.034269e+00 -7.013557e+00 -4.303334e+00 -7.857708e+00 1.235863e+00 -6.890417e+00 -6.366755e+00 -7.174036e+00 1.028592e+00 -9.055015e+00 -5.649332e+00 -6.919853e+00 7.082792e+01 -1.344575e-01 -7.842745e-02 1.802044e-01 4.338040e-01 1.984899e-01 3.204539e-02 4.788061e-02 9.388962e-02 3.206917e-03 -7.161354e-01 -2.103805e-01 3.635758e-01 -9.700342e-02 -7.045114e-02 -2.914425e-02 -3.244183e-02 3.535735e-02 2.940714e-02 -2.541115e-02 2.962132e-02 1.758595e-03 5.576657e-02 -1.403422e-02 1.297338e-02 -4.191871e-02 -2.044153e-02
<VARIANCE> 39
 6.243176e+00 5.759605e+01 5.308299e+01 4.086776e+01 6.416569e+01 6.020152e+01 6.204366e+01 1.073385e+02 6.724615e+01 8.764594e+01 7.704124e+01 5.534069e+01 1.253835e+01 2.506056e-01 2.249218e+00 1.500485e+00 1.715821e+00 2.153625e+00 2.148384e+00 1.751765e+00 2.641551e+00 2.913407e+00 1.473888e+00 2.105867e+00 2.257124e+00 6.035405e-01 3.949418e-02 2.198422e-01 1.928360e-01 2.037665e-01 3.121310e-01 2.568725e-01 2.587671e-01 3.962960e-01 3.955055e-01 2.262862e-01 3.128139e-01 3.414512e-01 5.938809e-02
<GCONST> 1.075650e+02
<STATE> 4
<MEAN> 39
 -1.258597e+01 -9.075521e+00 -1.323547e+00 3.277743e+00 9.201769e+00 -3.544966e+00 2.292456e+00 -2.883250e+00 1.180204e+00 -1.747947e+01 -6.908160e+00 -6.856087e+00 6.195802e+01 -6.533892e-01 1.253979e-01 7.285666e-02 -1.116806e-01 -4.079987e-02 5.201563e-01 5.481845e-01 5.230613e-02 -2.290707e-01 4.260535e-01 3.797202e-01 -1.478993e-01 -5.870548e-01 3.287239e-02 -1.375856e-02 -2.080466e-02 -6.718014e-02 -6.961923e-02 3.340155e-02 -3.569800e-02 -2.938793e-02 -2.314754e-02 6.787425e-02 -1.416153e-02 -4.118703e-03 2.545579e-02
<VARIANCE> 39
 2.296932e+01 1.952645e+01 1.577967e+01 2.420997e+01 3.458215e+01 5.824387e+01 6.098646e+01 4.505923e+01 8.114248e+01 8.118488e+01 4.251118e+01 3.915445e+01 2.689141e+01 2.411682e-01 5.328065e-01 6.363733e-01 1.079560e+00 1.054444e+00 1.459606e+00 1.867648e+00 1.733791e+00 1.489744e+00 1.886907e+00 2.269350e+00 2.206053e+00 1.467478e-01 2.598829e-02 6.451349e-02 1.058552e-01 1.413082e-01 1.827905e-01 2.040411e-01 3.259389e-01 2.945858e-01 2.580427e-01 2.732039e-01 3.870163e-01 3.708577e-01 1.032529e-02
<GCONST> 9.326923e+01
<TRANSP> 5
 0.000000e+00 1.000000e+00 0.000000e+00 0.000000e+00 0.000000e+00
 0.000000e+00 9.649167e-01 3.508332e-02 0.000000e+00 0.000000e+00
 0.000000e+00 0.000000e+00 9.607337e-01 3.926637e-02 0.000000e+00
 0.000000e+00 0.000000e+00 0.000000e+00 9.577979e-01 4.220210e-02
 0.000000e+00 0.000000e+00 0.000000e+00 0.000000e+00 0.000000e+00
<ENDHMM>
