~o
<STREAMINFO> 1 39
<VECSIZE> 39<NULLD><MFCC_D_A_0><DIAGC>
~h "tiga"
<BEGINHMM>
<NUMSTATES> 20
<STATE> 2
<MEAN> 39
 -1.810801e+01 -6.840169e+00 -2.133575e+00 -3.975594e+00 3.144416e-01 -6.217883e+00 2.379041e+00 -7.335869e+00 -2.329818e+00 -6.284492e+00 3.007687e+00 -4.739796e+00 5.791631e+01 6.457474e-01 9.081141e-01 1.862952e+00 4.535122e-01 -1.350746e+00 -1.817694e+00 1.567697e-01 -2.033032e+00 -2.236854e+00 7.613244e-02 3.119324e-01 -6.129300e-01 1.338750e+00 6.163427e-01 6.224242e-01 1.282356e+00 -7.302864e-02 -8.647885e-01 -4.659593e-01 -5.636553e-01 -6.448696e-01 -5.883544e-01 1.352566e-01 -3.355922e-01 -2.509085e-01 4.997898e-01
<VARIANCE> 39
 3.314679e+00 4.417699e+00 4.872870e+00 9.979890e+00 3.313800e+01 4.650822e+01 1.418111e+01 3.315479e+01 2.655053e+01 1.438182e+01 2.141938e+01 2.068840e+01 4.719985e+00 1.731793e+00 1.950259e+00 5.790944e+00 2.470822e+00 5.595220e+00 4.320069e+00 4.050438e+00 6.293823e+00 4.941395e+00 2.680171e+00 2.569981e+00 3.588493e+00 1.080499e+00 2.576800e-01 2.797026e-01 7.325352e-01 6.316172e-01 1.159622e+00 1.171485e+00 9.030464e-01 4.206556e-01 6.824454e-01 6.383830e-01 7.764131e-01 4.585706e-01 7.194342e-02
<GCONST> 1.119559e+02
<STATE> 3
<MEAN> 39
 -1.026589e+01 1.849530e+00 1.542335e+01 -3.618800e+00 -1.130205e+01 -1.349774e+01 -3.437644e+00 -2.054014e+01 -1.337424e+01 -3.186128e+00 6.902379e-01 -8.477737e+00 6.624361e+01 2.574560e+00 2.565920e+00 5.883275e+00 -1.494542e+00 -3.686083e+00 -6.636253e-01 -3.598922e+00 -2.192580e+00 -8.314742e-01 1.119050e+00 -8.044305e-01 -4.515365e-01 2.168393e+00 -3.447355e-01 -4.101974e-01 -6.111023e-01 -4.820564e-01 6.428478e-01 8.128327e-01 -6.978288e-02 1.281009e+00 1.137837e+00 -2.558584e-01 1.151164e-01 2.383329e-01 -4.272097e-01
<VARIANCE> 39
 2.033549e+01 2.586381e+01 1.067734e+02 5.962685e+01 1.021466e+02 4.380757e+01 9.835507e+01 9.807857e+01 4.541533e+01 5.956658e+01 3.662459e+01 5.705598e+01 1.562429e+01 1.334135e+00 2.186792e+00 6.238822e+00 7.752145e+00 8.989172e+00 8.221292e+00 5.892462e+00 7.181863e+00 4.387604e+00 5.227558e+00 7.275468e+00 3.583610e+00 9.330316e-01 3.827936e-01 3.607435e-01 1.460416e+00 7.341208e-01 1.190229e+00 8.702210e-01 1.627875e+00 1.040048e+00 4.911695e-01 8.124040e-01 5.562466e-01 6.630962e-01 1.424754e-01
<GCONST> 1.366868e+02
<STATE> 4
<MEAN> 39
 -7.018010e+00 4.506779e+00 2.785566e+01 -9.978513e+00 -1.664359e+01 -9.356421e+00 -1.122436e+01 -1.824239e+01 -9.885620e+00 -2.555783e+00 1.628473e+00 -1.001109e+01 7.003230e+01 3.080017e-01 1.986821e-01 7.166973e-01 -9.119015e-01 4.919721e-01 1.079695e+00 -6.437780e-01 1.542485e+00 1.216115e+00 -5.387377e-01 -1.059985e-01 -7.889283e-01 4.189159e-02 -3.721473e-01 -3.880820e-01 -1.403257e+00 7.146262e-01 8.534516e-01 -8.424673e-02 8.393053e-01 1.788840e-01 -1.761351e-02 -2.442639e-01 -3.830805e-02 -8.443123e-02 -5.397373e-01
<VARIANCE> 39
 5.412023e+00 2.835446e+01 1.042145e+02 1.048021e+02 1.575838e+02 5.099045e+01 6.661328e+01 1.240011e+02 4.404036e+01 5.827013e+01 8.494032e+01 4.171059e+01 1.124707e+01 3.246665e-01 6.136075e-01 2.167299e+00 1.398505e+00 1.157213e+00 2.327513e+00 2.284801e+00 2.362493e+00 1.585446e+00 1.700084e+00 1.657830e+00 1.736254e+00 4.004032e-01 1.179711e-01 2.568356e-01 3.140122e-01 3.923379e-01 5.662888e-01 6.445917e-01 9.785326e-01 7.367588e-01 2.531494e-01 4.481236e-01 7.100497e-01 3.190576e-01 5.502452e-02
<GCONST> 1.122820e+02
<STATE> 5
<MEAN> 39
 -7.572196e+00 4.927645e+00 2.526556e+01 -8.538063e+00 -9.389019e+00 -5.605696e+00 -1.015040e+01 -1.412673e+01 -8.618653e+00 -3.808559e+00 -1.307881e+00 -1.302291e+01 6.729268e+01 5.955278e-02 2.774713e-01 -1.601996e+00 1.231717e+00 1.496423e+00 -2.671982e-02 4.150684e-01 2.876480e-01 3.193891e-01 -8.662480e-01 -6.353748e-01 -1.523281e-01 -8.341115e-01 -3.199527e-02 -4.275005e-02 -9.459767e-02 1.645408e-01 4.398065e-02 -1.039274e-02 1.940899e-01 -2.410088e-02 -6.870952e-02 4.978625e-02 4.428883e-02 1.245434e-01 -6.363845e-03
<VARIANCE> 39
 3.219746e+00 1.503944e+01 5.821294e+01 7.816136e+01 1.142065e+02 3.448752e+01 5.613079e+01 8.211382e+01 2.013219e+01 3.398692e+01 5.131009e+01 3.727563e+01 7.667163e+00 9.543228e-02 3.808287e-01 6.153034e-01 1.290410e+00 1.249748e+00 8.152837e-01 2.462732e+00 1.886060e+00 1.188838e+00 9.941060e-01 2.157356e+00 1.862049e+00 8.932700e-02 2.702299e-02 8.492844e-02 1.350656e-01 1.651679e-01 1.633599e-01 2.322617e-01 2.825286e-01 2.168780e-01 2.595791e-01 1.956900e-01 2.562242e-01 2.290765e-01 2.645411e-02
<GCONST> 8.857561e+01
<STATE> 6
<MEAN> 39
 -6.691774e+00 6.136926e+00 1.047482e+01 -2.111294e+00 -2.782606e+00 -1.070265e+01 -8.901353e+00 -1.202188e+01 -5.462582e+00 -9.302002e+00 -1.234958e+00 -9.574539e+00 6.230593e+01 -4.024861e-01 -5.050163e-01 -9.553569e-01 7.897146e-01 6.855934e-01 5.127417e-01 8.681238e-01 2.910236e-01 3.067005e-01 -1.772933e-01 7.842807e-03 4.253031e-01 -4.873264e-01 -1.581309e-01 -1.500486e-01 1.081428e-01 -5.794197e-02 -1.625789e-01 -1.481047e-01 4.607849e-02 -2.301878e-01 -8.114401e-02 -2.915482e-02 1.085980e-01 1.580176e-01 1.355757e-01
<VARIANCE> 39
 5.025359e+00 4.742715e+00 1.930848e+01 1.259533e+01 3.733086e+01 3.078232e+01 1.540431e+01 2.927217e+01 2.382687e+01 2.200640e+01 3.691607e+01 2.731522e+01 2.244726e+00 2.098273e-01 6.229885e-01 9.450257e-01 9.164171e-01 7.727920e-01 9.316807e-01 1.465291e+00 1.304680e+00 7.565504e-01 1.475704e+00 2.095055e+00 1.224540e+00 8.183041e-02 5.163462e-02 1.814681e-01 1.545643e-01 1.793122e-01 1.223210e-01 2.900593e-01 3.628464e-01 4.148166e-01 1.484372e-01 3.096418e-01 4.570112e-01 3.072923e-01 3.398580e-02
<GCONST> 8.226401e+01
<STATE> 7
<MEAN> 39
 -8.724930e+00 3.334195e+00 1.069645e+01 1.591375e+00 -2.348245e+00 -7.578300e+00 -3.803586e+00 -1.411349e+01 -5.566632e+00 -1.057476e+01 -3.751028e+00 -9.968018e+00 6.179272e+01 -1.229849e+00 -1.792682e+00 -7.735670e-01 1.262326e+00 -5.054781e-01 -1.593292e+00 2.261988e+00 -3.337056e-01 -6.173061e-01 -3.351795e-01 1.273145e+00 1.073829e+00 8.104423e-01 -2.264995e-03 -4.565285e-01 4.297103e-01 -8.773345e-02 -1.386362e+00 -9.881247e-01 3.251894e-01 -1.644082e-01 -4.536743e-01 3.235923e-01 8.057714e-01 2.950402e-01 6.290429e-01
<VARIANCE> 39
 4.299816e+00 1.324053e+01 2.267715e+01 1.447516e+01 4.048879e+01 1.908119e+01 1.414375e+01 2.510027e+01 1.312801e+01 2.048055e+01 5.563471e+01 4.855614e+01 2.211653e+00 8.617278e-01 3.175809e+00 1.746367e+00 3.222146e+00 3.734481e+00 8.288476e+00 3.609131e+00 7.117874e+00 3.756160e+00 2.310101e+00 6.039595e+00 3.098457e+00 7.502831e-01 1.973879e-01 2.394827e-01 3.575230e-01 4.775951e-01 9.159364e-01 5.853097e-01 7.999983e-01 7.229610e-01 3.669322e-01 7.498798e-01 9.804475e-01 5.693803e-01 6.394547e-02
<GCONST> 1.119263e+02
<STATE> 8
<MEAN> 39
 -1.258141e+01 -3.104249e+00 7.986986e+00 4.265271e+00 -6.344889e+00 -1.716784e+01 5.989808e+00 -1.577438e+01 -7.088859e+00 -1.097766e+01 2.703632e+00 -4.121812e+00 6.639301e+01 7.979394e-01 -7.435927e-01 1.287870e+00 -2.526111e-01 -4.297834e+00 -3.707398e+00 5.932216e-01 -5.290723e-01 -1.460560e+00 1.027838e+00 2.814430e+00 1.152251e+00 1.801011e+00 9.360725e-01 2.719999e-01 5.107434e-01 -4.526870e-01 -9.104914e-01 -3.256760e-01 -1.164600e+00 8.999592e-01 6.606701e-02 2.099321e-01 2.936811e-01 -1.770442e-01 1.512318e-01
<VARIANCE> 39
 9.768680e+00 5.410157e+01 4.777782e+01 4.537352e+01 7.808864e+01 1.059337e+02 5.215910e+01 1.276128e+02 5.899850e+01 7.090879e+01 1.152067e+02 3.653834e+01 9.229148e+00 2.932590e+00 5.071213e+00 3.373891e+00 3.295926e+00 1.033812e+01 5.279761e+00 9.855389e+00 8.295148e+00 3.743485e+00 6.263354e+00 7.576596e+00 5.320503e+00 8.155184e-01 1.653371e-01 1.099125e+00 6.702047e-01 6.075144e-01 1.172548e+00 1.228962e+00 8.893546e-01 1.370436e+00 1.483038e+00 1.028076e+00 1.330775e+00 4.706441e-01 1.795702e-01
<GCONST> 1.387142e+02
<STATE> 9
<MEAN> 39
 -5.060398e+00 -4.612014e+00 1.659838e+01 1.682312e+00 -2.526564e+01 -2.694537e+01 -5.493531e-01 -1.100916e+01 -1.161926e+01 -6.361387e+00 1.319483e+01 -3.114110e+00 7.263983e+01 1.852964e+00 -1.987155e+00 -2.433870e-01 -3.227217e-01 -2.575145e+00 -1.539767e+00 -5.652612e-01 4.007621e+00 1.132941e+00 -5.722159e-01 7.151830e-01 5.586049e-01 1.700372e+00 -2.921788e-01 -3.057863e-01 -1.247128e+00 4.706405e-02 1.976146e+00 1.484373e+00 3.596945e-01 5.398865e-01 1.078328e+00 -5.838507e-01 -1.696815e+00 -3.888320e-01 -3.305285e-01
<VARIANCE> 39
 1.027093e+01 2.154847e+01 6.967744e+01 7.503652e+01 1.383024e+02 9.842216e+01 3.414747e+01 2.298086e+02 3.352888e+01 7.769836e+01 8.857338e+01 6.021214e+01 7.512939e+00 7.051271e-01 1.634579e+00 6.912496e+00 2.317041e+00 1.384034e+01 6.334301e+00 2.924528e+00 3.725791e+00 8.146381e+00 5.180987e+00 8.948365e+00 3.768293e+00 6.990069e-01 1.834970e-01 3.189919e-01 4.716504e-01 4.839897e-01 6.824448e-01 5.965391e-01 2.211546e-01 1.100003e+00 6.541184e-01 8.811519e-01 8.685797e-01 8.438656e-01 6.726545e-02
<GCONST> 1.290807e+02
<STATE> 10
<MEAN> 39
 -1.922687e+00 -1.130376e+01 9.834193e+00 1.423092e+00 -2.155268e+01 -2.339198e+01 2.193242e-01 3.280453e+00 -2.939646e+00 -1.090267e+01 7.351179e+00 -3.400928e+00 7.550969e+01 5.571201e-01 -1.993845e+00 -2.888193e+00 -9.204385e-01 2.438716e+00 2.170471e+00 -2.876188e-01 2.263746e+00 2.308192e+00 -3.462898e-01 -3.110714e+00 -9.329146e-01 6.081097e-01 -3.020222e-01 3.121004e-01 1.324649e-03 -2.829301e-01 6.167194e-01 4.099887e-01 -2.070580e-01 -9.465176e-01 -4.836070e-01 4.002558e-01 -3.190626e-01 -3.986283e-01 -2.804288e-01
<VARIANCE> 39
 4.771287e+00 1.888105e+01 4.360664e+01 3.514184e+01 2.319774e+02 8.508612e+01 7.828302e+01 2.171666e+02 6.027979e+01 6.220717e+01 9.518595e+01 4.486099e+01 5.315183e+00 1.320145e-01 5.882137e-01 1.369017e+00 1.024279e+00 1.821236e+00 4.278672e+00 1.342019e+00 3.065423e+00 3.984474e+00 3.131257e+00 1.939405e+00 1.701361e+00 2.076719e-01 5.909222e-02 7.301913e-02 3.427569e-01 2.460901e-01 9.966104e-01 4.459581e-01 3.217182e-01 4.714590e-01 4.185303e-01 3.336815e-01 3.503114e-01 2.806841e-01 3.177001e-02
<GCONST> 1.064466e+02
<STATE> 11
<MEAN> 39
 -9.957856e-01 -1.368146e+01 4.580155e+00 -3.422369e+00 -7.697573e+00 -2.043318e+01 -4.202884e+00 1.115568e+01 -3.580826e+00 -9.203431e+00 1.701775e+00 -1.026977e+01 7.595832e+01 -2.605681e-02 -5.743430e-01 -1.179599e+00 -1.272473e+00 1.396407e+00 1.409351e+00 -5.321004e-01 -3.010677e-01 3.002170e-01 6.792519e-01 -2.201672e+00 -1.287382e+00 -2.328118e-02 -4.604809e-02 2.220360e-01 9.349445e-02 1.481361e-01 -2.446288e-01 -1.716511e-01 -1.342627e-02 -3.514036e-01 -3.652217e-02 -1.931560e-01 1.767288e-01 1.797851e-01 -1.346378e-01
<VARIANCE> 39
 2.332464e+00 2.438991e+01 4.491898e+01 1.943064e+01 1.601378e+02 9.613364e+01 7.208347e+01 1.274085e+02 4.859193e+01 6.313381e+01 5.231198e+01 5.994378e+01 9.489503e+00 1.403692e-01 4.958495e-01 1.354985e+00 8.648194e-01 2.384911e+00 1.980418e+00 1.263779e+00 2.962447e+00 1.627352e+00 2.528206e+00 1.571529e+00 1.092414e+00 1.235722e-01 3.035803e-02 1.384644e-01 2.336086e-01 1.631351e-01 3.001006e-01 1.776018e-01 1.838057e-01 3.530682e-01 3.204219e-01 4.243751e-01 2.512537e-01 2.446795e-01 1.599675e-02
<GCONST> 9.649104e+01
<STATE> 12
<MEAN> 39
 -1.079506e+00 -1.587149e+01 -5.094058e+00 -6.450589e+00 -1.064577e+01 -1.535889e+01 -1.398632e-01 -2.623298e+00 1.988259e+00 -9.136922e+00 -1.335995e+01 -8.435758e+00 7.494148e+01 2.100773e-02 1.418971e-01 -1.231395e+00 -3.298367e-01 1.169218e+00 9.775608e-01 -2.904024e-01 5.930664e-01 7.569419e-01 -4.284735e-01 -1.576473e+00 -4.074636e-01 -3.657011e-01 -1.009447e-01 2.752457e-01 3.490053e-01 1.412353e-01 -2.577457e-01 -1.013065e-01 -4.312379e-02 -7.958563e-02 -2.001210e-01 -9.354180e-02 3.596603e-01 1.951923e-01 -1.534956e-01
<VARIANCE> 39
 3.530472e+00 7.938229e+00 2.486082e+01 3.898981e+01 1.459221e+02 8.403215e+01 2.385763e+01 5.311646e+01 5.473130e+01 1.275277e+01 4.954176e+01 3.379434e+01 5.282772e+00 1.760177e-01 5.421093e-01 5.469499e-01 3.354855e-01 1.610972e+00 1.446214e+00 2.038024e+00 2.000525e+00 1.118997e+00 8.767530e-01 9.833935e-01 8.407902e-01 1.239187e-01 1.199405e-02 7.897235e-02 8.397500e-02 9.107422e-02 1.807169e-01 1.787417e-01 3.287373e-01 2.187947e-01 1.435134e-01 1.034367e-01 1.258829e-01 1.180646e-01 2.105745e-02
<GCONST> 7.981065e+01
<STATE> 13
<MEAN> 39
 -1.993521e+00 -1.343478e+01 -4.404130e+00 -6.473038e+00 -6.084198e+00 -1.134515e+01 -4.022292e+00 2.565940e+00 1.211044e+00 -1.248412e+01 -1.427912e+01 -1.066738e+01 7.289930e+01 -5.978408e-01 1.052313e+00 -8.523310e-02 3.650988e-01 3.361827e-01 4.550100e-01 -4.802635e-01 -1.194427e+00 -3.974231e-01 -1.088238e+00 7.557483e-02 5.718923e-01 -1.217503e+00 -1.404165e-01 1.882048e-01 2.230068e-01 6.409395e-02 -2.000064e-02 -2.156854e-01 1.371406e-01 -3.382798e-01 -1.605291e-01 1.470049e-01 3.999801e-01 6.505789e-02 -1.673521e-01
<VARIANCE> 39
 4.181988e+00 6.161733e+00 5.264608e+01 2.038282e+01 1.211099e+02 9.770835e+01 2.459391e+01 5.466916e+01 6.555328e+01 2.552152e+01 8.708693e+01 3.709692e+01 9.309206e+00 1.689986e-01 4.487893e-01 8.223743e-01 1.821127e+00 9.947401e-01 6.975139e-01 2.017700e+00 2.592909e+00 1.564286e+00 1.624973e+00 1.270118e+00 8.899229e-01 1.757599e-01 2.273519e-02 9.017432e-02 8.592219e-02 2.103781e-01 1.714206e-01 2.450717e-01 3.078468e-01 5.449666e-01 3.566507e-01 2.687016e-01 1.855089e-01 2.074299e-01 3.187684e-02
<GCONST> 9.044510e+01
<STATE> 14
<MEAN> 39
 -5.567855e+00 -1.015146e+01 -3.807678e+00 -7.121336e+00 -1.212890e+01 -7.220419e+00 -3.943696e+00 -4.588684e+00 4.368915e+00 -9.726380e+00 -1.075212e+01 -6.183874e+00 6.800887e+01 -6.376748e-01 1.118045e+00 1.946021e-01 -2.144916e-01 9.831635e-01 -5.735316e-01 6.086828e-02 -6.559109e-01 -5.209531e-01 -8.182683e-03 6.371318e-01 -2.991624e-01 -1.278085e+00 1.644468e-02 -5.797622e-02 2.014935e-02 6.980279e-02 4.791654e-02 8.963855e-02 2.201952e-01 1.670372e-01 -2.465430e-02 -2.803265e-02 -5.235986e-02 -1.249525e-01 7.934669e-02
<VARIANCE> 39
 4.560530e+00 4.276108e+00 1.405866e+01 8.595200e+00 6.519231e+01 5.817505e+01 1.517962e+01 3.692400e+01 2.907510e+01 2.274144e+01 3.062500e+01 2.511626e+01 7.139402e+00 1.316533e-01 2.369642e-01 8.933238e-01 1.517095e+00 1.387570e+00 2.389053e+00 1.239216e+00 1.841036e+00 1.954617e+00 1.529676e+00 9.661064e-01 1.368887e+00 1.035234e-01 1.480775e-02 2.682329e-02 9.296098e-02 1.166348e-01 1.662776e-01 1.270383e-01 1.812097e-01 1.725443e-01 1.588680e-01 2.687663e-01 2.509989e-01 1.492324e-01 1.027697e-02
<GCONST> 7.638946e+01
<STATE> 15
<MEAN> 39
 -5.888277e+00 -5.786653e+00 -3.075751e+00 -4.324967e+00 -4.129416e-01 -1.167229e+01 -4.713725e+00 -1.799564e+00 -1.421481e+00 -1.758729e+01 -1.204892e+01 -1.232511e+01 6.493333e+01 -7.306035e-01 7.761950e-01 5.808005e-02 9.422557e-02 4.339669e-01 6.346347e-01 6.076292e-01 -1.229574e-01 1.354910e-01 3.362394e-02 4.529397e-01 -3.564055e-02 -1.039712e+00 -6.727310e-03 -1.086182e-01 -1.059259e-01 -1.448673e-01 7.164823e-02 6.313108e-02 8.951349e-02 2.987486e-01 2.183968e-01 2.058044e-01 4.250425e-02 1.466725e-02 7.168964e-02
<VARIANCE> 39
 4.317992e+00 8.177076e+00 1.971937e+01 7.030422e+00 1.782017e+01 1.552458e+01 2.414020e+01 6.611559e+01 3.127534e+01 4.919159e+01 6.426801e+01 1.806057e+01 5.280615e+00 6.693673e-02 1.871598e-01 2.877056e-01 6.312892e-01 1.069220e+00 4.232339e-01 6.642953e-01 2.439576e+00 1.136508e+00 9.567518e-01 1.252106e+00 1.061101e+00 4.978216e-02 8.043146e-03 3.107967e-02 7.121091e-02 8.466339e-02 1.457392e-01 1.262702e-01 1.593537e-01 3.357173e-01 1.829328e-01 1.281889e-01 1.331957e-01 1.291798e-01 4.748034e-03
<GCONST> 6.670859e+01
<STATE> 16
<MEAN> 39
 -1.092463e+01 -5.173105e+00 -5.583394e+00 -8.190480e+00 -2.462302e+00 -9.070879e+00 -3.371827e+00 -4.443568e+00 2.098379e+00 -1.187262e+01 -8.308626e+00 -1.005251e+01 6.042759e+01 -8.013457e-01 3.984510e-01 -6.436277e-02 4.348757e-04 8.140853e-01 5.871112e-01 8.289282e-02 -9.092860e-02 3.000774e-01 2.061104e-01 4.679930e-01 2.511414e-02 -7.027616e-01 2.181073e-02 -4.533924e-02 6.494689e-02 1.401925e-01 5.136682e-02 8.057274e-02 2.784051e-02 6.475812e-02 2.826168e-03 9.286890e-02 7.495950e-02 8.976112e-02 5.566708e-02
<VARIANCE> 39
 4.953569e+00 4.884779e+00 8.365808e+00 8.830704e+00 1.842293e+01 1.503786e+01 1.078382e+01 1.633854e+01 1.673230e+01 3.190584e+01 2.337974e+01 3.103086e+01 2.732202e+00 1.281323e-01 1.990396e-01 5.875664e-01 8.066028e-01 1.074015e+00 9.383979e-01 1.193256e+00 1.579723e+00 1.202820e+00 9.417853e-01 6.851068e-01 1.596992e+00 2.392381e-02 2.720755e-02 3.489274e-02 7.931595e-02 1.089703e-01 1.802541e-01 1.215336e-01 2.633149e-01 3.360184e-01 2.294885e-01 2.019528e-01 1.839956e-01 2.685972e-01 5.304372e-03
<GCONST> 6.726661e+01
<STATE> 17
<MEAN> 39
 -1.087352e+01 -1.020394e+00 -8.731380e-01 -1.595681e+00 4.243914e+00 -4.374268e+00 1.073232e+00 -1.195384e+00 2.089458e+00 -1.199361e+01 -6.037099e+00 -7.732836e+00 5.959779e+01 -7.112631e-01 4.375098e-01 -5.087199e-02 2.884369e-01 8.110211e-01 1.092534e+00 7.736202e-01 1.563649e-02 3.514335e-01 3.637596e-01 5.072873e-01 7.592746e-01 -6.999353e-01 -2.556441e-02 -2.165662e-01 -1.316329e-01 -2.055156e-01 -4.964456e-02 8.434499e-02 -9.537221e-02 -1.180535e-02 6.647374e-03 -1.123010e-02 -4.800465e-02 -9.692927e-02 3.867367e-02
<VARIANCE> 39
 5.371015e+00 5.033611e+00 9.394280e+00 9.559368e+00 9.696581e+00 1.364281e+01 1.536269e+01 3.191660e+01 7.207558e+00 1.917804e+01 1.185467e+01 1.337920e+01 3.815202e+00 9.846202e-02 3.816467e-01 6.604763e-01 7.695857e-01 7.197416e-01 5.561407e-01 1.096883e+00 1.781520e+00 6.811548e-01 8.136783e-01 2.143826e+00 1.444877e+00 5.882379e-02 1.021376e-02 3.475169e-02 5.580432e-02 5.085858e-02 8.815252e-02 9.397159e-02 1.458268e-01 1.938947e-01 1.249721e-01 8.503760e-02 1.080086e-01 2.399427e-01 4.524404e-03
<GCONST> 5.962704e+01
<STATE> 18
<MEAN> 39
 -1.573709e+01 -4.427888e+00 -4.347002e+00 -5.466208e+00 3.307143e+00 -1.882723e+00 6.082250e-01 -3.325106e+00 2.126428e+00 -8.614862e+00 -2.056175e+00 -8.708979e+00 5.682277e+01 -5.524480e-01 -1.881661e-01 -1.279340e-01 -3.372746e-01 4.425757e-01 1.267263e+00 5.881401e-01 -1.674254e-02 8.596376e-02 4.903054e-01 1.727193e-01 -3.043485e-01 -3.581621e-01 7.884862e-02 -3.990711e-03 -1.145259e-01 -1.418499e-01 -7.331183e-02 -5.414282e-02 -1.559400e-02 -8.534613e-02 5.166835e-02 -1.082245e-01 -2.496613e-01 -3.850614e-02 5.169988e-02
<VARIANCE> 39
 3.724933e+00 1.079726e+01 7.682914e+00 2.187391e+01 2.577354e+01 1.241802e+01 1.477423e+01 3.486329e+01 1.485639e+01 2.219412e+01 1.518152e+01 3.626994e+01 6.854674e-01 1.287520e-01 1.860292e-01 4.933110e-01 8.627008e-01 1.121248e+00 1.257746e+00 1.143242e+00 1.086394e+00 1.940800e+00 1.199313e+00 1.371799e+00 1.240417e+00 3.479608e-02 1.832020e-02 3.880623e-02 7.328758e-02 1.165196e-01 1.588338e-01 2.719467e-01 3.086084e-01 2.100931e-01 3.384241e-01 1.279733e-01 2.837201e-01 3.830115e-01 3.646369e-03
<GCONST> 6.937019e+01
<STATE> 19
<MEAN> 39
 -1.648079e+01 -1.925443e+00 -7.117537e+00 -8.474338e+00 8.860256e+00 6.085884e+00 2.038705e+00 -4.008851e+00 8.589943e+00 -8.745100e+00 -8.421262e+00 -7.353195e+00 5.499202e+01 -5.006674e-01 -2.676350e-01 -6.180606e-01 -5.044650e-01 8.003276e-01 1.322652e+00 1.594387e-01 -1.461536e-01 8.547713e-01 4.051297e-01 -3.881828e-01 -2.374029e-01 -3.426939e-01 5.369673e-02 7.422482e-03 9.995940e-02 1.065636e-01 -1.656428e-03 -1.904099e-01 -1.080011e-01 8.806337e-02 1.367972e-02 2.079351e-01 1.909969e-01 -1.641859e-02 6.616286e-02
<VARIANCE> 39
 3.199569e+00 1.265544e+01 1.101308e+01 3.945045e+01 3.494880e+01 3.308729e+01 1.653802e+01 6.383088e+01 4.892887e+01 3.995710e+01 2.682417e+01 6.891098e+01 1.781751e+00 1.899054e-01 4.106849e-01 3.233656e-01 1.086734e+00 1.327186e+00 1.795911e+00 2.196918e+00 1.499787e+00 2.677208e+00 3.021471e+00 2.270157e+00 4.487454e+00 1.277358e-01 1.320526e-02 7.533954e-02 8.294895e-02 1.765344e-01 2.149017e-01 2.187349e-01 5.070748e-01 2.646580e-01 3.259988e-01 4.121339e-01 1.686904e-01 5.685745e-01 1.099807e-02
<GCONST> 8.689895e+01
<TRANSP> 20
 0.000000e+00 1.000000e+00 0.000000e+00 0.000000e+00 0.000000e+00 0.000000e+00 0.000000e+00 0.000000e+00 0.000000e+00 0.000000e+00 0.000000e+00 0.000000e+00 0.000000e+00 0.000000e+00 0.000000e+00 0.000000e+00 0.000000e+00 0.000000e+00 0.000000e+00 0.000000e+00
 0.000000e+00 7.391260e-01 2.608740e-01 0.000000e+00 0.000000e+00 0.000000e+00 0.000000e+00 0.000000e+00 0.000000e+00 0.000000e+00 0.000000e+00 0.000000e+00 0.000000e+00 0.000000e+00 0.000000e+00 0.000000e+00 0.000000e+00 0.000000e+00 0.000000e+00 0.000000e+00
 0.000000e+00 0.000000e+00 6.756793e-01 3.243207e-01 0.000000e+00 0.000000e+00 0.000000e+00 0.000000e+00 0.000000e+00 0.000000e+00 0.000000e+00 0.000000e+00 0.000000e+00 0.000000e+00 0.000000e+00 0.000000e+00 0.000000e+00 0.000000e+00 0.000000e+00 0.000000e+00
 0.000000e+00 0.000000e+00 0.000000e+00 6.629204e-01 3.370796e-01 0.000000e+00 0.000000e+00 0.000000e+00 0.000000e+00 0.000000e+00 0.000000e+00 0.000000e+00 0.000000e+00 0.000000e+00 0.000000e+00 0.000000e+00 0.000000e+00 0.000000e+00 0.000000e+00 0.000000e+00
 0.000000e+00 0.000000e+00 0.000000e+00 0.000000e+00 8.158642e-01 1.841358e-01 0.000000e+00 0.000000e+00 0.000000e+00 0.000000e+00 0.000000e+00 0.000000e+00 0.000000e+00 0.000000e+00 0.000000e+00 0.000000e+00 0.000000e+00 0.000000e+00 0.000000e+00 0.000000e+00
 0.000000e+00 0.000000e+00 0.000000e+00 0.000000e+00 0.000000e+00 7.864254e-01 2.135746e-01 0.000000e+00 0.000000e+00 0.000000e+00 0.000000e+00 0.000000e+00 0.000000e+00 0.000000e+00 0.000000e+00 0.000000e+00 0.000000e+00 0.000000e+00 0.000000e+00 0.000000e+00
 0.000000e+00 0.000000e+00 0.000000e+00 0.000000e+00 0.000000e+00 0.000000e+00 5.865356e-01 4.134645e-01 0.000000e+00 0.000000e+00 0.000000e+00 0.000000e+00 0.000000e+00 0.000000e+00 0.000000e+00 0.000000e+00 0.000000e+00 0.000000e+00 0.000000e+00 0.000000e+00
 0.000000e+00 0.000000e+00 0.000000e+00 0.000000e+00 0.000000e+00 0.000000e+00 0.000000e+00 6.554998e-01 3.445002e-01 0.000000e+00 0.000000e+00 0.000000e+00 0.000000e+00 0.000000e+00 0.000000e+00 0.000000e+00 0.000000e+00 0.000000e+00 0.000000e+00 0.000000e+00
 0.000000e+00 0.000000e+00 0.000000e+00 0.000000e+00 0.000000e+00 0.000000e+00 0.000000e+00 0.000000e+00 6.772301e-01 3.227699e-01 0.000000e+00 0.000000e+00 0.000000e+00 0.000000e+00 0.000000e+00 0.000000e+00 0.000000e+00 0.000000e+00 0.000000e+00 0.000000e+00
 0.000000e+00 0.000000e+00 0.000000e+00 0.000000e+00 0.000000e+00 0.000000e+00 0.000000e+00 0.000000e+00 0.000000e+00 6.147645e-01 3.852355e-01 0.000000e+00 0.000000e+00 0.000000e+00 0.000000e+00 0.000000e+00 0.000000e+00 0.000000e+00 0.000000e+00 0.000000e+00
 0.000000e+00 0.000000e+00 0.000000e+00 0.000000e+00 0.000000e+00 0.000000e+00 0.000000e+00 0.000000e+00 0.000000e+00 0.000000e+00 7.220825e-01 2.779176e-01 0.000000e+00 0.000000e+00 0.000000e+00 0.000000e+00 0.000000e+00 0.000000e+00 0.000000e+00 0.000000e+00
 0.000000e+00 0.000000e+00 0.000000e+00 0.000000e+00 0.000000e+00 0.000000e+00 0.000000e+00 0.000000e+00 0.000000e+00 0.000000e+00 0.000000e+00 7.548999e-01 2.451002e-01 0.000000e+00 0.000000e+00 0.000000e+00 0.000000e+00 0.000000e+00 0.000000e+00 0.000000e+00
 0.000000e+00 0.000000e+00 0.000000e+00 0.000000e+00 0.000000e+00 0.000000e+00 0.000000e+00 0.000000e+00 0.000000e+00 0.000000e+00 0.000000e+00 0.000000e+00 6.924930e-01 3.075071e-01 0.000000e+00 0.000000e+00 0.000000e+00 0.000000e+00 0.000000e+00 0.000000e+00
 0.000000e+00 0.000000e+00 0.000000e+00 0.000000e+00 0.000000e+00 0.000000e+00 0.000000e+00 0.000000e+00 0.000000e+00 0.000000e+00 0.000000e+00 0.000000e+00 0.000000e+00 6.684060e-01 3.315940e-01 0.000000e+00 0.000000e+00 0.000000e+00 0.000000e+00 0.000000e+00
 0.000000e+00 0.000000e+00 0.000000e+00 0.000000e+00 0.000000e+00 0.000000e+00 0.000000e+00 0.000000e+00 0.000000e+00 0.000000e+00 0.000000e+00 0.000000e+00 0.000000e+00 0.000000e+00 7.147865e-01 2.852135e-01 0.000000e+00 0.000000e+00 0.000000e+00 0.000000e+00
 0.000000e+00 0.000000e+00 0.000000e+00 0.000000e+00 0.000000e+00 0.000000e+00 0.000000e+00 0.000000e+00 0.000000e+00 0.000000e+00 0.000000e+00 0.000000e+00 0.000000e+00 0.000000e+00 0.000000e+00 7.769702e-01 2.230298e-01 0.000000e+00 0.000000e+00 0.000000e+00
 0.000000e+00 0.000000e+00 0.000000e+00 0.000000e+00 0.000000e+00 0.000000e+00 0.000000e+00 0.000000e+00 0.000000e+00 0.000000e+00 0.000000e+00 0.000000e+00 0.000000e+00 0.000000e+00 0.000000e+00 0.000000e+00 6.896742e-01 3.103258e-01 0.000000e+00 0.000000e+00
 0.000000e+00 0.000000e+00 0.000000e+00 0.000000e+00 0.000000e+00 0.000000e+00 0.000000e+00 0.000000e+00 0.000000e+00 0.000000e+00 0.000000e+00 0.000000e+00 0.000000e+00 0.000000e+00 0.000000e+00 0.000000e+00 0.000000e+00 7.269301e-01 2.730699e-01 0.000000e+00
 0.000000e+00 0.000000e+00 0.000000e+00 0.000000e+00 0.000000e+00 0.000000e+00 0.000000e+00 0.000000e+00 0.000000e+00 0.000000e+00 0.000000e+00 0.000000e+00 0.000000e+00 0.000000e+00 0.000000e+00 0.000000e+00 0.000000e+00 0.000000e+00 6.573327e-01 3.426673e-01
 0.000000e+00 0.000000e+00 0.000000e+00 0.000000e+00 0.000000e+00 0.000000e+00 0.000000e+00 0.000000e+00 0.000000e+00 0.000000e+00 0.000000e+00 0.000000e+00 0.000000e+00 0.000000e+00 0.000000e+00 0.000000e+00 0.000000e+00 0.000000e+00 0.000000e+00 0.000000e+00
<ENDHMM>
