~o
<STREAMINFO> 1 39
<VECSIZE> 39<NULLD><MFCC_D_A_0><DIAGC>
~h "alarm"
<BEGINHMM>
<NUMSTATES> 20
<STATE> 2
<MEAN> 39
 -1.629323e+01 -7.371738e+00 -3.273476e+00 -4.379675e+00 3.986511e-01 -4.820009e+00 4.920028e-01 -6.300659e+00 -1.884757e-01 -6.332495e+00 -9.530997e-01 -6.935771e+00 5.741017e+01 1.905024e+00 -9.019705e-01 -1.687824e+00 -7.883522e-01 6.532149e-01 6.958162e-01 -3.391740e-01 -7.097455e-01 5.811676e-01 -8.620436e-02 -1.423965e+00 -1.009053e+00 1.717698e+00 6.805205e-01 -5.377693e-01 -6.013378e-01 -1.442611e-01 3.408983e-01 1.778217e-01 -3.331419e-01 -3.147874e-01 1.121242e-01 -1.220986e-01 -3.499968e-01 -3.807063e-01 7.780206e-01
<VARIANCE> 39
 6.903608e+00 4.516579e+00 1.485139e+01 1.352986e+01 1.162646e+01 2.213280e+01 2.435596e+01 1.330122e+01 2.587503e+01 2.004532e+01 1.433469e+01 1.123693e+01 3.431033e+00 3.106678e+00 1.787979e+00 2.778847e+00 1.976058e+00 4.093042e+00 3.136240e+00 5.059846e+00 4.551726e+00 3.792558e+00 3.706428e+00 2.796465e+00 2.278343e+00 2.274495e+00 2.288306e-01 2.203936e-01 4.305035e-01 3.485016e-01 5.553636e-01 4.523239e-01 5.364949e-01 8.172130e-01 5.542849e-01 4.532692e-01 4.701774e-01 3.064786e-01 2.136942e-01
<GCONST> 1.067887e+02
<STATE> 3
<MEAN> 39
 -3.240940e+00 -1.608540e+01 -1.401624e+01 -7.505097e+00 4.759759e+00 -1.415389e+00 -3.823444e+00 -1.283498e+01 2.213907e+00 -9.259086e+00 -8.455762e+00 -1.235295e+01 7.144572e+01 2.407446e+00 -1.241866e+00 -9.302798e-01 -3.334586e-01 -1.994085e-01 2.246763e-01 -1.069456e+00 -3.693985e-01 -4.013351e-01 -3.844484e-01 -6.558762e-01 -4.950241e-01 2.718015e+00 -6.073336e-01 5.457894e-01 7.559538e-01 1.321984e-01 -5.200410e-01 -1.976120e-01 1.332042e-01 3.975384e-01 -2.563863e-01 2.452697e-01 4.292721e-01 4.405360e-01 -6.136968e-01
<VARIANCE> 39
 2.190676e+01 1.989432e+01 4.524790e+01 2.353787e+01 8.338667e+01 5.555782e+01 1.033244e+02 1.153096e+02 7.998496e+01 9.446617e+01 4.741167e+01 2.385614e+01 2.449475e+01 2.232363e+00 4.100528e+00 5.461812e+00 3.328932e+00 5.570120e+00 3.564456e+00 3.261716e+00 1.040125e+01 3.707964e+00 5.768007e+00 4.864972e+00 3.099102e+00 3.099122e+00 3.324031e-01 5.397571e-01 3.844346e-01 4.268643e-01 5.995694e-01 5.325967e-01 6.675249e-01 1.139986e+00 7.165962e-01 8.842635e-01 4.871147e-01 5.159755e-01 3.366949e-01
<GCONST> 1.323796e+02
<STATE> 4
<MEAN> 39
 1.044841e+00 -1.498087e+01 -8.609879e+00 -1.023972e+01 6.866068e-01 -1.760232e+00 -4.253725e+00 -6.362184e+00 -2.477433e+00 -3.705908e+00 -1.764385e+00 -1.069073e+01 7.675713e+01 2.369594e-01 1.354783e+00 4.160135e-01 -6.235327e-01 -4.595740e-01 -5.343485e-01 -1.498443e-01 -1.966926e-01 2.018901e-01 7.011938e-01 4.335040e-01 3.449353e-01 -3.078533e-01 -4.327522e-02 2.397583e-01 9.584241e-03 -1.226657e-01 9.493711e-02 -1.412027e-01 -1.902207e-02 -2.164524e-01 1.331867e-01 1.373487e-01 -1.852718e-02 -7.156394e-02 -2.520193e-01
<VARIANCE> 39
 3.139290e+00 1.637962e+01 1.053727e+02 5.324129e+01 1.248285e+02 6.252005e+01 8.778115e+01 1.252864e+02 3.921169e+01 6.573345e+01 8.473978e+01 1.780448e+01 1.167502e+01 1.286900e-01 6.358607e-01 1.321872e+00 7.662876e-01 1.130280e+00 1.225395e+00 1.196356e+00 1.665842e+00 1.122726e+00 1.913954e+00 1.528828e+00 1.416320e+00 2.972835e-01 4.596594e-02 1.575669e-01 2.126214e-01 2.375060e-01 1.907870e-01 2.738026e-01 1.850728e-01 3.851652e-01 2.303908e-01 2.645742e-01 2.397081e-01 2.237421e-01 6.531767e-02
<GCONST> 9.703970e+01
<STATE> 5
<MEAN> 39
 2.169293e+00 -6.172853e+00 -9.436808e+00 -1.356283e+01 -3.211400e+00 -2.083298e+00 -6.427693e+00 -1.466618e+01 1.265486e+00 -1.144430e+00 -4.771439e+00 -1.063151e+01 7.244339e+01 1.140032e-01 6.005424e-01 -1.071667e-01 -3.966043e-01 1.816403e-01 3.459597e-01 -3.088073e-01 -2.903786e-01 1.972597e-01 3.594930e-01 -8.293944e-02 -1.545583e-01 -2.380536e-01 -5.901553e-02 -4.280187e-01 -3.446968e-01 2.273835e-01 2.840461e-01 2.702489e-01 6.335405e-02 2.088853e-01 4.771762e-02 -4.207298e-01 -1.569923e-01 -6.702794e-02 1.576632e-01
<VARIANCE> 39
 2.679064e+00 8.547205e+00 3.693228e+01 2.390958e+01 9.498331e+01 9.282338e+01 7.185338e+01 1.096736e+02 4.653384e+01 5.818512e+01 1.273176e+02 2.025195e+01 5.207637e+00 9.775723e-02 7.794449e-01 1.272981e+00 8.707773e-01 1.066532e+00 1.459357e+00 5.942280e-01 1.503860e+00 1.430118e+00 1.702293e+00 9.427930e-01 9.138198e-01 1.236444e-01 1.334786e-02 5.354742e-02 1.301027e-01 1.002545e-01 1.423824e-01 2.018548e-01 1.366127e-01 3.355968e-01 2.181229e-01 2.882494e-01 2.200955e-01 2.251237e-01 1.241758e-02
<GCONST> 8.519091e+01
<STATE> 6
<MEAN> 39
 2.551445e+00 -8.303904e+00 -1.462219e+01 -1.216423e+01 3.259085e+00 -3.545335e+00 -9.489031e+00 -1.134917e+01 1.584778e+00 -7.629218e+00 -9.947270e+00 -1.084434e+01 7.271663e+01 -1.222356e-01 -9.026746e-01 -7.058075e-01 4.245158e-01 1.036551e+00 3.305562e-01 3.558668e-01 1.132552e+00 1.449203e-01 -8.739500e-01 -9.716886e-01 -3.965157e-01 3.610997e-01 -1.107180e-01 4.271364e-02 2.654054e-01 2.646650e-02 -8.511239e-02 -1.345250e-01 -1.446553e-02 8.214826e-02 -4.477170e-02 1.000273e-01 1.012925e-01 1.870920e-02 2.418483e-03
<VARIANCE> 39
 2.274832e+00 1.064890e+01 3.940263e+01 2.289357e+01 6.177679e+01 3.607038e+01 5.509333e+01 1.210472e+02 3.646484e+01 7.521170e+01 1.351227e+02 3.051340e+01 5.848951e+00 1.986272e-01 6.493492e-01 1.003849e+00 8.594139e-01 6.920141e-01 1.458915e+00 2.394932e+00 1.925775e+00 2.847630e+00 2.508979e+00 1.120087e+00 2.206067e+00 9.348915e-02 2.722115e-02 9.214165e-02 9.612750e-02 9.133550e-02 1.233840e-01 2.592226e-01 2.112303e-01 1.746519e-01 3.392045e-01 3.332132e-01 2.328462e-01 3.880984e-01 1.496764e-02
<GCONST> 8.978262e+01
<STATE> 7
<MEAN> 39
 1.617214e+00 -1.300861e+01 -4.404166e+00 -1.131108e+01 1.076363e+01 -6.827677e-01 -1.013510e+01 2.903538e+00 -4.324091e-01 -4.324573e+00 -1.844231e+00 -1.634228e+01 7.706198e+01 -2.904340e-01 -5.218510e-01 3.985547e-01 4.516781e-01 -6.904000e-01 4.367654e-03 1.493891e-01 -1.091605e-01 1.512096e-02 -1.090140e-01 -7.677007e-02 -1.007282e-01 1.234448e-01 2.021894e-02 1.329018e-01 -2.088576e-02 -3.266818e-02 -2.560030e-01 -1.956642e-01 3.282535e-02 -1.230785e-01 -1.099653e-02 1.563302e-01 1.001997e-01 1.626194e-01 -8.802346e-02
<VARIANCE> 39
 1.528014e+00 9.223594e+00 8.179150e+01 2.198219e+01 8.293969e+01 2.300409e+01 4.475365e+01 1.619128e+02 2.412177e+01 3.586363e+01 6.907960e+01 3.949714e+01 7.385694e+00 1.344192e-01 2.441012e-01 4.381731e-01 6.807182e-01 1.010081e+00 1.347383e+00 9.765484e-01 1.140338e+00 7.853710e-01 2.090743e+00 8.331366e-01 8.250289e-01 7.427173e-02 2.321386e-02 4.978085e-02 6.582934e-02 8.829457e-02 1.347750e-01 1.777939e-01 2.083409e-01 3.145527e-01 1.713920e-01 2.065027e-01 1.841934e-01 1.488453e-01 1.112062e-02
<GCONST> 7.843916e+01
<STATE> 8
<MEAN> 39
 -7.204847e-01 -9.585168e+00 -1.559120e+01 -6.540678e+00 -2.638873e+00 3.514865e-01 -5.892218e+00 -1.402783e+01 4.468795e+00 -7.878605e+00 -1.036338e+01 -9.151381e+00 7.325200e+01 -1.242855e-01 2.334089e-01 4.214049e-01 4.459068e-01 -3.514873e-01 -1.487086e+00 1.635598e-02 2.866462e-01 -4.656835e-01 -1.870360e-01 5.890782e-01 6.205353e-01 -3.643947e-01 9.780375e-02 1.584594e-01 2.584460e-01 -5.093197e-02 7.132075e-03 -1.771876e-01 7.492638e-02 1.274070e-02 -1.767499e-01 2.343639e-01 2.214851e-01 -7.067174e-02 -1.152915e-01
<VARIANCE> 39
 2.219165e+00 1.347413e+01 4.644447e+01 3.842161e+01 6.356422e+01 8.763599e+01 6.938088e+01 8.118831e+01 4.139840e+01 1.609234e+02 7.186021e+01 6.083632e+01 7.411891e+00 2.223125e-01 4.475426e-01 1.335533e+00 1.067822e+00 9.540129e-01 1.697919e+00 9.505196e-01 4.150749e-01 1.829072e+00 2.532890e+00 1.200477e+00 1.400710e+00 1.098902e-01 3.674356e-02 8.004232e-02 2.354579e-01 2.296515e-01 1.769409e-01 3.260021e-01 1.975051e-01 1.759783e-01 3.516029e-01 6.678874e-01 2.432310e-01 2.542782e-01 2.292537e-02
<GCONST> 9.349189e+01
<STATE> 9
<MEAN> 39
 3.392458e-01 -9.048539e+00 -8.044847e+00 -8.013969e+00 1.864867e+00 -8.816972e+00 -7.375143e+00 -4.150909e+00 -3.240853e+00 -5.545982e+00 -1.591388e+00 -1.254698e+01 7.291294e+01 2.473175e-01 2.404544e-01 5.979097e-01 1.164469e-01 -7.719481e-01 -1.062518e+00 3.561503e-01 1.896226e-01 -6.365480e-01 1.917430e+00 9.345507e-01 -4.245006e-01 -3.844755e-01 5.942271e-02 -2.571805e-01 -1.602431e-01 2.467850e-01 2.037567e-02 1.088063e-01 -7.591299e-02 9.795276e-02 1.603094e-01 -1.180687e-01 -1.847079e-01 -1.632838e-01 1.302415e-01
<VARIANCE> 39
 3.089998e+00 2.150324e+01 9.496794e+01 2.915562e+01 3.647634e+01 1.337541e+01 3.610524e+01 1.387351e+02 3.496378e+01 9.216830e+01 1.000952e+02 4.563700e+01 1.010082e+01 1.234914e-01 1.347716e+00 1.321678e+00 9.720532e-01 1.657581e+00 9.586069e-01 7.613745e-01 2.426413e+00 2.597593e+00 1.618995e+00 1.398246e+00 2.199875e+00 3.296598e-01 1.955816e-02 2.997953e-01 2.270738e-01 1.840947e-01 5.043096e-01 2.041945e-01 2.411835e-01 4.167767e-01 4.065238e-01 6.432620e-01 2.011631e-01 3.082965e-01 1.051286e-01
<GCONST> 9.905212e+01
<STATE> 10
<MEAN> 39
 3.435178e-01 -1.143497e+01 -4.444634e+00 -4.516721e+00 -1.881132e+00 -8.506011e+00 -3.338146e+00 -3.095098e+00 1.923942e+00 1.567015e+00 -1.021893e+00 -1.325259e+01 7.230141e+01 7.322797e-02 9.743471e-02 5.263908e-01 1.256119e+00 -2.984153e-01 -9.548375e-01 3.425965e-01 5.401298e-01 1.777315e-01 -1.630217e-01 1.864441e-01 -6.808116e-01 -2.391338e-01 1.620338e-02 7.475263e-03 4.457716e-02 -2.271660e-03 1.411233e-01 1.717939e-01 -1.239705e-01 1.975111e-02 -1.489598e-01 -5.082672e-01 -1.212436e-01 -1.002966e-01 1.106989e-01
<VARIANCE> 39
 7.808914e+00 1.603673e+01 7.598406e+01 2.906260e+01 3.730729e+01 3.776867e+01 6.682651e+01 8.643025e+01 1.910648e+01 3.972361e+01 5.617339e+01 3.350259e+01 1.179806e+01 8.773440e-01 3.026702e+00 8.769597e-01 7.900439e-01 3.045563e+00 2.911503e+00 2.102320e+00 2.495026e+00 2.158938e+00 2.650004e+00 1.829247e+00 2.932904e+00 1.369017e+00 1.589447e-01 4.081509e-01 1.121077e-01 1.556577e-01 4.863004e-01 7.337127e-01 3.206902e-01 1.949956e-01 2.639800e-01 4.889106e-01 3.600076e-01 5.904016e-01 1.703494e-01
<GCONST> 1.089946e+02
<STATE> 11
<MEAN> 39
 2.735432e+00 -1.346489e+01 -7.205333e+00 -4.373733e+00 -1.049442e+00 -1.263667e+01 -8.244374e+00 -1.474422e+00 -1.520916e+00 -4.392914e+00 -8.983306e-01 -1.575881e+01 7.455510e+01 -2.360920e-02 4.358872e-01 6.028775e-02 -5.605808e-01 4.744176e-02 5.732514e-01 -3.690735e-01 -4.852511e-01 -4.506552e-02 -5.460609e-01 2.086108e-01 3.721120e-01 -2.625488e-01 -7.249475e-02 4.407246e-01 1.529454e-01 -9.870162e-02 -2.148930e-02 1.183725e-01 4.280254e-02 -2.653109e-01 -4.565634e-02 3.045240e-02 5.759224e-02 1.052742e-01 -1.922541e-01
<VARIANCE> 39
 4.195973e+00 1.218173e+01 1.074122e+02 2.280153e+01 2.841527e+01 1.068637e+01 3.526593e+01 1.099257e+02 5.120110e+01 4.792381e+01 1.278249e+02 5.046653e+01 1.060337e+01 1.453681e-01 2.114045e+00 1.318491e+00 1.460505e+00 1.309300e+00 4.597520e-01 1.779083e+00 2.153308e+00 1.785766e+00 1.352973e+00 2.317841e+00 2.062981e+00 3.280010e-01 4.433576e-02 8.727249e-02 2.139533e-01 3.191523e-01 2.540388e-01 1.888476e-01 3.277267e-01 2.427176e-01 3.666704e-01 3.358245e-01 4.437348e-01 4.343741e-01 2.155728e-02
<GCONST> 9.658987e+01
<STATE> 12
<MEAN> 39
 5.241098e-01 -2.087920e+00 -4.759337e+00 -7.605459e+00 -3.798945e+00 -1.223041e+01 -9.813941e+00 -1.182562e+01 -3.632087e+00 -1.201296e+01 -8.334031e+00 -1.411144e+01 6.811646e+01 -2.872484e-01 1.598169e+00 1.478967e+00 4.204642e-01 -3.088627e-01 -2.732660e-01 -1.673079e-01 -7.117289e-01 -1.187137e+00 -9.704261e-01 1.253913e-02 -3.179149e-01 -6.576412e-01 -5.409164e-02 -1.107182e-01 -1.650046e-02 9.294291e-02 9.974453e-02 2.132465e-02 1.517449e-02 -1.127348e-02 -1.072492e-03 3.594542e-02 -5.178158e-02 1.198201e-01 2.438623e-02
<VARIANCE> 39
 4.301594e+00 2.661712e+01 3.644974e+01 1.292247e+01 1.544053e+01 1.495329e+01 2.609540e+01 4.506489e+01 2.098494e+01 4.861548e+01 1.085497e+02 1.183742e+01 9.160576e+00 1.575242e-01 4.856275e-01 1.057636e+00 1.035020e+00 1.577574e+00 7.098541e-01 8.363805e-01 2.014144e+00 1.217532e+00 1.539383e+00 1.677876e+00 1.416908e+00 1.084955e-01 2.353751e-02 6.951085e-02 1.742962e-01 2.008995e-01 1.799046e-01 1.298454e-01 1.327103e-01 3.211944e-01 2.575041e-01 2.952312e-01 1.872106e-01 1.486440e-01 1.151665e-02
<GCONST> 8.151161e+01
<STATE> 13
<MEAN> 39
 -9.881952e-01 3.468553e+00 2.876014e+00 -1.907272e+00 -2.071914e+00 -1.062976e+01 -8.417701e+00 -1.473167e+01 -8.009328e+00 -1.077616e+01 -2.165157e+00 -1.003677e+01 6.575221e+01 -6.329029e-01 9.231105e-01 6.426212e-01 4.235784e-01 3.054239e-01 3.734185e-01 1.622293e-01 -3.036268e-01 -3.944953e-02 -8.661872e-02 1.241275e-02 5.209669e-01 -7.188360e-01 -1.081108e-01 -1.897032e-01 -9.240567e-02 -1.196965e-01 -1.888379e-02 2.860989e-02 1.169321e-01 2.379550e-01 2.250088e-01 1.804252e-01 6.255317e-02 -9.174844e-02 -1.829340e-02
<VARIANCE> 39
 3.906561e+00 1.395663e+01 9.733623e+00 1.755382e+01 7.996406e+00 2.002391e+01 3.955375e+01 2.766377e+01 1.208869e+01 3.532852e+01 4.700310e+01 2.146521e+01 3.766590e+00 1.424302e-01 4.400958e-01 5.492516e-01 7.964230e-01 1.045374e+00 6.484817e-01 9.718081e-01 1.992169e+00 7.384750e-01 1.017576e+00 1.245017e+00 1.155274e+00 3.017936e-02 1.495034e-02 2.643548e-02 7.744494e-02 1.821846e-01 6.003169e-02 7.701708e-02 1.553920e-01 9.220468e-02 1.232524e-01 1.497881e-01 1.293139e-01 2.589312e-01 5.337956e-03
<GCONST> 6.610188e+01
<STATE> 14
<MEAN> 39
 -5.907239e+00 4.264085e+00 5.240232e+00 6.405744e-01 2.673948e+00 -3.404430e+00 -3.847914e-01 -8.139441e+00 -2.912074e+00 -8.257473e+00 -5.854830e-01 -9.741787e+00 6.207273e+01 -8.921622e-01 3.970982e-01 6.220637e-01 9.742478e-02 1.972068e-01 -3.641608e-02 9.502228e-02 5.794936e-01 3.953234e-01 -2.262945e-01 -2.841606e-01 2.936436e-01 -7.182938e-01 -5.316814e-03 -1.730915e-01 -7.844974e-02 3.172018e-02 -1.989665e-01 -2.545521e-01 -1.466333e-01 -1.476735e-01 -1.269920e-01 -1.520616e-01 -1.826185e-01 3.062013e-02 4.317130e-02
<VARIANCE> 39
 3.360683e+00 1.405370e+01 2.203195e+01 2.574751e+01 3.267102e+01 4.531749e+01 5.657396e+01 5.487690e+01 3.337749e+01 3.065567e+01 2.114808e+01 2.279350e+01 2.250267e+00 9.854133e-02 2.966416e-01 6.232675e-01 6.414483e-01 1.110637e+00 1.205560e+00 1.061769e+00 1.362115e+00 6.943355e-01 1.300465e+00 8.274340e-01 9.993163e-01 4.354602e-02 1.572704e-02 3.154429e-02 6.931017e-02 1.345297e-01 1.215200e-01 1.636694e-01 1.629695e-01 2.722810e-01 1.943932e-01 2.447740e-01 1.640065e-01 1.309439e-01 5.696910e-03
<GCONST> 7.254856e+01
<STATE> 15
<MEAN> 39
 -8.366209e+00 6.026294e+00 7.829975e+00 -2.568767e+00 -6.307118e+00 -1.362717e+01 -7.738728e+00 -1.324775e+01 -1.007848e+01 -1.766478e+01 -8.857753e+00 -1.303878e+01 6.005519e+01 -6.550795e-01 -5.337754e-02 4.812193e-01 4.321407e-01 1.863046e-01 2.858731e-01 4.484993e-01 8.672932e-02 -2.318221e-01 -8.572447e-02 9.356183e-02 1.553641e-01 -4.044600e-01 2.983205e-02 -8.387849e-02 -1.456783e-01 -1.411007e-02 1.641926e-01 2.210164e-01 4.407819e-02 -1.316944e-01 -1.716708e-02 1.071894e-01 8.440357e-02 -1.541258e-02 3.261986e-02
<VARIANCE> 39
 6.287915e+00 7.576995e+00 1.264879e+01 2.052022e+01 3.399790e+01 1.617863e+01 2.556069e+01 2.034293e+01 2.967685e+01 4.083466e+01 2.959602e+01 1.782854e+01 1.747105e+00 1.740255e-01 3.105136e-01 1.088508e+00 8.532140e-01 1.065126e+00 1.199253e+00 1.599193e+00 1.758724e+00 1.900661e+00 1.983996e+00 1.611272e+00 1.117844e+00 7.523243e-02 2.157475e-02 7.445931e-02 1.617620e-01 1.246347e-01 2.014366e-01 1.395507e-01 3.481689e-01 3.642482e-01 3.123844e-01 3.583900e-01 2.701464e-01 2.632337e-01 9.527240e-03
<GCONST> 7.974435e+01
<STATE> 16
<MEAN> 39
 -1.138614e+01 4.186262e+00 6.781607e+00 -2.505856e-01 -8.250669e-01 -5.771475e+00 -3.274790e+00 -1.561596e+01 -1.000080e+01 -1.356700e+01 -5.308738e+00 -1.000290e+01 5.818729e+01 -7.416237e-01 -3.345163e-01 4.560162e-01 6.535588e-01 3.868105e-01 3.684844e-01 1.539612e-01 -1.312205e-01 -2.474280e-01 -1.683453e-01 4.680310e-01 1.857449e-01 -3.913051e-01 -1.964221e-02 2.389349e-02 1.940728e-01 1.070873e-01 -1.010949e-01 -3.749115e-01 -1.323098e-01 2.363864e-01 7.145424e-02 -1.627054e-01 8.369225e-02 3.167840e-02 7.395624e-03
<VARIANCE> 39
 3.374286e+00 8.332749e+00 1.908838e+01 1.225771e+01 1.549761e+01 1.627152e+01 2.180872e+01 3.887161e+01 4.278914e+01 4.151112e+01 3.155556e+01 2.364197e+01 8.711501e-01 1.857707e-01 7.855765e-01 1.461090e+00 7.361206e-01 1.244717e+00 1.646505e+00 1.334234e+00 1.724103e+00 2.127208e+00 2.567953e+00 1.663201e+00 2.289227e+00 5.646100e-02 4.181591e-02 1.318168e-01 1.957231e-01 1.087677e-01 1.758714e-01 2.214261e-01 2.728185e-01 2.182698e-01 3.092892e-01 4.348529e-01 3.463480e-01 4.068087e-01 8.284006e-03
<GCONST> 8.268369e+01
<STATE> 17
<MEAN> 39
 -1.548122e+01 4.648330e+00 1.386914e+01 4.810095e+00 -2.442920e+00 -1.058570e+01 -3.183543e+00 -1.010745e+01 -7.417237e+00 -1.413907e+01 -2.760823e+00 -8.664199e+00 5.608914e+01 -6.703496e-01 -6.051795e-01 2.742112e-02 1.756267e-01 -1.186645e-01 -4.958637e-01 2.163481e-01 9.334912e-01 8.888344e-01 4.112065e-01 2.161485e-01 2.066488e-01 -2.975638e-01 9.487963e-02 -2.813376e-02 -1.674842e-01 -1.489663e-01 3.405960e-02 2.000785e-01 7.494435e-02 -8.470336e-02 -6.966788e-02 1.433659e-01 1.183169e-01 1.739910e-01 5.066512e-02
<VARIANCE> 39
 3.797198e+00 1.289773e+01 3.104057e+01 1.493079e+01 3.352909e+01 2.497151e+01 3.661745e+01 6.920911e+01 5.802369e+01 2.933382e+01 4.297155e+01 6.451545e+01 1.672162e+00 2.377052e-01 6.487952e-01 8.175849e-01 8.093117e-01 1.399508e+00 2.495176e+00 1.918127e+00 3.032895e+00 3.436017e+00 2.048369e+00 2.692239e+00 3.096134e+00 6.304288e-02 3.130014e-02 1.508778e-01 2.182891e-01 1.438999e-01 2.549589e-01 3.607222e-01 3.309088e-01 6.889317e-01 8.527681e-01 5.058211e-01 4.539839e-01 7.706137e-01 6.217629e-03
<GCONST> 9.454087e+01
<STATE> 18
<MEAN> 39
 -1.508370e+01 -5.422492e-02 7.357547e+00 4.130115e+00 4.619632e+00 -3.872201e+00 7.735388e-01 -5.419775e+00 -1.691697e-01 -8.366509e+00 1.201369e-01 -5.914899e+00 5.706178e+01 -1.575129e-01 -3.257462e-01 -2.227841e-01 3.295142e-02 2.233444e-01 3.017278e-01 -7.977112e-02 -2.888128e-01 -2.128121e-01 1.696948e-01 3.815700e-01 4.178272e-01 -4.777250e-02 2.808299e-02 1.507661e-02 -4.417104e-02 -6.474438e-02 -1.115440e-02 1.146947e-02 1.344043e-02 -2.188803e-02 2.537193e-03 5.667949e-02 -3.785883e-02 -2.712972e-02 9.524613e-03
<VARIANCE> 39
 3.989329e+00 6.256989e+00 1.574300e+01 1.505818e+01 2.208510e+01 2.876357e+01 3.511707e+01 2.911587e+01 2.326974e+01 2.269877e+01 2.567327e+01 2.378406e+01 1.086881e+00 2.179078e-01 3.664421e-01 1.140824e+00 1.333419e+00 2.232052e+00 2.003563e+00 1.869956e+00 2.488167e+00 1.438136e+00 1.670127e+00 1.682771e+00 1.947884e+00 6.280395e-02 3.539957e-02 5.050142e-02 1.398977e-01 2.439389e-01 3.984551e-01 3.728727e-01 2.595858e-01 4.134861e-01 2.556049e-01 2.982742e-01 2.770099e-01 2.433393e-01 1.229614e-02
<GCONST> 8.322467e+01
<STATE> 19
<MEAN> 39
 -1.802123e+01 -7.699713e-01 8.843124e+00 3.043420e+00 7.791135e-02 -9.170262e+00 -4.191215e+00 -1.061813e+01 -6.999010e+00 -1.134560e+01 2.001868e-01 -5.584660e+00 5.539494e+01 -4.717013e-01 -5.198778e-01 -3.355677e-01 -2.426021e-01 -5.688383e-02 -1.281332e-01 2.208789e-01 3.800832e-01 4.508746e-01 3.044643e-01 2.013673e-01 6.412888e-01 -1.856419e-01 5.127872e-03 -2.578115e-02 -3.519771e-02 1.207884e-02 -5.291285e-02 -2.210040e-02 2.757563e-03 1.105544e-01 1.187632e-01 -1.693635e-01 -2.315987e-01 -8.617041e-02 -3.368190e-03
<VARIANCE> 39
 9.213508e+00 9.320646e+00 5.823426e+01 4.664349e+01 2.509928e+01 4.438903e+01 2.984155e+01 2.205709e+01 2.680639e+01 4.743121e+01 5.891320e+01 2.847906e+01 2.822872e+00 1.160324e-01 4.145189e-01 6.985400e-01 7.569165e-01 1.051049e+00 9.677941e-01 1.703624e+00 1.169838e+00 1.035306e+00 1.434490e+00 1.536243e+00 1.678385e+00 2.151471e-02 2.795254e-02 4.451153e-02 9.538243e-02 1.710654e-01 2.254092e-01 1.783405e-01 2.785663e-01 2.412060e-01 1.488750e-01 2.512126e-01 3.221215e-01 2.611060e-01 4.020390e-03
<GCONST> 7.969490e+01
<TRANSP> 20
 0.000000e+00 1.000000e+00 0.000000e+00 0.000000e+00 0.000000e+00 0.000000e+00 0.000000e+00 0.000000e+00 0.000000e+00 0.000000e+00 0.000000e+00 0.000000e+00 0.000000e+00 0.000000e+00 0.000000e+00 0.000000e+00 0.000000e+00 0.000000e+00 0.000000e+00 0.000000e+00
 0.000000e+00 7.336336e-01 2.663665e-01 0.000000e+00 0.000000e+00 0.000000e+00 0.000000e+00 0.000000e+00 0.000000e+00 0.000000e+00 0.000000e+00 0.000000e+00 0.000000e+00 0.000000e+00 0.000000e+00 0.000000e+00 0.000000e+00 0.000000e+00 0.000000e+00 0.000000e+00
 0.000000e+00 0.000000e+00 7.884631e-01 2.115370e-01 0.000000e+00 0.000000e+00 0.000000e+00 0.000000e+00 0.000000e+00 0.000000e+00 0.000000e+00 0.000000e+00 0.000000e+00 0.000000e+00 0.000000e+00 0.000000e+00 0.000000e+00 0.000000e+00 0.000000e+00 0.000000e+00
 0.000000e+00 0.000000e+00 0.000000e+00 8.095375e-01 1.904624e-01 0.000000e+00 0.000000e+00 0.000000e+00 0.000000e+00 0.000000e+00 0.000000e+00 0.000000e+00 0.000000e+00 0.000000e+00 0.000000e+00 0.000000e+00 0.000000e+00 0.000000e+00 0.000000e+00 0.000000e+00
 0.000000e+00 0.000000e+00 0.000000e+00 0.000000e+00 8.251194e-01 1.748807e-01 0.000000e+00 0.000000e+00 0.000000e+00 0.000000e+00 0.000000e+00 0.000000e+00 0.000000e+00 0.000000e+00 0.000000e+00 0.000000e+00 0.000000e+00 0.000000e+00 0.000000e+00 0.000000e+00
 0.000000e+00 0.000000e+00 0.000000e+00 0.000000e+00 0.000000e+00 7.405935e-01 2.594065e-01 0.000000e+00 0.000000e+00 0.000000e+00 0.000000e+00 0.000000e+00 0.000000e+00 0.000000e+00 0.000000e+00 0.000000e+00 0.000000e+00 0.000000e+00 0.000000e+00 0.000000e+00
 0.000000e+00 0.000000e+00 0.000000e+00 0.000000e+00 0.000000e+00 0.000000e+00 7.713922e-01 2.286078e-01 0.000000e+00 0.000000e+00 0.000000e+00 0.000000e+00 0.000000e+00 0.000000e+00 0.000000e+00 0.000000e+00 0.000000e+00 0.000000e+00 0.000000e+00 0.000000e+00
 0.000000e+00 0.000000e+00 0.000000e+00 0.000000e+00 0.000000e+00 0.000000e+00 0.000000e+00 7.306840e-01 2.693160e-01 0.000000e+00 0.000000e+00 0.000000e+00 0.000000e+00 0.000000e+00 0.000000e+00 0.000000e+00 0.000000e+00 0.000000e+00 0.000000e+00 0.000000e+00
 0.000000e+00 0.000000e+00 0.000000e+00 0.000000e+00 0.000000e+00 0.000000e+00 0.000000e+00 0.000000e+00 5.760956e-01 4.239044e-01 0.000000e+00 0.000000e+00 0.000000e+00 0.000000e+00 0.000000e+00 0.000000e+00 0.000000e+00 0.000000e+00 0.000000e+00 0.000000e+00
 0.000000e+00 0.000000e+00 0.000000e+00 0.000000e+00 0.000000e+00 0.000000e+00 0.000000e+00 0.000000e+00 0.000000e+00 6.742574e-01 3.257427e-01 0.000000e+00 0.000000e+00 0.000000e+00 0.000000e+00 0.000000e+00 0.000000e+00 0.000000e+00 0.000000e+00 0.000000e+00
 0.000000e+00 0.000000e+00 0.000000e+00 0.000000e+00 0.000000e+00 0.000000e+00 0.000000e+00 0.000000e+00 0.000000e+00 0.000000e+00 7.758909e-01 2.241091e-01 0.000000e+00 0.000000e+00 0.000000e+00 0.000000e+00 0.000000e+00 0.000000e+00 0.000000e+00 0.000000e+00
 0.000000e+00 0.000000e+00 0.000000e+00 0.000000e+00 0.000000e+00 0.000000e+00 0.000000e+00 0.000000e+00 0.000000e+00 0.000000e+00 0.000000e+00 8.091616e-01 1.908384e-01 0.000000e+00 0.000000e+00 0.000000e+00 0.000000e+00 0.000000e+00 0.000000e+00 0.000000e+00
 0.000000e+00 0.000000e+00 0.000000e+00 0.000000e+00 0.000000e+00 0.000000e+00 0.000000e+00 0.000000e+00 0.000000e+00 0.000000e+00 0.000000e+00 0.000000e+00 7.817498e-01 2.182502e-01 0.000000e+00 0.000000e+00 0.000000e+00 0.000000e+00 0.000000e+00 0.000000e+00
 0.000000e+00 0.000000e+00 0.000000e+00 0.000000e+00 0.000000e+00 0.000000e+00 0.000000e+00 0.000000e+00 0.000000e+00 0.000000e+00 0.000000e+00 0.000000e+00 0.000000e+00 6.939061e-01 3.060939e-01 0.000000e+00 0.000000e+00 0.000000e+00 0.000000e+00 0.000000e+00
 0.000000e+00 0.000000e+00 0.000000e+00 0.000000e+00 0.000000e+00 0.000000e+00 0.000000e+00 0.000000e+00 0.000000e+00 0.000000e+00 0.000000e+00 0.000000e+00 0.000000e+00 0.000000e+00 8.033261e-01 1.966739e-01 0.000000e+00 0.000000e+00 0.000000e+00 0.000000e+00
 0.000000e+00 0.000000e+00 0.000000e+00 0.000000e+00 0.000000e+00 0.000000e+00 0.000000e+00 0.000000e+00 0.000000e+00 0.000000e+00 0.000000e+00 0.000000e+00 0.000000e+00 0.000000e+00 0.000000e+00 7.346557e-01 2.653443e-01 0.000000e+00 0.000000e+00 0.000000e+00
 0.000000e+00 0.000000e+00 0.000000e+00 0.000000e+00 0.000000e+00 0.000000e+00 0.000000e+00 0.000000e+00 0.000000e+00 0.000000e+00 0.000000e+00 0.000000e+00 0.000000e+00 0.000000e+00 0.000000e+00 0.000000e+00 7.509602e-01 2.490399e-01 0.000000e+00 0.000000e+00
 0.000000e+00 0.000000e+00 0.000000e+00 0.000000e+00 0.000000e+00 0.000000e+00 0.000000e+00 0.000000e+00 0.000000e+00 0.000000e+00 0.000000e+00 0.000000e+00 0.000000e+00 0.000000e+00 0.000000e+00 0.000000e+00 0.000000e+00 8.400369e-01 1.599631e-01 0.000000e+00
 0.000000e+00 0.000000e+00 0.000000e+00 0.000000e+00 0.000000e+00 0.000000e+00 0.000000e+00 0.000000e+00 0.000000e+00 0.000000e+00 0.000000e+00 0.000000e+00 0.000000e+00 0.000000e+00 0.000000e+00 0.000000e+00 0.000000e+00 0.000000e+00 7.650918e-01 2.349083e-01
 0.000000e+00 0.000000e+00 0.000000e+00 0.000000e+00 0.000000e+00 0.000000e+00 0.000000e+00 0.000000e+00 0.000000e+00 0.000000e+00 0.000000e+00 0.000000e+00 0.000000e+00 0.000000e+00 0.000000e+00 0.000000e+00 0.000000e+00 0.000000e+00 0.000000e+00 0.000000e+00
<ENDHMM>
