~o
<STREAMINFO> 1 39
<VECSIZE> 39<NULLD><MFCC_D_A_0><DIAGC>
~h "belas"
<BEGINHMM>
<NUMSTATES> 5
<STATE> 2
<MEAN> 39
 -4.873895e+00 -2.600667e+00 2.940779e+00 -7.402298e+00 1.415164e+00 -6.607402e+00 -9.088480e+00 -1.035293e+01 3.108267e-01 -2.697083e+00 1.429726e+00 -1.025009e+01 6.655582e+01 7.351563e-01 1.838559e-01 -1.985026e-01 -2.302406e-01 -3.332095e-01 -1.893593e-01 -5.924708e-01 -4.113973e-01 2.488942e-01 8.329093e-02 -2.623815e-01 -2.634598e-01 7.754633e-01 -2.226654e-02 -6.131125e-02 -8.123432e-02 -5.909919e-03 -1.978521e-02 2.471426e-02 4.547881e-03 2.764248e-02 2.719433e-02 -4.356061e-02 -8.730622e-02 6.405208e-02 1.734358e-02
<VARIANCE> 39
 5.931175e+01 5.696317e+01 3.123517e+01 6.331113e+01 9.370768e+01 6.613811e+01 1.237718e+02 1.566621e+02 7.078065e+01 1.107136e+02 6.421999e+01 3.796556e+01 6.843124e+01 2.288083e+00 5.304437e+00 3.963317e+00 4.086646e+00 3.773189e+00 2.989733e+00 4.921195e+00 5.920352e+00 5.278903e+00 6.748466e+00 3.690810e+00 2.597565e+00 9.239946e-01 2.329514e-01 6.577109e-01 6.459765e-01 7.135773e-01 6.108674e-01 3.732468e-01 5.515814e-01 8.469231e-01 8.940095e-01 1.119291e+00 6.423903e-01 4.332671e-01 1.131058e-01
<GCONST> 1.354707e+02
<STATE> 3
<MEAN> 39
 -2.501475e+00 -5.774266e+00 -7.726645e+00 -7.505535e+00 -2.147410e+00 -9.832284e+00 -7.236224e+00 -8.397551e+00 3.008565e+00 -8.675670e+00 -1.396409e+01 -6.050789e+00 7.216594e+01 -9.853118e-01 7.262909e-01 -4.044601e-01 5.529379e-01 3.240196e-01 -1.904601e-01 8.894275e-01 2.344723e-01 -1.819387e-01 -4.075397e-01 -2.877669e-02 1.259989e-01 -5.754362e-02 -7.538733e-02 1.110417e-01 3.920228e-02 2.963116e-03 3.807971e-02 -2.234174e-02 1.100992e-02 -1.778294e-02 -6.587127e-02 8.376426e-02 1.270942e-01 -5.250591e-02 -3.002584e-02
<VARIANCE> 39
 5.515553e+01 6.238123e+01 2.517048e+01 4.088294e+01 6.220874e+01 1.858310e+02 8.270586e+01 1.129696e+02 5.891674e+01 5.938632e+01 4.417718e+01 5.003961e+01 1.195912e+01 1.983853e+00 3.149644e+00 1.933425e+00 1.371041e+00 1.838236e+00 1.639751e+00 1.529290e+00 2.252461e+00 2.034758e+00 2.164138e+00 2.591953e+00 1.831870e+00 3.538999e-01 1.738831e-01 2.706354e-01 3.458453e-01 1.641878e-01 2.851932e-01 2.385360e-01 2.928553e-01 3.023218e-01 3.685483e-01 3.335770e-01 3.129921e-01 2.905302e-01 5.012494e-02
<GCONST> 1.122222e+02
<STATE> 4
<MEAN> 39
 -2.428028e+01 5.848251e+00 -9.053096e+00 2.302596e+00 5.279349e+00 -5.415920e+00 7.856864e+00 -7.687278e+00 -1.465208e+00 -1.090847e+01 -2.841713e+00 -6.909140e+00 6.277589e+01 1.113909e-01 -6.787310e-01 3.868150e-01 -1.937684e-01 9.870272e-02 4.694875e-01 -9.074982e-02 1.638867e-01 -1.666044e-01 2.637510e-02 4.079949e-02 -2.309178e-02 -5.007450e-01 6.087575e-02 -8.593366e-02 2.857491e-02 -2.705264e-02 -2.589050e-02 1.513280e-03 -2.448948e-02 2.404550e-02 2.744966e-02 -4.133406e-03 -2.570959e-02 -1.226647e-02 -5.269581e-03
<VARIANCE> 39
 1.740770e+01 1.015552e+02 3.943384e+01 2.978565e+01 4.299664e+01 6.963454e+01 2.533351e+01 2.762990e+01 4.813335e+01 4.696957e+01 3.751315e+01 3.559324e+01 3.566004e+01 4.954238e-01 8.882269e-01 7.297996e-01 1.027072e+00 1.265569e+00 1.414157e+00 1.695164e+00 2.134999e+00 2.185965e+00 1.919786e+00 1.762884e+00 1.476848e+00 1.334247e-01 4.888574e-02 1.026586e-01 1.210751e-01 1.485477e-01 2.242549e-01 2.120334e-01 3.093485e-01 3.706545e-01 4.004596e-01 3.022455e-01 2.812235e-01 2.694407e-01 1.605476e-02
<GCONST> 9.706121e+01
<TRANSP> 5
 0.000000e+00 1.000000e+00 0.000000e+00 0.000000e+00 0.000000e+00
 0.000000e+00 9.519517e-01 4.804831e-02 0.000000e+00 0.000000e+00
 0.000000e+00 0.000000e+00 9.529849e-01 4.701510e-02 0.000000e+00
 0.000000e+00 0.000000e+00 0.000000e+00 9.699256e-01 3.007436e-02
 0.000000e+00 0.000000e+00 0.000000e+00 0.000000e+00 0.000000e+00
<ENDHMM>
