~o
<STREAMINFO> 1 39
<VECSIZE> 39<NULLD><MFCC_D_A_0><DIAGC>
~h "jam"
<BEGINHMM>
<NUMSTATES> 20
<STATE> 2
<MEAN> 39
 -1.681597e+01 -5.729630e+00 -8.606955e-01 -2.003567e+00 3.949955e+00 -3.401844e-01 2.885069e+00 -4.919788e+00 4.626153e-01 -7.994611e+00 -2.270041e+00 -8.106855e+00 5.685472e+01 1.488594e+00 1.913381e+00 1.726518e+00 1.337115e+00 5.835587e-01 -1.746581e-01 -9.202663e-01 -1.463680e+00 -1.831674e+00 -1.286279e+00 -9.739190e-01 -6.458582e-01 5.973420e-01 3.480185e-01 5.753992e-01 4.959451e-01 2.510125e-01 -1.931083e-02 -3.365226e-01 -2.987728e-01 -4.078990e-01 -4.724223e-01 -2.641090e-01 -2.073606e-01 -2.297843e-01 1.852684e-01
<VARIANCE> 39
 4.692515e+00 8.904758e+00 8.752701e+00 1.332733e+01 1.563695e+01 1.305171e+01 2.320541e+01 2.379448e+01 2.047794e+01 1.651345e+01 1.967779e+01 1.682878e+01 8.436099e-01 1.393599e+00 2.925050e+00 2.610504e+00 1.295332e+00 8.508853e-01 1.736991e+00 3.175617e+00 3.347995e+00 4.054970e+00 3.364149e+00 3.286113e+00 2.086101e+00 2.279532e-01 1.544005e-01 2.143109e-01 2.291751e-01 1.715188e-01 1.923823e-01 2.712356e-01 4.494525e-01 4.852647e-01 6.250178e-01 5.303860e-01 3.410847e-01 2.960053e-01 1.732273e-02
<GCONST> 9.312138e+01
<STATE> 3
<MEAN> 39
 -7.411425e+00 6.311921e+00 9.436011e+00 3.799834e+00 4.114818e+00 -4.967114e+00 -3.067806e+00 -1.175737e+01 -7.371976e+00 -1.453473e+01 -6.966963e+00 -1.133948e+01 6.096127e+01 1.897611e-01 1.083414e+00 5.185895e-01 1.509182e-01 4.747512e-01 -8.595974e-01 2.539092e-01 -6.624570e-01 -1.136865e-01 1.300164e-03 -4.289871e-02 1.893397e-02 6.444994e-01 -8.050025e-01 -3.718454e-01 -5.762918e-01 -6.014834e-01 8.369718e-02 -4.299456e-01 4.381473e-01 1.699704e-01 5.088441e-01 4.611988e-01 4.610023e-01 3.402991e-01 1.094824e-01
<VARIANCE> 39
 7.529969e+00 1.013814e+01 8.523260e+00 1.959534e+01 3.348515e+01 4.915419e+01 4.618141e+01 3.136304e+01 5.352371e+01 7.029746e+01 6.705078e+01 4.705313e+01 1.628803e+00 3.865067e+00 2.784976e+00 2.665055e+00 2.043204e+00 1.564469e+00 2.587811e+00 3.004815e+00 2.971599e+00 3.265838e+00 4.699950e+00 2.348523e+00 2.998668e+00 3.685332e-01 1.946193e-01 4.773300e-01 3.536423e-01 4.946433e-01 4.284104e-01 1.074784e+00 4.438384e-01 8.539638e-01 5.727345e-01 7.817495e-01 5.252580e-01 5.266835e-01 1.710780e-01
<GCONST> 1.142161e+02
<STATE> 4
<MEAN> 39
 -1.649251e+01 7.969810e+00 5.481376e+00 -1.405075e+00 1.138775e+01 -1.202435e+01 2.818550e+00 -1.413529e+01 -2.831444e+00 -9.985437e+00 -3.515715e+00 -8.082620e+00 6.526989e+01 -1.421596e+00 1.234839e+00 -1.111880e-01 -2.766404e+00 -1.378355e+00 -5.829118e+00 -7.093475e-01 -3.761225e-01 2.029572e-01 1.296237e+00 3.094218e+00 1.963748e+00 2.517609e+00 1.079953e+00 -6.549754e-01 5.572830e-01 4.944493e-02 -1.976742e+00 -7.781043e-01 -6.422771e-01 1.153205e+00 -5.629981e-01 -1.224675e-01 8.376877e-01 3.228474e-01 3.335781e-01
<VARIANCE> 39
 2.043371e+01 3.492177e+01 3.819267e+01 5.728327e+01 4.373750e+01 7.187723e+01 3.943557e+01 6.495864e+01 6.357870e+01 5.742560e+01 1.016749e+02 5.936223e+01 1.538762e+01 4.066995e+00 1.283490e+00 5.235666e+00 3.780968e+00 1.130513e+01 3.121252e+00 4.385720e+00 8.597566e+00 5.388479e+00 6.583004e+00 8.654907e+00 5.019800e+00 4.055188e-01 5.847373e-01 6.774955e-01 5.947304e-01 1.202853e+00 9.316980e-01 9.349999e-01 4.483343e-01 1.286153e+00 1.511013e+00 8.193281e-01 8.397580e-01 7.926199e-01 1.592611e-01
<GCONST> 1.357703e+02
<STATE> 5
<MEAN> 39
 -1.214455e+01 6.853597e+00 1.180031e+01 -5.518272e+00 -6.891153e+00 -3.102902e+01 -2.150748e+00 -6.773565e+00 -8.151561e+00 -7.604849e+00 1.162332e+01 -7.427965e-01 7.331885e+01 2.864577e+00 -3.373590e+00 1.271645e+00 -5.498365e-02 -5.899065e+00 -3.474928e+00 -4.325809e-01 4.407790e+00 -1.059295e+00 1.237066e-01 2.576273e+00 1.308023e+00 2.397339e+00 3.915840e-01 -1.141932e+00 -7.800612e-01 5.357661e-01 1.026717e+00 1.911052e+00 5.350417e-01 5.495494e-01 5.687450e-01 -2.257338e-01 -1.469482e+00 -8.755545e-01 -3.920420e-01
<VARIANCE> 39
 2.656847e+01 2.726213e+01 7.892935e+01 4.890739e+01 1.297823e+02 2.847638e+01 2.787243e+01 1.353334e+02 2.829305e+01 6.300438e+01 1.824419e+02 5.382384e+01 1.214197e+01 1.198297e+00 2.602060e+00 4.262330e+00 2.513222e+00 7.618863e+00 6.595582e+00 3.706105e+00 5.089438e+00 1.358987e+01 2.615668e+00 6.118503e+00 3.595385e+00 6.698244e-01 7.395755e-01 3.504241e-01 1.049576e+00 7.278692e-01 2.658257e+00 4.263626e-01 3.232261e-01 1.733631e+00 9.681387e-01 8.687658e-01 8.553376e-01 6.013802e-01 6.179637e-02
<GCONST> 1.330744e+02
<STATE> 6
<MEAN> 39
 -5.850762e+00 -4.908970e+00 9.894570e+00 -4.688654e+00 -1.338667e+01 -3.210844e+01 1.657397e-01 5.573138e+00 -6.272507e+00 -8.674711e+00 1.030840e+01 -2.233454e+00 7.737521e+01 1.362950e+00 -3.614481e+00 -2.167162e+00 8.853656e-02 1.219529e+00 1.908397e+00 6.939429e-02 1.852057e+00 1.158023e+00 2.268398e-02 -2.211493e+00 -1.584523e+00 7.547871e-01 -4.133316e-01 4.227073e-01 -6.527959e-01 -1.333151e-01 1.727580e+00 1.192979e+00 -3.020283e-01 -1.386280e+00 9.317566e-02 -3.494243e-03 -9.774367e-01 -6.589492e-01 -4.436193e-01
<VARIANCE> 39
 6.184842e+00 2.013336e+01 9.211429e+01 2.225464e+01 7.069595e+01 5.350912e+01 3.656353e+01 1.018757e+02 7.696120e+01 2.813720e+01 1.867605e+02 4.349465e+01 1.301483e+01 4.365915e-01 9.590726e-01 3.814543e+00 1.906261e+00 4.015241e+00 3.142850e+00 1.584735e+00 5.165044e+00 3.042722e+00 3.598152e+00 1.561925e+00 2.917313e+00 2.143756e-01 5.437944e-02 1.639541e-01 4.882812e-01 2.541645e-01 7.189704e-01 4.230228e-01 3.383514e-01 7.012702e-01 1.014015e+00 2.534570e-01 3.217219e-01 4.246129e-01 4.584284e-02
<GCONST> 1.120908e+02
<STATE> 7
<MEAN> 39
 -2.380510e+00 -1.364813e+01 1.271500e-01 -6.308531e+00 -2.689926e+00 -2.235342e+01 -2.782344e+00 3.563071e+00 -4.218490e+00 -8.133183e+00 -7.261909e-01 -9.733272e+00 7.805662e+01 8.810382e-01 -1.445765e+00 -1.998381e+00 -5.297783e-01 1.977779e+00 3.251471e+00 -5.601612e-01 -8.867070e-01 4.431629e-01 6.048059e-01 -2.296488e+00 -2.473496e+00 -2.790268e-02 -1.142570e-01 6.501371e-01 3.648320e-01 -8.422694e-02 -4.084689e-01 7.737489e-02 -5.152312e-02 -4.534736e-01 -1.031039e-01 3.090468e-01 4.650676e-01 1.101469e-01 -1.839933e-01
<VARIANCE> 39
 3.894674e+00 9.770784e+00 8.189146e+01 7.256577e+00 5.626643e+01 6.568420e+01 4.377605e+01 1.033048e+02 8.380127e+01 3.518070e+01 2.086424e+02 5.568083e+01 9.794650e+00 1.219304e-01 9.143500e-01 9.956031e-01 7.599741e-01 1.481426e+00 2.216091e+00 1.388180e+00 4.288123e+00 1.942402e+00 2.138563e+00 1.621637e+00 1.173812e+00 1.184420e-01 1.840601e-02 6.970407e-02 1.352106e-01 1.543221e-01 1.970906e-01 2.274786e-01 1.674983e-01 4.549364e-01 3.534455e-01 5.157061e-01 2.169985e-01 4.595346e-01 1.664702e-02
<GCONST> 9.409004e+01
<STATE> 8
<MEAN> 39
 7.057911e-02 -1.528663e+01 -4.233870e+00 -8.908319e+00 -1.511298e+00 -7.437348e+00 -4.825967e+00 -2.117914e+00 -3.340098e+00 -1.245745e+00 -2.475098e+00 -1.689468e+01 7.676907e+01 3.697215e-01 4.275990e-01 -6.015334e-01 -4.038404e-01 2.584657e-01 1.548319e+00 -7.014351e-01 -1.336016e+00 6.909570e-01 7.097334e-01 -1.589844e-01 -2.740821e-01 -5.537360e-01 -8.026198e-02 3.170078e-01 2.094612e-01 3.375804e-02 -2.059951e-01 -4.517693e-01 2.329709e-02 8.256914e-02 -5.123487e-02 -1.896639e-01 3.310185e-01 3.187096e-01 -1.074302e-01
<VARIANCE> 39
 2.737227e+00 1.006856e+01 4.717229e+01 7.590916e+00 6.311220e+01 1.335805e+02 3.380633e+01 8.260920e+01 6.884458e+01 1.860348e+01 8.490300e+01 1.941112e+01 8.373973e+00 1.207677e-01 4.710776e-01 3.717742e-01 6.025388e-01 8.289057e-01 1.452213e+00 1.127430e+00 1.168865e+00 1.040649e+00 1.187858e+00 1.216044e+00 1.619464e+00 9.354843e-02 2.078013e-02 4.431938e-02 7.503328e-02 9.070998e-02 1.706689e-01 2.043015e-01 2.028299e-01 3.232307e-01 2.810375e-01 1.464651e-01 1.727056e-01 1.652019e-01 8.634984e-03
<GCONST> 7.959566e+01
<STATE> 9
<MEAN> 39
 1.371242e+00 -1.111549e+01 -6.394973e+00 -1.078266e+01 -3.146068e-02 -5.141981e+00 -8.027140e+00 -7.743461e+00 9.378353e-01 -1.038785e+00 -2.769395e+00 -1.573827e+01 7.376638e+01 5.226623e-02 2.129052e+00 7.745388e-01 2.792730e-01 -4.639887e-01 -1.543097e-01 -4.210401e-01 -1.024010e+00 -5.287288e-01 -3.355282e-01 9.388794e-01 8.430165e-01 -1.224208e+00 -1.295108e-01 2.917620e-01 5.459077e-01 5.291649e-01 9.079169e-02 -3.206623e-01 7.097545e-02 9.721062e-02 -5.625834e-01 -5.317697e-01 -2.605039e-01 2.444451e-01 -7.497514e-02
<VARIANCE> 39
 2.176639e+00 8.255609e+00 5.531606e+01 8.485187e+00 1.941793e+01 9.096693e+01 4.228725e+01 6.772588e+01 4.055786e+01 1.892485e+01 1.195268e+02 1.435182e+01 5.027264e+00 1.021546e-01 3.330656e-01 1.054456e+00 1.069107e+00 2.600686e+00 9.665686e-01 9.907775e-01 3.532846e+00 1.328193e+00 2.036775e+00 1.415650e+00 1.641426e+00 6.907659e-02 2.323635e-02 9.931722e-02 6.552558e-02 8.934159e-02 8.623199e-02 1.369048e-01 1.779482e-01 3.440938e-01 1.956256e-01 5.989355e-01 3.957362e-01 2.827762e-01 1.253434e-02
<GCONST> 8.278107e+01
<STATE> 10
<MEAN> 39
 8.088918e-01 -4.073926e+00 -1.996816e-01 -6.893669e+00 2.875065e-02 -5.171606e+00 -8.102100e+00 -8.945173e+00 -3.603955e+00 -3.739954e+00 -1.050075e+00 -1.315391e+01 7.019971e+01 -1.516981e-01 1.772743e+00 1.173299e+00 8.391151e-01 3.775018e-01 -2.358595e-01 -4.870899e-01 -6.372425e-01 -1.992959e+00 -1.875305e+00 -6.144553e-01 2.394688e-01 -8.545674e-01 -2.620033e-02 -2.329549e-01 -2.129190e-01 -1.187544e-01 1.981138e-01 1.427161e-01 -5.066753e-02 -5.277414e-04 -1.266294e-01 -2.157548e-01 -2.007729e-01 -9.084152e-02 1.376707e-01
<VARIANCE> 39
 2.339005e+00 5.039328e+00 3.710709e+01 1.350821e+01 1.189881e+01 6.196286e+01 4.509671e+01 3.329600e+01 3.284151e+01 3.249902e+01 1.055056e+02 2.408035e+01 2.342022e+00 9.223022e-02 4.404744e-01 1.037522e+00 8.055539e-01 1.594657e+00 1.046355e+00 1.444456e+00 2.874948e+00 1.219672e+00 1.963241e+00 1.376863e+00 2.283567e+00 1.032385e-01 1.274820e-02 4.475819e-02 7.346743e-02 1.589761e-01 1.357788e-01 1.325778e-01 1.647481e-01 1.554674e-01 1.536483e-01 2.415716e-01 2.778161e-01 3.340893e-01 6.928507e-03
<GCONST> 7.799992e+01
<STATE> 11
<MEAN> 39
 3.565235e-01 4.279071e-01 -3.933397e-02 -4.987161e+00 1.896389e+00 -6.203508e+00 -1.029504e+01 -1.356924e+01 -1.073103e+01 -1.272616e+01 -5.956440e+00 -1.351581e+01 6.771788e+01 -2.341187e-01 1.014243e+00 4.213207e-01 5.740635e-01 5.505563e-01 1.169984e-02 -3.207968e-01 -1.078325e+00 -8.516057e-01 -8.030898e-01 1.903482e-01 3.583947e-01 -6.191936e-01 -3.968431e-02 -1.046137e-01 -5.936930e-02 4.151326e-02 8.241550e-03 2.542173e-02 1.330057e-01 9.894462e-03 4.820388e-01 3.961885e-01 1.270446e-01 -4.711972e-02 7.195150e-03
<VARIANCE> 39
 2.988822e+00 4.470844e+00 2.399534e+01 8.422888e+00 2.115441e+01 3.089308e+01 3.238684e+01 5.088841e+01 2.040120e+01 7.014278e+01 1.502195e+02 5.136855e+01 1.490700e+00 1.706551e-01 5.068255e-01 8.646843e-01 7.741356e-01 9.845356e-01 9.451698e-01 8.223600e-01 2.214238e+00 1.500210e+00 1.661238e+00 1.402590e+00 1.855872e+00 4.566872e-02 3.021044e-02 1.108140e-01 1.108470e-01 8.940286e-02 1.207056e-01 2.296864e-01 2.010154e-01 2.462391e-01 2.577487e-01 1.953894e-01 2.428206e-01 3.048904e-01 1.219062e-02
<GCONST> 7.964267e+01
<STATE> 12
<MEAN> 39
 -6.920065e-01 3.768076e+00 1.248282e+00 -2.731649e+00 2.044117e+00 -7.478856e+00 -1.369314e+01 -1.966998e+01 -1.003096e+01 -1.364871e+01 -6.740904e+00 -1.366204e+01 6.528735e+01 -5.554792e-01 6.235521e-01 3.808649e-01 4.359301e-01 5.607201e-01 8.185621e-01 6.377001e-01 -3.190401e-01 2.591833e-01 -4.730139e-01 -7.964619e-02 9.727663e-02 -6.597676e-01 -1.577071e-01 -2.003575e-01 -9.048198e-02 -1.279044e-01 4.040442e-02 1.155185e-01 3.118295e-01 3.618710e-01 1.040610e-01 6.618350e-02 1.282709e-02 6.314032e-02 -3.969363e-02
<VARIANCE> 39
 2.004590e+00 7.103688e+00 2.181825e+01 1.086214e+01 1.322666e+01 1.826405e+01 2.042147e+01 3.018327e+01 2.034773e+01 5.322975e+01 6.462426e+01 4.629182e+01 1.028630e+00 1.145625e-01 2.197912e-01 2.850530e-01 1.028732e+00 5.752011e-01 1.091362e+00 1.651340e+00 9.095979e-01 1.294426e+00 1.177686e+00 1.242704e+00 1.073354e+00 4.614183e-02 1.230731e-02 2.231683e-02 6.952466e-02 1.800572e-01 1.356975e-01 2.066555e-01 2.232939e-01 1.370701e-01 1.653051e-01 3.045053e-01 1.168445e-01 1.410100e-01 3.546166e-03
<GCONST> 6.702030e+01
<STATE> 13
<MEAN> 39
 -3.347786e+00 6.940173e+00 3.264341e+00 -1.194654e+00 1.021572e+01 9.739645e-01 -5.954194e+00 -1.384638e+01 -6.494741e+00 -9.638202e+00 -9.938517e-01 -7.152668e+00 6.257996e+01 -8.086635e-01 3.602147e-01 -2.850045e-01 -3.736424e-02 5.657253e-01 6.124994e-01 3.502467e-01 1.097621e-02 7.677266e-01 9.772408e-02 -4.843017e-01 4.459268e-01 -7.981714e-01 -6.767213e-02 -1.386799e-01 -1.016820e-02 -1.281583e-01 -2.542558e-01 -8.419440e-02 -1.068642e-01 -1.040572e-01 -7.638436e-03 1.700239e-01 -3.140141e-03 -3.354172e-02 1.894076e-02
<VARIANCE> 39
 3.857800e+00 1.286917e+01 2.041547e+01 2.248422e+01 3.459260e+01 3.468050e+01 2.148851e+01 7.717665e+01 2.187671e+01 3.097748e+01 3.945622e+01 3.828000e+01 2.312146e+00 1.737504e-01 4.495619e-01 3.433233e-01 6.475878e-01 1.285751e+00 1.437033e+00 1.215558e+00 9.746405e-01 1.128475e+00 1.204851e+00 1.388763e+00 7.757645e-01 3.574555e-02 9.416363e-03 2.251682e-02 1.002164e-01 1.447801e-01 1.376956e-01 2.600652e-01 2.291270e-01 1.739844e-01 1.562844e-01 2.811598e-01 1.935501e-01 1.949604e-01 4.218051e-03
<GCONST> 7.355826e+01
<STATE> 14
<MEAN> 39
 -6.913760e+00 3.903328e+00 1.826415e+00 -2.971840e+00 2.400702e+00 -4.411602e+00 -8.028605e+00 -1.888412e+01 -9.510787e+00 -1.513701e+01 -8.748881e+00 -1.301601e+01 6.067431e+01 -8.704396e-01 -1.020243e-01 4.472893e-01 3.576022e-01 -6.285211e-02 5.231851e-01 4.508401e-01 -2.552146e-01 1.746519e-01 2.604821e-01 6.543949e-02 3.929019e-02 -5.416770e-01 4.882778e-02 -2.545813e-02 3.739113e-02 1.393178e-01 9.136243e-02 1.478758e-02 5.244683e-02 3.534176e-02 -1.250160e-03 -5.729648e-02 6.728331e-03 -2.988238e-02 6.878114e-02
<VARIANCE> 39
 2.341863e+00 1.251663e+01 1.201190e+01 1.176479e+01 3.454695e+01 2.553408e+01 1.930360e+01 3.338652e+01 3.442938e+01 6.258653e+01 4.349425e+01 6.107493e+01 1.160023e+00 1.660554e-01 2.676353e-01 4.203733e-01 8.326308e-01 7.944382e-01 1.096105e+00 1.385806e+00 1.476340e+00 1.267961e+00 1.825601e+00 1.187909e+00 1.030623e+00 6.487684e-02 2.987373e-02 6.435691e-02 9.720060e-02 1.708095e-01 1.687413e-01 1.420507e-01 2.869553e-01 3.090425e-01 2.628932e-01 3.849973e-01 2.256887e-01 2.819828e-01 7.988588e-03
<GCONST> 7.730547e+01
<STATE> 15
<MEAN> 39
 -1.060450e+01 2.707312e+00 3.898580e+00 3.234760e-01 5.231385e+00 -1.099891e+00 -4.345541e+00 -1.711135e+01 -8.691181e+00 -1.406336e+01 -7.144376e+00 -1.059430e+01 5.882024e+01 -6.365814e-01 -2.849245e-01 1.505971e-01 1.234044e-01 2.593403e-01 3.158911e-01 8.295568e-01 6.014363e-01 -2.515706e-01 -2.055046e-01 -5.026497e-02 -3.186507e-01 -2.580582e-01 6.152776e-02 4.567575e-02 -1.561432e-02 -1.088529e-01 8.065606e-03 1.044001e-01 -3.648247e-02 4.409702e-02 3.003892e-02 1.259551e-02 -1.074142e-01 -2.302870e-01 3.253574e-02
<VARIANCE> 39
 4.363210e+00 1.820012e+01 1.591618e+01 2.249730e+01 2.792140e+01 2.702730e+01 2.063482e+01 2.921916e+01 3.294327e+01 3.954351e+01 1.515456e+01 2.513526e+01 6.436951e-01 1.716394e-01 4.927115e-01 5.110090e-01 8.023226e-01 1.113448e+00 1.159004e+00 9.353446e-01 5.911337e-01 1.851104e+00 2.435127e+00 1.631324e+00 1.862688e+00 4.582537e-02 3.711798e-02 1.008102e-01 1.068322e-01 1.565290e-01 1.644358e-01 2.942463e-01 2.005944e-01 7.554205e-02 4.646010e-01 3.689941e-01 2.594322e-01 1.596899e-01 1.157894e-02
<GCONST> 7.716660e+01
<STATE> 16
<MEAN> 39
 -1.223946e+01 6.227246e+00 5.029655e+00 -1.262099e+00 1.084460e+01 7.603732e+00 -1.157411e+00 -1.698850e+01 -5.757709e+00 -9.518166e+00 -5.516068e+00 -1.178003e+01 5.700655e+01 -6.824037e-01 -5.878875e-01 -1.102773e-01 -2.942411e-01 9.858654e-02 8.817748e-01 6.990989e-01 1.415642e-02 -5.605278e-02 5.216885e-01 1.637300e-01 -4.275741e-01 -2.482816e-01 4.982749e-02 -1.754291e-01 -2.048088e-01 -4.308219e-03 4.061018e-02 -2.974853e-02 3.149243e-02 7.738532e-02 7.902381e-02 5.274037e-02 6.866443e-02 3.252999e-01 4.473269e-02
<VARIANCE> 39
 5.024216e+00 1.691876e+01 7.556705e+00 1.441539e+01 5.085934e+01 5.157032e+01 3.262841e+01 6.013869e+01 4.907003e+01 9.073633e+01 5.361754e+01 2.860748e+01 1.005625e+00 1.558460e-01 4.695003e-01 7.205502e-01 8.073653e-01 2.370782e+00 2.391711e+00 1.286445e+00 1.356761e+00 2.209553e+00 1.149801e+00 2.200556e+00 2.100817e+00 5.243374e-02 2.660171e-02 8.172116e-02 1.143932e-01 1.297481e-01 4.346169e-01 3.037347e-01 2.747649e-01 2.962787e-01 4.493024e-01 3.657489e-01 3.952299e-01 2.471332e-01 5.579459e-03
<GCONST> 8.646225e+01
<STATE> 17
<MEAN> 39
 -1.440856e+01 -6.649708e-01 2.504982e+00 -3.273242e-01 8.294426e+00 5.199769e+00 3.207351e+00 -1.158737e+01 -5.948070e+00 -1.189903e+01 -7.817221e+00 -1.401643e+01 5.740252e+01 -2.345946e-01 -3.624358e-01 -5.574077e-01 -7.291608e-02 2.445903e-01 7.416479e-01 1.178703e+00 1.341037e+00 1.363274e+00 7.369331e-01 2.028579e-02 2.090297e-01 -1.341677e-01 -8.925019e-04 3.155456e-04 -4.479475e-02 -6.438429e-02 -2.655570e-01 -3.404292e-01 -1.706353e-01 2.261510e-01 3.958025e-02 1.004832e-02 1.926214e-01 1.549262e-02 -9.938187e-03
<VARIANCE> 39
 1.077137e+00 7.703635e+00 1.068615e+01 2.592719e+01 1.963725e+01 2.578581e+01 3.312794e+01 3.904044e+01 3.737697e+01 5.201443e+01 6.427217e+01 2.511868e+01 7.715448e-01 1.374104e-01 7.014657e-01 1.030730e+00 1.169586e+00 2.264423e+00 1.256747e+00 2.487160e+00 1.679075e+00 1.787040e+00 3.078489e+00 2.190218e+00 1.054046e+00 4.637182e-02 1.710685e-02 7.600063e-02 1.193205e-01 1.390440e-01 3.215010e-01 2.006399e-01 3.693980e-01 3.708744e-01 3.731371e-01 6.198406e-01 3.013222e-01 1.926284e-01 5.429260e-03
<GCONST> 8.230338e+01
<STATE> 18
<MEAN> 39
 -1.499438e+01 -1.293400e+00 -2.848682e-01 -1.912871e+00 8.457039e+00 6.444009e+00 4.802159e+00 -6.528125e+00 -9.323981e-01 -7.364786e+00 -2.291173e+00 -1.009661e+01 5.691964e+01 -3.455688e-01 -7.774490e-01 -3.629145e-01 -1.567118e-01 -7.475423e-01 -1.050449e+00 -4.018100e-01 7.773394e-01 4.251231e-01 -1.893565e-01 4.874355e-01 7.349828e-01 -9.074192e-02 -6.475059e-02 1.745288e-03 3.084315e-01 1.258638e-01 1.885053e-02 -1.713796e-01 -1.056225e-01 -3.621968e-01 -3.911043e-01 -3.341847e-01 -2.312005e-01 -1.269533e-01 -2.362598e-02
<VARIANCE> 39
 9.559906e-01 6.994883e+00 8.723592e+00 2.767708e+01 2.129879e+01 2.057203e+01 1.864964e+01 2.973309e+01 2.359554e+01 2.359272e+01 4.691692e+01 4.366647e+01 5.672320e-01 1.883324e-01 4.113595e-01 7.576562e-01 1.122596e+00 1.765782e+00 1.160683e+00 8.898471e-01 1.962959e+00 1.301700e+00 2.078805e+00 2.133901e+00 1.728155e+00 4.905968e-02 3.200013e-02 4.031112e-02 1.273242e-01 1.407327e-01 2.989954e-01 2.729430e-01 1.841266e-01 1.909835e-01 3.140660e-01 1.640331e-01 4.894318e-01 4.388082e-01 9.035917e-03
<GCONST> 7.694686e+01
<STATE> 19
<MEAN> 39
 -1.807857e+01 -3.616401e+00 1.738623e+00 1.291779e-01 9.272625e+00 5.452856e+00 4.115182e+00 -7.714939e+00 -3.540514e+00 -1.107993e+01 -6.231892e+00 -1.182039e+01 5.547462e+01 -4.974334e-01 -6.682102e-01 3.402305e-02 2.780614e-01 7.090397e-02 4.601108e-02 4.549053e-01 3.589863e-01 2.195642e-02 7.384395e-02 -2.053345e-01 -3.174120e-01 -1.508121e-01 8.420622e-02 8.783197e-02 -2.505971e-02 -1.843950e-02 4.895551e-02 9.709337e-02 -6.748080e-03 -1.270574e-01 1.291142e-02 6.249459e-02 3.706575e-02 3.556519e-02 3.778110e-02
<VARIANCE> 39
 3.953918e+00 1.549317e+01 1.080107e+01 3.368465e+01 3.353376e+01 3.400599e+01 2.463521e+01 2.686096e+01 3.173439e+01 3.521931e+01 2.496004e+01 3.678600e+01 8.282701e-01 2.284341e-01 3.672303e-01 8.105829e-01 6.218712e-01 7.670205e-01 1.680889e+00 1.493077e+00 2.284575e+00 1.781565e+00 2.830776e+00 2.729126e+00 3.191414e+00 6.012249e-02 4.210180e-02 6.101614e-02 1.314880e-01 1.172555e-01 2.502141e-01 3.971779e-01 3.924304e-01 3.099031e-01 3.516826e-01 5.316832e-01 4.436091e-01 6.265703e-01 1.129690e-02
<GCONST> 8.617236e+01
<TRANSP> 20
 0.000000e+00 1.000000e+00 0.000000e+00 0.000000e+00 0.000000e+00 0.000000e+00 0.000000e+00 0.000000e+00 0.000000e+00 0.000000e+00 0.000000e+00 0.000000e+00 0.000000e+00 0.000000e+00 0.000000e+00 0.000000e+00 0.000000e+00 0.000000e+00 0.000000e+00 0.000000e+00
 0.000000e+00 7.330616e-01 2.669384e-01 0.000000e+00 0.000000e+00 0.000000e+00 0.000000e+00 0.000000e+00 0.000000e+00 0.000000e+00 0.000000e+00 0.000000e+00 0.000000e+00 0.000000e+00 0.000000e+00 0.000000e+00 0.000000e+00 0.000000e+00 0.000000e+00 0.000000e+00
 0.000000e+00 0.000000e+00 8.065796e-01 1.934203e-01 0.000000e+00 0.000000e+00 0.000000e+00 0.000000e+00 0.000000e+00 0.000000e+00 0.000000e+00 0.000000e+00 0.000000e+00 0.000000e+00 0.000000e+00 0.000000e+00 0.000000e+00 0.000000e+00 0.000000e+00 0.000000e+00
 0.000000e+00 0.000000e+00 0.000000e+00 6.672422e-01 3.327578e-01 0.000000e+00 0.000000e+00 0.000000e+00 0.000000e+00 0.000000e+00 0.000000e+00 0.000000e+00 0.000000e+00 0.000000e+00 0.000000e+00 0.000000e+00 0.000000e+00 0.000000e+00 0.000000e+00 0.000000e+00
 0.000000e+00 0.000000e+00 0.000000e+00 0.000000e+00 6.358616e-01 3.641384e-01 0.000000e+00 0.000000e+00 0.000000e+00 0.000000e+00 0.000000e+00 0.000000e+00 0.000000e+00 0.000000e+00 0.000000e+00 0.000000e+00 0.000000e+00 0.000000e+00 0.000000e+00 0.000000e+00
 0.000000e+00 0.000000e+00 0.000000e+00 0.000000e+00 0.000000e+00 6.249646e-01 3.750354e-01 0.000000e+00 0.000000e+00 0.000000e+00 0.000000e+00 0.000000e+00 0.000000e+00 0.000000e+00 0.000000e+00 0.000000e+00 0.000000e+00 0.000000e+00 0.000000e+00 0.000000e+00
 0.000000e+00 0.000000e+00 0.000000e+00 0.000000e+00 0.000000e+00 0.000000e+00 7.488289e-01 2.511711e-01 0.000000e+00 0.000000e+00 0.000000e+00 0.000000e+00 0.000000e+00 0.000000e+00 0.000000e+00 0.000000e+00 0.000000e+00 0.000000e+00 0.000000e+00 0.000000e+00
 0.000000e+00 0.000000e+00 0.000000e+00 0.000000e+00 0.000000e+00 0.000000e+00 0.000000e+00 8.185427e-01 1.814573e-01 0.000000e+00 0.000000e+00 0.000000e+00 0.000000e+00 0.000000e+00 0.000000e+00 0.000000e+00 0.000000e+00 0.000000e+00 0.000000e+00 0.000000e+00
 0.000000e+00 0.000000e+00 0.000000e+00 0.000000e+00 0.000000e+00 0.000000e+00 0.000000e+00 0.000000e+00 6.013368e-01 3.986631e-01 0.000000e+00 0.000000e+00 0.000000e+00 0.000000e+00 0.000000e+00 0.000000e+00 0.000000e+00 0.000000e+00 0.000000e+00 0.000000e+00
 0.000000e+00 0.000000e+00 0.000000e+00 0.000000e+00 0.000000e+00 0.000000e+00 0.000000e+00 0.000000e+00 0.000000e+00 7.030078e-01 2.969922e-01 0.000000e+00 0.000000e+00 0.000000e+00 0.000000e+00 0.000000e+00 0.000000e+00 0.000000e+00 0.000000e+00 0.000000e+00
 0.000000e+00 0.000000e+00 0.000000e+00 0.000000e+00 0.000000e+00 0.000000e+00 0.000000e+00 0.000000e+00 0.000000e+00 0.000000e+00 7.430870e-01 2.569130e-01 0.000000e+00 0.000000e+00 0.000000e+00 0.000000e+00 0.000000e+00 0.000000e+00 0.000000e+00 0.000000e+00
 0.000000e+00 0.000000e+00 0.000000e+00 0.000000e+00 0.000000e+00 0.000000e+00 0.000000e+00 0.000000e+00 0.000000e+00 0.000000e+00 0.000000e+00 7.062137e-01 2.937864e-01 0.000000e+00 0.000000e+00 0.000000e+00 0.000000e+00 0.000000e+00 0.000000e+00 0.000000e+00
 0.000000e+00 0.000000e+00 0.000000e+00 0.000000e+00 0.000000e+00 0.000000e+00 0.000000e+00 0.000000e+00 0.000000e+00 0.000000e+00 0.000000e+00 0.000000e+00 7.209207e-01 2.790792e-01 0.000000e+00 0.000000e+00 0.000000e+00 0.000000e+00 0.000000e+00 0.000000e+00
 0.000000e+00 0.000000e+00 0.000000e+00 0.000000e+00 0.000000e+00 0.000000e+00 0.000000e+00 0.000000e+00 0.000000e+00 0.000000e+00 0.000000e+00 0.000000e+00 0.000000e+00 7.331212e-01 2.668788e-01 0.000000e+00 0.000000e+00 0.000000e+00 0.000000e+00 0.000000e+00
 0.000000e+00 0.000000e+00 0.000000e+00 0.000000e+00 0.000000e+00 0.000000e+00 0.000000e+00 0.000000e+00 0.000000e+00 0.000000e+00 0.000000e+00 0.000000e+00 0.000000e+00 0.000000e+00 7.864604e-01 2.135397e-01 0.000000e+00 0.000000e+00 0.000000e+00 0.000000e+00
 0.000000e+00 0.000000e+00 0.000000e+00 0.000000e+00 0.000000e+00 0.000000e+00 0.000000e+00 0.000000e+00 0.000000e+00 0.000000e+00 0.000000e+00 0.000000e+00 0.000000e+00 0.000000e+00 0.000000e+00 7.535126e-01 2.464874e-01 0.000000e+00 0.000000e+00 0.000000e+00
 0.000000e+00 0.000000e+00 0.000000e+00 0.000000e+00 0.000000e+00 0.000000e+00 0.000000e+00 0.000000e+00 0.000000e+00 0.000000e+00 0.000000e+00 0.000000e+00 0.000000e+00 0.000000e+00 0.000000e+00 0.000000e+00 7.012380e-01 2.987620e-01 0.000000e+00 0.000000e+00
 0.000000e+00 0.000000e+00 0.000000e+00 0.000000e+00 0.000000e+00 0.000000e+00 0.000000e+00 0.000000e+00 0.000000e+00 0.000000e+00 0.000000e+00 0.000000e+00 0.000000e+00 0.000000e+00 0.000000e+00 0.000000e+00 0.000000e+00 6.379982e-01 3.620018e-01 0.000000e+00
 0.000000e+00 0.000000e+00 0.000000e+00 0.000000e+00 0.000000e+00 0.000000e+00 0.000000e+00 0.000000e+00 0.000000e+00 0.000000e+00 0.000000e+00 0.000000e+00 0.000000e+00 0.000000e+00 0.000000e+00 0.000000e+00 0.000000e+00 0.000000e+00 7.889816e-01 2.110184e-01
 0.000000e+00 0.000000e+00 0.000000e+00 0.000000e+00 0.000000e+00 0.000000e+00 0.000000e+00 0.000000e+00 0.000000e+00 0.000000e+00 0.000000e+00 0.000000e+00 0.000000e+00 0.000000e+00 0.000000e+00 0.000000e+00 0.000000e+00 0.000000e+00 0.000000e+00 0.000000e+00
<ENDHMM>
