~o
<STREAMINFO> 1 39
<VECSIZE> 39<NULLD><MFCC_D_A_0><DIAGC>
~h "kurang"
<BEGINHMM>
<NUMSTATES> 5
<STATE> 2
<MEAN> 39
 -2.909010e+00 -3.072479e+00 -7.979120e+00 -1.005509e+01 -3.330972e+00 -5.053454e+00 -5.629417e+00 -1.168408e+01 -4.150104e+00 -4.044122e+00 6.124713e+00 -3.691607e+00 6.617858e+01 8.042735e-01 -3.916603e-01 -3.725374e-01 8.570299e-02 -1.406229e-01 -1.487847e-01 -2.279779e-01 7.424729e-02 1.432189e-01 2.220251e-01 -1.367371e-02 -3.203879e-01 7.089686e-01 -1.510904e-02 -3.759138e-02 1.102041e-03 -2.388326e-03 -1.455444e-02 3.452200e-02 4.219448e-02 2.796640e-02 1.767040e-02 -1.728695e-02 -6.705443e-02 -1.624366e-02 1.323408e-02
<VARIANCE> 39
 7.181766e+01 6.696072e+01 4.315088e+01 6.352814e+01 6.466104e+01 7.418468e+01 8.382746e+01 1.003507e+02 6.715682e+01 6.949358e+01 7.072213e+01 6.934932e+01 3.482193e+01 2.386194e+00 4.678317e+00 3.298141e+00 4.366283e+00 3.416899e+00 4.657870e+00 4.458480e+00 6.551957e+00 5.220102e+00 5.571222e+00 4.147787e+00 4.829903e+00 7.331958e-01 3.395025e-01 5.779727e-01 7.099946e-01 5.885536e-01 5.478441e-01 7.897644e-01 7.045791e-01 7.917474e-01 8.480682e-01 1.066594e+00 6.328238e-01 7.207481e-01 1.370159e-01
<GCONST> 1.365646e+02
<STATE> 3
<MEAN> 39
 1.328133e+00 -8.430387e+00 -8.020856e+00 -6.171721e+00 3.202213e-01 -4.471287e+00 -4.624618e+00 -5.934321e+00 8.619078e-01 -5.737195e+00 -4.151866e+00 -1.203054e+01 7.117921e+01 -2.910778e-01 1.006049e+00 6.359732e-01 -7.447273e-02 4.108053e-01 2.943490e-01 7.211981e-02 -2.370131e-01 -3.662301e-01 -5.502872e-01 -2.515539e-01 6.811381e-02 -5.281035e-01 -4.682451e-02 6.979875e-02 4.838206e-02 6.660102e-02 3.061883e-02 -7.107211e-02 -1.473380e-02 -2.503272e-02 -1.900180e-03 5.996999e-03 6.549412e-02 3.758360e-03 -6.578551e-02
<VARIANCE> 39
 5.232277e+00 6.846844e+01 6.665186e+01 2.011349e+01 7.157543e+01 5.260509e+01 2.375175e+01 7.865996e+01 5.370248e+01 7.558454e+01 6.638721e+01 4.823082e+01 1.710030e+01 2.138343e-01 6.822543e-01 1.105118e+00 1.150561e+00 1.548358e+00 1.427815e+00 1.185004e+00 2.171224e+00 3.240589e+00 1.646359e+00 1.579181e+00 1.812225e+00 1.857703e-01 3.678424e-02 8.666224e-02 1.425274e-01 1.551629e-01 1.749009e-01 1.871468e-01 1.922097e-01 2.891265e-01 4.768658e-01 2.839685e-01 2.221746e-01 3.067530e-01 2.008982e-02
<GCONST> 9.637885e+01
<STATE> 4
<MEAN> 39
 -1.238961e+01 -3.066674e-02 3.395702e+00 8.882904e-01 5.945763e+00 -7.881812e-02 3.452484e+00 -4.260015e+00 -1.713931e+00 -1.156985e+01 -5.409344e+00 -1.060696e+01 5.869003e+01 -6.959450e-01 -4.078745e-01 2.542618e-02 1.977557e-01 4.813135e-02 1.916616e-01 4.602483e-01 3.145411e-01 1.791591e-01 9.403870e-02 3.811959e-02 7.154638e-02 -3.720491e-01 2.576270e-02 -3.908601e-02 -5.014215e-02 -3.728770e-02 -2.951773e-03 8.696955e-03 -2.838682e-02 1.212711e-02 -2.128729e-04 8.340323e-03 1.354895e-02 1.835491e-02 2.581791e-02
<VARIANCE> 39
 2.660411e+01 1.943461e+01 1.629364e+01 1.772906e+01 2.466439e+01 2.916155e+01 5.232853e+01 7.574742e+01 6.220088e+01 6.175885e+01 4.363937e+01 3.064101e+01 7.517108e+00 2.828861e-01 5.495172e-01 8.348268e-01 8.925397e-01 1.141099e+00 1.372967e+00 1.708395e+00 1.399758e+00 1.350981e+00 1.362258e+00 1.276439e+00 1.085905e+00 1.029595e-01 3.504395e-02 8.252227e-02 1.087326e-01 1.473955e-01 1.971355e-01 2.094317e-01 2.880743e-01 2.603449e-01 2.594405e-01 2.445638e-01 2.157277e-01 1.964534e-01 1.030297e-02
<GCONST> 8.750102e+01
<TRANSP> 5
 0.000000e+00 1.000000e+00 0.000000e+00 0.000000e+00 0.000000e+00
 0.000000e+00 9.606330e-01 3.936696e-02 0.000000e+00 0.000000e+00
 0.000000e+00 0.000000e+00 9.487284e-01 5.127166e-02 0.000000e+00
 0.000000e+00 0.000000e+00 0.000000e+00 9.584965e-01 4.150349e-02
 0.000000e+00 0.000000e+00 0.000000e+00 0.000000e+00 0.000000e+00
<ENDHMM>
