~o
<STREAMINFO> 1 39
<VECSIZE> 39<NULLD><MFCC_D_A_0><DIAGC>
~h "lebih"
<BEGINHMM>
<NUMSTATES> 5
<STATE> 2
<MEAN> 39
 -4.961375e+00 -2.031980e+00 3.405046e+00 -3.827818e+00 -2.212063e+00 -9.971534e+00 -1.283359e+01 -1.001753e+01 1.539461e+00 -1.889901e+00 1.645469e+00 -9.690077e+00 6.615559e+01 1.373289e+00 4.402573e-01 5.632588e-01 -7.662538e-02 -4.828300e-01 -6.547586e-01 -1.167470e+00 -4.323758e-01 -7.332730e-02 3.520994e-01 -8.777330e-03 -4.401034e-01 1.048119e+00 -1.374289e-01 -4.173358e-02 8.225269e-04 -4.341958e-02 1.157729e-01 1.767516e-01 1.892870e-01 8.539721e-02 1.113093e-02 -6.567128e-02 -3.191709e-02 -4.261900e-02 -9.677909e-02
<VARIANCE> 39
 5.128045e+01 2.509323e+01 7.464887e+01 2.495782e+01 9.055131e+01 1.012244e+02 1.215669e+02 1.407295e+02 6.031032e+01 1.125790e+02 8.792458e+01 3.309549e+01 4.492667e+01 2.883076e+00 3.608675e+00 3.958330e+00 2.404463e+00 5.222804e+00 7.481808e+00 8.183225e+00 9.477166e+00 6.955706e+00 8.709978e+00 5.666406e+00 3.513808e+00 2.348725e+00 4.039473e-01 6.365353e-01 6.130915e-01 4.673741e-01 8.202823e-01 1.276654e+00 1.064605e+00 1.590142e+00 1.279960e+00 1.574549e+00 9.821722e-01 7.593508e-01 3.922707e-01
<GCONST> 1.438389e+02
<STATE> 3
<MEAN> 39
 -5.660553e+00 2.637026e+00 1.182024e+01 -5.917333e-01 -8.896692e+00 -1.144936e+01 -7.955200e+00 -1.348900e+01 -5.730116e+00 -7.459415e+00 1.970962e+00 -8.113935e+00 6.598827e+01 -4.913202e-01 2.337318e-01 4.413149e-01 2.684477e-01 5.924057e-02 2.218627e-01 3.960456e-01 -3.155922e-01 -2.080436e-01 -3.146634e-01 1.133474e-01 4.366359e-01 -2.921083e-01 -1.621939e-02 -5.954132e-02 -8.068303e-02 -1.957636e-02 1.950920e-02 -7.188609e-03 -8.313627e-03 4.152702e-04 4.044059e-02 6.410032e-02 -1.617998e-02 4.491107e-02 7.165837e-03
<VARIANCE> 39
 1.808756e+01 1.675731e+01 1.075716e+02 5.306602e+01 1.700820e+02 5.620684e+01 4.518705e+01 9.786174e+01 6.609054e+01 6.802753e+01 1.096883e+02 4.314096e+01 1.065457e+01 5.111786e-01 9.933856e-01 2.152223e+00 2.118160e+00 7.607686e+00 4.473232e+00 2.571851e+00 2.815786e+00 3.156556e+00 2.973442e+00 3.790159e+00 2.579824e+00 6.575998e-01 8.238851e-02 1.591569e-01 2.403766e-01 3.035772e-01 1.043565e+00 7.518615e-01 4.009244e-01 3.997432e-01 4.691467e-01 4.593841e-01 5.449899e-01 4.748897e-01 9.204060e-02
<GCONST> 1.189892e+02
<STATE> 4
<MEAN> 39
 -1.576642e+01 -1.455714e+00 5.823729e+00 -1.690534e-01 4.297183e+00 -1.030487e+00 -4.432515e-01 -1.217238e+01 -2.904823e+00 -1.201361e+01 -2.965080e+00 -4.179755e+00 5.897781e+01 -3.876585e-01 -5.207743e-01 -7.317980e-01 -5.731651e-02 5.576829e-01 4.348023e-01 4.529802e-01 6.095479e-01 2.123365e-01 -1.518388e-01 -3.437322e-01 -2.273451e-01 -3.697741e-01 2.392359e-02 -6.884492e-03 -4.096018e-03 -1.305793e-02 -7.541112e-02 -3.214024e-02 -4.238724e-03 5.053478e-02 2.950350e-02 1.811683e-02 2.184411e-02 -3.671223e-02 1.491428e-02
<VARIANCE> 39
 1.902566e+01 1.845931e+01 4.199089e+01 2.512037e+01 6.024481e+01 4.938660e+01 6.081713e+01 6.662537e+01 4.429057e+01 4.956633e+01 3.646220e+01 3.162272e+01 9.963888e+00 2.122781e-01 3.910532e-01 5.830242e-01 9.968790e-01 1.346901e+00 1.062615e+00 1.272199e+00 1.602889e+00 1.530175e+00 1.925229e+00 1.864952e+00 1.458163e+00 8.682648e-02 2.921567e-02 6.801453e-02 8.364476e-02 1.680852e-01 1.648348e-01 1.672771e-01 1.924483e-01 2.358439e-01 3.033839e-01 2.752245e-01 3.200465e-01 2.638240e-01 9.900170e-03
<GCONST> 8.878574e+01
<TRANSP> 5
 0.000000e+00 1.000000e+00 0.000000e+00 0.000000e+00 0.000000e+00
 0.000000e+00 9.210527e-01 7.894730e-02 0.000000e+00 0.000000e+00
 0.000000e+00 0.000000e+00 9.531681e-01 4.683192e-02 0.000000e+00
 0.000000e+00 0.000000e+00 0.000000e+00 9.548478e-01 4.515227e-02
 0.000000e+00 0.000000e+00 0.000000e+00 0.000000e+00 0.000000e+00
<ENDHMM>
