~o
<STREAMINFO> 1 39
<VECSIZE> 39<NULLD><MFCC_D_A_0><DIAGC>
~h "nyalakan"
<BEGINHMM>
<NUMSTATES> 5
<STATE> 2
<MEAN> 39
 -6.930717e+00 -3.245747e+00 5.233563e+00 -4.913409e+00 -7.637996e+00 -1.169052e+01 -2.808935e+00 -2.037235e-01 -6.432410e+00 -1.035489e+01 2.895349e+00 -7.171136e+00 6.410198e+01 1.423187e+00 -3.618821e-01 3.007604e-01 -1.752342e-01 -8.628775e-01 -1.245617e+00 -4.073700e-03 1.058228e+00 -5.907476e-01 -1.000275e+00 -4.985620e-01 -3.402742e-02 1.640283e+00 -2.638990e-02 -3.232156e-01 -3.159222e-01 -5.300967e-02 2.079688e-01 2.229262e-01 -1.581218e-01 -1.164082e-01 2.260081e-01 4.604830e-02 -1.816697e-01 -5.531133e-02 3.776829e-02
<VARIANCE> 39
 3.981760e+01 4.601168e+01 6.588432e+01 2.745145e+01 5.864803e+01 7.681344e+01 4.761714e+01 1.615483e+02 5.671230e+01 6.404088e+01 8.095634e+01 2.409291e+01 4.373625e+01 1.775268e+00 8.199769e+00 4.411733e+00 3.132237e+00 6.242642e+00 6.020411e+00 6.259081e+00 1.007600e+01 5.810241e+00 4.998775e+00 6.511267e+00 3.728497e+00 8.608539e-01 3.549833e-01 1.093961e+00 4.285552e-01 6.873735e-01 1.324976e+00 1.310824e+00 1.379760e+00 2.092061e+00 1.056605e+00 1.064229e+00 1.061651e+00 5.462704e-01 1.851015e-01
<GCONST> 1.404162e+02
<STATE> 3
<MEAN> 39
 -1.315065e+00 -1.111661e+01 -6.282913e+00 -7.093916e+00 5.001769e-01 -6.421999e+00 -7.123321e+00 -4.597812e+00 -1.866579e-01 -8.036775e+00 -7.156563e+00 -1.196842e+01 7.121127e+01 1.372595e-02 2.109858e-01 -4.218683e-02 4.632133e-02 1.633310e-01 3.864019e-02 -1.481929e-01 -3.518066e-01 1.367735e-02 7.152325e-02 -1.345200e-01 -3.623042e-02 -1.015127e-01 -1.600733e-02 8.300751e-02 6.744042e-02 1.371347e-04 -5.555662e-02 -4.929399e-02 3.043595e-02 9.989045e-03 -4.648439e-02 -6.170081e-03 4.728414e-02 1.909712e-02 -3.772567e-02
<VARIANCE> 39
 1.779730e+01 2.788724e+01 5.532343e+01 3.121025e+01 7.923932e+01 1.112937e+02 3.917271e+01 1.415057e+02 5.125067e+01 9.060220e+01 8.288448e+01 5.762658e+01 2.552461e+01 9.958810e-01 2.108994e+00 1.682595e+00 1.846198e+00 3.217219e+00 3.972855e+00 2.435562e+00 3.870159e+00 3.246694e+00 3.507288e+00 2.120285e+00 2.586600e+00 1.288100e+00 1.350215e-01 2.396745e-01 1.846976e-01 3.105247e-01 4.367645e-01 5.641331e-01 4.312702e-01 5.026819e-01 5.829141e-01 5.538620e-01 3.965582e-01 4.624791e-01 1.315538e-01
<GCONST> 1.201783e+02
<STATE> 4
<MEAN> 39
 -9.516743e+00 7.015195e-01 2.452750e+00 -1.278862e+00 2.802793e+00 -4.193439e+00 -2.558362e+00 -1.051616e+01 -5.711999e+00 -1.283242e+01 -6.203249e+00 -1.035615e+01 6.038117e+01 -5.156997e-01 -4.737940e-02 8.999151e-03 7.080500e-02 2.306239e-01 4.408559e-01 3.659139e-01 3.142177e-02 5.509726e-02 1.433463e-01 2.180179e-01 9.909788e-03 -3.747451e-01 -1.149850e-03 -6.595451e-02 -3.660563e-02 -1.902204e-02 -9.927902e-03 1.000818e-03 2.754351e-02 5.479022e-02 3.231795e-02 1.834317e-02 8.691268e-03 -7.491196e-04 2.156572e-02
<VARIANCE> 39
 3.260880e+01 1.627423e+01 1.264631e+01 1.799936e+01 4.461535e+01 6.273677e+01 4.340434e+01 4.196571e+01 4.108673e+01 3.790891e+01 3.628472e+01 2.953666e+01 1.353524e+01 2.016166e-01 6.595670e-01 8.239954e-01 9.226501e-01 1.295630e+00 1.449013e+00 1.607209e+00 1.785624e+00 1.723748e+00 1.787658e+00 1.760800e+00 1.654243e+00 1.036128e-01 3.313871e-02 6.781065e-02 1.378630e-01 1.780990e-01 2.051336e-01 2.376804e-01 2.910460e-01 3.317030e-01 3.370880e-01 2.879426e-01 2.939841e-01 2.779555e-01 8.619756e-03
<GCONST> 9.032229e+01
<TRANSP> 5
 0.000000e+00 1.000000e+00 0.000000e+00 0.000000e+00 0.000000e+00
 0.000000e+00 9.022467e-01 9.775332e-02 0.000000e+00 0.000000e+00
 0.000000e+00 0.000000e+00 9.771789e-01 2.282112e-02 0.000000e+00
 0.000000e+00 0.000000e+00 0.000000e+00 9.691046e-01 3.089542e-02
 0.000000e+00 0.000000e+00 0.000000e+00 0.000000e+00 0.000000e+00
<ENDHMM>
