~o
<STREAMINFO> 1 39
<VECSIZE> 39<NULLD><MFCC_D_A_0><DIAGC>
~h "pasang"
<BEGINHMM>
<NUMSTATES> 5
<STATE> 2
<MEAN> 39
 -1.011319e+01 9.164689e-01 -1.147289e+01 -3.141784e+00 4.480904e+00 -7.014402e+00 -8.547915e-01 -9.077902e+00 1.706056e+00 -8.646183e+00 -3.338936e+00 -9.745013e+00 6.911742e+01 4.267059e-01 -4.355789e-02 -4.244410e-01 -3.145087e-02 3.870270e-02 -1.304146e-01 -2.071312e-01 -5.623431e-02 1.043524e-01 -7.015475e-03 -1.611019e-01 -9.635938e-02 5.686877e-01 -1.751155e-03 -5.279862e-02 2.998303e-02 1.689018e-02 3.626293e-02 3.327447e-02 -1.294588e-02 -5.308283e-03 -1.738434e-02 -2.640442e-02 7.666068e-03 1.083726e-02 -1.627930e-02
<VARIANCE> 39
 1.055190e+02 9.948882e+01 5.075450e+01 6.140435e+01 6.577113e+01 4.975734e+01 6.043213e+01 6.743504e+01 3.152936e+01 7.589845e+01 8.338152e+01 2.490647e+01 3.370340e+01 7.451885e+00 4.980848e+00 3.266876e+00 3.628466e+00 2.627474e+00 3.338538e+00 3.920202e+00 3.525756e+00 2.647824e+00 3.687368e+00 3.113020e+00 2.080148e+00 1.613412e+00 8.117348e-01 3.982737e-01 5.892867e-01 5.362378e-01 4.071954e-01 5.314348e-01 5.880033e-01 5.852193e-01 5.245162e-01 5.375105e-01 5.175183e-01 3.379250e-01 2.426918e-01
<GCONST> 1.305283e+02
<STATE> 3
<MEAN> 39
 2.078714e-01 -5.574563e+00 -4.139225e+00 -1.030894e+01 3.268627e+00 -7.918674e+00 -1.003392e+01 -9.079926e+00 -3.529238e+00 -9.895095e+00 -5.630465e+00 -1.004459e+01 6.948396e+01 7.656411e-03 3.915731e-01 1.193187e+00 -4.310991e-02 1.348986e-01 1.532518e-01 7.217306e-02 -2.215292e-01 -6.228009e-01 -3.158219e-01 -7.470822e-02 -7.972020e-02 -7.391019e-01 -6.983071e-02 9.144229e-02 1.254597e-02 3.989780e-02 -4.688406e-02 -4.618878e-02 7.128096e-02 4.887351e-03 1.903543e-02 3.549291e-02 -3.092391e-02 -2.428886e-02 -3.215633e-02
<VARIANCE> 39
 8.858587e+00 2.060208e+01 1.035341e+02 3.802134e+01 4.549966e+01 7.309481e+01 4.926115e+01 1.290416e+02 8.534808e+01 8.449757e+01 6.932535e+01 3.012427e+01 3.182724e+01 3.851919e-01 7.090421e-01 7.737190e-01 1.279697e+00 1.644349e+00 1.778281e+00 1.877240e+00 2.031660e+00 3.536783e+00 1.611117e+00 2.299824e+00 1.543807e+00 1.160874e-01 3.567567e-02 1.138210e-01 1.047399e-01 1.155366e-01 2.033132e-01 2.231715e-01 2.644909e-01 3.166234e-01 5.390031e-01 2.973863e-01 3.460569e-01 2.211466e-01 1.697671e-02
<GCONST> 1.000039e+02
<STATE> 4
<MEAN> 39
 -1.158819e+01 -1.261405e+00 7.970530e+00 -8.998801e-01 2.269282e+00 -6.308083e+00 -2.035506e+00 -8.999416e+00 -9.565242e+00 -1.492514e+01 -7.956622e+00 -7.332055e+00 5.757149e+01 -6.290556e-01 -1.579797e-01 -8.988145e-02 3.059454e-01 -1.168686e-01 3.435018e-03 2.188247e-01 2.610681e-01 1.250699e-01 2.354180e-03 9.943965e-02 2.314271e-01 -2.335924e-01 1.583097e-02 -2.006539e-02 -5.071295e-02 -2.595956e-02 4.271609e-03 -1.125700e-02 -4.127548e-02 7.296629e-04 3.500278e-02 -4.150277e-03 2.432694e-02 -6.511810e-03 2.295301e-02
<VARIANCE> 39
 2.290610e+01 1.062047e+01 2.902030e+01 2.215659e+01 4.523802e+01 4.165243e+01 4.912362e+01 8.281437e+01 5.969726e+01 6.520487e+01 4.197252e+01 6.435692e+01 4.247114e+00 2.215494e-01 4.574350e-01 7.904106e-01 1.079755e+00 1.392809e+00 1.716342e+00 2.119530e+00 1.664970e+00 2.315542e+00 2.164292e+00 2.091296e+00 1.847840e+00 7.702477e-02 2.813999e-02 7.605986e-02 1.129217e-01 1.694193e-01 2.366242e-01 2.882386e-01 3.934660e-01 2.368888e-01 4.093027e-01 3.723774e-01 3.833333e-01 3.540417e-01 1.013851e-02
<GCONST> 9.355787e+01
<TRANSP> 5
 0.000000e+00 1.000000e+00 0.000000e+00 0.000000e+00 0.000000e+00
 0.000000e+00 9.697607e-01 3.023931e-02 0.000000e+00 0.000000e+00
 0.000000e+00 0.000000e+00 9.490913e-01 5.090879e-02 0.000000e+00
 0.000000e+00 0.000000e+00 0.000000e+00 9.583988e-01 4.160117e-02
 0.000000e+00 0.000000e+00 0.000000e+00 0.000000e+00 0.000000e+00
<ENDHMM>
