~o
<STREAMINFO> 1 39
<VECSIZE> 39<NULLD><MFCC_D_A_0><DIAGC>
~h "puluh"
<BEGINHMM>
<NUMSTATES> 5
<STATE> 2
<MEAN> 39
 -6.477722e+00 -2.072055e+00 -3.027264e+00 -1.198279e+01 -4.778662e+00 -5.174875e+00 -3.475394e+00 -9.856169e+00 -6.784398e+00 -6.946770e+00 3.263079e+00 -1.952963e+00 6.228638e+01 1.932277e+00 1.096580e+00 -3.494042e-01 -1.274244e+00 -6.596113e-01 2.422114e-01 -8.393721e-01 -1.576509e+00 -1.537187e+00 8.633561e-02 1.183906e+00 5.387498e-01 1.259105e+00 -7.517454e-03 -1.133042e-01 1.513504e-02 1.140414e-01 1.948825e-01 9.209431e-02 -9.392077e-02 -8.972353e-02 2.112518e-02 2.011117e-01 7.467525e-02 -2.077184e-01 2.312441e-02
<VARIANCE> 39
 1.010278e+02 7.124489e+01 2.394551e+01 7.502023e+01 6.432935e+01 4.413763e+01 4.525982e+01 8.993023e+01 8.683361e+01 4.296207e+01 4.454063e+01 2.600253e+01 3.298203e+01 4.078607e+00 5.573755e+00 1.797610e+00 5.954866e+00 5.032021e+00 5.162327e+00 3.749339e+00 4.890124e+00 4.404716e+00 6.440608e+00 4.711468e+00 2.488524e+00 1.011684e+00 8.210381e-01 1.021615e+00 2.830889e-01 1.198318e+00 7.790403e-01 9.208968e-01 5.824297e-01 8.819531e-01 8.948618e-01 1.065532e+00 7.292405e-01 5.940658e-01 1.867272e-01
<GCONST> 1.357516e+02
<STATE> 3
<MEAN> 39
 1.463462e+00 1.370179e+00 -2.441480e+00 -1.227125e+01 1.433148e+00 -3.644273e+00 -1.398854e+01 -1.891254e+01 -1.006307e+01 -7.691706e-01 1.224994e+01 -3.911597e+00 6.898555e+01 -4.120443e-01 -2.863153e-02 1.482283e-01 5.876138e-01 3.794609e-01 -2.066774e-01 1.117294e-02 1.023390e-01 5.219428e-01 -1.257832e-01 -2.809587e-01 -7.632960e-02 -2.635306e-01 -4.752724e-02 2.757800e-02 1.974058e-02 -4.014751e-03 -4.327213e-02 -4.594439e-03 1.099434e-01 7.282260e-02 1.045605e-02 -1.140037e-01 -8.026140e-02 5.580269e-02 -4.858581e-02
<VARIANCE> 39
 1.268341e+01 2.271167e+01 5.674599e+01 5.842962e+01 9.746709e+01 4.924053e+01 1.223962e+02 7.989395e+01 9.245853e+01 5.285114e+01 6.824723e+01 3.457051e+01 1.024545e+01 2.852930e-01 9.073281e-01 1.261342e+00 2.595890e+00 1.931758e+00 2.309642e+00 3.390415e+00 2.376944e+00 2.127223e+00 3.281022e+00 2.056809e+00 1.918785e+00 2.414080e-01 3.452645e-02 1.223393e-01 1.951721e-01 3.765294e-01 2.935217e-01 4.469799e-01 5.051236e-01 4.105406e-01 3.503634e-01 6.146350e-01 4.417095e-01 3.068209e-01 2.853912e-02
<GCONST> 1.082372e+02
<STATE> 4
<MEAN> 39
 -1.323411e+01 -3.455001e+00 -8.750492e-01 -1.033125e+00 6.749083e+00 3.158533e-01 1.788072e-01 -9.995860e+00 -3.974725e+00 -8.942616e+00 2.134645e-01 -6.072443e+00 5.889616e+01 -6.176560e-01 -4.267595e-01 -2.916904e-03 2.593010e-01 1.491523e-01 3.118977e-01 6.724135e-01 6.888646e-01 2.961884e-01 -1.023295e-01 -4.115022e-01 -3.068957e-01 -3.466998e-01 2.919661e-02 1.268224e-02 -9.396616e-03 -4.148258e-02 -2.481182e-02 2.435279e-03 1.390123e-03 4.216328e-02 4.512116e-02 3.225239e-02 3.899236e-02 2.051611e-02 1.952021e-02
<VARIANCE> 39
 2.223698e+01 1.708015e+01 1.605748e+01 2.381919e+01 4.105193e+01 2.662589e+01 5.395058e+01 5.716235e+01 5.488424e+01 3.088589e+01 4.001922e+01 4.557137e+01 7.551201e+00 1.974841e-01 2.384917e-01 4.606587e-01 8.304538e-01 1.055660e+00 1.050394e+00 1.245139e+00 1.610335e+00 1.512763e+00 1.310171e+00 1.298013e+00 1.277267e+00 6.357543e-02 2.267309e-02 4.423435e-02 6.833630e-02 1.321879e-01 1.715717e-01 2.052692e-01 2.295751e-01 2.667891e-01 2.468208e-01 2.317546e-01 2.111209e-01 2.210758e-01 6.871533e-03
<GCONST> 8.212005e+01
<TRANSP> 5
 0.000000e+00 1.000000e+00 0.000000e+00 0.000000e+00 0.000000e+00
 0.000000e+00 9.121888e-01 8.781127e-02 0.000000e+00 0.000000e+00
 0.000000e+00 0.000000e+00 9.569805e-01 4.301951e-02 0.000000e+00
 0.000000e+00 0.000000e+00 0.000000e+00 9.573560e-01 4.264406e-02
 0.000000e+00 0.000000e+00 0.000000e+00 0.000000e+00 0.000000e+00
<ENDHMM>
