~o
<STREAMINFO> 1 39
<VECSIZE> 39<NULLD><MFCC_D_A_0><DIAGC>
~h "setengah"
<BEGINHMM>
<NUMSTATES> 5
<STATE> 2
<MEAN> 39
 -1.293466e+01 -3.062980e-01 -8.293795e+00 -4.238005e+00 7.558770e-01 -1.093551e+01 -2.494663e+00 -8.598213e+00 4.092688e+00 -5.601026e+00 -4.891620e-02 -9.289679e+00 6.520604e+01 6.667956e-01 -4.402882e-03 -1.611078e-01 -1.856832e-01 7.951303e-03 -2.376523e-01 -3.570571e-01 -1.546945e-01 3.445615e-02 1.560857e-01 -2.406916e-01 -3.148898e-01 5.605865e-01 3.621376e-02 2.452406e-02 4.933504e-02 -7.733312e-03 -4.971858e-03 1.459828e-02 -1.619071e-02 1.770099e-02 -5.805267e-02 -5.275519e-04 1.369568e-02 5.297858e-02 -1.649525e-02
<VARIANCE> 39
 9.924889e+01 4.728435e+01 2.826209e+01 3.705901e+01 5.216125e+01 8.455596e+01 1.000706e+02 6.483651e+01 4.486766e+01 5.754292e+01 6.067879e+01 3.647552e+01 3.656699e+01 5.578112e+00 2.972191e+00 2.172898e+00 2.710170e+00 2.896828e+00 4.192457e+00 5.749599e+00 3.422798e+00 2.664222e+00 3.937412e+00 3.316734e+00 3.107165e+00 2.214571e+00 8.685257e-01 3.563802e-01 3.885158e-01 4.561123e-01 5.592580e-01 6.462075e-01 9.163998e-01 5.062822e-01 4.583982e-01 6.916814e-01 5.947589e-01 6.354713e-01 4.060608e-01
<GCONST> 1.312363e+02
<STATE> 3
<MEAN> 39
 1.044202e+00 -7.007633e+00 -4.307789e+00 -7.879526e+00 1.218888e+00 -6.882205e+00 -6.362288e+00 -7.170316e+00 1.032675e+00 -9.019621e+00 -5.633880e+00 -6.918675e+00 7.083071e+01 -1.319036e-01 -7.974066e-02 1.797788e-01 4.325204e-01 1.968886e-01 3.406999e-02 4.665944e-02 9.396878e-02 1.270631e-03 -7.160067e-01 -2.142104e-01 3.634107e-01 -9.541918e-02 -7.056961e-02 -2.837878e-02 -3.162068e-02 3.619532e-02 2.995801e-02 -2.611322e-02 2.939663e-02 9.522194e-04 5.563949e-02 -1.465872e-02 1.233411e-02 -4.140428e-02 -2.065989e-02
<VARIANCE> 39
 6.207668e+00 5.769170e+01 5.312369e+01 4.073079e+01 6.409801e+01 6.021798e+01 6.211550e+01 1.073973e+02 6.721022e+01 8.708971e+01 7.698004e+01 5.539465e+01 1.254626e+01 2.475865e-01 2.252933e+00 1.500484e+00 1.717574e+00 2.155358e+00 2.150535e+00 1.750993e+00 2.643522e+00 2.912133e+00 1.474509e+00 2.101110e+00 2.260705e+00 6.035594e-01 3.949380e-02 2.199667e-01 1.928243e-01 2.038087e-01 3.119989e-01 2.567419e-01 2.590059e-01 3.958626e-01 3.954490e-01 2.260928e-01 3.127541e-01 3.413709e-01 5.946929e-02
<GCONST> 1.075447e+02
<STATE> 4
<MEAN> 39
 -1.256296e+01 -9.077241e+00 -1.325952e+00 3.273688e+00 9.199812e+00 -3.561788e+00 2.266336e+00 -2.897853e+00 1.173988e+00 -1.749684e+01 -6.921525e+00 -6.857608e+00 6.197668e+01 -6.548995e-01 1.262847e-01 7.355262e-02 -1.090169e-01 -3.847273e-02 5.167576e-01 5.484255e-01 5.236724e-02 -2.264099e-01 4.231607e-01 3.822241e-01 -1.463871e-01 -5.875430e-01 3.275228e-02 -1.458464e-02 -2.171986e-02 -6.782248e-02 -6.996093e-02 3.400509e-02 -3.527014e-02 -2.846673e-02 -2.282272e-02 6.830244e-02 -1.344410e-02 -4.744032e-03 2.555412e-02
<VARIANCE> 39
 2.313778e+01 1.949570e+01 1.581699e+01 2.418245e+01 3.459245e+01 5.831691e+01 6.117594e+01 4.522647e+01 8.114408e+01 8.133839e+01 4.262074e+01 3.914155e+01 2.698986e+01 2.421835e-01 5.324184e-01 6.385643e-01 1.081399e+00 1.056093e+00 1.461935e+00 1.867229e+00 1.733993e+00 1.495675e+00 1.888728e+00 2.269851e+00 2.203422e+00 1.467391e-01 2.601634e-02 6.480372e-02 1.061034e-01 1.412872e-01 1.831311e-01 2.042340e-01 3.255487e-01 2.953714e-01 2.584752e-01 2.732170e-01 3.869281e-01 3.709604e-01 1.036810e-02
<GCONST> 9.332587e+01
<TRANSP> 5
 0.000000e+00 1.000000e+00 0.000000e+00 0.000000e+00 0.000000e+00
 0.000000e+00 9.649171e-01 3.508294e-02 0.000000e+00 0.000000e+00
 0.000000e+00 0.000000e+00 9.606442e-01 3.935574e-02 0.000000e+00
 0.000000e+00 0.000000e+00 0.000000e+00 9.579002e-01 4.209976e-02
 0.000000e+00 0.000000e+00 0.000000e+00 0.000000e+00 0.000000e+00
<ENDHMM>
