~o
<STREAMINFO> 1 39
<VECSIZE> 39<NULLD><MFCC_D_A_0><DIAGC>
~h "enam"
<BEGINHMM>
<NUMSTATES> 20
<STATE> 2
<MEAN> 39
 -1.702524e+01 -5.895384e+00 -1.492910e+00 -3.312179e+00 9.266526e-01 -3.540289e+00 1.047858e+00 -5.723226e+00 5.713730e-02 -7.054560e+00 -9.685032e-01 -6.838553e+00 5.680895e+01 9.622206e-02 -1.665960e-02 2.745847e-02 7.763406e-02 2.097066e-01 1.128836e-01 -1.547326e-02 9.240963e-02 9.565409e-02 -1.023617e-01 -2.540052e-01 2.944627e-02 6.106705e-02 2.019911e-01 -6.648988e-02 -6.325869e-02 -3.590426e-02 -6.636512e-02 -1.930860e-01 -1.736022e-01 7.691033e-02 7.364915e-02 -2.222691e-02 -5.975627e-03 1.843964e-01 1.495216e-01
<VARIANCE> 39
 1.245114e+00 3.156291e+00 6.414039e+00 6.989295e+00 8.929156e+00 9.091033e+00 1.455056e+01 1.322584e+01 1.234618e+01 1.184206e+01 1.149102e+01 1.072115e+01 3.083161e-01 1.900246e-01 5.529436e-01 1.223733e+00 9.361914e-01 1.165259e+00 1.095004e+00 1.451542e+00 1.603578e+00 1.175329e+00 1.452123e+00 1.339383e+00 1.552933e+00 5.978784e-02 1.075258e-01 2.050730e-01 2.761473e-01 2.603168e-01 3.463998e-01 3.334995e-01 3.427047e-01 3.518976e-01 3.977770e-01 3.666424e-01 3.280822e-01 2.787302e-01 6.453517e-02
<GCONST> 7.477023e+01
<STATE> 3
<MEAN> 39
 -1.383598e+01 -7.666348e+00 -3.674928e+00 -4.852794e+00 -6.885867e-01 -7.274517e+00 -2.699235e+00 -4.079741e+00 2.553833e+00 -7.866233e+00 -3.008678e+00 -5.486339e+00 5.933702e+01 2.462969e+00 1.418078e-01 3.752909e-01 2.872929e-01 -6.009412e-01 -1.513986e+00 -1.907468e+00 -1.861958e-01 2.888399e-01 -1.192851e+00 -1.219324e+00 8.029805e-01 1.948571e+00 6.460412e-01 3.501449e-01 3.523057e-01 1.581879e-01 -1.359782e-01 -2.153620e-01 -3.417995e-01 -3.479192e-01 -1.997988e-01 -3.216595e-01 -2.339826e-01 -6.987198e-02 4.728124e-01
<VARIANCE> 39
 1.023934e+01 3.016231e+01 3.396745e+01 3.648656e+01 5.131936e+01 4.674735e+01 3.773981e+01 3.305109e+01 4.518853e+01 3.588503e+01 4.289478e+01 2.816482e+01 6.196016e+00 1.599256e+00 5.162287e+00 3.743397e+00 3.027887e+00 5.606511e+00 5.556740e+00 6.038703e+00 5.441537e+00 5.665718e+00 9.012715e+00 6.010006e+00 2.968727e+00 1.354310e+00 1.629842e-01 4.161709e-01 2.321815e-01 5.159175e-01 8.257685e-01 7.755588e-01 8.211364e-01 8.873640e-01 1.112603e+00 1.052382e+00 7.659197e-01 6.409763e-01 1.871422e-01
<GCONST> 1.265392e+02
<STATE> 4
<MEAN> 39
 -1.224644e+00 -7.129965e+00 4.336410e-01 -3.381070e+00 -2.172618e+00 -1.206081e+01 -1.088712e+01 -5.882346e+00 2.163548e+00 -1.269776e+01 -8.856080e+00 -3.639261e+00 7.039309e+01 2.209986e+00 1.224372e+00 1.012058e+00 2.297828e-01 -6.730254e-01 -9.111070e-01 -9.076050e-01 -1.076033e+00 -2.735548e-01 -2.476007e-01 9.758845e-02 3.187575e-01 1.322457e+00 -6.871206e-01 2.702405e-01 1.450462e-02 -5.884657e-02 1.109049e-01 4.305315e-01 6.569957e-01 -5.065311e-02 -2.156328e-01 4.390671e-01 5.729865e-01 -9.609403e-02 -7.057777e-01
<VARIANCE> 39
 1.048879e+01 6.450123e+01 6.930298e+01 2.993839e+01 8.276655e+01 8.470181e+01 9.015073e+01 9.057698e+01 3.929311e+01 1.575359e+02 6.226279e+01 3.387003e+01 2.452683e+01 2.150176e+00 4.160115e+00 2.195221e+00 3.892691e+00 4.414228e+00 3.992152e+00 4.062304e+00 5.332181e+00 3.725375e+00 5.427655e+00 5.049404e+00 3.672960e+00 2.792889e+00 1.517889e-01 8.744837e-01 4.104154e-01 5.908295e-01 6.312019e-01 6.614918e-01 7.104550e-01 6.428657e-01 5.056622e-01 1.182139e+00 4.831897e-01 4.550136e-01 1.939367e-01
<GCONST> 1.317514e+02
<STATE> 5
<MEAN> 39
 5.154498e-01 4.195533e+00 8.492053e+00 6.443377e-01 -2.904382e+00 -1.183855e+01 -5.252108e+00 -1.001520e+01 -3.944206e+00 -5.532986e+00 2.507611e+00 -6.248055e-01 6.755114e+01 2.537594e-01 8.104788e-01 4.537598e-01 4.030583e-01 -3.397020e-01 -5.099108e-01 -1.026216e-01 -2.539593e-01 -4.986891e-01 -1.768635e-01 6.284931e-01 1.162081e-01 -1.599439e-01 -1.894702e-01 -1.933193e-01 -1.344753e-01 -1.253967e-01 3.891631e-03 4.467231e-02 3.127638e-02 1.543577e-01 1.235568e-01 -4.558572e-02 -8.516544e-02 -6.632850e-02 -5.167024e-02
<VARIANCE> 39
 3.470344e+00 3.247776e+01 2.561958e+01 1.159284e+01 3.999139e+01 4.043607e+01 3.020312e+01 5.291700e+01 4.415243e+01 6.459548e+01 8.089507e+01 2.510939e+01 9.717780e+00 2.517598e-01 9.859695e-01 7.778186e-01 1.053276e+00 1.279855e+00 8.629512e-01 1.209479e+00 1.841401e+00 1.776963e+00 1.938023e+00 1.391182e+00 2.055233e+00 3.597764e-01 6.625147e-02 1.294734e-01 1.365442e-01 1.387479e-01 1.654225e-01 1.825785e-01 1.822452e-01 2.516501e-01 1.659583e-01 2.709959e-01 2.945650e-01 2.294526e-01 2.677227e-02
<GCONST> 9.055602e+01
<STATE> 6
<MEAN> 39
 2.159257e+00 2.293254e+00 2.367355e+00 -3.987837e+00 -6.136280e+00 -1.309483e+01 -1.035422e+01 -9.793309e+00 1.013193e+00 -1.785866e+01 -8.549653e+00 -3.305384e+00 6.855432e+01 3.477749e-02 5.264101e-01 4.063430e-02 -4.077296e-01 -2.436097e-01 3.015185e-01 2.405206e-01 -2.651320e-01 3.574648e-02 4.528088e-01 8.826058e-02 -3.849490e-01 -1.088749e-01 -1.490106e-02 -3.129935e-01 -2.703958e-01 9.578385e-02 2.495392e-01 -4.120378e-02 -2.429281e-01 7.968109e-02 1.999162e-01 2.155132e-01 -5.924592e-02 -1.297084e-01 7.599203e-02
<VARIANCE> 39
 3.159891e+00 1.864711e+01 1.858929e+01 1.791582e+01 2.204055e+01 6.507040e+01 5.706277e+01 7.903706e+01 3.156361e+01 5.478862e+01 9.243456e+01 8.733494e+01 4.187164e+00 8.698032e-02 5.868421e-01 5.853359e-01 9.697756e-01 8.584166e-01 1.190236e+00 1.718966e+00 1.567234e+00 1.951040e+00 1.889140e+00 1.003092e+00 1.781444e+00 5.327648e-02 2.480960e-02 7.712623e-02 1.971241e-01 2.358994e-01 1.635772e-01 2.026669e-01 2.653110e-01 3.731952e-01 4.102345e-01 2.482276e-01 2.049660e-01 2.002405e-01 1.829576e-02
<GCONST> 8.702686e+01
<STATE> 7
<MEAN> 39
 1.750318e+00 3.546755e+00 3.259836e+00 -2.009749e+00 -3.951454e+00 -1.404851e+01 -1.053598e+01 -1.057308e+01 -4.397376e-01 -8.503305e+00 -1.330570e+00 -5.973622e+00 6.798593e+01 3.025544e-01 -2.462433e+00 -2.421779e+00 -9.127519e-01 2.103738e+00 3.682916e-01 -1.058463e+00 1.740996e+00 1.266958e+00 1.244110e+00 -3.807906e-02 -1.095010e+00 1.049440e+00 7.225830e-02 -9.952675e-01 -6.903951e-01 -3.372386e-01 5.680829e-01 4.016360e-01 2.562203e-01 8.014415e-01 6.446640e-03 -4.020103e-01 -4.161841e-01 6.053895e-03 4.159036e-01
<VARIANCE> 39
 3.833973e+00 1.918198e+01 3.791920e+01 2.978331e+01 2.242399e+01 4.062223e+01 4.799495e+01 4.844875e+01 5.344323e+01 7.232900e+01 1.513391e+02 7.603648e+01 5.172231e+00 2.798704e-01 2.505867e+00 2.810351e+00 3.109021e+00 2.619208e+00 3.225775e+00 1.787812e+00 5.676113e+00 4.709417e+00 3.995888e+00 4.155351e+00 5.332865e+00 6.106911e-01 4.870990e-02 1.588347e-01 3.035170e-01 4.067305e-01 3.932595e-01 2.937331e-01 4.444331e-01 6.488518e-01 1.057471e+00 7.797133e-01 7.219394e-01 7.412942e-01 5.007660e-02
<GCONST> 1.144606e+02
<STATE> 8
<MEAN> 39
 2.685706e+00 -1.034544e+01 -7.761984e+00 -5.873445e+00 4.836531e+00 -9.593103e+00 -1.124278e+01 -5.876712e-01 3.946352e+00 -9.757644e+00 -5.701369e+00 -8.289585e+00 7.363922e+01 4.368753e-02 -2.997007e+00 -2.165668e+00 -4.387694e-01 1.721511e+00 1.368473e+00 1.185068e+00 2.056041e+00 -2.185569e-01 -1.041523e+00 -1.195264e+00 -4.690284e-01 1.215895e+00 -1.086143e-01 8.027024e-01 7.435408e-01 2.162336e-01 -6.243895e-01 -9.331522e-02 3.233937e-01 -7.217880e-01 -3.964323e-01 -1.834376e-01 1.673779e-01 2.400868e-01 -3.218699e-01
<VARIANCE> 39
 4.272679e+00 2.540703e+01 5.504653e+01 2.183683e+01 7.235478e+01 4.789657e+01 5.876778e+01 1.367129e+02 8.735835e+01 1.343915e+02 1.205756e+02 3.987164e+01 9.905575e+00 2.779576e-01 2.680878e+00 3.212009e+00 3.230656e+00 4.050642e+00 3.390019e+00 3.100115e+00 4.605686e+00 5.174483e+00 2.858716e+00 6.172215e+00 4.658912e+00 3.890328e-01 5.655223e-02 3.053644e-01 4.030275e-01 3.692935e-01 2.842117e-01 5.590910e-01 7.070099e-01 8.181003e-01 8.762159e-01 7.364685e-01 7.086855e-01 8.114898e-01 4.622232e-02
<GCONST> 1.207566e+02
<STATE> 9
<MEAN> 39
 2.650367e+00 -1.189875e+01 -6.162138e+00 -8.487203e+00 1.211590e+01 -6.129963e+00 -1.153612e+01 3.891275e-01 -2.594983e+00 -1.039667e+01 -3.098929e+00 -1.269214e+01 7.564586e+01 2.848501e-02 9.448056e-01 3.564937e-01 -4.789636e-02 -4.682366e-01 3.759882e-01 -1.002630e-01 -1.821884e+00 -6.020805e-01 -1.598692e-01 2.497248e-01 6.379811e-02 -3.887031e-01 7.513154e-03 4.188347e-01 2.047753e-01 8.887619e-02 -3.725116e-01 -1.844676e-01 -1.614810e-01 -1.746784e-01 -6.717448e-02 6.564417e-02 1.672094e-01 5.878786e-02 -2.137791e-01
<VARIANCE> 39
 2.346918e+00 1.914828e+01 1.057085e+02 2.140205e+01 4.446358e+01 3.013105e+01 5.473309e+01 1.582095e+02 4.903647e+01 1.186387e+02 1.727854e+02 2.010564e+01 8.734818e+00 1.092962e-01 1.841210e+00 1.356640e+00 1.310942e+00 1.714915e+00 1.588873e+00 1.820255e+00 1.861698e+00 2.655092e+00 2.189142e+00 1.756274e+00 1.155682e+00 3.791166e-01 2.083204e-02 2.053311e-01 2.534214e-01 1.830588e-01 3.003410e-01 2.392462e-01 5.140857e-01 5.626467e-01 3.567844e-01 3.414518e-01 4.928485e-01 2.148871e-01 2.522003e-02
<GCONST> 1.007265e+02
<STATE> 10
<MEAN> 39
 2.608776e+00 -9.891214e+00 -9.457503e+00 -5.639396e+00 -7.627475e-01 -4.297837e+00 -5.593442e+00 -1.034438e+01 4.137558e+00 -1.049972e+01 -2.851993e+00 -5.751110e+00 7.325285e+01 3.055784e-02 7.918555e-01 2.873356e-01 -1.624963e-01 -6.732572e-02 2.271221e-01 6.418031e-03 -1.001670e+00 -5.579237e-01 6.464343e-02 6.039745e-01 2.092691e-01 -3.467843e-01 -1.317843e-02 1.352708e-01 1.581667e-01 5.756835e-02 7.811800e-02 -1.864960e-02 1.121289e-02 -5.575025e-02 -7.939754e-02 -2.944835e-02 -5.960191e-02 2.752279e-02 -3.772937e-02
<VARIANCE> 39
 1.324265e+00 2.798030e+01 2.676688e+01 3.252239e+01 2.362671e+01 5.271531e+01 2.932157e+01 8.931525e+01 5.939718e+01 4.189966e+01 5.483737e+01 3.132801e+01 9.545310e+00 1.117177e-01 8.183498e-01 1.123337e+00 8.556538e-01 1.057751e+00 7.083395e-01 1.404496e+00 2.195275e+00 2.462623e+00 1.094092e+00 1.172688e+00 1.645711e+00 2.192308e-01 2.288552e-02 7.005958e-02 1.355643e-01 1.725343e-01 7.358430e-02 1.432190e-01 1.542292e-01 2.825966e-01 2.558247e-01 2.326131e-01 3.176498e-01 1.979731e-01 1.685932e-02
<GCONST> 8.556955e+01
<STATE> 11
<MEAN> 39
 9.976252e-01 8.193404e-01 -6.299845e+00 -9.697618e+00 1.983382e+00 -6.824403e+00 -1.063828e+01 -1.723385e+01 -1.112179e+01 -1.854205e+01 -1.031807e+01 -1.439053e+01 6.752185e+01 -4.060543e-01 7.172799e-01 9.677830e-01 3.295192e-01 -4.668855e-01 1.845720e-01 9.954043e-02 -4.712486e-01 -6.885110e-01 -4.750598e-02 1.199341e-01 1.861381e-01 -5.222929e-01 -2.786951e-02 -1.830595e-01 -5.863447e-02 9.058511e-02 1.764730e-01 7.277530e-02 3.679024e-02 5.690267e-02 1.944711e-01 2.706853e-02 -6.878914e-02 -8.746643e-04 5.334063e-02
<VARIANCE> 39
 4.908586e+00 4.738521e+00 1.288852e+01 1.047993e+01 1.159138e+01 1.961969e+01 2.948359e+01 2.787638e+01 3.322808e+01 4.372400e+01 7.347240e+01 5.230133e+01 4.368970e+00 1.360645e-01 6.481841e-01 8.496735e-01 1.237345e+00 1.619305e+00 1.508880e+00 1.850160e+00 2.365077e+00 1.390669e+00 1.750057e+00 1.408148e+00 1.303187e+00 5.019656e-02 1.084550e-02 7.780018e-02 1.746214e-01 1.345405e-01 2.307305e-01 2.331942e-01 4.399377e-01 4.742879e-01 2.447553e-01 3.366715e-01 1.993212e-01 2.337912e-01 7.824237e-03
<GCONST> 8.164299e+01
<STATE> 12
<MEAN> 39
 1.325922e+00 2.369569e+00 8.195774e-01 -3.592853e+00 2.967254e+00 -2.364955e+00 -6.078610e+00 -1.692052e+01 -6.865792e+00 -1.022352e+01 5.331617e-01 -3.656190e+00 6.757940e+01 -6.108347e-01 6.674373e-01 6.799185e-01 6.779318e-01 3.355557e-01 1.078617e-01 5.427001e-01 7.422742e-02 -2.402616e-01 -1.749926e-01 -3.317542e-01 -1.619992e-01 -6.872737e-01 -1.496703e-01 -1.425425e-01 -9.334178e-02 -3.698384e-02 1.046186e-02 1.984235e-02 4.491731e-02 2.084756e-01 2.117034e-01 1.217107e-01 5.006513e-02 -8.852548e-02 -4.420377e-02
<VARIANCE> 39
 3.792106e+00 1.334368e+01 1.419785e+01 9.914091e+00 1.063819e+01 2.705383e+01 5.136029e+01 3.018859e+01 4.679789e+01 2.003285e+01 4.676757e+01 1.748699e+01 4.091552e+00 2.038290e-01 3.746478e-01 4.287660e-01 5.911713e-01 6.160207e-01 5.672355e-01 1.691399e+00 1.881068e+00 1.888666e+00 1.280706e+00 1.340396e+00 1.391250e+00 7.836411e-02 1.161086e-02 6.960576e-02 7.695771e-02 1.004290e-01 8.418536e-02 1.507703e-01 3.185048e-01 1.856735e-01 3.276432e-01 2.381596e-01 2.141207e-01 2.329161e-01 8.917198e-03
<GCONST> 7.419005e+01
<STATE> 13
<MEAN> 39
 -4.192532e+00 5.694994e+00 4.677740e+00 1.012751e+00 5.172694e+00 -1.057540e+00 -2.011940e+00 -1.528099e+01 -6.439087e+00 -1.054950e+01 -1.413942e+00 -4.826165e+00 6.266202e+01 -7.944773e-01 8.338322e-02 5.178515e-01 6.218591e-01 4.689071e-01 4.969313e-01 3.909954e-01 6.698988e-02 2.646454e-01 -2.044328e-01 -4.274342e-01 -2.244594e-01 -5.428382e-01 4.915957e-03 -1.126676e-01 -9.934809e-02 -1.923565e-01 -4.526213e-02 -1.377388e-01 -1.396738e-01 1.571696e-02 -5.938064e-02 3.167848e-02 4.396440e-02 -1.105923e-01 3.375719e-02
<VARIANCE> 39
 2.411427e+00 8.359452e+00 1.161660e+01 2.644108e+01 1.848082e+01 2.611189e+01 3.748480e+01 2.438692e+01 3.136613e+01 2.981323e+01 4.993613e+01 4.319144e+01 1.485605e+00 1.989126e-01 4.586007e-01 8.418711e-01 9.758260e-01 8.826612e-01 9.826702e-01 1.921753e+00 1.215544e+00 2.081666e+00 1.097072e+00 1.221848e+00 2.268901e+00 6.026274e-02 2.374743e-02 9.860618e-02 1.775867e-01 2.134086e-01 1.381823e-01 1.121416e-01 2.686538e-01 2.690386e-01 3.868386e-01 2.641284e-01 3.057156e-01 3.905301e-01 6.560771e-03
<GCONST> 7.991245e+01
<STATE> 14
<MEAN> 39
 -7.727932e+00 3.038867e+00 2.774006e+00 -2.732584e+00 1.892768e+00 -4.713390e+00 -5.375398e+00 -1.642460e+01 -9.241964e+00 -1.304534e+01 -5.745338e+00 -1.197749e+01 6.094252e+01 -9.874908e-01 -4.726387e-01 -1.065981e-01 -1.138444e-01 -3.719960e-01 -8.028476e-02 8.132723e-01 1.049833e+00 5.834693e-01 7.997193e-01 4.271558e-01 -2.109523e-02 -5.496467e-01 6.285410e-02 -3.586746e-02 -7.653797e-02 3.650403e-02 -1.191348e-02 8.476475e-02 1.425505e-02 1.967408e-02 3.897736e-02 -4.631283e-02 -7.273958e-02 1.235042e-01 4.830810e-02
<VARIANCE> 39
 3.615459e+00 9.172868e+00 1.225536e+01 1.489823e+01 1.751919e+01 2.677593e+01 2.730503e+01 3.576850e+01 6.015268e+01 3.720822e+01 3.894315e+01 3.102976e+01 1.458417e+00 1.340723e-01 4.343897e-01 5.922014e-01 7.984096e-01 8.138120e-01 1.202840e+00 1.499310e+00 1.619302e+00 1.257388e+00 1.010699e+00 1.571333e+00 9.405328e-01 8.185412e-02 2.291971e-02 7.404135e-02 1.178272e-01 1.001358e-01 1.601948e-01 2.175403e-01 2.818232e-01 3.679893e-01 1.989080e-01 2.212264e-01 2.375254e-01 1.818403e-01 5.883547e-03
<GCONST> 7.616678e+01
<STATE> 15
<MEAN> 39
 -1.100075e+01 1.727870e+00 5.341057e+00 2.957820e+00 7.499072e+00 1.390685e+00 2.384297e+00 -8.817588e+00 -3.847841e+00 -9.552208e+00 -1.331383e+00 -6.765145e+00 5.919469e+01 -5.307760e-01 -4.648781e-01 -1.523542e-01 6.486010e-02 -6.693300e-02 -1.587852e-01 2.733737e-01 7.206355e-01 3.538932e-01 1.301180e-02 -3.147032e-01 -2.634040e-01 -2.490533e-01 8.058861e-02 3.931750e-02 -1.587914e-02 -6.317061e-02 -1.085551e-01 -6.477798e-02 -2.578869e-02 -3.914604e-02 -3.093340e-02 1.110261e-02 3.009469e-02 1.197660e-03 3.813719e-02
<VARIANCE> 39
 3.103196e+00 7.020455e+00 1.124276e+01 1.839933e+01 3.005711e+01 2.741400e+01 1.606921e+01 3.193959e+01 3.757370e+01 2.624924e+01 2.070471e+01 1.260143e+01 8.346598e-01 1.897226e-01 3.902495e-01 6.222194e-01 6.930770e-01 1.034028e+00 9.458973e-01 6.751670e-01 1.506645e+00 1.361233e+00 1.313906e+00 1.544347e+00 9.776882e-01 6.906471e-02 2.455789e-02 7.221734e-02 1.263659e-01 1.745227e-01 2.146982e-01 1.991099e-01 1.589253e-01 2.428054e-01 2.340896e-01 2.496112e-01 2.586131e-01 1.302973e-01 8.978051e-03
<GCONST> 7.269466e+01
<STATE> 16
<MEAN> 39
 -1.297526e+01 -6.401770e-01 2.265100e+00 -5.940726e-01 3.296856e+00 -2.254629e+00 1.887476e+00 -9.497489e+00 -5.181507e+00 -1.146014e+01 -3.939728e+00 -8.251698e+00 5.874079e+01 -3.177447e-01 -2.244076e-01 -5.582269e-01 -9.060766e-01 -7.298366e-01 1.301896e-01 2.492752e-01 -1.204404e-01 -2.994680e-01 -3.594565e-01 4.920745e-01 8.758533e-01 -1.326877e-01 2.482154e-02 2.769773e-02 -4.889932e-02 -2.007569e-01 -1.421416e-01 6.914810e-02 1.078038e-01 -6.770946e-03 -6.889320e-03 4.938074e-02 1.924208e-01 2.587998e-02 2.268313e-03
<VARIANCE> 39
 3.784502e+00 5.469283e+00 1.365173e+01 1.615630e+01 1.911537e+01 3.056222e+01 3.036189e+01 6.346289e+01 5.538338e+01 4.018772e+01 3.148928e+01 3.401136e+01 1.529770e+00 1.986913e-01 2.722249e-01 3.490666e-01 6.341259e-01 1.600385e+00 1.916057e+00 1.709757e+00 3.966269e+00 2.234435e+00 1.818649e+00 1.069925e+00 2.255880e+00 2.113519e-01 3.738458e-02 8.579997e-02 6.135751e-02 9.113692e-02 1.634544e-01 3.507408e-01 1.812172e-01 7.747424e-01 4.354328e-01 3.814142e-01 3.254189e-01 7.739366e-01 3.980918e-02
<GCONST> 8.633647e+01
<STATE> 17
<MEAN> 39
 -1.368204e+01 -1.376720e+00 7.044205e-01 -4.934623e+00 -9.057757e-01 -3.179956e+00 1.385902e+00 -9.392507e+00 -4.775371e+00 -1.075400e+01 -1.206142e+00 -7.415563e+00 5.795140e+01 -2.291109e-01 -3.854976e-01 -1.753218e-01 -2.187530e-01 -5.630918e-03 3.084916e-02 4.370306e-01 4.277053e-01 4.532063e-01 9.046652e-01 7.426865e-01 1.323185e-02 -1.057787e-01 -2.964293e-02 -9.034525e-02 5.712183e-02 3.156881e-01 3.701168e-01 8.873224e-02 -8.296794e-02 -6.719245e-02 -3.047090e-02 6.829313e-02 -4.546366e-02 -4.003401e-02 1.100192e-02
<VARIANCE> 39
 1.420209e+00 6.374160e+00 1.048678e+01 1.142727e+01 1.721307e+01 2.979603e+01 4.246194e+01 4.085017e+01 4.148713e+01 3.669849e+01 3.358823e+01 2.851730e+01 5.719134e-01 1.201114e-01 6.326025e-01 7.559659e-01 1.565635e+00 1.589579e+00 2.139593e+00 1.831441e+00 1.932559e+00 2.149542e+00 2.542962e+00 1.825152e+00 2.084340e+00 4.699465e-02 2.763268e-02 1.583497e-01 1.591751e-01 2.134748e-01 2.492026e-01 3.526536e-01 3.886884e-01 3.628781e-01 6.089551e-01 6.698903e-01 4.069210e-01 4.216819e-01 1.022700e-02
<GCONST> 8.560912e+01
<STATE> 18
<MEAN> 39
 -1.514046e+01 -3.098782e+00 1.130412e+00 -1.547082e+00 4.450113e+00 1.440776e+00 4.868069e+00 -5.937349e+00 -1.413279e+00 -6.193631e+00 2.190408e-01 -7.337500e+00 5.745982e+01 -3.759697e-01 -4.621340e-01 -3.587778e-01 4.634852e-02 1.383316e-01 9.905756e-02 -4.024107e-01 -7.782973e-02 -1.098335e-01 -3.824387e-01 -4.971114e-01 -2.624752e-01 -1.622010e-01 2.543062e-02 -2.887209e-02 -1.206952e-01 -9.699941e-02 -1.066909e-01 -1.143209e-01 -9.278995e-02 1.285343e-01 1.068501e-01 -2.117736e-01 -6.164438e-02 8.116297e-02 1.473718e-02
<VARIANCE> 39
 1.388397e+00 3.005357e+00 1.306769e+01 2.151329e+01 1.632080e+01 2.450765e+01 2.351599e+01 2.723542e+01 1.728984e+01 2.539797e+01 1.296110e+01 1.365152e+01 4.453143e-01 1.319674e-01 3.576546e-01 6.604937e-01 9.947492e-01 8.145368e-01 1.018863e+00 1.364556e+00 2.483861e+00 9.982005e-01 1.765089e+00 1.735029e+00 9.907639e-01 4.209382e-02 1.932404e-02 6.685048e-02 1.320966e-01 1.884465e-01 9.567704e-02 2.765163e-01 4.073976e-01 6.463437e-01 1.395162e-01 2.674152e-01 2.236255e-01 1.784193e-01 5.502306e-03
<GCONST> 7.012685e+01
<STATE> 19
<MEAN> 39
 -1.701163e+01 -6.315471e+00 -2.529373e+00 -4.465504e+00 1.081413e+00 -2.745631e+00 1.059166e+00 -6.025494e+00 -1.438133e+00 -8.085675e+00 -3.031153e-01 -7.303972e+00 5.667913e+01 -1.600181e-01 -3.295880e-01 -2.366331e-01 -3.346624e-02 -5.793828e-02 -2.888782e-01 -2.613064e-01 1.939940e-01 3.543386e-01 2.662679e-01 3.065654e-01 3.468257e-01 -6.744270e-02 2.535614e-02 8.158521e-02 8.067381e-02 -9.503104e-03 -3.163593e-03 8.730196e-02 6.232743e-02 -1.717705e-01 -5.991133e-02 1.770722e-01 5.464582e-02 -2.499956e-02 1.100107e-02
<VARIANCE> 39
 2.095070e+00 4.693831e+00 8.931591e+00 1.018901e+01 7.887913e+00 1.642956e+01 2.041192e+01 2.014432e+01 3.788231e+01 2.884958e+01 2.024405e+01 1.292877e+01 6.644391e-01 9.244893e-02 3.431081e-01 7.740003e-01 1.023334e+00 1.075336e+00 1.412444e+00 1.845670e+00 2.610263e+00 1.585940e+00 2.112594e+00 2.205091e+00 1.708622e+00 3.025695e-02 2.572499e-02 8.860140e-02 1.647795e-01 1.652869e-01 1.481163e-01 1.491735e-01 3.799703e-01 5.590383e-01 3.132010e-01 4.368281e-01 5.049784e-01 2.814855e-01 8.184029e-03
<GCONST> 7.506199e+01
<TRANSP> 20
 0.000000e+00 1.000000e+00 0.000000e+00 0.000000e+00 0.000000e+00 0.000000e+00 0.000000e+00 0.000000e+00 0.000000e+00 0.000000e+00 0.000000e+00 0.000000e+00 0.000000e+00 0.000000e+00 0.000000e+00 0.000000e+00 0.000000e+00 0.000000e+00 0.000000e+00 0.000000e+00
 0.000000e+00 8.281578e-01 1.718422e-01 0.000000e+00 0.000000e+00 0.000000e+00 0.000000e+00 0.000000e+00 0.000000e+00 0.000000e+00 0.000000e+00 0.000000e+00 0.000000e+00 0.000000e+00 0.000000e+00 0.000000e+00 0.000000e+00 0.000000e+00 0.000000e+00 0.000000e+00
 0.000000e+00 0.000000e+00 7.213178e-01 2.786822e-01 0.000000e+00 0.000000e+00 0.000000e+00 0.000000e+00 0.000000e+00 0.000000e+00 0.000000e+00 0.000000e+00 0.000000e+00 0.000000e+00 0.000000e+00 0.000000e+00 0.000000e+00 0.000000e+00 0.000000e+00 0.000000e+00
 0.000000e+00 0.000000e+00 0.000000e+00 7.192122e-01 2.807879e-01 0.000000e+00 0.000000e+00 0.000000e+00 0.000000e+00 0.000000e+00 0.000000e+00 0.000000e+00 0.000000e+00 0.000000e+00 0.000000e+00 0.000000e+00 0.000000e+00 0.000000e+00 0.000000e+00 0.000000e+00
 0.000000e+00 0.000000e+00 0.000000e+00 0.000000e+00 7.866804e-01 2.133196e-01 0.000000e+00 0.000000e+00 0.000000e+00 0.000000e+00 0.000000e+00 0.000000e+00 0.000000e+00 0.000000e+00 0.000000e+00 0.000000e+00 0.000000e+00 0.000000e+00 0.000000e+00 0.000000e+00
 0.000000e+00 0.000000e+00 0.000000e+00 0.000000e+00 0.000000e+00 8.002962e-01 1.997037e-01 0.000000e+00 0.000000e+00 0.000000e+00 0.000000e+00 0.000000e+00 0.000000e+00 0.000000e+00 0.000000e+00 0.000000e+00 0.000000e+00 0.000000e+00 0.000000e+00 0.000000e+00
 0.000000e+00 0.000000e+00 0.000000e+00 0.000000e+00 0.000000e+00 0.000000e+00 6.814030e-01 3.185970e-01 0.000000e+00 0.000000e+00 0.000000e+00 0.000000e+00 0.000000e+00 0.000000e+00 0.000000e+00 0.000000e+00 0.000000e+00 0.000000e+00 0.000000e+00 0.000000e+00
 0.000000e+00 0.000000e+00 0.000000e+00 0.000000e+00 0.000000e+00 0.000000e+00 0.000000e+00 6.860158e-01 3.139843e-01 0.000000e+00 0.000000e+00 0.000000e+00 0.000000e+00 0.000000e+00 0.000000e+00 0.000000e+00 0.000000e+00 0.000000e+00 0.000000e+00 0.000000e+00
 0.000000e+00 0.000000e+00 0.000000e+00 0.000000e+00 0.000000e+00 0.000000e+00 0.000000e+00 0.000000e+00 7.756627e-01 2.243373e-01 0.000000e+00 0.000000e+00 0.000000e+00 0.000000e+00 0.000000e+00 0.000000e+00 0.000000e+00 0.000000e+00 0.000000e+00 0.000000e+00
 0.000000e+00 0.000000e+00 0.000000e+00 0.000000e+00 0.000000e+00 0.000000e+00 0.000000e+00 0.000000e+00 0.000000e+00 8.613932e-01 1.386068e-01 0.000000e+00 0.000000e+00 0.000000e+00 0.000000e+00 0.000000e+00 0.000000e+00 0.000000e+00 0.000000e+00 0.000000e+00
 0.000000e+00 0.000000e+00 0.000000e+00 0.000000e+00 0.000000e+00 0.000000e+00 0.000000e+00 0.000000e+00 0.000000e+00 0.000000e+00 7.445245e-01 2.554755e-01 0.000000e+00 0.000000e+00 0.000000e+00 0.000000e+00 0.000000e+00 0.000000e+00 0.000000e+00 0.000000e+00
 0.000000e+00 0.000000e+00 0.000000e+00 0.000000e+00 0.000000e+00 0.000000e+00 0.000000e+00 0.000000e+00 0.000000e+00 0.000000e+00 0.000000e+00 8.252814e-01 1.747186e-01 0.000000e+00 0.000000e+00 0.000000e+00 0.000000e+00 0.000000e+00 0.000000e+00 0.000000e+00
 0.000000e+00 0.000000e+00 0.000000e+00 0.000000e+00 0.000000e+00 0.000000e+00 0.000000e+00 0.000000e+00 0.000000e+00 0.000000e+00 0.000000e+00 0.000000e+00 7.651121e-01 2.348879e-01 0.000000e+00 0.000000e+00 0.000000e+00 0.000000e+00 0.000000e+00 0.000000e+00
 0.000000e+00 0.000000e+00 0.000000e+00 0.000000e+00 0.000000e+00 0.000000e+00 0.000000e+00 0.000000e+00 0.000000e+00 0.000000e+00 0.000000e+00 0.000000e+00 0.000000e+00 7.206885e-01 2.793115e-01 0.000000e+00 0.000000e+00 0.000000e+00 0.000000e+00 0.000000e+00
 0.000000e+00 0.000000e+00 0.000000e+00 0.000000e+00 0.000000e+00 0.000000e+00 0.000000e+00 0.000000e+00 0.000000e+00 0.000000e+00 0.000000e+00 0.000000e+00 0.000000e+00 0.000000e+00 8.272744e-01 1.727256e-01 0.000000e+00 0.000000e+00 0.000000e+00 0.000000e+00
 0.000000e+00 0.000000e+00 0.000000e+00 0.000000e+00 0.000000e+00 0.000000e+00 0.000000e+00 0.000000e+00 0.000000e+00 0.000000e+00 0.000000e+00 0.000000e+00 0.000000e+00 0.000000e+00 0.000000e+00 7.237749e-01 2.762252e-01 0.000000e+00 0.000000e+00 0.000000e+00
 0.000000e+00 0.000000e+00 0.000000e+00 0.000000e+00 0.000000e+00 0.000000e+00 0.000000e+00 0.000000e+00 0.000000e+00 0.000000e+00 0.000000e+00 0.000000e+00 0.000000e+00 0.000000e+00 0.000000e+00 0.000000e+00 7.872854e-01 2.127145e-01 0.000000e+00 0.000000e+00
 0.000000e+00 0.000000e+00 0.000000e+00 0.000000e+00 0.000000e+00 0.000000e+00 0.000000e+00 0.000000e+00 0.000000e+00 0.000000e+00 0.000000e+00 0.000000e+00 0.000000e+00 0.000000e+00 0.000000e+00 0.000000e+00 0.000000e+00 7.547976e-01 2.452024e-01 0.000000e+00
 0.000000e+00 0.000000e+00 0.000000e+00 0.000000e+00 0.000000e+00 0.000000e+00 0.000000e+00 0.000000e+00 0.000000e+00 0.000000e+00 0.000000e+00 0.000000e+00 0.000000e+00 0.000000e+00 0.000000e+00 0.000000e+00 0.000000e+00 0.000000e+00 8.003581e-01 1.996420e-01
 0.000000e+00 0.000000e+00 0.000000e+00 0.000000e+00 0.000000e+00 0.000000e+00 0.000000e+00 0.000000e+00 0.000000e+00 0.000000e+00 0.000000e+00 0.000000e+00 0.000000e+00 0.000000e+00 0.000000e+00 0.000000e+00 0.000000e+00 0.000000e+00 0.000000e+00 0.000000e+00
<ENDHMM>
