~o
<STREAMINFO> 1 39
<VECSIZE> 39<NULLD><MFCC_D_A_0><DIAGC>
~h "lebih"
<BEGINHMM>
<NUMSTATES> 20
<STATE> 2
<MEAN> 39
 -1.655946e+01 -5.573616e+00 -2.147496e+00 -4.085487e+00 -5.050509e-03 -4.702567e+00 2.597736e-01 -6.377107e+00 -1.085902e+00 -7.752057e+00 -1.900854e-01 -5.878228e+00 5.700004e+01 2.408516e+00 1.996105e+00 1.413116e+00 6.674416e-01 -7.868232e-01 -1.861178e+00 -2.253329e+00 -2.129045e+00 -1.039865e+00 -1.790309e-01 -3.950209e-01 -2.158386e-01 1.206276e+00 7.674201e-01 1.965489e-01 8.281544e-02 -1.804924e-01 -3.775755e-01 -4.597779e-01 -8.155335e-01 -6.140031e-01 2.078378e-01 7.228187e-01 -1.520974e-01 -2.951322e-01 5.627797e-01
<VARIANCE> 39
 6.598000e+00 1.142257e+01 1.075696e+01 1.042096e+01 8.004866e+00 7.025070e+00 1.282724e+01 1.520567e+01 1.225887e+01 1.803654e+01 2.097798e+01 1.628244e+01 1.125679e+00 2.372267e+00 2.021368e+00 1.819805e+00 1.973920e+00 3.043166e+00 4.232751e+00 6.573052e+00 4.647702e+00 3.260179e+00 5.685686e+00 3.399088e+00 3.310767e+00 8.064662e-01 1.243589e-01 2.780938e-01 3.120328e-01 4.518157e-01 6.292287e-01 6.183841e-01 5.250378e-01 8.900721e-01 4.837811e-01 6.961653e-01 6.165174e-01 4.361088e-01 8.868425e-02
<GCONST> 1.034665e+02
<STATE> 3
<MEAN> 39
 -3.984798e+00 3.525027e+00 4.976970e+00 -2.102182e+00 -2.822081e+00 -1.450340e+01 -1.567571e+01 -1.701483e+01 -2.063768e+00 -3.056594e+00 -5.297806e-01 -8.763745e+00 6.413065e+01 2.797894e+00 3.659996e-01 3.217452e-01 -5.784653e-01 -1.058596e+00 -1.863473e+00 -3.549840e+00 -6.989454e-01 2.195075e+00 3.016607e+00 3.594979e-03 -1.328644e+00 2.372014e+00 -5.686767e-01 -1.038521e+00 -6.217735e-01 -3.445492e-01 2.714865e-01 8.205084e-01 6.901145e-01 1.079132e+00 8.348424e-01 3.221387e-01 9.841442e-02 -1.543402e-01 -1.314308e-02
<VARIANCE> 39
 8.718622e+00 8.785644e+00 2.187273e+01 2.391301e+01 8.056664e+01 4.124288e+01 4.972334e+01 3.733115e+01 2.889893e+01 6.968278e+01 3.785388e+01 3.663796e+01 7.447858e+00 1.795992e+00 3.591058e+00 2.967237e+00 2.542004e+00 7.672097e+00 1.038156e+01 4.699507e+00 1.316833e+01 3.740170e+00 5.792023e+00 6.761258e+00 3.934871e+00 1.020259e+00 1.063926e-01 1.478930e-01 3.572250e-01 3.162346e-01 7.877559e-01 9.677650e-01 7.049323e-01 1.022847e+00 9.496401e-01 1.482905e+00 6.789303e-01 8.009971e-01 8.477051e-02
<GCONST> 1.238595e+02
<STATE> 4
<MEAN> 39
 6.580280e-01 -4.508983e+00 1.030043e+00 -7.016197e+00 -6.258954e+00 -1.208118e+01 -1.864382e+01 -1.198128e+01 8.570244e+00 7.155000e+00 -1.404529e+00 -1.327319e+01 7.239352e+01 7.958524e-01 -1.220237e+00 -5.838828e-01 -4.281223e-01 1.859678e-01 1.224504e+00 -3.951931e-01 3.804550e-02 2.481444e-01 2.242854e-01 5.087695e-02 1.139676e-01 1.066969e+00 -5.306745e-01 6.009122e-01 2.412497e-01 4.803905e-01 6.815723e-01 4.912569e-01 8.760065e-01 -2.697154e-01 -1.124091e+00 -1.232309e+00 4.127435e-02 4.385976e-01 -8.501765e-01
<VARIANCE> 39
 3.244825e+00 2.025557e+01 7.607719e+01 1.778090e+01 1.576131e+02 2.157096e+02 1.270051e+02 1.895154e+02 4.188263e+01 1.020373e+02 1.142195e+02 3.377206e+01 1.643480e+01 4.500090e-01 2.316556e+00 2.407926e+00 1.440369e+00 3.354774e+00 4.736989e+00 3.347360e+00 9.504234e+00 6.567948e+00 7.255132e+00 4.974217e+00 3.736030e+00 1.489488e+00 1.852890e-01 3.792700e-01 4.838158e-01 2.500189e-01 8.386896e-01 1.871573e+00 6.793851e-01 1.475653e+00 5.482394e-01 8.849130e-01 1.121581e+00 8.155176e-01 1.359651e-01
<GCONST> 1.305862e+02
<STATE> 5
<MEAN> 39
 1.020522e+00 -1.867962e+00 1.093798e+00 -5.976838e+00 -2.555162e+00 -6.904140e+00 -1.505804e+01 -1.452474e+01 3.056563e+00 1.718546e+00 -4.775537e-01 -1.158377e+01 7.019456e+01 -5.062520e-01 1.376702e+00 5.767982e-01 6.431194e-01 1.223914e+00 6.378015e-01 1.787588e+00 1.799665e-01 -7.734030e-01 -2.340020e+00 -9.691771e-01 -6.137375e-01 -1.199424e+00 -3.015646e-01 1.264526e-01 1.957047e-01 5.632008e-02 -3.088926e-01 -4.227810e-01 2.335421e-01 3.708602e-01 2.479095e-01 -3.714063e-02 -1.851437e-01 -1.757191e-01 -1.907417e-01
<VARIANCE> 39
 3.575479e+00 1.127689e+01 4.041822e+01 1.596723e+01 8.951733e+01 1.345373e+02 1.106360e+02 1.664793e+02 3.096155e+01 8.948296e+01 1.089147e+02 3.655442e+01 1.177477e+01 2.060959e-01 4.319500e-01 1.342204e+00 5.356237e-01 2.710807e+00 3.946995e+00 2.316906e+00 2.779764e+00 1.632184e+00 2.803377e+00 3.173952e+00 2.695670e+00 2.663285e-01 6.221710e-02 1.523521e-01 1.538529e-01 1.173244e-01 2.254898e-01 2.038185e-01 4.418910e-01 4.730375e-01 3.825015e-01 7.003237e-01 7.529463e-01 6.557569e-01 8.470026e-02
<GCONST> 1.057615e+02
<STATE> 6
<MEAN> 39
 -2.560899e+00 2.027617e+00 3.204571e+00 -2.854676e+00 -1.135438e+00 -9.907836e+00 -1.015839e+01 -1.132969e+01 1.218100e+00 -5.043117e+00 -3.807195e+00 -1.222230e+01 6.543083e+01 -7.624360e-01 6.078181e-01 4.402159e-01 5.050804e-01 2.714174e-01 2.229164e-01 1.117116e+00 6.974337e-01 -8.023826e-01 -7.502257e-01 -1.948474e-02 1.165404e-01 -8.315244e-01 3.320758e-02 -1.219991e-01 -1.793940e-02 -3.198897e-02 7.743778e-03 4.223716e-02 -1.568160e-01 4.650274e-03 -5.432715e-02 1.212157e-01 1.300261e-01 9.910389e-02 1.035295e-01
<VARIANCE> 39
 5.343670e+00 4.979733e+00 1.455272e+01 1.514713e+01 3.939721e+01 4.351121e+01 3.699777e+01 8.287749e+01 2.749870e+01 3.494727e+01 7.775054e+01 3.380085e+01 6.400905e+00 9.976193e-02 3.068804e-01 4.357357e-01 7.035069e-01 7.593958e-01 1.736594e+00 1.595117e+00 1.643863e+00 1.137762e+00 1.469348e+00 2.196855e+00 1.242375e+00 7.554688e-02 1.963886e-02 6.388225e-02 6.167626e-02 1.283011e-01 9.574331e-02 1.812749e-01 2.151322e-01 3.049483e-01 1.686675e-01 2.855792e-01 3.937484e-01 2.949583e-01 6.963800e-03
<GCONST> 7.948321e+01
<STATE> 7
<MEAN> 39
 -4.236728e+00 4.162586e+00 4.792797e+00 -1.995988e+00 3.639409e-01 -7.166599e+00 -7.036775e+00 -9.765712e+00 -7.417623e-01 -7.397017e+00 -3.964967e+00 -1.179994e+01 6.329519e+01 -4.841107e-01 -9.102204e-02 9.069434e-01 1.052782e+00 -7.581881e-02 -7.328092e-01 2.608373e-01 6.101341e-01 -5.429264e-01 -1.530484e+00 1.996570e-01 5.156100e-01 -1.389218e-01 1.776438e-01 -3.976820e-01 5.260804e-01 2.860132e-01 -9.970500e-01 -1.177568e+00 -4.262503e-01 -1.847088e-02 -5.356653e-01 -7.388167e-02 6.975317e-01 4.029973e-01 4.620499e-01
<VARIANCE> 39
 5.496964e+00 4.324105e+00 5.709535e+00 1.576987e+01 2.313004e+01 2.314495e+01 3.725835e+01 4.162083e+01 2.024773e+01 2.179590e+01 3.802188e+01 1.395580e+01 3.036371e+00 1.157186e-01 5.486127e-01 8.729628e-01 1.347346e+00 1.106993e+00 4.673096e+00 2.279180e+00 2.231791e+00 2.252830e+00 1.933916e+00 2.991821e+00 2.134309e+00 2.299676e-01 3.985000e-02 1.065402e-01 3.552374e-01 2.817900e-01 7.908128e-01 2.940622e-01 5.328648e-01 6.722022e-01 5.795747e-01 6.579285e-01 8.393636e-01 3.004490e-01 4.743905e-02
<GCONST> 9.334225e+01
<STATE> 8
<MEAN> 39
 -5.473311e+00 1.578622e+00 9.024281e+00 3.424265e+00 -2.951223e+00 -1.482155e+01 -6.735940e+00 -7.196136e+00 -6.285451e+00 -1.265063e+01 1.767640e-01 -8.608039e+00 6.446877e+01 2.184976e-01 -9.827999e-01 2.954815e+00 1.168392e+00 -4.756055e+00 -3.904876e+00 -2.518697e-01 -7.184716e-02 -3.488125e+00 -4.652843e-01 3.280596e+00 1.668748e+00 1.354205e+00 1.666925e-01 7.041135e-02 4.634315e-01 -4.567382e-01 -1.144717e+00 3.045219e-01 -9.955479e-02 -6.035436e-01 -8.325355e-02 8.812120e-01 3.864072e-01 -1.176719e-01 2.999277e-01
<VARIANCE> 39
 7.104856e+00 9.553084e+00 2.645103e+01 3.035617e+01 6.486279e+01 6.513419e+01 2.709264e+01 7.528548e+01 6.327238e+01 2.603532e+01 4.475692e+01 2.850471e+01 7.410566e+00 3.800547e-01 1.384537e+00 3.653929e+00 5.043432e+00 7.397441e+00 2.129244e+00 5.389952e+00 7.724198e+00 5.326532e+00 6.462470e+00 5.090249e+00 2.544510e+00 3.864837e-01 7.943435e-02 2.548667e-01 3.283656e-01 6.781037e-01 8.222669e-01 1.432246e+00 5.899104e-01 5.827014e-01 8.432073e-01 2.626739e-01 8.863361e-01 6.510163e-01 9.566984e-02
<GCONST> 1.183101e+02
<STATE> 9
<MEAN> 39
 -4.555884e+00 -9.408672e-01 2.083050e+01 2.485092e+00 -2.089875e+01 -1.943522e+01 -7.751616e+00 -8.702565e+00 -1.482225e+01 -8.967725e+00 1.138951e+01 -7.664202e+00 6.982627e+01 -1.438566e-01 1.398443e-01 2.327151e+00 -6.390604e-01 -3.630614e+00 5.827433e-01 -7.216207e-01 -1.501955e+00 -5.683511e-01 1.102212e+00 1.257141e+00 6.797140e-01 8.304853e-01 -2.078438e-01 4.391032e-01 -7.799949e-01 -2.461377e-01 1.529562e+00 1.233984e+00 -1.330140e-01 -1.134399e-01 9.927189e-01 -1.443443e-01 -9.357654e-01 -1.575117e-01 -4.899381e-01
<VARIANCE> 39
 3.863338e+00 1.488553e+01 9.096999e+01 6.872425e+01 1.638135e+02 2.986577e+01 8.022315e+01 2.759979e+02 4.433317e+01 7.787285e+01 1.165819e+02 2.577115e+01 1.426691e+01 7.521992e-01 1.009524e+00 2.981192e+00 4.327332e+00 8.207488e+00 5.076310e+00 2.727518e+00 4.764137e+00 5.177717e+00 3.910130e+00 3.917921e+00 4.601325e+00 6.334910e-01 4.507126e-02 1.227973e-01 3.301072e-01 6.788734e-01 8.060279e-01 6.243899e-01 5.262050e-01 1.174156e+00 5.733337e-01 9.179798e-01 5.564519e-01 8.541719e-01 4.158399e-02
<GCONST> 1.233762e+02
<STATE> 10
<MEAN> 39
 -7.526492e+00 3.879587e+00 1.685833e+01 -2.696205e+00 -1.110175e+01 -1.320734e+01 -9.766788e+00 -1.219190e+01 -5.758498e+00 -1.298313e+01 7.633678e+00 -2.556965e+00 6.826095e+01 -7.957321e-01 6.273901e-01 2.967958e-01 -5.788722e-01 8.136799e-01 1.304964e+00 2.162913e-01 -4.246160e-01 5.310609e-01 -3.388109e-01 3.111969e-01 4.474312e-03 -3.324158e-01 1.820008e-02 8.896925e-03 -2.243426e-01 2.361104e-01 6.656376e-01 6.016162e-02 2.334062e-01 1.761753e-01 -5.341522e-02 -1.006655e-02 -2.104937e-01 -3.311522e-01 -2.052863e-01
<VARIANCE> 39
 2.522018e+01 2.100795e+01 8.411251e+01 1.131590e+02 3.816155e+02 3.727716e+01 7.036719e+01 8.547565e+01 8.779617e+01 9.195090e+01 8.603645e+01 2.131540e+01 9.492601e+00 7.963277e-01 3.011692e-01 6.087353e-01 1.827196e+00 1.838400e+00 1.139351e+00 3.232092e+00 1.384312e+00 1.200028e+00 2.270462e+00 2.297251e+00 2.452872e+00 1.899314e-01 1.688414e-01 3.975078e-02 2.081040e-01 3.941920e-01 7.681590e-01 4.779118e-01 5.277123e-01 2.808806e-01 5.804439e-01 6.057414e-01 2.814598e-01 4.945267e-01 5.141433e-02
<GCONST> 1.097222e+02
<STATE> 11
<MEAN> 39
 -7.407463e+00 3.974316e+00 2.360405e+01 3.343538e+00 -1.782250e+01 -1.060688e+01 -7.438768e+00 -1.337649e+01 -1.305699e+01 -6.953403e+00 1.258142e+01 -7.627335e+00 6.805125e+01 -1.219014e-01 6.853667e-01 -4.888318e-01 4.711878e-02 2.091312e+00 6.046067e-01 5.340075e-01 -1.174300e-01 6.902404e-01 2.454559e-01 -5.126668e-01 3.594157e-01 -7.627505e-01 -5.650451e-02 -1.482557e-01 -2.951289e-01 6.235055e-02 2.587962e-01 -1.175827e-01 3.146123e-01 1.160861e-01 1.259168e-01 -9.814426e-02 -2.289057e-01 2.523321e-01 -9.382521e-02
<VARIANCE> 39
 1.410016e+01 1.144244e+01 5.112994e+01 6.609026e+01 1.570464e+02 3.450951e+01 3.316321e+01 8.191209e+01 3.366366e+01 5.068017e+01 7.837722e+01 3.208797e+01 5.642474e+00 2.306788e-01 3.860811e-01 8.969463e-01 1.340019e+00 2.730139e+00 1.468023e+00 1.936020e+00 1.390169e+00 1.837265e+00 1.085749e+00 1.199500e+00 1.978352e+00 2.697940e-01 5.696231e-02 6.819406e-02 8.932131e-02 1.298165e-01 2.468966e-01 2.742039e-01 2.911935e-01 2.335132e-01 1.777276e-01 2.007783e-01 1.503555e-01 3.771070e-01 1.564062e-02
<GCONST> 9.303196e+01
<STATE> 12
<MEAN> 39
 -7.418328e+00 5.491989e+00 1.638137e+01 8.355443e-01 -7.003058e+00 -1.046598e+01 -6.791139e+00 -1.363825e+01 -6.688350e+00 -8.245868e+00 4.045502e+00 -4.619665e+00 6.399463e+01 -7.908351e-01 -2.150246e-01 -9.278002e-01 8.387674e-02 1.360510e+00 1.226727e+00 6.272507e-01 -8.685687e-01 4.510533e-01 8.319483e-02 -1.244068e+00 2.733958e-01 -5.417279e-01 -1.097343e-01 -2.579942e-01 -1.051497e-01 -2.223970e-01 -1.925309e-01 -7.947420e-02 -7.107376e-02 -8.025205e-02 -7.919940e-02 -1.205511e-02 9.985409e-02 4.922589e-02 1.051154e-01
<VARIANCE> 39
 8.275891e+00 7.879858e+00 4.211241e+01 2.507515e+01 7.577445e+01 1.966056e+01 3.313630e+01 9.174187e+01 1.983348e+01 8.752866e+01 6.548331e+01 2.229163e+01 3.094522e+00 3.357172e-01 2.808281e-01 8.754208e-01 1.441741e+00 1.329071e+00 1.183811e+00 1.273108e+00 2.935721e+00 2.192442e+00 2.139341e+00 2.594662e+00 1.410007e+00 9.433752e-02 3.630685e-02 3.709852e-02 7.261326e-02 6.263121e-02 1.725350e-01 2.216989e-01 1.641027e-01 3.966446e-01 2.482881e-01 2.900681e-01 2.887783e-01 3.025287e-01 2.014517e-02
<GCONST> 8.717081e+01
<STATE> 13
<MEAN> 39
 -1.274338e+01 2.543747e-01 1.246282e+01 -9.366477e-01 -6.237601e+00 -5.216439e+00 -6.180283e+00 -2.203031e+01 -4.952354e+00 -6.835629e+00 1.290481e-01 -2.706841e+00 6.389824e+01 -7.507068e-01 -6.496601e-01 -8.824890e-01 -4.534779e-01 1.368188e+00 5.690731e-01 2.584446e-01 -5.907818e-01 3.980153e-01 -2.552633e-01 -6.928582e-01 5.049537e-01 -2.938645e-01 9.593571e-02 5.770188e-02 1.395811e-01 3.265495e-02 -1.847767e-01 -2.355915e-01 -2.409671e-01 2.205285e-01 -2.074468e-01 -2.919708e-01 8.301274e-02 -1.816743e-01 -3.729881e-04
<VARIANCE> 39
 1.097787e+01 3.489165e+01 5.482515e+01 2.279033e+01 6.927908e+01 1.318908e+01 2.628348e+01 4.582284e+01 1.757265e+01 6.346549e+01 2.793757e+01 5.148368e+01 4.880332e+00 5.122346e-01 1.583581e+00 1.168298e+00 1.641924e+00 1.285074e+00 1.095929e+00 8.167556e-01 1.604811e+00 1.401605e+00 1.295191e+00 3.162298e+00 1.910347e+00 5.049433e-01 7.098281e-02 3.099430e-01 2.346098e-01 2.061268e-01 2.074437e-01 2.591363e-01 1.696792e-01 1.630410e-01 4.165716e-01 3.548291e-01 4.559617e-01 1.638295e-01 8.916436e-02
<GCONST> 9.702702e+01
<STATE> 14
<MEAN> 39
 -1.250608e+01 2.521856e-01 7.621283e+00 -4.251841e-01 -4.011164e+00 -7.901847e+00 -7.115633e+00 -1.875135e+01 -7.001429e+00 -8.928363e+00 -9.440649e-02 -2.364445e+00 6.049915e+01 -4.251653e-01 -4.290078e-01 -7.759174e-01 4.185624e-02 1.121060e+00 9.729138e-02 -1.185727e-01 3.896417e-01 -3.017834e-01 -9.522725e-01 -4.753688e-01 -1.144872e-01 -4.865109e-01 4.435505e-02 6.946997e-02 7.103448e-02 1.687977e-01 1.534286e-01 1.445208e-01 1.760455e-01 1.808262e-01 9.397794e-02 -1.004863e-02 -4.865666e-02 -5.008017e-02 2.259953e-02
<VARIANCE> 39
 5.427910e+00 8.659075e+00 2.959511e+01 2.177296e+01 4.076361e+01 1.426420e+01 1.436531e+01 2.692411e+01 1.268217e+01 4.044991e+01 1.734605e+01 2.118406e+01 3.402641e+00 1.791837e-01 3.797075e-01 4.911573e-01 8.828450e-01 1.239290e+00 7.717720e-01 1.281336e+00 2.133372e+00 9.155107e-01 1.350901e+00 1.624621e+00 1.141149e+00 6.417059e-02 2.477930e-02 6.144401e-02 9.627229e-02 2.066927e-01 1.100559e-01 1.061545e-01 1.904999e-01 2.886733e-01 1.829542e-01 1.741052e-01 2.281397e-01 2.666004e-01 7.578452e-03
<GCONST> 7.432832e+01
<STATE> 15
<MEAN> 39
 -2.011588e+01 1.531623e-01 1.208481e+01 -4.743464e+00 6.688398e+00 4.075232e-01 -2.022863e+00 -1.885804e+01 1.757253e+00 -1.978836e+01 -7.758079e+00 1.503437e+00 6.232349e+01 -1.882003e-01 -5.471190e-01 -9.781290e-01 9.623844e-02 7.148696e-01 9.623581e-01 7.292847e-01 7.467293e-01 7.651138e-01 2.674149e-01 -5.874171e-01 -3.903942e-01 -5.175095e-01 5.777874e-02 -1.725568e-02 -8.182487e-02 -2.797982e-02 -8.779091e-02 7.801475e-02 1.357253e-01 1.395903e-01 1.685887e-02 2.686656e-01 1.420427e-01 -7.592829e-02 -3.184435e-02
<VARIANCE> 39
 2.279984e+01 1.330509e+01 4.190183e+01 2.140688e+01 2.073276e+01 3.289568e+01 3.321399e+01 3.751135e+01 6.193338e+01 3.383639e+01 5.606918e+01 2.725312e+01 8.875037e+00 2.812219e-01 3.679705e-01 5.018456e-01 7.000937e-01 1.246464e+00 6.380485e-01 1.213824e+00 1.343742e+00 2.237638e+00 1.839142e+00 8.191823e-01 1.162877e+00 7.951288e-02 2.710244e-02 5.302108e-02 6.693484e-02 1.021502e-01 8.940638e-02 1.378424e-01 1.935895e-01 2.319562e-01 4.776615e-01 2.446307e-01 3.033913e-01 2.406977e-01 9.449539e-03
<GCONST> 8.233102e+01
<STATE> 16
<MEAN> 39
 -1.381528e+01 -1.358265e-01 5.737952e+00 2.000855e+00 6.719468e+00 -3.816396e-01 1.441966e+00 -9.562881e+00 -3.646955e+00 -1.024770e+01 -1.524536e+00 -6.338643e+00 5.837810e+01 -3.277549e-01 -3.459367e-01 -6.037957e-01 -3.238813e-02 4.597225e-01 6.978119e-01 8.134810e-01 9.148486e-01 5.189777e-01 2.053158e-02 -3.966845e-01 -4.351100e-01 -3.365767e-01 -6.026341e-02 -9.392135e-02 -1.015968e-01 -1.332186e-01 -2.028054e-01 -1.790977e-01 -1.852384e-01 -9.019459e-02 3.323330e-02 1.699891e-02 4.548717e-02 3.762874e-02 1.188192e-02
<VARIANCE> 39
 6.072488e+00 6.421623e+00 1.277337e+01 2.004379e+01 1.283339e+01 1.878417e+01 2.367237e+01 1.906078e+01 1.973143e+01 1.378257e+01 2.966886e+01 1.276370e+01 1.326036e+00 1.497973e-01 3.605092e-01 6.463422e-01 8.994837e-01 9.821646e-01 9.330208e-01 9.067193e-01 1.116105e+00 1.604050e+00 1.167952e+00 1.306466e+00 1.277374e+00 7.462129e-02 2.534584e-02 2.308760e-02 4.790135e-02 1.474078e-01 1.814008e-01 1.105994e-01 1.048653e-01 2.073451e-01 3.178798e-01 2.070706e-01 2.940425e-01 2.169667e-01 8.513514e-03
<GCONST> 6.894254e+01
<STATE> 17
<MEAN> 39
 -1.784184e+01 -4.280542e+00 1.601551e+00 -4.105406e-01 8.080240e+00 5.228212e+00 6.169551e+00 -5.332843e+00 1.174402e-02 -1.123430e+01 -6.215352e+00 -8.901721e+00 5.623889e+01 -3.097882e-01 -4.536504e-01 -5.536801e-01 4.804838e-01 2.400292e-01 3.782392e-01 7.198276e-01 1.074374e+00 4.376405e-01 3.198454e-01 1.474104e-01 4.529700e-02 -2.813059e-01 -4.899049e-02 -8.604402e-02 4.759969e-02 1.672292e-02 -3.048126e-02 -4.631186e-02 3.310245e-02 -4.704675e-03 -4.722361e-02 1.101860e-01 3.117963e-01 1.858067e-01 3.929391e-02
<VARIANCE> 39
 5.914689e+00 5.467341e+00 5.841798e+00 1.561702e+01 2.292560e+01 4.936380e+01 5.238333e+01 3.748058e+01 5.178271e+01 1.976923e+01 1.683284e+01 2.967548e+01 1.126775e+00 2.197810e-01 4.738539e-01 9.182171e-01 6.789238e-01 1.708430e+00 1.300340e+00 7.127581e-01 8.609737e-01 7.995806e-01 1.397727e+00 1.592679e+00 2.286482e+00 8.302446e-02 2.835976e-02 1.047294e-01 1.203839e-01 5.357599e-02 1.650621e-01 2.510077e-01 1.194486e-01 1.627349e-01 1.916264e-01 1.249399e-01 8.766364e-02 3.398595e-01 8.752560e-03
<GCONST> 7.406414e+01
<STATE> 18
<MEAN> 39
 -1.720623e+01 -4.099860e+00 1.024416e+00 1.850381e+00 9.073256e+00 1.069669e+00 1.145957e+00 -6.538663e+00 -2.039070e+00 -1.351195e+01 -3.527072e+00 -5.216473e+00 5.621133e+01 -5.494958e-01 -8.507306e-01 -7.368431e-01 -8.703218e-02 5.389522e-01 4.709601e-01 4.651826e-01 5.123441e-01 1.279621e-02 -9.898021e-02 3.096033e-01 -2.688425e-01 -2.096913e-01 4.841171e-02 9.420840e-03 -5.469278e-03 -1.160668e-01 -5.917751e-02 3.894440e-02 4.781801e-02 -1.170220e-01 -1.767875e-01 -6.855945e-02 -2.180351e-01 -2.410903e-01 3.292531e-02
<VARIANCE> 39
 2.869164e+00 4.769091e+00 4.843548e+00 1.855318e+01 3.208806e+01 3.076094e+01 6.723789e+01 4.668234e+01 4.683843e+01 6.972556e+01 2.548875e+01 1.864345e+01 8.228977e-01 8.756863e-02 3.441415e-01 3.984081e-01 7.962717e-01 7.456868e-01 1.178514e+00 1.840619e+00 1.480356e+00 1.512196e+00 2.649531e+00 2.288445e+00 1.376967e+00 6.832878e-02 1.470002e-02 4.513624e-02 7.986646e-02 2.312660e-01 2.010833e-01 1.464440e-01 1.854428e-01 1.764836e-01 2.727608e-01 5.406675e-01 4.804544e-01 2.511368e-01 5.917116e-03
<GCONST> 7.646037e+01
<STATE> 19
<MEAN> 39
 -1.967407e+01 -7.667455e+00 -1.882079e+00 -3.332628e-02 9.667244e+00 4.447404e+00 5.665664e+00 -5.494832e+00 -2.293107e+00 -1.213114e+01 -4.653315e+00 -7.623262e+00 5.549250e+01 -3.012618e-01 -6.445479e-01 -8.739449e-01 -9.117999e-01 -5.366345e-01 -1.464477e-01 4.475832e-01 8.141540e-01 1.136142e-01 2.010565e-01 -3.445863e-01 -4.243449e-01 -2.114683e-01 8.843317e-02 1.524990e-01 5.092298e-02 -1.265962e-01 -2.410195e-01 -1.570073e-01 -1.286636e-01 9.895490e-02 4.343286e-01 -3.462137e-02 -1.922438e-01 1.212974e-01 1.672892e-02
<VARIANCE> 39
 5.409060e+00 1.017597e+01 4.990996e+00 2.133010e+01 3.270922e+01 4.794427e+01 8.966922e+01 4.853281e+01 5.966088e+01 4.533678e+01 2.251525e+01 1.027709e+01 2.095840e+00 1.293296e-01 2.802094e-01 3.407911e-01 7.792888e-01 9.927947e-01 1.022568e+00 1.086053e+00 1.609658e+00 1.936601e+00 2.418816e+00 2.465741e+00 1.535773e+00 5.592653e-02 2.907729e-02 1.260943e-01 5.747784e-02 2.127197e-01 1.304626e-01 1.576958e-01 2.329410e-01 2.191412e-01 1.835981e-01 3.207188e-01 3.896208e-01 2.196041e-01 2.066244e-02
<GCONST> 8.005662e+01
<TRANSP> 20
 0.000000e+00 1.000000e+00 0.000000e+00 0.000000e+00 0.000000e+00 0.000000e+00 0.000000e+00 0.000000e+00 0.000000e+00 0.000000e+00 0.000000e+00 0.000000e+00 0.000000e+00 0.000000e+00 0.000000e+00 0.000000e+00 0.000000e+00 0.000000e+00 0.000000e+00 0.000000e+00
 0.000000e+00 6.666675e-01 3.333325e-01 0.000000e+00 0.000000e+00 0.000000e+00 0.000000e+00 0.000000e+00 0.000000e+00 0.000000e+00 0.000000e+00 0.000000e+00 0.000000e+00 0.000000e+00 0.000000e+00 0.000000e+00 0.000000e+00 0.000000e+00 0.000000e+00 0.000000e+00
 0.000000e+00 0.000000e+00 6.916136e-01 3.083864e-01 0.000000e+00 0.000000e+00 0.000000e+00 0.000000e+00 0.000000e+00 0.000000e+00 0.000000e+00 0.000000e+00 0.000000e+00 0.000000e+00 0.000000e+00 0.000000e+00 0.000000e+00 0.000000e+00 0.000000e+00 0.000000e+00
 0.000000e+00 0.000000e+00 0.000000e+00 6.847090e-01 3.152910e-01 0.000000e+00 0.000000e+00 0.000000e+00 0.000000e+00 0.000000e+00 0.000000e+00 0.000000e+00 0.000000e+00 0.000000e+00 0.000000e+00 0.000000e+00 0.000000e+00 0.000000e+00 0.000000e+00 0.000000e+00
 0.000000e+00 0.000000e+00 0.000000e+00 0.000000e+00 6.553499e-01 3.446501e-01 0.000000e+00 0.000000e+00 0.000000e+00 0.000000e+00 0.000000e+00 0.000000e+00 0.000000e+00 0.000000e+00 0.000000e+00 0.000000e+00 0.000000e+00 0.000000e+00 0.000000e+00 0.000000e+00
 0.000000e+00 0.000000e+00 0.000000e+00 0.000000e+00 0.000000e+00 7.823037e-01 2.176963e-01 0.000000e+00 0.000000e+00 0.000000e+00 0.000000e+00 0.000000e+00 0.000000e+00 0.000000e+00 0.000000e+00 0.000000e+00 0.000000e+00 0.000000e+00 0.000000e+00 0.000000e+00
 0.000000e+00 0.000000e+00 0.000000e+00 0.000000e+00 0.000000e+00 0.000000e+00 6.011810e-01 3.988190e-01 0.000000e+00 0.000000e+00 0.000000e+00 0.000000e+00 0.000000e+00 0.000000e+00 0.000000e+00 0.000000e+00 0.000000e+00 0.000000e+00 0.000000e+00 0.000000e+00
 0.000000e+00 0.000000e+00 0.000000e+00 0.000000e+00 0.000000e+00 0.000000e+00 0.000000e+00 5.377909e-01 4.622091e-01 0.000000e+00 0.000000e+00 0.000000e+00 0.000000e+00 0.000000e+00 0.000000e+00 0.000000e+00 0.000000e+00 0.000000e+00 0.000000e+00 0.000000e+00
 0.000000e+00 0.000000e+00 0.000000e+00 0.000000e+00 0.000000e+00 0.000000e+00 0.000000e+00 0.000000e+00 5.986240e-01 4.013760e-01 0.000000e+00 0.000000e+00 0.000000e+00 0.000000e+00 0.000000e+00 0.000000e+00 0.000000e+00 0.000000e+00 0.000000e+00 0.000000e+00
 0.000000e+00 0.000000e+00 0.000000e+00 0.000000e+00 0.000000e+00 0.000000e+00 0.000000e+00 0.000000e+00 0.000000e+00 6.462692e-01 3.537308e-01 0.000000e+00 0.000000e+00 0.000000e+00 0.000000e+00 0.000000e+00 0.000000e+00 0.000000e+00 0.000000e+00 0.000000e+00
 0.000000e+00 0.000000e+00 0.000000e+00 0.000000e+00 0.000000e+00 0.000000e+00 0.000000e+00 0.000000e+00 0.000000e+00 0.000000e+00 6.683559e-01 3.316440e-01 0.000000e+00 0.000000e+00 0.000000e+00 0.000000e+00 0.000000e+00 0.000000e+00 0.000000e+00 0.000000e+00
 0.000000e+00 0.000000e+00 0.000000e+00 0.000000e+00 0.000000e+00 0.000000e+00 0.000000e+00 0.000000e+00 0.000000e+00 0.000000e+00 0.000000e+00 7.121594e-01 2.878406e-01 0.000000e+00 0.000000e+00 0.000000e+00 0.000000e+00 0.000000e+00 0.000000e+00 0.000000e+00
 0.000000e+00 0.000000e+00 0.000000e+00 0.000000e+00 0.000000e+00 0.000000e+00 0.000000e+00 0.000000e+00 0.000000e+00 0.000000e+00 0.000000e+00 0.000000e+00 5.930308e-01 4.069692e-01 0.000000e+00 0.000000e+00 0.000000e+00 0.000000e+00 0.000000e+00 0.000000e+00
 0.000000e+00 0.000000e+00 0.000000e+00 0.000000e+00 0.000000e+00 0.000000e+00 0.000000e+00 0.000000e+00 0.000000e+00 0.000000e+00 0.000000e+00 0.000000e+00 0.000000e+00 7.963669e-01 2.036331e-01 0.000000e+00 0.000000e+00 0.000000e+00 0.000000e+00 0.000000e+00
 0.000000e+00 0.000000e+00 0.000000e+00 0.000000e+00 0.000000e+00 0.000000e+00 0.000000e+00 0.000000e+00 0.000000e+00 0.000000e+00 0.000000e+00 0.000000e+00 0.000000e+00 0.000000e+00 6.914650e-01 3.085350e-01 0.000000e+00 0.000000e+00 0.000000e+00 0.000000e+00
 0.000000e+00 0.000000e+00 0.000000e+00 0.000000e+00 0.000000e+00 0.000000e+00 0.000000e+00 0.000000e+00 0.000000e+00 0.000000e+00 0.000000e+00 0.000000e+00 0.000000e+00 0.000000e+00 0.000000e+00 7.645158e-01 2.354842e-01 0.000000e+00 0.000000e+00 0.000000e+00
 0.000000e+00 0.000000e+00 0.000000e+00 0.000000e+00 0.000000e+00 0.000000e+00 0.000000e+00 0.000000e+00 0.000000e+00 0.000000e+00 0.000000e+00 0.000000e+00 0.000000e+00 0.000000e+00 0.000000e+00 0.000000e+00 6.252109e-01 3.747891e-01 0.000000e+00 0.000000e+00
 0.000000e+00 0.000000e+00 0.000000e+00 0.000000e+00 0.000000e+00 0.000000e+00 0.000000e+00 0.000000e+00 0.000000e+00 0.000000e+00 0.000000e+00 0.000000e+00 0.000000e+00 0.000000e+00 0.000000e+00 0.000000e+00 0.000000e+00 6.575797e-01 3.424203e-01 0.000000e+00
 0.000000e+00 0.000000e+00 0.000000e+00 0.000000e+00 0.000000e+00 0.000000e+00 0.000000e+00 0.000000e+00 0.000000e+00 0.000000e+00 0.000000e+00 0.000000e+00 0.000000e+00 0.000000e+00 0.000000e+00 0.000000e+00 0.000000e+00 0.000000e+00 5.716734e-01 4.283266e-01
 0.000000e+00 0.000000e+00 0.000000e+00 0.000000e+00 0.000000e+00 0.000000e+00 0.000000e+00 0.000000e+00 0.000000e+00 0.000000e+00 0.000000e+00 0.000000e+00 0.000000e+00 0.000000e+00 0.000000e+00 0.000000e+00 0.000000e+00 0.000000e+00 0.000000e+00 0.000000e+00
<ENDHMM>
