~o
<STREAMINFO> 1 39
<VECSIZE> 39<NULLD><MFCC_D_A_0><DIAGC>
~h "empat"
<BEGINHMM>
<NUMSTATES> 20
<STATE> 2
<MEAN> 39
 -1.715609e+01 -6.274440e+00 -2.789522e+00 -5.162299e+00 1.391070e+00 -2.486770e+00 -1.885045e-02 -7.100589e+00 -2.984278e-01 -6.274021e+00 7.952379e-01 -6.043534e+00 5.682412e+01 2.048962e+00 6.525291e-01 2.705239e-01 -5.918139e-01 -3.839429e-02 6.442497e-01 -1.113764e+00 -1.622365e+00 -4.868308e-01 2.191101e-01 -2.019453e-02 -2.158957e-01 1.433308e+00 9.088107e-01 2.231175e-01 8.458899e-02 -3.499568e-01 -2.339352e-01 1.768204e-01 -2.973971e-01 -6.100685e-01 -1.632726e-01 2.872663e-01 -9.151392e-02 -2.615567e-01 6.296834e-01
<VARIANCE> 39
 3.647320e+00 6.016448e+00 5.794521e+00 1.084414e+01 1.047762e+01 1.240283e+01 1.629379e+01 1.492324e+01 1.893885e+01 1.368822e+01 9.279261e+00 9.542381e+00 1.622674e+00 2.818666e+00 1.818231e+00 1.253243e+00 4.465421e+00 3.515356e+00 3.473808e+00 5.183285e+00 7.093847e+00 6.306939e+00 3.817256e+00 1.092381e+00 2.956264e+00 1.627550e+00 1.646350e-01 3.593822e-01 2.196384e-01 4.731621e-01 6.483104e-01 7.196214e-01 6.782055e-01 8.409495e-01 6.146860e-01 4.844344e-01 2.171143e-01 3.626873e-01 1.374073e-01
<GCONST> 1.019431e+02
<STATE> 3
<MEAN> 39
 -3.025330e+00 -5.346049e+00 -1.950202e+00 -1.192778e+01 -4.672258e-01 3.547946e+00 -5.271367e+00 -1.512451e+01 -1.620568e-01 5.732515e-01 1.342787e+00 -9.525441e+00 6.820988e+01 3.135198e+00 8.549794e-01 3.156334e-01 -5.941001e-01 -1.685691e-01 8.069551e-01 -1.059514e+00 -2.101138e+00 -1.079969e+00 6.763926e-01 6.678431e-01 3.255861e-01 2.103435e+00 -6.120322e-01 1.541002e-01 -6.311293e-02 4.759324e-01 5.144070e-02 -3.982446e-01 3.929331e-01 3.852166e-01 -2.359214e-01 -4.602551e-01 2.369063e-01 6.411454e-01 -6.196774e-01
<VARIANCE> 39
 2.419709e+01 3.426054e+01 3.178631e+01 9.399022e+01 1.224249e+02 1.238894e+02 7.642693e+01 1.403078e+02 7.568057e+01 6.832692e+01 1.921558e+01 3.402836e+01 3.467735e+01 2.158644e+00 2.290762e+00 1.395575e+00 3.508038e+00 4.943072e+00 6.773927e+00 3.619528e+00 8.833379e+00 5.000636e+00 5.835557e+00 3.693279e+00 6.472728e+00 2.333658e+00 2.693403e-01 4.860398e-01 3.104958e-01 6.438575e-01 7.962297e-01 1.154487e+00 5.666317e-01 1.212374e+00 6.971975e-01 5.765385e-01 4.908428e-01 4.667090e-01 2.875727e-01
<GCONST> 1.337102e+02
<STATE> 4
<MEAN> 39
 -1.667636e-01 1.391218e+00 -2.346465e+00 -5.639841e+00 3.259403e+00 -2.171687e+00 -1.151792e+01 -2.510749e+01 -1.205449e+01 -9.867662e+00 5.278283e-01 -5.069318e+00 6.660622e+01 7.420943e-01 7.013670e-01 -7.578688e-02 9.083935e-02 7.452193e-02 4.043215e-02 -5.888290e-02 -6.318142e-01 -5.566028e-01 -7.926960e-02 6.071121e-01 6.600662e-01 2.268427e-01 -5.705085e-01 -1.721034e-01 1.835228e-01 1.621991e-01 -3.114565e-02 -8.484259e-02 3.069350e-01 5.578945e-01 3.906313e-01 7.824153e-02 3.899900e-02 -9.945347e-02 -3.505991e-01
<VARIANCE> 39
 7.730857e+00 1.272436e+01 1.429094e+01 2.385552e+01 3.767954e+01 3.112637e+01 4.839516e+01 5.393878e+01 5.138482e+01 7.525909e+01 3.952314e+01 7.884613e+01 8.978288e+00 8.098997e-01 1.114899e+00 8.983338e-01 9.842635e-01 1.500259e+00 2.000673e+00 1.543308e+00 2.119741e+00 2.054694e+00 1.202940e+00 2.336752e+00 2.328763e+00 4.862030e-01 8.626057e-02 1.365756e-01 1.595690e-01 1.684785e-01 2.097934e-01 2.671586e-01 3.313200e-01 3.521229e-01 4.505030e-01 4.181432e-01 5.151455e-01 5.733137e-01 2.410414e-02
<GCONST> 9.976674e+01
<STATE> 5
<MEAN> 39
 1.463494e+00 1.280562e+00 1.167616e-01 -8.742785e+00 -2.446598e+00 1.448447e+00 -1.553353e+00 -1.636252e+01 -6.455807e+00 -2.796867e+00 7.434514e+00 -2.870598e+00 6.834518e+01 -4.942154e-01 1.051520e+00 7.994929e-01 1.323910e+00 6.251142e-01 -9.919630e-01 -1.649865e-01 2.880392e-01 -7.370632e-01 -1.457260e+00 -4.685839e-01 7.663930e-02 -7.683057e-01 -1.446077e-01 -1.432165e-01 1.457110e-02 -5.465030e-03 1.520498e-01 1.230107e-01 -1.322902e-01 -1.769693e-02 1.352839e-01 -2.597417e-02 -3.997715e-01 -2.762304e-01 -1.925112e-02
<VARIANCE> 39
 3.766260e+00 2.025526e+01 1.431601e+01 2.771058e+01 7.386890e+01 4.303888e+01 5.212246e+01 5.821891e+01 2.969913e+01 4.278937e+01 1.546197e+01 2.154445e+01 6.869485e+00 1.144077e-01 4.218028e-01 4.898324e-01 5.220655e-01 1.357755e+00 1.157955e+00 1.719373e+00 1.451984e+00 1.289528e+00 1.818125e+00 1.269540e+00 1.973396e+00 9.098713e-02 3.698779e-02 5.414351e-02 7.180116e-02 1.527342e-01 1.802139e-01 1.611501e-01 2.162449e-01 1.570841e-01 1.760999e-01 3.288220e-01 1.618514e-01 2.895565e-01 1.768159e-02
<GCONST> 8.171389e+01
<STATE> 6
<MEAN> 39
 -2.249592e+00 6.616021e+00 5.241463e+00 -6.351195e-01 3.752980e+00 -3.730064e+00 -6.731549e+00 -1.841020e+01 -9.498350e+00 -8.670623e+00 3.229417e+00 -1.715108e+00 6.397570e+01 -9.195164e-01 -6.147853e-02 4.840483e-01 4.804497e-01 -5.898466e-02 -4.328279e-01 -1.652451e-01 4.899373e-02 -1.171807e-01 -4.545943e-01 -5.766252e-01 -4.166387e-01 -6.092128e-01 -1.835530e-01 -2.353507e-01 -2.026869e-01 -1.486438e-01 -1.250510e-01 2.127433e-02 2.325189e-01 1.748912e-01 4.517642e-02 5.334729e-02 1.254980e-01 1.714865e-02 -5.316341e-02
<VARIANCE> 39
 4.738728e+00 8.810351e+00 2.161162e+01 1.376504e+01 1.302221e+01 1.431966e+01 1.862062e+01 4.531497e+01 4.301773e+01 2.985962e+01 2.608936e+01 4.753232e+01 2.233781e+00 3.715017e-01 4.514692e-01 5.668780e-01 5.318236e-01 9.234022e-01 1.237292e+00 1.602588e+00 1.616181e+00 1.371493e+00 1.349559e+00 1.062497e+00 1.427544e+00 1.124613e-01 1.591538e-02 4.400568e-02 9.117330e-02 5.426361e-02 1.661182e-01 1.845175e-01 2.400422e-01 1.483443e-01 1.876572e-01 2.317899e-01 2.307763e-01 3.228295e-01 6.228289e-03
<GCONST> 7.489905e+01
<STATE> 7
<MEAN> 39
 -8.368530e+00 2.214626e+00 3.216039e+00 -8.912814e-01 3.120966e+00 -4.313782e+00 -5.152087e+00 -1.637225e+01 -9.391463e+00 -1.106898e+01 -1.027782e+00 -6.622495e+00 6.081389e+01 -1.094628e+00 -6.897679e-01 -2.974149e-01 -6.130080e-02 -1.164674e-01 -8.856794e-02 1.004866e+00 1.285437e+00 5.206631e-01 -2.790976e-01 -6.137150e-01 -1.381226e-01 -5.493603e-01 2.412941e-01 -3.808339e-03 -1.543535e-01 -1.044753e-01 -7.359298e-03 -3.026540e-03 -8.569098e-02 -2.156500e-02 1.271639e-01 1.251647e-01 8.586325e-02 5.587340e-02 1.931536e-01
<VARIANCE> 39
 5.991557e+00 4.541240e+00 9.532851e+00 1.188230e+01 1.065261e+01 1.061985e+01 1.625289e+01 3.281801e+01 2.248620e+01 1.417627e+01 2.263767e+01 3.262810e+01 1.601475e+00 1.861000e-01 4.101704e-01 7.590605e-01 4.463168e-01 4.680231e-01 7.893385e-01 8.909279e-01 1.513811e+00 1.034127e+00 9.596242e-01 1.797963e+00 1.735945e+00 5.069207e-02 5.527282e-02 7.474061e-02 1.945155e-01 1.317482e-01 1.668662e-01 2.471982e-01 1.683515e-01 3.605462e-01 2.375424e-01 2.455111e-01 3.316632e-01 2.764415e-01 2.888593e-02
<GCONST> 7.343645e+01
<STATE> 8
<MEAN> 39
 -1.079736e+01 8.712048e-01 2.897397e+00 -6.499953e-01 3.067116e+00 -4.626913e+00 -2.350482e+00 -1.261874e+01 -7.273940e+00 -1.271642e+01 -3.053497e+00 -6.154111e+00 5.974502e+01 3.459024e-01 -1.065951e+00 -1.700125e+00 -9.288915e-01 -4.012952e-01 -5.659185e-02 4.349826e-01 1.950914e-01 1.094475e+00 1.051527e+00 6.378893e-01 -8.566018e-02 7.422149e-01 1.184734e+00 -4.728751e-01 -1.293478e+00 -1.266435e+00 -2.524281e-01 7.682342e-01 -2.346441e-01 -7.192340e-01 2.345599e-01 8.497807e-01 2.241764e-01 -5.912897e-01 9.094832e-01
<VARIANCE> 39
 4.876394e+00 6.097134e+00 8.381911e+00 1.201871e+01 1.573033e+01 9.315859e+00 2.560808e+01 2.530786e+01 1.148877e+01 2.358574e+01 2.756476e+01 2.457623e+01 1.138731e+00 1.124306e+00 7.579064e-01 2.222088e+00 2.167660e+00 1.731693e+00 2.626468e+00 1.780720e+00 3.266027e+00 1.280565e+00 2.379083e+00 2.004230e+00 1.072196e+00 6.067330e-01 9.648787e-02 1.707689e-01 3.343621e-01 2.987441e-01 3.702604e-01 3.035986e-01 9.796137e-01 4.938899e-01 2.063669e-01 5.446931e-01 4.975036e-01 4.374870e-01 5.907051e-02
<GCONST> 9.359962e+01
<STATE> 9
<MEAN> 39
 -6.436103e+00 -2.446212e+00 -5.956120e+00 -7.085544e+00 1.574211e-01 -4.624368e+00 -2.386133e+00 -1.361203e+01 -4.969840e+00 -7.076503e+00 7.055756e-01 -8.017130e+00 6.396175e+01 3.668068e+00 -2.209870e+00 -4.769978e+00 -4.562307e+00 -7.140483e-01 2.994995e+00 -4.320898e-01 -1.377049e+00 1.953139e+00 2.804030e+00 -1.166394e-01 -2.419320e+00 3.065548e+00 4.495422e-01 -4.705861e-01 1.569238e-02 -2.592760e-01 2.175090e-01 6.911050e-01 -3.566954e-01 -5.889717e-02 4.755232e-01 1.550489e-01 -6.113566e-01 -5.146478e-01 4.898989e-01
<VARIANCE> 39
 1.935638e+01 8.492301e+00 3.352362e+01 3.883437e+01 3.122785e+01 3.467309e+01 2.483503e+01 3.000901e+01 2.872564e+01 2.941746e+01 2.062246e+01 1.821621e+01 8.127404e+00 8.850366e-01 2.287529e+00 3.917363e+00 2.241843e+00 4.011876e+00 3.408319e+00 9.170979e+00 3.049008e+00 3.016192e+00 6.449295e+00 3.618799e+00 2.991318e+00 1.017857e+00 4.318952e-01 2.150906e-01 1.053796e+00 8.855678e-01 8.226381e-01 5.916800e-01 6.029561e-01 5.493479e-01 6.033084e-01 6.894629e-01 5.061564e-01 5.054259e-01 1.961140e-01
<GCONST> 1.183674e+02
<STATE> 10
<MEAN> 39
 3.196433e+00 -9.580564e+00 -1.625579e+01 -1.866599e+01 -1.267057e+00 6.987441e+00 -3.602990e+00 -1.890631e+01 1.638504e+00 1.061287e+00 -2.967051e+00 -1.506083e+01 7.225083e+01 1.700057e+00 -2.733237e+00 -1.212180e+00 -1.101288e+00 1.632949e-01 1.869447e+00 -8.671056e-01 7.246025e-02 2.581038e+00 1.519439e+00 -2.026920e+00 -1.808067e+00 2.334403e+00 -1.098974e+00 1.694083e-01 1.531528e+00 1.771585e+00 2.140388e-01 -1.173020e+00 -5.570350e-02 7.985504e-01 -3.177693e-01 -1.166556e+00 -4.480363e-01 7.558248e-01 -5.919407e-01
<VARIANCE> 39
 1.860233e+00 2.046981e+01 5.739278e+01 1.597668e+01 4.778126e+01 4.177291e+01 7.334769e+01 5.676009e+01 4.078342e+01 7.505376e+01 3.662502e+01 3.711383e+01 7.520835e+00 1.867904e+00 1.998451e+00 7.218903e+00 6.926451e+00 4.626434e+00 4.799921e+00 3.577531e+00 5.689251e+00 3.127280e+00 6.994036e+00 2.443568e+00 2.942030e+00 1.273044e+00 7.857237e-02 2.724547e-01 3.166599e-01 2.423502e-01 2.701609e-01 3.125907e-01 1.098691e+00 4.636965e-01 8.638359e-01 7.276514e-01 5.734483e-01 3.543637e-01 6.558560e-02
<GCONST> 1.176323e+02
<STATE> 11
<MEAN> 39
 1.897990e+00 -1.755102e+01 -7.052090e+00 -1.530969e+01 7.580511e-01 6.681249e+00 -8.415595e+00 -8.493897e+00 6.505023e+00 -1.519541e+00 -7.541688e+00 -1.723101e+01 7.739530e+01 -3.419094e-01 -1.397973e+00 7.429234e-01 1.103438e+00 -2.550066e-01 -1.678160e+00 -2.489470e-01 1.115176e+00 -1.065906e-01 -9.293061e-01 -1.567907e+00 5.964928e-01 6.860213e-01 -2.663269e-01 6.783540e-01 -4.718298e-02 3.222656e-01 -1.702856e-01 -7.007557e-01 2.982994e-01 -1.899051e-01 -5.423157e-01 -3.952108e-01 4.908716e-01 6.578171e-01 -5.375400e-01
<VARIANCE> 39
 3.509776e+00 3.060350e+01 1.487218e+02 6.729531e+00 5.673057e+01 5.522587e+01 8.020338e+01 1.957779e+02 6.264545e+01 8.486832e+01 3.888933e+01 3.926196e+01 1.809831e+01 1.234568e-01 1.368203e+00 1.564740e+00 2.855397e+00 5.820016e-01 2.583954e+00 2.016748e+00 2.493297e+00 4.877259e+00 2.580847e+00 1.655464e+00 9.183275e-01 3.548927e-01 1.214200e-01 2.716564e-01 4.233642e-01 2.734399e-01 3.097024e-01 4.281413e-01 4.038153e-01 7.176496e-01 5.757325e-01 8.303314e-01 2.863510e-01 5.083169e-01 9.718578e-02
<GCONST> 1.096132e+02
<STATE> 12
<MEAN> 39
 1.300541e+00 -1.577388e+01 -1.643800e+01 -8.168094e+00 -1.783053e+00 -2.841346e+00 -3.634770e+00 -1.226962e+01 4.633384e+00 -8.765521e+00 -1.151764e+01 -8.232637e+00 7.458241e+01 -3.175958e-01 -6.681377e-02 4.317355e-01 7.501110e-01 -6.888377e-01 -1.699616e+00 1.056829e-01 1.473029e+00 1.111812e-01 -1.485974e+00 -1.708765e-01 1.312711e+00 -1.832453e-01 -4.826560e-02 4.342818e-01 1.292506e-01 -2.415109e-01 -2.622882e-02 5.628130e-02 -9.003355e-02 -1.175695e-01 -1.030466e-01 2.054903e-01 2.219755e-01 -1.458964e-01 -2.987205e-01
<VARIANCE> 39
 4.041497e+00 1.539595e+01 4.713488e+01 4.071189e+01 9.320013e+01 6.807259e+01 3.562717e+01 7.102334e+01 2.800301e+01 1.022110e+02 3.790007e+01 5.938169e+01 6.120582e+00 1.501805e-01 1.208680e+00 6.588675e-01 1.064147e+00 1.388844e+00 8.891636e-01 1.007609e+00 1.370379e+00 1.253708e+00 1.985905e+00 1.193617e+00 1.270143e+00 3.333305e-01 4.561459e-02 9.264014e-02 1.059691e-01 2.293923e-01 3.464088e-01 2.653927e-01 2.161993e-01 3.302788e-01 3.813857e-01 4.266379e-01 1.787819e-01 2.395181e-01 1.926775e-02
<GCONST> 9.302539e+01
<STATE> 13
<MEAN> 39
 -9.594356e-01 -1.362357e+01 -5.759365e+00 -9.147967e+00 -3.301326e+00 -6.708586e+00 -7.692383e+00 -5.123259e+00 4.022534e+00 -8.687008e+00 -8.926114e+00 -9.988613e+00 7.294547e+01 -8.052435e-01 1.828723e+00 7.498952e-01 9.104866e-01 3.665433e-01 3.846841e-02 3.540097e-01 -3.605996e-01 -4.092775e-01 -3.095612e-01 1.056296e-01 -3.717604e-01 -1.734436e+00 -1.711843e-01 -3.820821e-02 -1.056813e-02 -8.046038e-02 2.471744e-01 6.417100e-01 4.132160e-01 -8.301648e-02 -2.889110e-01 -5.978520e-04 6.161716e-02 -2.251937e-01 -9.849424e-02
<VARIANCE> 39
 7.852452e+00 9.811195e+00 7.743680e+01 2.417797e+01 5.492044e+01 4.876231e+01 5.183659e+01 6.338237e+01 4.745412e+01 3.701231e+01 6.148450e+01 4.236559e+01 8.746149e+00 3.005451e-01 7.582175e-01 1.362895e+00 1.184320e+00 2.327702e+00 1.653141e+00 1.854245e+00 2.643778e+00 1.936378e+00 2.490176e+00 1.054656e+00 1.335552e+00 1.678005e-01 7.663871e-02 2.063782e-01 1.640338e-01 1.857943e-01 2.145941e-01 2.606179e-01 2.100608e-01 6.169505e-01 3.442557e-01 3.095138e-01 4.168729e-01 2.704541e-01 6.630435e-02
<GCONST> 9.941938e+01
<STATE> 14
<MEAN> 39
 -3.511773e+00 -8.408436e+00 -7.343425e+00 -6.187013e+00 -1.170504e+00 -6.546707e+00 -4.494161e+00 -6.204591e+00 1.148299e+00 -1.295405e+01 -7.463607e+00 -8.309288e+00 6.717439e+01 -1.076944e+00 1.068635e+00 5.083838e-01 -6.412842e-02 2.249005e-01 3.889195e-01 4.911647e-01 -4.181612e-01 -1.108437e+00 -2.479068e-01 7.888149e-01 -1.637643e-01 -1.354506e+00 1.362861e-02 -2.384437e-01 -2.017548e-01 -9.186730e-02 -4.999238e-02 -1.049536e-01 -7.556564e-02 6.865201e-02 2.165846e-01 1.142707e-01 -1.383934e-01 -3.022153e-02 1.705803e-01
<VARIANCE> 39
 1.981040e+00 5.036707e+00 3.958372e+01 1.350310e+01 2.210256e+01 4.960035e+01 2.574866e+01 4.037684e+01 1.964203e+01 2.529844e+01 4.854624e+01 4.497470e+01 2.573533e+00 2.821187e-01 2.487266e-01 1.252155e+00 4.515261e-01 1.176716e+00 1.290851e+00 1.840322e+00 1.106537e+00 8.634421e-01 1.376496e+00 2.373081e+00 7.724770e-01 1.141668e-01 1.937006e-02 1.768982e-02 4.214501e-02 6.447186e-02 1.730818e-01 2.055244e-01 1.367715e-01 1.827340e-01 1.870881e-01 2.516524e-01 2.332945e-01 1.923427e-01 9.526831e-03
<GCONST> 7.383259e+01
<STATE> 15
<MEAN> 39
 -5.872564e+00 -6.603543e+00 -5.636491e+00 -7.318695e+00 -2.092895e+00 -2.793497e+00 -9.757347e-01 -8.097260e+00 1.034703e+00 -1.016879e+01 -9.943012e+00 -1.150349e+01 6.470687e+01 -9.086047e-01 7.582643e-01 1.049542e-01 -1.443187e-02 4.234427e-01 -7.830280e-02 1.415771e-01 3.437836e-01 -1.154055e-01 -9.624270e-02 -1.119572e-01 -4.663544e-01 -9.805986e-01 -1.622139e-02 -1.033224e-01 4.707606e-02 7.164644e-02 2.324595e-02 -1.424898e-02 -1.372724e-02 2.571188e-02 7.859855e-02 7.706103e-02 3.779741e-02 4.347394e-02 6.618084e-02
<VARIANCE> 39
 1.739940e+00 1.111357e+01 1.624935e+01 1.031419e+01 2.399310e+01 4.623625e+01 2.193704e+01 4.095019e+01 1.060741e+01 2.317069e+01 2.484676e+01 1.509203e+01 2.759542e+00 5.971831e-02 1.628265e-01 7.783565e-01 6.973605e-01 5.975296e-01 8.474693e-01 8.503492e-01 1.670475e+00 1.113476e+00 1.204679e+00 6.099463e-01 1.044947e+00 2.958308e-02 1.950042e-02 1.930131e-02 6.131600e-02 7.437582e-02 1.031034e-01 2.027295e-01 2.110277e-01 2.593141e-01 1.823148e-01 1.764422e-01 1.169983e-01 9.476918e-02 1.089335e-02
<GCONST> 6.426140e+01
<STATE> 16
<MEAN> 39
 -9.705983e+00 -5.052283e+00 -6.106511e+00 -7.360537e+00 -6.743024e-01 -5.403873e+00 -2.278627e+00 -6.796109e+00 -7.970250e-01 -1.167019e+01 -7.273119e+00 -1.092972e+01 6.132009e+01 -8.463569e-01 4.039946e-01 4.012968e-01 1.966414e-01 3.039062e-01 3.098236e-01 4.381562e-01 4.168319e-02 -3.195266e-01 1.218004e-01 4.436031e-01 1.730890e-01 -7.160712e-01 6.371997e-02 -7.990072e-02 6.297343e-03 6.141095e-02 -3.759001e-03 -6.817307e-02 9.066389e-03 -5.013511e-03 5.954385e-02 9.787677e-03 5.627094e-02 1.789782e-01 5.540080e-02
<VARIANCE> 39
 1.569026e+00 5.865135e+00 9.925961e+00 8.027849e+00 1.205801e+01 2.721753e+01 1.810512e+01 1.319100e+01 1.477940e+01 1.519267e+01 2.559294e+01 3.868370e+01 1.073208e+00 8.710596e-02 1.675547e-01 4.943930e-01 5.540838e-01 7.523080e-01 1.424789e+00 1.748369e+00 1.760631e+00 1.058092e+00 6.937682e-01 9.856446e-01 7.760818e-01 2.649396e-02 1.230131e-02 3.074463e-02 5.437094e-02 9.247013e-02 1.005583e-01 1.616002e-01 1.903367e-01 1.872610e-01 2.191283e-01 8.391166e-02 1.086988e-01 1.458208e-01 3.236677e-03
<GCONST> 5.888983e+01
<STATE> 17
<MEAN> 39
 -1.293523e+01 -4.508962e+00 -3.844225e+00 -5.149286e+00 1.728216e+00 -5.352400e+00 3.256740e-01 -4.405695e+00 -2.514128e-01 -1.043543e+01 -5.078856e+00 -9.918812e+00 5.876282e+01 -6.933748e-01 -3.198224e-02 4.727077e-01 4.340060e-01 7.428123e-02 -2.205549e-01 1.150308e-01 3.629203e-01 2.180955e-01 3.671835e-01 4.173547e-01 2.757683e-01 -4.997157e-01 -2.736929e-02 -6.648494e-02 -4.321537e-02 -7.681167e-02 -1.301148e-01 8.983649e-02 -3.106866e-02 -9.229552e-04 -1.031516e-01 -1.061373e-01 -1.117143e-01 -2.889107e-02 2.115857e-02
<VARIANCE> 39
 2.404569e+00 4.103967e+00 9.844213e+00 1.045531e+01 8.685259e+00 1.014977e+01 1.813070e+01 2.357150e+01 1.465941e+01 1.382200e+01 2.675239e+01 4.113517e+01 7.751085e-01 6.239080e-02 1.050292e-01 4.402001e-01 7.569920e-01 5.895711e-01 6.109984e-01 7.807837e-01 6.841028e-01 1.157655e+00 8.913791e-01 9.008262e-01 9.572554e-01 2.292827e-02 1.360391e-02 3.560014e-02 5.412131e-02 1.507554e-01 1.167910e-01 1.391252e-01 1.425589e-01 1.273237e-01 2.388142e-01 1.961322e-01 1.960161e-01 1.495766e-01 3.295277e-03
<GCONST> 5.665431e+01
<STATE> 18
<MEAN> 39
 -1.486767e+01 -4.883943e+00 -3.884284e+00 -4.910269e+00 -4.798659e-01 -4.201869e+00 2.622118e+00 -6.186775e+00 -3.781762e+00 -1.171984e+01 -3.354657e+00 -4.961780e+00 5.739974e+01 -8.042503e-01 -5.113534e-01 2.906900e-01 4.365795e-01 -2.561159e-01 4.630354e-01 1.537405e+00 7.815248e-01 -7.877130e-01 -7.434757e-01 2.349818e-01 3.457799e-01 -3.477691e-01 -1.844547e-03 2.700277e-02 1.404203e-01 1.369970e-01 1.005218e-01 2.812669e-02 1.665775e-01 1.565526e-01 5.015160e-02 -1.043791e-01 -1.349917e-02 -3.537347e-02 2.876681e-02
<VARIANCE> 39
 2.430220e+00 8.188066e+00 1.015250e+01 3.528062e+01 2.252799e+01 1.725370e+01 9.249774e+01 5.062228e+01 4.749176e+01 2.507395e+01 4.394354e+01 2.639020e+01 5.392365e-01 1.338158e-01 6.157258e-01 5.511692e-01 1.940770e+00 1.705543e+00 1.753779e+00 2.716608e+00 1.408022e+00 3.122363e+00 1.344051e+00 1.241860e+00 8.692040e-01 9.115931e-02 1.515516e-02 1.380322e-01 1.022020e-01 2.647865e-01 2.761137e-01 2.045176e-01 4.890961e-01 2.832292e-01 6.806797e-01 3.314599e-01 3.288466e-01 1.507199e-01 2.003882e-02
<GCONST> 8.457434e+01
<STATE> 19
<MEAN> 39
 -1.761254e+01 -4.789017e+00 -4.366795e-01 -1.486082e+00 1.112273e+00 -4.978915e+00 3.866923e+00 -2.841485e+00 -2.861073e+00 -1.252492e+01 -4.025015e+00 -7.689410e+00 5.594384e+01 -6.075135e-01 6.655594e-03 6.433643e-01 4.664143e-01 2.501238e-01 1.178869e-01 4.524143e-01 4.647551e-01 1.692195e-01 1.493790e-01 7.286688e-01 7.972282e-01 -3.597769e-01 1.068805e-01 -2.916495e-02 -2.252437e-02 5.330934e-02 1.443445e-01 1.600791e-01 3.134020e-02 2.383573e-02 1.201438e-01 2.338842e-01 1.216904e-01 1.806590e-01 5.884679e-02
<VARIANCE> 39
 2.866068e+00 2.822023e+00 1.246843e+01 3.396436e+01 1.651927e+01 1.474643e+01 9.785772e+01 4.080968e+01 1.686821e+01 2.090412e+01 3.436285e+01 2.969596e+01 9.923772e-01 2.531624e-01 1.891478e-01 3.656452e-01 6.822006e-01 6.444293e-01 1.221456e+00 7.808790e-01 9.642612e-01 1.033566e+00 2.329334e+00 1.979800e+00 8.506382e-01 8.708517e-02 3.335495e-02 4.377439e-02 6.777512e-02 1.586581e-01 1.638009e-01 2.795192e-01 2.701860e-01 2.421816e-01 2.207994e-01 4.044746e-01 3.590352e-01 1.706149e-01 8.598261e-03
<GCONST> 7.356133e+01
<TRANSP> 20
 0.000000e+00 1.000000e+00 0.000000e+00 0.000000e+00 0.000000e+00 0.000000e+00 0.000000e+00 0.000000e+00 0.000000e+00 0.000000e+00 0.000000e+00 0.000000e+00 0.000000e+00 0.000000e+00 0.000000e+00 0.000000e+00 0.000000e+00 0.000000e+00 0.000000e+00 0.000000e+00
 0.000000e+00 7.068227e-01 2.931773e-01 0.000000e+00 0.000000e+00 0.000000e+00 0.000000e+00 0.000000e+00 0.000000e+00 0.000000e+00 0.000000e+00 0.000000e+00 0.000000e+00 0.000000e+00 0.000000e+00 0.000000e+00 0.000000e+00 0.000000e+00 0.000000e+00 0.000000e+00
 0.000000e+00 0.000000e+00 6.765124e-01 3.234876e-01 0.000000e+00 0.000000e+00 0.000000e+00 0.000000e+00 0.000000e+00 0.000000e+00 0.000000e+00 0.000000e+00 0.000000e+00 0.000000e+00 0.000000e+00 0.000000e+00 0.000000e+00 0.000000e+00 0.000000e+00 0.000000e+00
 0.000000e+00 0.000000e+00 0.000000e+00 7.073814e-01 2.926186e-01 0.000000e+00 0.000000e+00 0.000000e+00 0.000000e+00 0.000000e+00 0.000000e+00 0.000000e+00 0.000000e+00 0.000000e+00 0.000000e+00 0.000000e+00 0.000000e+00 0.000000e+00 0.000000e+00 0.000000e+00
 0.000000e+00 0.000000e+00 0.000000e+00 0.000000e+00 7.492425e-01 2.507575e-01 0.000000e+00 0.000000e+00 0.000000e+00 0.000000e+00 0.000000e+00 0.000000e+00 0.000000e+00 0.000000e+00 0.000000e+00 0.000000e+00 0.000000e+00 0.000000e+00 0.000000e+00 0.000000e+00
 0.000000e+00 0.000000e+00 0.000000e+00 0.000000e+00 0.000000e+00 7.686982e-01 2.313019e-01 0.000000e+00 0.000000e+00 0.000000e+00 0.000000e+00 0.000000e+00 0.000000e+00 0.000000e+00 0.000000e+00 0.000000e+00 0.000000e+00 0.000000e+00 0.000000e+00 0.000000e+00
 0.000000e+00 0.000000e+00 0.000000e+00 0.000000e+00 0.000000e+00 0.000000e+00 7.744867e-01 2.255133e-01 0.000000e+00 0.000000e+00 0.000000e+00 0.000000e+00 0.000000e+00 0.000000e+00 0.000000e+00 0.000000e+00 0.000000e+00 0.000000e+00 0.000000e+00 0.000000e+00
 0.000000e+00 0.000000e+00 0.000000e+00 0.000000e+00 0.000000e+00 0.000000e+00 0.000000e+00 5.204537e-01 4.795463e-01 0.000000e+00 0.000000e+00 0.000000e+00 0.000000e+00 0.000000e+00 0.000000e+00 0.000000e+00 0.000000e+00 0.000000e+00 0.000000e+00 0.000000e+00
 0.000000e+00 0.000000e+00 0.000000e+00 0.000000e+00 0.000000e+00 0.000000e+00 0.000000e+00 0.000000e+00 5.384071e-01 4.615929e-01 0.000000e+00 0.000000e+00 0.000000e+00 0.000000e+00 0.000000e+00 0.000000e+00 0.000000e+00 0.000000e+00 0.000000e+00 0.000000e+00
 0.000000e+00 0.000000e+00 0.000000e+00 0.000000e+00 0.000000e+00 0.000000e+00 0.000000e+00 0.000000e+00 0.000000e+00 5.861521e-01 4.138479e-01 0.000000e+00 0.000000e+00 0.000000e+00 0.000000e+00 0.000000e+00 0.000000e+00 0.000000e+00 0.000000e+00 0.000000e+00
 0.000000e+00 0.000000e+00 0.000000e+00 0.000000e+00 0.000000e+00 0.000000e+00 0.000000e+00 0.000000e+00 0.000000e+00 0.000000e+00 5.887431e-01 4.112569e-01 0.000000e+00 0.000000e+00 0.000000e+00 0.000000e+00 0.000000e+00 0.000000e+00 0.000000e+00 0.000000e+00
 0.000000e+00 0.000000e+00 0.000000e+00 0.000000e+00 0.000000e+00 0.000000e+00 0.000000e+00 0.000000e+00 0.000000e+00 0.000000e+00 0.000000e+00 8.027878e-01 1.972122e-01 0.000000e+00 0.000000e+00 0.000000e+00 0.000000e+00 0.000000e+00 0.000000e+00 0.000000e+00
 0.000000e+00 0.000000e+00 0.000000e+00 0.000000e+00 0.000000e+00 0.000000e+00 0.000000e+00 0.000000e+00 0.000000e+00 0.000000e+00 0.000000e+00 0.000000e+00 6.573761e-01 3.426239e-01 0.000000e+00 0.000000e+00 0.000000e+00 0.000000e+00 0.000000e+00 0.000000e+00
 0.000000e+00 0.000000e+00 0.000000e+00 0.000000e+00 0.000000e+00 0.000000e+00 0.000000e+00 0.000000e+00 0.000000e+00 0.000000e+00 0.000000e+00 0.000000e+00 0.000000e+00 6.355144e-01 3.644856e-01 0.000000e+00 0.000000e+00 0.000000e+00 0.000000e+00 0.000000e+00
 0.000000e+00 0.000000e+00 0.000000e+00 0.000000e+00 0.000000e+00 0.000000e+00 0.000000e+00 0.000000e+00 0.000000e+00 0.000000e+00 0.000000e+00 0.000000e+00 0.000000e+00 0.000000e+00 6.843682e-01 3.156318e-01 0.000000e+00 0.000000e+00 0.000000e+00 0.000000e+00
 0.000000e+00 0.000000e+00 0.000000e+00 0.000000e+00 0.000000e+00 0.000000e+00 0.000000e+00 0.000000e+00 0.000000e+00 0.000000e+00 0.000000e+00 0.000000e+00 0.000000e+00 0.000000e+00 0.000000e+00 7.659834e-01 2.340166e-01 0.000000e+00 0.000000e+00 0.000000e+00
 0.000000e+00 0.000000e+00 0.000000e+00 0.000000e+00 0.000000e+00 0.000000e+00 0.000000e+00 0.000000e+00 0.000000e+00 0.000000e+00 0.000000e+00 0.000000e+00 0.000000e+00 0.000000e+00 0.000000e+00 0.000000e+00 7.376938e-01 2.623062e-01 0.000000e+00 0.000000e+00
 0.000000e+00 0.000000e+00 0.000000e+00 0.000000e+00 0.000000e+00 0.000000e+00 0.000000e+00 0.000000e+00 0.000000e+00 0.000000e+00 0.000000e+00 0.000000e+00 0.000000e+00 0.000000e+00 0.000000e+00 0.000000e+00 0.000000e+00 6.071131e-01 3.928869e-01 0.000000e+00
 0.000000e+00 0.000000e+00 0.000000e+00 0.000000e+00 0.000000e+00 0.000000e+00 0.000000e+00 0.000000e+00 0.000000e+00 0.000000e+00 0.000000e+00 0.000000e+00 0.000000e+00 0.000000e+00 0.000000e+00 0.000000e+00 0.000000e+00 0.000000e+00 6.794595e-01 3.205405e-01
 0.000000e+00 0.000000e+00 0.000000e+00 0.000000e+00 0.000000e+00 0.000000e+00 0.000000e+00 0.000000e+00 0.000000e+00 0.000000e+00 0.000000e+00 0.000000e+00 0.000000e+00 0.000000e+00 0.000000e+00 0.000000e+00 0.000000e+00 0.000000e+00 0.000000e+00 0.000000e+00
<ENDHMM>
