~o
<STREAMINFO> 1 39
<VECSIZE> 39<NULLD><MFCC_D_A_0><DIAGC>
~h "nol"
<BEGINHMM>
<NUMSTATES> 20
<STATE> 2
<MEAN> 39
 -1.770816e+01 -4.559952e+00 -1.851301e+00 -3.753429e+00 2.328589e+00 -5.168232e+00 2.991246e+00 -6.946806e+00 3.716874e-01 -6.939213e+00 -2.347494e-01 -5.612864e+00 5.744026e+01 1.011697e+00 1.355489e+00 1.420367e+00 1.003861e+00 2.088609e-01 -5.317290e-01 -7.470242e-01 -7.404051e-01 -4.149584e-01 -2.273787e-01 -5.662812e-02 -1.409182e-01 4.513395e-01 5.183114e-01 5.256497e-01 4.099262e-01 2.023024e-01 -1.430081e-01 -4.330322e-01 -4.851071e-01 -4.189999e-01 -2.204618e-01 -9.630527e-02 -2.660321e-02 -2.138544e-02 2.208441e-01
<VARIANCE> 39
 8.204926e+00 8.987206e+00 1.046554e+01 8.337399e+00 1.449116e+01 2.487995e+01 2.662649e+01 2.143182e+01 2.070135e+01 1.080650e+01 1.572764e+01 1.359067e+01 1.008477e+00 2.238603e+00 2.373924e+00 2.359877e+00 2.026901e+00 1.389358e+00 2.702501e+00 3.467422e+00 3.710864e+00 2.509448e+00 1.640332e+00 3.154849e+00 2.131189e+00 3.484297e-01 3.016348e-01 3.280532e-01 2.397822e-01 2.271436e-01 2.663766e-01 4.685431e-01 4.840054e-01 6.717219e-01 4.502229e-01 2.134986e-01 4.553619e-01 2.962441e-01 6.036026e-02
<GCONST> 9.726338e+01
<STATE> 3
<MEAN> 39
 -6.942787e+00 5.949533e+00 9.441712e+00 2.983362e+00 1.014627e+00 -1.063354e+01 -7.904154e+00 -1.452760e+01 -6.085453e+00 -9.990318e+00 -6.122152e-01 -6.891075e+00 6.116082e+01 3.297995e+00 3.300306e+00 2.432948e+00 3.943241e-01 -1.608500e+00 -2.687806e+00 -3.086034e+00 -2.204522e+00 -1.185236e+00 -7.913756e-02 5.134612e-01 2.649573e-01 1.497870e+00 -2.806979e-01 -7.514651e-01 -1.046487e+00 -9.878367e-01 -3.095753e-01 3.604748e-01 3.840883e-01 5.789366e-01 7.729793e-01 5.166430e-01 2.068244e-01 1.227570e-01 1.192472e-02
<VARIANCE> 39
 8.134648e+00 9.925571e+00 1.206292e+01 1.796839e+01 2.252878e+01 2.046859e+01 2.093370e+01 1.629787e+01 2.521915e+01 3.102302e+01 4.940609e+01 4.403482e+01 1.946134e+00 6.934977e-01 1.286161e+00 1.873824e+00 2.168258e+00 9.366227e-01 1.736403e+00 1.944443e+00 2.661281e+00 2.909454e+00 2.297753e+00 4.097398e+00 2.137314e+00 1.175062e-01 1.973134e-01 2.641643e-01 3.281906e-01 2.749361e-01 3.892272e-01 5.796305e-01 2.406699e-01 3.941176e-01 5.719523e-01 2.612748e-01 6.199516e-01 4.644997e-01 4.829128e-02
<GCONST> 9.839252e+01
<STATE> 4
<MEAN> 39
 -1.085840e+00 9.089741e+00 8.941861e+00 -7.151897e-01 -2.992560e+00 -1.396096e+01 -1.228470e+01 -1.583409e+01 -3.536743e+00 -5.770271e+00 1.537581e+00 -5.865879e+00 6.469402e+01 1.310797e+00 -1.126781e+00 -2.459919e+00 -1.938555e+00 5.228462e-01 6.419669e-01 -7.392574e-01 8.065954e-01 1.380952e+00 1.150634e+00 1.763696e-01 -8.663452e-01 1.385128e+00 -3.166138e-01 -1.215105e+00 -1.189167e+00 -5.754411e-01 8.479329e-01 1.089014e+00 5.462720e-01 7.727917e-01 2.478188e-01 -5.083670e-02 -8.517475e-02 -4.094647e-01 1.416861e-01
<VARIANCE> 39
 2.705921e+00 6.306630e+00 2.126859e+01 2.036709e+01 1.430846e+01 1.688861e+01 2.687035e+01 2.359768e+01 3.955981e+01 5.361483e+01 8.869892e+01 4.547937e+01 1.720647e+00 5.333633e-01 3.633923e+00 4.137345e+00 2.322871e+00 4.438448e+00 3.292976e+00 3.296769e+00 3.014652e+00 3.877361e+00 2.325898e+00 4.265709e+00 4.177289e+00 4.690568e-01 1.098249e-01 2.942639e-01 3.501458e-01 3.015837e-01 4.196982e-01 4.880822e-01 6.192662e-01 4.943735e-01 6.448313e-01 3.294150e-01 5.006709e-01 5.194883e-01 7.196924e-02
<GCONST> 1.072787e+02
<STATE> 5
<MEAN> 39
 2.699888e+00 -3.004125e+00 -5.689593e+00 -1.203165e+01 5.733150e+00 -4.259798e+00 -1.406599e+01 -6.968690e+00 8.517529e-01 -3.746444e+00 2.860838e+00 -1.293797e+01 7.201129e+01 7.640264e-01 -3.021123e+00 -3.318899e+00 -3.091794e+00 1.481886e+00 3.789342e+00 9.692734e-01 1.329213e+00 2.523977e-01 -4.636905e-01 4.066156e-01 -4.451084e-01 1.521691e+00 -2.664722e-01 6.394230e-01 8.511972e-01 4.166047e-01 -5.865047e-01 -4.346601e-03 5.939991e-01 -8.325727e-01 -5.198990e-01 -3.600670e-01 -1.991003e-03 6.937225e-01 -4.425266e-01
<VARIANCE> 39
 1.832596e+00 3.737873e+01 6.165731e+01 3.363346e+01 6.957842e+01 4.250499e+01 6.485213e+01 1.120677e+02 7.682451e+01 1.467706e+02 2.060673e+02 4.888034e+01 7.444366e+00 3.294228e-01 2.190405e+00 4.269195e+00 2.651136e+00 5.818149e+00 1.095340e+00 3.794093e+00 5.471519e+00 4.091494e+00 3.459035e+00 3.610933e+00 4.452623e+00 5.947244e-01 3.781851e-02 4.046091e-01 2.941025e-01 5.120665e-01 6.680498e-01 4.654446e-01 4.427189e-01 5.004545e-01 6.775699e-01 9.309607e-01 8.619329e-01 7.099169e-01 4.132087e-02
<GCONST> 1.199862e+02
<STATE> 6
<MEAN> 39
 3.593048e+00 -5.473730e+00 -1.083206e+01 -1.715073e+01 4.754477e+00 3.064551e+00 -8.725889e+00 -1.080231e+01 -8.420662e-02 -6.524669e+00 2.014180e+00 -9.779190e+00 7.268670e+01 2.027169e-01 -1.178117e-01 -4.405377e-01 -1.099290e+00 -1.274234e-01 2.256449e+00 1.183342e+00 -1.408045e+00 -4.775515e-01 -8.086746e-01 -1.980028e-01 7.812167e-01 1.828466e-01 -1.117549e-01 4.774473e-01 5.690708e-01 4.041974e-01 -1.408072e-01 -4.694169e-01 -4.840836e-01 -1.154722e-01 -1.104693e-01 -1.489725e-01 -1.363974e-01 -1.481954e-02 -1.884315e-01
<VARIANCE> 39
 9.136290e-01 3.355135e+01 8.175204e+01 1.662510e+01 7.021855e+01 4.271468e+01 4.886782e+01 1.097176e+02 5.871812e+01 5.459195e+01 1.580782e+02 3.262268e+01 8.310409e+00 1.121754e-01 5.516609e-01 1.557156e+00 5.772076e-01 2.132179e+00 1.108369e+00 1.258307e+00 1.244013e+00 1.469763e+00 3.916682e+00 1.364028e+00 2.090483e+00 4.110444e-02 1.300698e-02 1.649900e-01 2.870722e-01 1.341735e-01 2.615108e-01 2.406358e-01 1.568968e-01 3.948792e-01 1.851204e-01 2.834601e-01 2.526784e-01 2.510892e-01 1.980199e-02
<GCONST> 9.109658e+01
<STATE> 7
<MEAN> 39
 4.282410e+00 -1.803640e-01 -1.268529e+01 -2.011387e+01 -3.184209e+00 6.355212e+00 -1.565176e+00 -1.757701e+01 -7.852054e+00 -8.333309e+00 4.223009e+00 -4.173181e+00 7.044691e+01 -3.819794e-02 1.209650e-01 -3.508137e-01 -4.216136e-01 -1.854928e-01 3.838685e-01 1.310850e-01 8.310813e-02 -3.106496e-01 1.217579e-03 -4.432607e-02 7.162771e-02 -1.942849e-02 -3.115948e-02 -3.826380e-02 2.774781e-02 3.988967e-02 3.825609e-02 -1.364304e-01 -1.401569e-01 6.914448e-02 1.366473e-01 2.199200e-01 -1.031310e-02 -6.972209e-02 4.588310e-03
<VARIANCE> 39
 8.973301e-01 1.530054e+01 2.493699e+01 7.430334e+00 2.779976e+01 4.010443e+01 3.195277e+01 3.595199e+01 4.205979e+01 1.608112e+01 5.143552e+01 1.993277e+01 4.508252e+00 7.686409e-02 2.171559e-01 3.975640e-01 1.829720e-01 4.423488e-01 9.268941e-01 4.769317e-01 1.043706e+00 7.120150e-01 1.448732e+00 1.086644e+00 6.780750e-01 3.323264e-02 1.669972e-02 4.348497e-02 8.233490e-02 3.591221e-02 1.297296e-01 1.888835e-01 7.731722e-02 1.754669e-01 1.266661e-01 2.094995e-01 1.490846e-01 1.300743e-01 6.752080e-03
<GCONST> 6.292511e+01
<STATE> 8
<MEAN> 39
 1.936063e+00 -7.222643e+00 -1.208767e+00 -2.537837e+01 9.759552e+00 7.040246e+00 -1.661102e+01 -1.473571e+00 -6.477935e+00 -5.590214e+00 9.953450e+00 -1.025617e+01 7.653482e+01 -4.501986e-03 3.277002e-01 -1.987881e-01 -2.677021e-01 9.594999e-02 -7.966205e-01 -3.498517e-01 -3.385662e-01 -3.781467e-01 4.931121e-01 5.391295e-02 -2.481523e-02 -1.002438e-01 3.478857e-02 9.239990e-02 5.667335e-02 1.354536e-01 -7.133104e-02 -1.078741e-01 1.442931e-01 1.584488e-02 1.005644e-01 1.741770e-01 -4.088232e-02 -8.026648e-02 -6.037954e-02
<VARIANCE> 39
 1.629559e+00 2.140142e+01 9.076494e+01 1.373521e+01 4.992349e+01 4.462489e+01 6.270562e+01 8.829573e+01 5.543704e+01 2.661861e+01 7.168356e+01 1.728423e+01 1.242978e+01 8.450675e-02 8.303220e-01 3.850780e-01 7.024644e-01 1.165471e+00 1.708923e+00 1.155428e+00 1.030700e+00 1.816583e+00 9.801922e-01 7.425973e-01 6.610758e-01 1.575173e-01 1.232357e-02 1.141066e-01 9.044782e-02 1.158063e-01 1.755752e-01 2.169601e-01 1.234202e-01 2.118111e-01 3.314058e-01 1.859271e-01 1.655012e-01 2.111586e-01 9.409762e-03
<GCONST> 8.169637e+01
<STATE> 9
<MEAN> 39
 3.266358e+00 -9.184566e+00 -1.472781e+01 -1.902647e+01 5.227880e+00 1.021697e+01 -1.114798e+01 -2.200394e+01 4.055580e+00 -1.284699e+01 -1.378565e+01 -1.176243e+01 7.299364e+01 -2.007553e-01 3.001879e-01 7.828333e-01 -1.150054e-01 -9.357345e-01 3.374986e-02 -3.418166e-01 -3.965995e-01 -1.000787e-04 1.220040e-01 -5.569572e-02 -6.889821e-02 -3.251426e-01 -4.927766e-02 7.768679e-02 6.019538e-02 6.429862e-02 -9.881878e-02 -1.604400e-01 2.067404e-02 9.846780e-02 -7.393609e-02 -1.083448e-01 -1.246901e-03 -1.109365e-02 -7.229437e-02
<VARIANCE> 39
 8.941670e-01 2.954531e+01 3.587665e+01 1.254180e+01 4.019650e+01 4.197997e+01 4.815026e+01 6.854133e+01 5.565332e+01 5.097822e+01 1.581747e+02 1.800115e+01 5.310681e+00 1.110119e-01 7.485083e-01 1.309927e+00 8.230687e-01 9.173415e-01 1.735817e+00 2.349467e+00 2.403491e+00 1.512914e+00 2.265901e+00 1.602414e+00 7.931526e-01 1.250457e-01 1.095168e-02 8.683556e-02 2.534945e-01 1.265444e-01 1.152572e-01 1.964694e-01 3.917421e-01 3.729865e-01 2.848590e-01 1.698290e-01 3.106614e-01 1.636366e-01 4.837112e-03
<GCONST> 8.589594e+01
<STATE> 10
<MEAN> 39
 2.069445e+00 -2.230376e+00 -8.313074e+00 -2.292764e+01 -1.057932e+01 1.580422e+01 -2.748523e+00 -2.068115e+01 2.168218e+00 2.119472e+00 1.210083e+00 -3.528602e-01 7.120206e+01 -1.724656e-01 4.196803e-01 1.020247e+00 3.267284e-01 -4.632275e-01 -1.561774e-01 -1.426663e-01 -1.280574e-01 5.376002e-01 -6.801649e-02 -6.339082e-01 3.197333e-01 -2.650561e-01 -4.603017e-02 8.594755e-02 2.530663e-02 3.499597e-01 3.178031e-01 -1.844917e-01 9.782302e-02 1.670641e-01 -3.285312e-01 -4.136084e-01 5.594519e-02 -9.301408e-02 -8.876466e-02
<VARIANCE> 39
 2.362850e+00 7.440063e+00 2.280074e+01 1.409360e+01 8.689838e+01 7.283881e+01 4.916048e+01 6.230671e+01 5.051958e+01 5.758041e+01 4.942696e+01 4.747219e+01 2.019181e+00 1.481258e-01 5.841566e-01 6.293843e-01 9.580501e-01 2.766920e+00 1.891564e+00 9.075263e-01 2.056010e+00 3.127252e+00 1.986781e+00 9.180672e-01 1.962163e+00 1.284188e-01 3.275187e-02 5.879071e-02 6.393765e-02 1.051599e-01 3.975831e-01 1.784759e-01 1.632555e-01 3.009857e-01 3.015516e-01 2.220991e-01 1.710369e-01 1.841857e-01 9.477635e-03
<GCONST> 8.549059e+01
<STATE> 11
<MEAN> 39
 2.672128e+00 1.029773e+00 -7.756808e+00 -1.931224e+01 1.364829e+00 3.394107e-01 -8.260875e+00 -1.152372e+01 -8.060259e+00 -7.263233e+00 1.975252e+00 -1.093852e+01 6.954797e+01 -4.752123e-01 5.210119e-01 5.555363e-01 1.385671e+00 3.804445e-02 -4.581581e-01 6.820357e-01 -3.919415e-01 -3.067968e-01 -9.623054e-01 -6.081842e-01 -2.028138e-01 -7.379432e-01 -1.451011e-01 -5.605474e-02 8.623990e-02 1.252519e-01 1.278628e-01 1.126481e-01 6.740052e-02 -8.350860e-02 -1.790120e-02 -1.249064e-02 4.249486e-02 1.693759e-01 -5.103261e-02
<VARIANCE> 39
 3.320765e+00 6.356031e+00 3.558144e+01 8.402327e+00 5.899804e+01 4.172463e+01 4.264609e+01 7.437404e+01 3.424310e+01 3.677998e+01 9.043514e+01 3.253516e+01 4.519139e+00 1.696724e-01 2.293242e-01 7.163787e-01 6.736668e-01 1.479069e+00 1.181079e+00 5.569476e-01 1.516298e+00 1.579604e+00 8.492898e-01 8.659946e-01 8.324406e-01 5.789847e-02 1.975407e-02 3.933522e-02 4.238680e-02 1.257981e-01 2.968933e-01 2.025882e-01 8.985571e-02 2.336743e-01 1.983177e-01 2.843518e-01 1.044291e-01 1.278153e-01 9.222215e-03
<GCONST> 7.551639e+01
<STATE> 12
<MEAN> 39
 9.167016e-02 2.317718e+00 -4.202552e+00 -1.402008e+01 8.804892e-01 9.892343e-01 -7.611155e+00 -1.618767e+01 -7.141393e+00 -1.053861e+01 -3.423789e+00 -9.819164e+00 6.689885e+01 -8.905223e-01 9.326430e-02 5.412322e-01 1.451518e+00 3.644421e-01 -3.005427e-01 1.077449e+00 2.715743e-01 -1.663645e-01 2.524845e-01 8.352650e-02 2.938885e-01 -7.973682e-01 -1.412420e-01 -3.007760e-01 -1.520016e-01 -4.961842e-02 -1.012931e-01 -1.233661e-01 1.987698e-01 3.088269e-01 3.371972e-01 2.139156e-01 1.868355e-01 -7.775350e-02 -2.108458e-02
<VARIANCE> 39
 1.253120e+00 1.381704e+01 1.000550e+01 1.227099e+01 4.046154e+01 5.161151e+01 2.888473e+01 4.731594e+01 3.871850e+01 7.599210e+01 1.275889e+02 3.323350e+01 2.067448e+00 7.269204e-02 3.447283e-01 5.399718e-01 8.414098e-01 2.314011e+00 6.829032e-01 8.674812e-01 2.018864e+00 1.192129e+00 1.783149e+00 1.682340e+00 1.208154e+00 5.413949e-02 1.035715e-02 3.163264e-02 4.017806e-02 6.470311e-02 9.490246e-02 1.175721e-01 8.542861e-02 2.104536e-01 1.936915e-01 3.557470e-01 2.472220e-01 1.887582e-01 5.366380e-03
<GCONST> 7.290119e+01
<STATE> 13
<MEAN> 39
 -3.055947e+00 1.671499e+00 -1.385488e+00 -9.725537e+00 6.295280e-01 5.615135e+00 6.970358e-01 -1.203470e+01 -2.106486e+00 -6.406578e+00 2.113068e+00 -3.396400e+00 6.508090e+01 -1.005726e+00 -1.490037e-01 2.850796e-01 1.263282e+00 5.282822e-01 -1.284257e+00 1.017297e+00 1.500579e+00 1.485207e-01 -3.579243e-01 -2.277516e-01 -5.699001e-01 -8.132786e-01 1.571635e-02 -3.053814e-02 -5.282822e-02 -2.612058e-01 -2.787937e-01 -9.500935e-02 -2.323121e-01 -4.409888e-02 7.907234e-02 1.306343e-02 -1.970118e-01 -1.387734e-01 4.229945e-02
<VARIANCE> 39
 2.448200e+00 6.189414e+00 1.219407e+01 1.428591e+01 2.198800e+01 4.814652e+01 3.633688e+01 4.727485e+01 2.501154e+01 2.884583e+01 5.097290e+01 3.107495e+01 1.679087e+00 1.008735e-01 4.660528e-01 3.707011e-01 6.438822e-01 2.433638e+00 9.484214e-01 1.373151e+00 1.526206e+00 1.313420e+00 1.149351e+00 1.613925e+00 1.343792e+00 5.153264e-02 8.858488e-03 6.897217e-02 6.437862e-02 1.520776e-01 2.766403e-01 1.678303e-01 1.851848e-01 3.100115e-01 1.439778e-01 2.630009e-01 1.926364e-01 1.470608e-01 5.892612e-03
<GCONST> 7.381752e+01
<STATE> 14
<MEAN> 39
 -5.331985e+00 2.147854e-02 -3.583993e+00 -9.801627e+00 -1.220367e-01 -1.546607e+00 -2.822479e+00 -1.362024e+01 -5.275051e+00 -1.285967e+01 -6.839736e+00 -1.260883e+01 6.312579e+01 -8.558691e-01 9.816632e-02 4.758884e-01 7.743977e-01 -1.746732e-02 -6.567147e-01 7.208207e-01 5.733913e-01 -4.381429e-01 -2.271314e-01 -1.381910e-01 -3.725268e-02 -6.569646e-01 3.225343e-02 4.025323e-02 1.676866e-02 -3.997845e-02 2.699084e-02 4.675768e-02 -1.105551e-01 -1.100453e-01 -1.620366e-01 -7.129025e-02 -5.265564e-02 4.233397e-02 4.584283e-02
<VARIANCE> 39
 3.183688e+00 1.123434e+01 1.251981e+01 1.541293e+01 9.359277e+00 1.482731e+01 1.956429e+01 2.085403e+01 1.590088e+01 3.286340e+01 4.737412e+01 2.551865e+01 1.104383e+00 2.502152e-01 4.102569e-01 4.447673e-01 7.847297e-01 4.990811e-01 1.470195e+00 1.045046e+00 1.544590e+00 2.303785e+00 1.590532e+00 2.196843e+00 1.497558e+00 3.719220e-02 4.959010e-02 6.347069e-02 9.001130e-02 1.104513e-01 1.143536e-01 1.852774e-01 9.755941e-02 2.608676e-01 3.877392e-01 1.892729e-01 2.490479e-01 3.803281e-01 8.542696e-03
<GCONST> 7.332534e+01
<STATE> 15
<MEAN> 39
 -7.739429e+00 1.548805e+00 -1.591893e-01 -4.716612e+00 8.205455e-02 -4.052074e+00 4.565004e-01 -9.818547e+00 -5.598039e+00 -1.143509e+01 -4.498151e+00 -9.773717e+00 6.105192e+01 -7.542793e-01 -1.056761e-01 4.772605e-01 9.209424e-01 -3.407116e-01 -6.463410e-01 -8.043683e-02 -2.138476e-01 -7.409237e-02 -5.056986e-01 -8.512285e-01 -5.071898e-01 -5.177095e-01 4.832363e-02 -4.506641e-02 7.187824e-03 4.014354e-02 7.255410e-02 2.023207e-01 5.679174e-02 -4.193176e-02 1.372102e-01 1.383922e-01 9.960231e-02 5.560900e-02 3.521737e-02
<VARIANCE> 39
 4.188477e+00 5.247202e+00 1.223392e+01 2.961256e+01 1.444620e+01 2.576193e+01 2.060019e+01 2.734723e+01 2.080476e+01 1.985153e+01 2.964753e+01 1.683640e+01 1.118912e+00 1.170997e-01 2.730910e-01 2.704598e-01 6.575791e-01 7.303017e-01 1.206636e+00 9.016902e-01 1.440080e+00 9.024809e-01 6.040071e-01 8.539013e-01 1.128225e+00 2.344544e-02 2.799560e-02 5.857190e-02 7.695168e-02 1.315064e-01 1.705827e-01 1.968008e-01 2.580239e-01 2.826271e-01 2.049943e-01 1.490201e-01 1.602170e-01 2.459724e-01 6.886462e-03
<GCONST> 6.711043e+01
<STATE> 16
<MEAN> 39
 -1.050226e+01 1.840823e-02 8.979067e-01 -2.191646e+00 1.777984e+00 -3.242094e+00 6.512452e-01 -1.024942e+01 -5.880507e+00 -1.276713e+01 -5.585943e+00 -1.112936e+01 5.967524e+01 -6.076553e-01 -3.194162e-01 2.104018e-01 4.954843e-01 1.578247e-01 -1.102828e-01 2.750629e-01 4.500802e-01 5.171348e-01 2.993040e-01 3.048049e-01 3.779117e-01 -3.291410e-01 1.021340e-02 -9.691621e-02 -1.311638e-01 -2.214712e-01 -1.322530e-01 -6.641488e-02 2.350239e-02 2.133048e-02 1.028243e-01 5.441002e-02 6.112610e-02 1.960135e-01 2.238489e-02
<VARIANCE> 39
 1.844358e+00 2.769766e+00 5.434582e+00 1.941431e+01 1.405383e+01 1.697032e+01 2.426232e+01 2.891670e+01 2.121607e+01 1.835322e+01 2.521883e+01 2.420525e+01 4.934427e-01 1.359554e-01 3.374131e-01 7.194871e-01 8.922182e-01 1.018423e+00 7.437310e-01 1.706809e+00 1.388733e+00 1.050155e+00 1.086397e+00 1.543132e+00 1.448181e+00 6.195038e-02 1.619616e-02 3.394336e-02 7.866631e-02 1.254671e-01 1.297133e-01 1.024696e-01 2.828357e-01 2.065240e-01 1.999954e-01 1.407459e-01 2.906488e-01 2.574003e-01 6.231741e-03
<GCONST> 6.635527e+01
<STATE> 17
<MEAN> 39
 -1.296270e+01 -2.175206e+00 1.142815e-01 -1.476612e+00 -4.205862e-01 -5.607387e+00 1.924315e+00 -9.495715e+00 -2.885438e+00 -1.127639e+01 -6.563246e+00 -9.260806e+00 5.808122e+01 -5.297474e-01 -2.802976e-01 1.477945e-01 3.110797e-01 7.774917e-02 6.702916e-03 3.107360e-01 4.565305e-01 1.619152e-01 -8.880420e-02 -4.165866e-01 1.694313e-01 -2.745752e-01 4.498950e-02 9.209640e-02 5.040801e-02 2.186040e-02 1.957584e-01 1.915168e-01 -8.937055e-02 -3.183430e-02 -1.621070e-01 -1.126469e-01 4.011879e-02 -2.460151e-02 3.539813e-02
<VARIANCE> 39
 2.570547e+00 4.742123e+00 4.074560e+00 2.156475e+01 1.879377e+01 2.257780e+01 1.750484e+01 3.712415e+01 1.997321e+01 2.560275e+01 2.076771e+01 3.992945e+01 4.372377e-01 1.439161e-01 3.455070e-01 6.901644e-01 1.079903e+00 9.211264e-01 9.915667e-01 1.446335e+00 1.387236e+00 1.486546e+00 9.533460e-01 1.679796e+00 3.323909e+00 3.778710e-02 1.860833e-02 8.243575e-02 1.118482e-01 1.966184e-01 1.798714e-01 1.470673e-01 2.807089e-01 3.025865e-01 2.094638e-01 1.786650e-01 3.902321e-01 5.520483e-01 7.360764e-03
<GCONST> 7.328705e+01
<STATE> 18
<MEAN> 39
 -1.457180e+01 -2.504917e+00 8.720624e-01 -2.839098e-01 3.537220e+00 -8.569778e-01 4.306607e+00 -6.606093e+00 -2.452013e+00 -1.029603e+01 -4.563670e+00 -6.652366e+00 5.742002e+01 -3.943960e-01 -4.863214e-01 -4.621944e-01 -3.923542e-01 1.651041e-01 2.986439e-01 -5.421374e-02 4.360781e-02 1.667328e-01 4.014734e-01 8.020812e-01 1.588730e-01 -9.445920e-02 5.952536e-02 -9.245890e-02 -1.878605e-01 -2.236483e-01 -2.411016e-01 -1.842266e-01 -6.018817e-02 6.101131e-02 1.506484e-01 1.948209e-01 1.709934e-01 -1.175065e-01 4.121045e-02
<VARIANCE> 39
 2.332609e+00 4.678285e+00 7.695370e+00 2.567562e+01 1.926480e+01 3.472796e+01 1.936610e+01 2.472032e+01 1.519692e+01 1.311992e+01 3.441030e+01 1.482659e+01 4.291297e-01 7.055188e-02 3.781198e-01 5.437729e-01 8.180172e-01 1.142262e+00 1.518404e+00 1.909927e+00 1.318361e+00 1.855550e+00 9.124535e-01 1.977767e+00 1.432091e+00 3.649347e-02 2.005279e-02 6.534807e-02 1.156653e-01 1.097486e-01 1.447514e-01 2.701980e-01 3.764679e-01 4.065520e-01 3.897210e-01 1.418789e-01 3.567872e-01 2.245122e-01 7.066612e-03
<GCONST> 7.151714e+01
<STATE> 19
<MEAN> 39
 -1.604713e+01 -5.491629e+00 -2.248787e+00 -4.979096e+00 -8.885414e-01 -4.872723e+00 2.930078e-01 -6.447059e+00 -1.153104e-01 -7.811513e+00 -9.812970e-01 -7.724622e+00 5.727291e+01 -3.179719e-01 -4.501376e-01 -3.460805e-01 -3.986394e-01 -3.674578e-01 -1.422120e-01 1.123736e-01 5.327408e-01 6.085359e-01 8.363392e-01 5.645274e-01 1.987605e-02 -1.309376e-01 3.878750e-02 8.215479e-02 1.038237e-01 1.574439e-01 1.618093e-01 1.152585e-01 1.428710e-01 9.726731e-02 -2.306241e-02 -7.919339e-02 -2.149623e-01 -8.837699e-02 6.631750e-03
<VARIANCE> 39
 2.251884e+00 6.297528e+00 1.346427e+01 1.408174e+01 2.097190e+01 2.334922e+01 2.659057e+01 1.237625e+01 1.869554e+01 2.379496e+01 2.124917e+01 1.312763e+01 5.942520e-01 1.085030e-01 2.733292e-01 5.732019e-01 7.463981e-01 7.090351e-01 1.090820e+00 1.308223e+00 1.528388e+00 6.632648e-01 1.530622e+00 1.592008e+00 1.851885e+00 3.118111e-02 2.033437e-02 4.125625e-02 7.737460e-02 1.480985e-01 1.164190e-01 1.551666e-01 2.334713e-01 2.083820e-01 1.355924e-01 4.157752e-01 3.051868e-01 2.970442e-01 6.067526e-03
<GCONST> 6.749924e+01
<TRANSP> 20
 0.000000e+00 1.000000e+00 0.000000e+00 0.000000e+00 0.000000e+00 0.000000e+00 0.000000e+00 0.000000e+00 0.000000e+00 0.000000e+00 0.000000e+00 0.000000e+00 0.000000e+00 0.000000e+00 0.000000e+00 0.000000e+00 0.000000e+00 0.000000e+00 0.000000e+00 0.000000e+00
 0.000000e+00 8.030880e-01 1.969120e-01 0.000000e+00 0.000000e+00 0.000000e+00 0.000000e+00 0.000000e+00 0.000000e+00 0.000000e+00 0.000000e+00 0.000000e+00 0.000000e+00 0.000000e+00 0.000000e+00 0.000000e+00 0.000000e+00 0.000000e+00 0.000000e+00 0.000000e+00
 0.000000e+00 0.000000e+00 5.847278e-01 4.152722e-01 0.000000e+00 0.000000e+00 0.000000e+00 0.000000e+00 0.000000e+00 0.000000e+00 0.000000e+00 0.000000e+00 0.000000e+00 0.000000e+00 0.000000e+00 0.000000e+00 0.000000e+00 0.000000e+00 0.000000e+00 0.000000e+00
 0.000000e+00 0.000000e+00 0.000000e+00 7.400021e-01 2.599979e-01 0.000000e+00 0.000000e+00 0.000000e+00 0.000000e+00 0.000000e+00 0.000000e+00 0.000000e+00 0.000000e+00 0.000000e+00 0.000000e+00 0.000000e+00 0.000000e+00 0.000000e+00 0.000000e+00 0.000000e+00
 0.000000e+00 0.000000e+00 0.000000e+00 0.000000e+00 6.570418e-01 3.429581e-01 0.000000e+00 0.000000e+00 0.000000e+00 0.000000e+00 0.000000e+00 0.000000e+00 0.000000e+00 0.000000e+00 0.000000e+00 0.000000e+00 0.000000e+00 0.000000e+00 0.000000e+00 0.000000e+00
 0.000000e+00 0.000000e+00 0.000000e+00 0.000000e+00 0.000000e+00 6.448811e-01 3.551190e-01 0.000000e+00 0.000000e+00 0.000000e+00 0.000000e+00 0.000000e+00 0.000000e+00 0.000000e+00 0.000000e+00 0.000000e+00 0.000000e+00 0.000000e+00 0.000000e+00 0.000000e+00
 0.000000e+00 0.000000e+00 0.000000e+00 0.000000e+00 0.000000e+00 0.000000e+00 8.404119e-01 1.595881e-01 0.000000e+00 0.000000e+00 0.000000e+00 0.000000e+00 0.000000e+00 0.000000e+00 0.000000e+00 0.000000e+00 0.000000e+00 0.000000e+00 0.000000e+00 0.000000e+00
 0.000000e+00 0.000000e+00 0.000000e+00 0.000000e+00 0.000000e+00 0.000000e+00 0.000000e+00 7.339411e-01 2.660590e-01 0.000000e+00 0.000000e+00 0.000000e+00 0.000000e+00 0.000000e+00 0.000000e+00 0.000000e+00 0.000000e+00 0.000000e+00 0.000000e+00 0.000000e+00
 0.000000e+00 0.000000e+00 0.000000e+00 0.000000e+00 0.000000e+00 0.000000e+00 0.000000e+00 0.000000e+00 7.275695e-01 2.724305e-01 0.000000e+00 0.000000e+00 0.000000e+00 0.000000e+00 0.000000e+00 0.000000e+00 0.000000e+00 0.000000e+00 0.000000e+00 0.000000e+00
 0.000000e+00 0.000000e+00 0.000000e+00 0.000000e+00 0.000000e+00 0.000000e+00 0.000000e+00 0.000000e+00 0.000000e+00 6.570833e-01 3.429167e-01 0.000000e+00 0.000000e+00 0.000000e+00 0.000000e+00 0.000000e+00 0.000000e+00 0.000000e+00 0.000000e+00 0.000000e+00
 0.000000e+00 0.000000e+00 0.000000e+00 0.000000e+00 0.000000e+00 0.000000e+00 0.000000e+00 0.000000e+00 0.000000e+00 0.000000e+00 7.067711e-01 2.932289e-01 0.000000e+00 0.000000e+00 0.000000e+00 0.000000e+00 0.000000e+00 0.000000e+00 0.000000e+00 0.000000e+00
 0.000000e+00 0.000000e+00 0.000000e+00 0.000000e+00 0.000000e+00 0.000000e+00 0.000000e+00 0.000000e+00 0.000000e+00 0.000000e+00 0.000000e+00 5.542524e-01 4.457476e-01 0.000000e+00 0.000000e+00 0.000000e+00 0.000000e+00 0.000000e+00 0.000000e+00 0.000000e+00
 0.000000e+00 0.000000e+00 0.000000e+00 0.000000e+00 0.000000e+00 0.000000e+00 0.000000e+00 0.000000e+00 0.000000e+00 0.000000e+00 0.000000e+00 0.000000e+00 6.370923e-01 3.629077e-01 0.000000e+00 0.000000e+00 0.000000e+00 0.000000e+00 0.000000e+00 0.000000e+00
 0.000000e+00 0.000000e+00 0.000000e+00 0.000000e+00 0.000000e+00 0.000000e+00 0.000000e+00 0.000000e+00 0.000000e+00 0.000000e+00 0.000000e+00 0.000000e+00 0.000000e+00 6.786093e-01 3.213908e-01 0.000000e+00 0.000000e+00 0.000000e+00 0.000000e+00 0.000000e+00
 0.000000e+00 0.000000e+00 0.000000e+00 0.000000e+00 0.000000e+00 0.000000e+00 0.000000e+00 0.000000e+00 0.000000e+00 0.000000e+00 0.000000e+00 0.000000e+00 0.000000e+00 0.000000e+00 7.123598e-01 2.876402e-01 0.000000e+00 0.000000e+00 0.000000e+00 0.000000e+00
 0.000000e+00 0.000000e+00 0.000000e+00 0.000000e+00 0.000000e+00 0.000000e+00 0.000000e+00 0.000000e+00 0.000000e+00 0.000000e+00 0.000000e+00 0.000000e+00 0.000000e+00 0.000000e+00 0.000000e+00 7.485118e-01 2.514882e-01 0.000000e+00 0.000000e+00 0.000000e+00
 0.000000e+00 0.000000e+00 0.000000e+00 0.000000e+00 0.000000e+00 0.000000e+00 0.000000e+00 0.000000e+00 0.000000e+00 0.000000e+00 0.000000e+00 0.000000e+00 0.000000e+00 0.000000e+00 0.000000e+00 0.000000e+00 7.472914e-01 2.527086e-01 0.000000e+00 0.000000e+00
 0.000000e+00 0.000000e+00 0.000000e+00 0.000000e+00 0.000000e+00 0.000000e+00 0.000000e+00 0.000000e+00 0.000000e+00 0.000000e+00 0.000000e+00 0.000000e+00 0.000000e+00 0.000000e+00 0.000000e+00 0.000000e+00 0.000000e+00 7.286436e-01 2.713564e-01 0.000000e+00
 0.000000e+00 0.000000e+00 0.000000e+00 0.000000e+00 0.000000e+00 0.000000e+00 0.000000e+00 0.000000e+00 0.000000e+00 0.000000e+00 0.000000e+00 0.000000e+00 0.000000e+00 0.000000e+00 0.000000e+00 0.000000e+00 0.000000e+00 0.000000e+00 7.175980e-01 2.824020e-01
 0.000000e+00 0.000000e+00 0.000000e+00 0.000000e+00 0.000000e+00 0.000000e+00 0.000000e+00 0.000000e+00 0.000000e+00 0.000000e+00 0.000000e+00 0.000000e+00 0.000000e+00 0.000000e+00 0.000000e+00 0.000000e+00 0.000000e+00 0.000000e+00 0.000000e+00 0.000000e+00
<ENDHMM>
