~o
<STREAMINFO> 1 39
<VECSIZE> 39<NULLD><MFCC_D_A_0><DIAGC>
~h "pukul"
<BEGINHMM>
<NUMSTATES> 20
<STATE> 2
<MEAN> 39
 -1.664954e+01 -6.498532e+00 -2.712209e+00 -4.699004e+00 9.162082e-01 -4.208839e+00 7.257175e-01 -6.127237e+00 -9.758141e-01 -7.193556e+00 1.643206e+00 -5.085969e+00 5.749524e+01 1.607415e+00 7.015255e-01 -3.962260e-01 -8.000800e-01 -7.594242e-01 -6.152610e-01 -8.062685e-01 -1.576225e+00 -1.148218e+00 -2.837829e-01 6.390473e-01 7.320332e-01 9.892474e-01 8.409688e-01 5.722359e-01 -9.196189e-02 -6.315851e-01 -5.658141e-01 -1.717835e-01 -2.975274e-01 -2.843101e-01 -3.456261e-01 -1.770662e-02 2.039979e-01 1.673528e-01 4.132352e-01
<VARIANCE> 39
 2.663035e+00 2.538849e+00 8.324688e+00 9.089338e+00 9.764979e+00 2.017050e+01 1.927959e+01 1.841184e+01 1.509711e+01 1.157301e+01 1.688687e+01 1.336059e+01 2.005339e+00 2.988259e+00 1.925025e+00 1.677654e+00 2.857248e+00 3.183879e+00 2.442348e+00 2.990124e+00 3.163242e+00 2.135249e+00 1.773254e+00 2.630862e+00 2.095493e+00 8.579735e-01 2.582623e-01 2.826835e-01 2.354013e-01 4.555519e-01 4.800576e-01 4.817514e-01 5.550067e-01 4.431804e-01 3.554074e-01 2.779557e-01 6.403793e-01 4.136685e-01 6.985576e-02
<GCONST> 9.682663e+01
<STATE> 3
<MEAN> 39
 -6.830029e-01 4.029068e+00 -4.303302e+00 -1.578895e+01 -8.634663e+00 -7.644703e+00 -5.082406e+00 -1.392667e+01 -8.146105e+00 -9.031094e+00 5.493959e+00 -9.598826e-01 6.580622e+01 3.868060e+00 2.961836e+00 -6.930453e-02 -3.695844e+00 -2.477806e+00 9.764554e-02 -3.593898e-01 4.014379e-01 -1.377782e+00 -6.891389e-01 5.666968e-01 2.762986e-01 1.931061e+00 -8.580702e-01 -4.986408e-01 1.553594e-01 4.112266e-01 5.634820e-01 4.716593e-01 6.081503e-01 9.521365e-01 4.159933e-01 -1.383557e-01 -2.597792e-01 -3.043913e-01 -4.263851e-01
<VARIANCE> 39
 2.247091e+01 2.324624e+01 2.863139e+01 4.163612e+01 3.258118e+01 2.679504e+01 1.761971e+01 3.083057e+01 2.539763e+01 2.152814e+01 4.197508e+01 2.497825e+01 6.417213e+00 2.333011e+00 2.104894e+00 1.839818e+00 2.893533e+00 2.705394e+00 4.481421e+00 3.522120e+00 5.131136e+00 2.569867e+00 1.882302e+00 5.354933e+00 1.960872e+00 6.741676e-01 5.104908e-01 5.634914e-01 3.852856e-01 1.010029e+00 5.593581e-01 2.923212e-01 4.323480e-01 4.302361e-01 3.754916e-01 4.004168e-01 5.818335e-01 4.702143e-01 1.095031e-01
<GCONST> 1.143079e+02
<STATE> 4
<MEAN> 39
 4.233853e+00 8.144446e+00 -2.948056e+00 -2.262096e+01 -9.946737e+00 -3.403506e+00 -3.416331e+00 -8.121072e+00 -9.930887e+00 -1.251114e+01 6.988103e+00 -1.592434e-01 6.892506e+01 -4.819634e-01 5.082266e-02 4.104227e-01 7.551795e-01 5.457553e-01 -2.633101e-02 5.447252e-01 5.046504e-01 1.782260e-01 -5.902076e-01 -8.446528e-01 -3.902582e-01 -3.841206e-01 -7.025414e-01 -4.579454e-01 1.508597e-01 9.034427e-01 4.305481e-01 -2.479352e-01 -1.153197e-01 -3.090132e-01 2.974927e-01 2.063922e-01 -3.030027e-01 -2.004047e-01 -4.338552e-01
<VARIANCE> 39
 3.040153e+00 5.802835e+00 2.311008e+01 2.688313e+01 3.663184e+01 7.980465e+01 1.899699e+01 8.397861e+01 2.899696e+01 9.152132e+00 6.056458e+01 2.293081e+01 6.054548e+00 5.731063e-01 3.126340e-01 7.869415e-01 2.218559e+00 1.129277e+00 1.685431e+00 9.251041e-01 2.826366e+00 1.650186e+00 1.281302e+00 9.011115e-01 1.452512e+00 3.964970e-01 1.395141e-01 1.280803e-01 1.538536e-01 4.064095e-01 2.314027e-01 3.774333e-01 3.005207e-01 6.113917e-01 2.785011e-01 2.484058e-01 2.760093e-01 2.135569e-01 4.050730e-02
<GCONST> 9.185066e+01
<STATE> 5
<MEAN> 39
 -2.046472e+00 5.406603e+00 -1.286190e+00 -1.416814e+01 -6.613603e+00 -6.605466e+00 -1.964856e+00 -8.082143e+00 -7.033176e+00 -1.246657e+01 2.215967e-01 -4.660259e+00 6.436710e+01 -1.429311e+00 -9.098374e-01 3.566863e-01 1.417551e+00 4.786062e-01 -4.506810e-01 -1.580669e-01 -1.197703e-01 5.351229e-01 1.339245e-01 -7.754157e-01 -3.623600e-01 -8.378774e-01 3.265600e-02 -6.105061e-02 -1.118667e-01 -1.527129e-01 -1.016141e-01 1.828329e-02 -5.442030e-02 -1.252915e-01 -1.061305e-01 7.018559e-02 2.494327e-01 1.658525e-01 6.026774e-02
<VARIANCE> 39
 5.370722e+00 5.609240e+00 1.085584e+01 1.241547e+01 3.707529e+01 4.105120e+01 1.784635e+01 4.778776e+01 3.465445e+01 1.446627e+01 5.091463e+01 3.665776e+01 2.268419e+00 9.787660e-02 2.983060e-01 5.670308e-01 6.265994e-01 1.176878e+00 1.222553e+00 1.309392e+00 2.025705e+00 9.552515e-01 1.473915e+00 1.493376e+00 1.318311e+00 4.625667e-02 3.282410e-02 4.590451e-02 6.262098e-02 8.147614e-02 1.814646e-01 2.180961e-01 2.317408e-01 3.095694e-01 2.373784e-01 3.553385e-01 2.440840e-01 2.037574e-01 9.241518e-03
<GCONST> 7.554947e+01
<STATE> 6
<MEAN> 39
 -7.802500e+00 1.433918e+00 -2.873807e-01 -8.171475e+00 -4.451471e+00 -7.596846e+00 -2.230105e+00 -9.744864e+00 -4.833488e+00 -1.123104e+01 -1.678528e+00 -6.006023e+00 6.116298e+01 -7.027036e-01 -4.767419e-01 3.583963e-02 8.859487e-01 1.082617e+00 5.940195e-01 3.001335e-01 6.157841e-02 2.795608e-01 1.916995e-01 -2.130975e-01 -6.142329e-01 -3.521471e-01 1.815376e-01 6.092858e-02 -2.498160e-01 -2.555068e-01 5.751213e-02 2.604463e-01 2.631689e-01 2.596301e-01 -1.110886e-02 2.056158e-02 1.059660e-02 -1.022509e-02 1.235992e-01
<VARIANCE> 39
 3.723502e+00 4.318197e+00 8.194684e+00 1.270165e+01 2.245226e+01 2.035842e+01 1.084456e+01 1.901624e+01 2.284689e+01 1.526374e+01 3.024399e+01 2.645702e+01 1.045092e+00 1.239180e-01 3.031401e-01 5.645487e-01 8.685468e-01 6.111737e-01 7.037411e-01 1.114807e+00 9.258623e-01 1.542702e+00 1.606850e+00 1.788227e+00 1.153220e+00 3.830834e-02 2.956340e-02 1.103251e-01 2.482449e-01 2.306460e-01 3.277085e-01 2.457467e-01 3.238915e-01 3.005887e-01 4.129862e-01 3.264921e-01 4.513589e-01 3.110595e-01 1.164495e-02
<GCONST> 7.484605e+01
<STATE> 7
<MEAN> 39
 -8.986828e+00 -7.509182e-01 -4.358776e+00 -9.204775e+00 -1.124278e+00 -2.775818e+00 2.622063e+00 -5.672755e+00 -3.026464e+00 -1.005807e+01 -2.807904e+00 -8.478774e+00 6.108616e+01 3.768618e-01 -5.353621e-01 -2.317589e+00 -1.972323e+00 -2.644951e-01 1.686610e+00 2.327480e+00 1.303101e+00 5.059937e-02 4.166602e-01 1.928270e-01 3.426811e-01 4.753509e-01 4.531587e-01 4.033329e-01 7.374875e-02 -4.099621e-01 -5.864187e-01 -4.209783e-01 -4.879281e-01 -5.674879e-01 -4.332624e-01 -1.458513e-01 3.991396e-01 4.629497e-01 2.096417e-01
<VARIANCE> 39
 4.365460e+00 6.173044e+00 3.104601e+01 4.521432e+01 4.710225e+01 3.495161e+01 3.364321e+01 3.679158e+01 4.242842e+01 4.999870e+01 4.249014e+01 2.584498e+01 1.932809e+00 4.576609e-01 1.207716e+00 3.035433e+00 3.047414e+00 4.182687e+00 3.083205e+00 3.978143e+00 3.492760e+00 3.356122e+00 2.642660e+00 3.766861e+00 1.428226e+00 2.157109e-01 1.017265e-01 1.863742e-01 7.896382e-01 8.306687e-01 4.652127e-01 7.412637e-01 1.471821e+00 6.179051e-01 4.540974e-01 5.791546e-01 4.815432e-01 2.269560e-01 4.653485e-02
<GCONST> 1.090535e+02
<STATE> 8
<MEAN> 39
 -6.677347e+00 1.541654e-01 -7.652178e+00 -1.335726e+01 -3.310895e+00 -9.335403e-01 5.224746e+00 -6.214596e+00 -6.345812e+00 -1.118445e+01 -4.342307e-01 -4.669586e+00 6.258848e+01 2.098866e+00 1.901063e+00 6.671767e-01 -8.363069e-01 -1.377952e+00 -1.509321e+00 -2.606091e+00 -2.529573e+00 -2.041236e+00 -6.919521e-01 1.679866e+00 1.751477e+00 1.011554e+00 5.215361e-01 4.660710e-01 5.320522e-01 -1.887351e-02 -2.121788e-01 -4.822280e-01 -1.156785e+00 -6.510399e-01 -1.393256e-01 6.041579e-02 3.372215e-01 -7.376143e-02 2.851147e-01
<VARIANCE> 39
 9.080644e+00 1.605379e+01 4.455602e+01 5.799073e+01 9.370122e+01 5.064822e+01 3.496567e+01 6.533631e+01 5.715860e+01 3.293879e+01 5.465065e+01 3.819907e+01 3.003864e+00 1.069617e+00 9.976480e-01 2.783715e+00 4.428570e+00 2.891255e+00 2.404222e+00 3.461414e+00 2.147481e+00 1.529989e+00 1.514353e+00 1.681833e+00 1.646803e+00 3.867505e-01 1.672747e-01 2.766069e-01 1.112914e+00 1.298445e+00 8.279449e-01 8.795332e-01 7.845520e-01 7.067204e-01 5.084656e-01 3.136989e-01 3.581929e-01 5.179820e-01 9.866923e-02
<GCONST> 1.149819e+02
<STATE> 9
<MEAN> 39
 1.625638e+00 6.982414e+00 -4.795908e+00 -1.821344e+01 -8.322886e+00 -6.643903e+00 -7.900739e+00 -1.492017e+01 -1.138370e+01 -1.138196e+01 6.557218e+00 -1.916891e+00 6.733719e+01 1.908308e+00 9.270465e-01 -1.342459e-02 -1.866592e+00 -7.162052e-01 8.593491e-02 -2.256430e+00 -7.719331e-01 -7.863827e-01 6.080701e-01 1.666869e+00 -2.764482e-01 1.363241e+00 -5.600454e-01 -6.333461e-01 -3.158371e-01 2.276457e-01 6.606075e-01 8.158928e-01 8.632115e-01 7.166750e-01 4.364538e-01 3.568196e-01 -3.806103e-01 -5.219464e-01 -2.109836e-01
<VARIANCE> 39
 3.883986e+00 1.675476e+01 4.112156e+01 3.488857e+01 3.136382e+01 3.355869e+01 6.720142e+01 6.389502e+01 5.781933e+01 2.602727e+01 1.066251e+02 2.925016e+01 4.248408e+00 1.011038e+00 1.320530e+00 2.127390e+00 4.479391e+00 2.988393e+00 3.999570e+00 4.844268e+00 4.548638e+00 3.435922e+00 3.000409e+00 2.692293e+00 2.768964e+00 5.201340e-01 8.033393e-02 7.475590e-02 2.555381e-01 4.762335e-01 2.606720e-01 3.494263e-01 3.495539e-01 4.224877e-01 4.754804e-01 1.766301e-01 3.095374e-01 3.209301e-01 5.719961e-02
<GCONST> 1.078812e+02
<STATE> 10
<MEAN> 39
 4.291969e+00 7.679647e+00 -8.292826e+00 -1.992738e+01 -9.010429e+00 -3.422443e+00 -2.620120e+00 -1.490571e+01 -1.146718e+01 -1.066922e+01 7.314399e+00 -1.073959e+00 6.889535e+01 1.059761e-01 -5.732873e-01 -5.883536e-01 -1.232297e-01 7.933685e-01 1.055692e+00 -4.930313e-01 -1.606438e+00 -3.429632e-01 1.655185e+00 1.307482e+00 -4.483902e-01 3.726363e-01 -2.384545e-01 -2.188750e-01 1.914667e-01 2.383259e-01 -8.574712e-04 -4.143961e-02 -5.742413e-02 -2.770432e-01 2.227289e-01 3.852433e-01 -2.343524e-01 -2.437582e-01 -9.598508e-02
<VARIANCE> 39
 2.965034e+00 1.560981e+01 2.990353e+01 2.871271e+01 2.670844e+01 2.613935e+01 3.889451e+01 4.769361e+01 2.760125e+01 3.942452e+01 4.877148e+01 2.590556e+01 1.513667e+00 1.938753e-01 5.599717e-01 7.969903e-01 6.545913e-01 8.550808e-01 1.179895e+00 1.418177e+00 4.102712e+00 1.395162e+00 3.351862e+00 2.262988e+00 3.463924e+00 5.519484e-02 4.831764e-02 6.828740e-02 1.645478e-01 1.369235e-01 1.832096e-01 1.484853e-01 2.216222e-01 3.482885e-01 1.954062e-01 3.714427e-01 6.355509e-01 3.889195e-01 1.896694e-02
<GCONST> 8.683480e+01
<STATE> 11
<MEAN> 39
 1.809027e+00 3.770636e+00 -1.593284e+00 -2.474789e+01 1.043817e+00 -2.974408e-01 -2.384385e+01 -1.185211e+01 -1.627764e+01 2.355175e+00 1.596796e+01 -9.061712e+00 7.347150e+01 2.015849e-02 -2.566598e-01 -1.751587e-01 2.827839e-01 3.210517e-01 -3.607946e-01 -2.658032e-01 -3.764771e-01 6.502520e-01 5.905269e-01 -8.272064e-01 -8.566526e-01 -3.193524e-02 -6.269958e-03 2.989816e-02 3.102865e-02 1.342798e-01 -7.778355e-02 -6.217570e-02 1.742015e-01 -2.080071e-02 2.112504e-02 -1.942076e-01 -2.093954e-01 9.780188e-02 -8.092038e-02
<VARIANCE> 39
 3.619772e+00 8.234034e+00 5.104929e+01 3.391924e+01 2.512930e+01 7.787440e+01 8.961253e+01 6.817165e+01 1.963593e+01 4.152390e+01 4.766558e+01 3.559775e+01 1.039900e+01 1.349190e-01 6.816123e-01 9.551601e-01 1.254775e+00 9.852268e-01 1.727075e+00 3.167622e+00 3.034867e+00 1.399423e+00 3.011654e+00 2.328761e+00 1.250433e+00 2.971557e-01 2.137488e-02 5.488939e-02 1.490645e-01 1.525736e-01 1.708504e-01 2.777439e-01 3.254105e-01 3.811625e-01 3.432232e-01 3.027316e-01 2.821458e-01 2.407815e-01 1.424410e-02
<GCONST> 9.231888e+01
<STATE> 12
<MEAN> 39
 2.305152e+00 -2.027344e-02 -7.220333e+00 -1.654051e+01 -6.030450e+00 2.359865e+00 -8.590365e+00 -2.844128e+01 -4.105210e+00 5.301055e+00 5.255392e+00 -7.730259e+00 6.978169e+01 -4.515899e-01 -3.012255e-01 6.552985e-01 4.150333e-01 -3.152773e-02 -2.418202e-01 -4.382341e-01 2.493949e-02 8.555474e-01 2.840016e-01 -8.936834e-01 -3.070117e-01 -2.315148e-01 -4.259596e-02 1.608051e-01 -1.218367e-02 4.781637e-02 3.811251e-02 -2.251921e-01 4.409661e-02 3.304040e-01 -3.101456e-01 -6.970618e-01 1.545992e-02 1.184387e-01 -1.105492e-01
<VARIANCE> 39
 4.927065e+00 9.134222e+00 7.032903e+01 2.448750e+01 4.685096e+01 7.570557e+01 5.837723e+01 5.966771e+01 6.078743e+01 1.553858e+01 6.072420e+01 7.563141e+01 7.669497e-01 8.829419e-02 4.380492e-01 4.469568e-01 5.181425e-01 1.333250e+00 1.458863e+00 1.029349e+00 1.785891e+00 2.867820e+00 4.532642e+00 1.434648e+00 2.110114e+00 1.103163e-01 1.504011e-02 4.539008e-02 7.279729e-02 1.091710e-01 1.945376e-01 2.162414e-01 2.045964e-01 3.606520e-01 4.832961e-01 4.655496e-01 2.893991e-01 5.461003e-01 4.710506e-03
<GCONST> 8.571539e+01
<STATE> 13
<MEAN> 39
 1.176469e+00 1.434672e+00 -7.763760e+00 -1.719677e+01 -3.632992e+00 -6.647443e+00 -1.447555e+01 -2.223819e+01 -7.320390e+00 -2.558587e+00 3.325974e-01 -1.331810e+01 6.776800e+01 -6.225407e-01 3.278042e-02 5.595518e-01 1.073886e+00 1.607064e-01 -3.066179e-01 3.421217e-01 -1.299178e-01 -2.665080e-01 -1.093977e+00 -6.820369e-01 9.974685e-02 -5.735999e-01 -1.122419e-01 -1.459315e-02 7.603446e-02 1.221149e-01 1.058676e-01 5.365171e-02 8.565614e-02 1.049197e-01 1.382430e-01 1.521323e-01 1.364441e-01 4.710539e-02 -4.447095e-02
<VARIANCE> 39
 4.411690e+00 1.157043e+01 2.444586e+01 1.812771e+01 6.049154e+01 2.668346e+01 2.030789e+01 3.225829e+01 4.971968e+01 1.802732e+01 9.093652e+01 3.118415e+01 1.631125e+00 1.728184e-01 4.284591e-01 7.766552e-01 1.020458e+00 1.230044e+00 1.390612e+00 1.448091e+00 2.236558e+00 1.881597e+00 2.110140e+00 1.173366e+00 1.441562e+00 6.158423e-02 3.305800e-02 8.018015e-02 9.006704e-02 1.225223e-01 2.118633e-01 2.404680e-01 2.263064e-01 3.624274e-01 2.278273e-01 2.214220e-01 2.580433e-01 2.384229e-01 1.007077e-02
<GCONST> 8.251559e+01
<STATE> 14
<MEAN> 39
 -3.803286e+00 1.900339e+00 -1.048045e+00 -7.149456e+00 9.082611e-01 -3.500191e+00 -9.398602e+00 -2.116403e+01 -6.356245e+00 -4.571608e+00 2.021879e+00 -9.756373e+00 6.422803e+01 -9.786293e-01 -1.240698e-01 4.616852e-01 1.189318e+00 5.975967e-01 -2.855459e-01 5.890666e-01 8.460496e-01 2.657123e-01 -5.118370e-01 -3.475001e-01 8.736221e-02 -7.563366e-01 -1.767449e-02 -4.112445e-02 -6.671687e-02 -1.172531e-01 -3.102071e-02 -3.984083e-02 -4.843308e-02 4.204033e-02 -1.604114e-02 1.824240e-02 2.699373e-02 1.135274e-01 1.395567e-02
<VARIANCE> 39
 4.043571e+00 5.969413e+00 1.801008e+01 1.897367e+01 2.320300e+01 3.942132e+01 2.764207e+01 2.819063e+01 3.409739e+01 2.492025e+01 5.057747e+01 4.543947e+01 1.966483e+00 1.906631e-01 3.361317e-01 5.145153e-01 5.651208e-01 1.540156e+00 9.596424e-01 1.488964e+00 3.059677e+00 1.233587e+00 1.735803e+00 1.796402e+00 1.134493e+00 2.711270e-02 3.676666e-02 8.110210e-02 5.998788e-02 8.879857e-02 1.392365e-01 2.087583e-01 3.519410e-01 2.930964e-01 3.122016e-01 4.857570e-01 2.776203e-01 1.626446e-01 5.481125e-03
<GCONST> 7.807266e+01
<STATE> 15
<MEAN> 39
 -8.711351e+00 2.911912e-01 -2.518634e-04 -4.216402e+00 1.991603e-02 -8.693308e+00 -9.563555e+00 -1.897834e+01 -7.999653e+00 -1.083964e+01 -4.965414e+00 -1.269084e+01 6.081549e+01 -6.380017e-01 -1.097694e-01 6.087309e-01 9.771910e-01 2.533241e-01 -3.391464e-02 4.655249e-01 6.793653e-01 -1.233580e-01 -6.938926e-01 -5.175458e-01 -1.175099e-01 -4.293302e-01 6.224994e-02 -1.655677e-02 -7.051302e-02 -8.661660e-02 -1.732302e-02 1.247933e-01 7.748111e-02 1.041477e-01 7.029722e-02 1.434942e-01 5.046386e-02 -1.118868e-01 5.128127e-02
<VARIANCE> 39
 3.422057e+00 5.718465e+00 9.271498e+00 1.559947e+01 2.306384e+01 1.957095e+01 1.403300e+01 9.380319e+00 1.619044e+01 1.142985e+01 1.735682e+01 1.793849e+01 1.001292e+00 1.358202e-01 3.616005e-01 4.672136e-01 4.552769e-01 5.087805e-01 1.062618e+00 7.460442e-01 1.015761e+00 1.688152e+00 1.159701e+00 1.487656e+00 1.359022e+00 4.736013e-02 2.801224e-02 6.121438e-02 9.915007e-02 9.190886e-02 8.759864e-02 1.798628e-01 1.283570e-01 1.211059e-01 3.427023e-01 2.431475e-01 2.359597e-01 2.373016e-01 1.042730e-02
<GCONST> 6.514059e+01
<STATE> 16
<MEAN> 39
 -1.059759e+01 4.285102e-01 2.528527e+00 6.775454e-01 5.525228e+00 -2.057723e+00 -1.497349e+00 -1.037655e+01 -2.594914e+00 -6.430881e+00 4.125260e-02 -8.521911e+00 5.959270e+01 -6.080614e-01 -4.749019e-01 -2.822354e-01 -6.167130e-02 -3.979848e-02 3.257134e-01 8.714416e-01 1.003212e+00 3.625933e-01 6.604145e-02 -1.485503e-01 -8.275247e-02 -3.473766e-01 -1.840390e-02 -1.117111e-01 -9.239393e-02 -1.106458e-01 -5.173893e-02 3.984698e-02 -5.838581e-02 -1.604434e-01 -2.329139e-02 2.151541e-02 -2.923564e-02 1.232333e-01 7.968418e-03
<VARIANCE> 39
 1.693621e+00 3.527618e+00 5.346617e+00 8.211109e+00 1.802645e+01 2.448685e+01 3.259925e+01 4.481359e+01 3.578820e+01 3.106171e+01 5.841421e+01 4.619080e+01 5.019514e-01 9.226674e-02 3.514622e-01 5.282899e-01 3.865852e-01 5.400306e-01 1.020079e+00 7.404646e-01 1.505520e+00 1.458371e+00 1.065175e+00 1.144711e+00 2.234903e+00 3.544996e-02 2.003776e-02 4.635517e-02 7.831993e-02 1.005217e-01 1.786825e-01 1.192777e-01 1.150279e-01 2.450165e-01 3.331726e-01 2.117978e-01 2.014327e-01 4.290383e-01 6.025909e-03
<GCONST> 6.792870e+01
<STATE> 17
<MEAN> 39
 -1.321725e+01 -2.451121e+00 1.351107e+00 -4.272568e-01 2.809872e+00 -4.235640e+00 -2.561830e+00 -1.158758e+01 -5.036897e+00 -9.599424e+00 -4.380482e+00 -1.150773e+01 5.818023e+01 -5.149081e-01 -4.644528e-01 4.364629e-02 3.370452e-01 4.416618e-01 4.006597e-01 3.641997e-01 4.529298e-01 2.906363e-01 -1.946720e-01 -5.066289e-01 -2.862056e-01 -2.256508e-01 -1.189803e-02 -1.697909e-02 -3.378218e-02 -1.085812e-02 5.415955e-02 -2.952294e-02 -1.022633e-01 -1.710817e-02 1.040006e-01 5.143733e-02 4.555023e-02 -1.253542e-01 2.962389e-02
<VARIANCE> 39
 7.846765e-01 1.930285e+00 6.339404e+00 1.063807e+01 2.530994e+01 4.536041e+01 2.863147e+01 1.530656e+01 1.708854e+01 2.365419e+01 3.972342e+01 2.947501e+01 1.561194e-01 1.827895e-01 5.003079e-01 6.559687e-01 8.308061e-01 1.109961e+00 8.062456e-01 1.347317e+00 1.812311e+00 1.575328e+00 1.630274e+00 2.362747e+00 1.785007e+00 4.189866e-02 2.027534e-02 7.011447e-02 1.911764e-01 2.293156e-01 2.804815e-01 2.286501e-01 1.547410e-01 3.752671e-01 1.977204e-01 2.986113e-01 4.545484e-01 3.107086e-01 5.638041e-03
<GCONST> 7.239401e+01
<STATE> 18
<MEAN> 39
 -1.578854e+01 -4.716789e+00 1.805991e-01 -7.205040e-01 3.641056e+00 -3.409711e+00 -1.018539e+00 -8.259976e+00 -2.115297e+00 -9.174138e+00 -4.037242e+00 -1.143526e+01 5.721870e+01 -6.182777e-01 -5.866200e-01 -4.066839e-01 -1.729815e-01 1.177084e-01 3.350478e-01 5.213382e-01 4.428283e-01 3.209112e-01 2.125170e-01 2.120982e-01 1.213949e-01 -2.622162e-01 1.746004e-02 1.416110e-02 2.348940e-03 8.794916e-03 2.174845e-02 1.010954e-01 6.358568e-02 -9.089985e-02 -1.857557e-01 -6.616357e-02 -2.786096e-02 1.371830e-02 1.088429e-02
<VARIANCE> 39
 1.380553e+00 2.622096e+00 5.338698e+00 9.881558e+00 2.119369e+01 3.591381e+01 4.350842e+01 5.066063e+01 2.243197e+01 1.463357e+01 2.465600e+01 2.552600e+01 3.535372e-01 1.007735e-01 2.273532e-01 4.412108e-01 5.192936e-01 1.013479e+00 1.419601e+00 1.258123e+00 2.216841e+00 1.340287e+00 1.088873e+00 1.587355e+00 1.869443e+00 1.598811e-02 1.484842e-02 4.221339e-02 8.253732e-02 1.257048e-01 1.274144e-01 2.437147e-01 2.812339e-01 3.721331e-01 2.540996e-01 1.830608e-01 2.771798e-01 3.081252e-01 3.088537e-03
<GCONST> 6.694995e+01
<STATE> 19
<MEAN> 39
 -1.864775e+01 -7.875157e+00 -1.708748e+00 8.941483e-01 8.336107e+00 2.977410e+00 3.358637e+00 -8.255383e+00 -5.307512e+00 -1.205074e+01 -6.013172e+00 -1.234265e+01 5.611240e+01 -4.510057e-01 -4.706494e-01 -2.803808e-01 2.020426e-02 3.952719e-01 8.095368e-01 1.167323e+00 9.487885e-01 1.847188e-02 -3.478733e-01 -3.317000e-01 -3.414798e-01 -1.679319e-01 1.302621e-01 1.323697e-01 1.097337e-01 1.131499e-02 -9.642071e-02 -5.623993e-02 1.736111e-01 3.685704e-01 3.215362e-01 8.017148e-02 -4.473627e-02 -6.147689e-02 4.067030e-02
<VARIANCE> 39
 1.973069e+00 3.042409e+00 5.603049e+00 1.761640e+01 4.390298e+01 6.314752e+01 5.537196e+01 3.669135e+01 2.316997e+01 2.396857e+01 2.586110e+01 2.467766e+01 2.965260e-01 2.230695e-01 2.045580e-01 6.225166e-01 1.379382e+00 1.459174e+00 1.432757e+00 1.859998e+00 1.961734e+00 1.625754e+00 1.445342e+00 1.527919e+00 1.524328e+00 3.392506e-02 1.688689e-02 3.979375e-02 1.427269e-01 2.705082e-01 2.832424e-01 2.486412e-01 4.006054e-01 3.493627e-01 2.856759e-01 2.708262e-01 3.053744e-01 2.980468e-01 5.058803e-03
<GCONST> 7.685512e+01
<TRANSP> 20
 0.000000e+00 1.000000e+00 0.000000e+00 0.000000e+00 0.000000e+00 0.000000e+00 0.000000e+00 0.000000e+00 0.000000e+00 0.000000e+00 0.000000e+00 0.000000e+00 0.000000e+00 0.000000e+00 0.000000e+00 0.000000e+00 0.000000e+00 0.000000e+00 0.000000e+00 0.000000e+00
 0.000000e+00 7.894382e-01 2.105618e-01 0.000000e+00 0.000000e+00 0.000000e+00 0.000000e+00 0.000000e+00 0.000000e+00 0.000000e+00 0.000000e+00 0.000000e+00 0.000000e+00 0.000000e+00 0.000000e+00 0.000000e+00 0.000000e+00 0.000000e+00 0.000000e+00 0.000000e+00
 0.000000e+00 0.000000e+00 7.096015e-01 2.903985e-01 0.000000e+00 0.000000e+00 0.000000e+00 0.000000e+00 0.000000e+00 0.000000e+00 0.000000e+00 0.000000e+00 0.000000e+00 0.000000e+00 0.000000e+00 0.000000e+00 0.000000e+00 0.000000e+00 0.000000e+00 0.000000e+00
 0.000000e+00 0.000000e+00 0.000000e+00 7.368046e-01 2.631954e-01 0.000000e+00 0.000000e+00 0.000000e+00 0.000000e+00 0.000000e+00 0.000000e+00 0.000000e+00 0.000000e+00 0.000000e+00 0.000000e+00 0.000000e+00 0.000000e+00 0.000000e+00 0.000000e+00 0.000000e+00
 0.000000e+00 0.000000e+00 0.000000e+00 0.000000e+00 7.963108e-01 2.036892e-01 0.000000e+00 0.000000e+00 0.000000e+00 0.000000e+00 0.000000e+00 0.000000e+00 0.000000e+00 0.000000e+00 0.000000e+00 0.000000e+00 0.000000e+00 0.000000e+00 0.000000e+00 0.000000e+00
 0.000000e+00 0.000000e+00 0.000000e+00 0.000000e+00 0.000000e+00 8.156261e-01 1.843739e-01 0.000000e+00 0.000000e+00 0.000000e+00 0.000000e+00 0.000000e+00 0.000000e+00 0.000000e+00 0.000000e+00 0.000000e+00 0.000000e+00 0.000000e+00 0.000000e+00 0.000000e+00
 0.000000e+00 0.000000e+00 0.000000e+00 0.000000e+00 0.000000e+00 0.000000e+00 6.586299e-01 3.413701e-01 0.000000e+00 0.000000e+00 0.000000e+00 0.000000e+00 0.000000e+00 0.000000e+00 0.000000e+00 0.000000e+00 0.000000e+00 0.000000e+00 0.000000e+00 0.000000e+00
 0.000000e+00 0.000000e+00 0.000000e+00 0.000000e+00 0.000000e+00 0.000000e+00 0.000000e+00 6.243321e-01 3.756679e-01 0.000000e+00 0.000000e+00 0.000000e+00 0.000000e+00 0.000000e+00 0.000000e+00 0.000000e+00 0.000000e+00 0.000000e+00 0.000000e+00 0.000000e+00
 0.000000e+00 0.000000e+00 0.000000e+00 0.000000e+00 0.000000e+00 0.000000e+00 0.000000e+00 0.000000e+00 6.572432e-01 3.427569e-01 0.000000e+00 0.000000e+00 0.000000e+00 0.000000e+00 0.000000e+00 0.000000e+00 0.000000e+00 0.000000e+00 0.000000e+00 0.000000e+00
 0.000000e+00 0.000000e+00 0.000000e+00 0.000000e+00 0.000000e+00 0.000000e+00 0.000000e+00 0.000000e+00 0.000000e+00 7.688037e-01 2.311963e-01 0.000000e+00 0.000000e+00 0.000000e+00 0.000000e+00 0.000000e+00 0.000000e+00 0.000000e+00 0.000000e+00 0.000000e+00
 0.000000e+00 0.000000e+00 0.000000e+00 0.000000e+00 0.000000e+00 0.000000e+00 0.000000e+00 0.000000e+00 0.000000e+00 0.000000e+00 8.096098e-01 1.903903e-01 0.000000e+00 0.000000e+00 0.000000e+00 0.000000e+00 0.000000e+00 0.000000e+00 0.000000e+00 0.000000e+00
 0.000000e+00 0.000000e+00 0.000000e+00 0.000000e+00 0.000000e+00 0.000000e+00 0.000000e+00 0.000000e+00 0.000000e+00 0.000000e+00 0.000000e+00 7.975213e-01 2.024787e-01 0.000000e+00 0.000000e+00 0.000000e+00 0.000000e+00 0.000000e+00 0.000000e+00 0.000000e+00
 0.000000e+00 0.000000e+00 0.000000e+00 0.000000e+00 0.000000e+00 0.000000e+00 0.000000e+00 0.000000e+00 0.000000e+00 0.000000e+00 0.000000e+00 0.000000e+00 7.920285e-01 2.079714e-01 0.000000e+00 0.000000e+00 0.000000e+00 0.000000e+00 0.000000e+00 0.000000e+00
 0.000000e+00 0.000000e+00 0.000000e+00 0.000000e+00 0.000000e+00 0.000000e+00 0.000000e+00 0.000000e+00 0.000000e+00 0.000000e+00 0.000000e+00 0.000000e+00 0.000000e+00 8.076722e-01 1.923278e-01 0.000000e+00 0.000000e+00 0.000000e+00 0.000000e+00 0.000000e+00
 0.000000e+00 0.000000e+00 0.000000e+00 0.000000e+00 0.000000e+00 0.000000e+00 0.000000e+00 0.000000e+00 0.000000e+00 0.000000e+00 0.000000e+00 0.000000e+00 0.000000e+00 0.000000e+00 8.113148e-01 1.886852e-01 0.000000e+00 0.000000e+00 0.000000e+00 0.000000e+00
 0.000000e+00 0.000000e+00 0.000000e+00 0.000000e+00 0.000000e+00 0.000000e+00 0.000000e+00 0.000000e+00 0.000000e+00 0.000000e+00 0.000000e+00 0.000000e+00 0.000000e+00 0.000000e+00 0.000000e+00 7.329012e-01 2.670989e-01 0.000000e+00 0.000000e+00 0.000000e+00
 0.000000e+00 0.000000e+00 0.000000e+00 0.000000e+00 0.000000e+00 0.000000e+00 0.000000e+00 0.000000e+00 0.000000e+00 0.000000e+00 0.000000e+00 0.000000e+00 0.000000e+00 0.000000e+00 0.000000e+00 0.000000e+00 7.097198e-01 2.902802e-01 0.000000e+00 0.000000e+00
 0.000000e+00 0.000000e+00 0.000000e+00 0.000000e+00 0.000000e+00 0.000000e+00 0.000000e+00 0.000000e+00 0.000000e+00 0.000000e+00 0.000000e+00 0.000000e+00 0.000000e+00 0.000000e+00 0.000000e+00 0.000000e+00 0.000000e+00 7.923689e-01 2.076311e-01 0.000000e+00
 0.000000e+00 0.000000e+00 0.000000e+00 0.000000e+00 0.000000e+00 0.000000e+00 0.000000e+00 0.000000e+00 0.000000e+00 0.000000e+00 0.000000e+00 0.000000e+00 0.000000e+00 0.000000e+00 0.000000e+00 0.000000e+00 0.000000e+00 0.000000e+00 7.003056e-01 2.996944e-01
 0.000000e+00 0.000000e+00 0.000000e+00 0.000000e+00 0.000000e+00 0.000000e+00 0.000000e+00 0.000000e+00 0.000000e+00 0.000000e+00 0.000000e+00 0.000000e+00 0.000000e+00 0.000000e+00 0.000000e+00 0.000000e+00 0.000000e+00 0.000000e+00 0.000000e+00 0.000000e+00
<ENDHMM>
