~o
<STREAMINFO> 1 39
<VECSIZE> 39<NULLD><MFCC_D_A_0><DIAGC>
~h "sebelas"
<BEGINHMM>
<NUMSTATES> 20
<STATE> 2
<MEAN> 39
 -1.910748e+01 -5.567100e+00 -4.138241e+00 -3.753074e+00 2.627807e+00 -4.554735e+00 3.562586e+00 -5.301019e+00 2.518298e+00 -7.325074e+00 -6.887257e-01 -7.408055e+00 5.690524e+01 -9.343904e-01 1.433838e+00 -9.523796e-01 4.095236e-01 4.004983e-02 -1.263172e+00 9.556307e-01 -1.543742e+00 5.918946e-01 -4.746989e-01 6.453536e-01 4.130831e-01 5.779799e-01 -3.563498e-01 4.624943e-01 -3.110065e-01 2.647314e-01 2.104519e-02 -7.236089e-02 2.916326e-01 -2.013651e-01 1.064992e-01 -1.061097e-01 3.547116e-02 1.100004e-02 1.726822e-01
<VARIANCE> 39
 5.591100e+00 8.089440e+00 5.002448e+00 9.514208e+00 1.699842e+01 1.777687e+01 3.135915e+01 3.075793e+01 2.016096e+01 1.630779e+01 1.269600e+01 1.879468e+01 1.247444e+00 1.079772e+00 2.476845e+00 1.201726e+00 1.742765e+00 2.476836e+00 2.481500e+00 4.150965e+00 2.936475e+00 1.887155e+00 1.709686e+00 2.483692e+00 1.826725e+00 3.166731e-01 9.304274e-02 2.343243e-01 1.733101e-01 2.868956e-01 4.431266e-01 3.660146e-01 6.315536e-01 5.363246e-01 2.866150e-01 2.630139e-01 3.909734e-01 2.383741e-01 2.556064e-02
<GCONST> 9.264529e+01
<STATE> 3
<MEAN> 39
 -2.850633e+01 7.658396e+00 -1.224970e+01 8.697905e-01 5.537986e+00 -1.117452e+01 1.222676e+01 -1.133479e+01 6.036495e+00 -7.934124e+00 1.189226e+00 -4.590821e+00 6.248731e+01 2.110245e-01 1.265805e+00 -1.210506e-01 5.035082e-02 -4.483871e-01 -1.345109e+00 -5.270922e-01 -1.812873e-01 -3.816603e-01 5.891766e-01 -3.231182e-01 3.194313e-01 8.121437e-01 1.080815e+00 -5.151245e-01 5.811276e-01 -4.337388e-01 -3.820635e-01 -1.268012e-01 -9.888515e-01 1.117693e-01 -2.134769e-01 1.983694e-01 -1.828867e-01 -2.057017e-01 4.053013e-02
<VARIANCE> 39
 1.015855e+01 1.450679e+01 1.057948e+01 1.708555e+01 4.696424e+01 2.017331e+01 2.755724e+01 2.398435e+01 2.365919e+01 4.051243e+01 3.452368e+01 2.239209e+01 3.620833e+00 6.639049e+00 2.538422e+00 2.978927e+00 2.455763e+00 3.401963e+00 2.853673e+00 5.743037e+00 2.871729e+00 2.543621e+00 1.537901e+00 2.637998e+00 1.407583e+00 3.395042e-01 5.013818e-01 2.218406e-01 2.056321e-01 3.643406e-01 6.728107e-01 8.989659e-01 8.760999e-01 8.617622e-01 5.313787e-01 2.915773e-01 6.797364e-01 3.623481e-01 1.329795e-01
<GCONST> 1.106483e+02
<STATE> 4
<MEAN> 39
 -1.174908e+01 7.828971e+00 -6.584467e+00 -4.465864e+00 -1.466563e+00 -2.045000e+01 -4.631528e+00 -1.253039e+01 3.590548e+00 -4.118679e+00 -6.431075e-01 -7.178204e+00 6.903856e+01 4.752066e+00 -6.958593e-01 6.717734e-01 -1.710604e+00 -2.286835e-01 -8.064759e-01 -4.422549e+00 -4.828480e-01 -2.352347e-01 7.950378e-01 5.640976e-01 -1.056862e+00 2.060668e+00 -6.818921e-01 -8.587359e-02 -3.257642e-01 1.454270e-01 9.896639e-01 9.858618e-01 8.846571e-01 2.520329e-01 -8.122104e-02 -2.371538e-01 2.812820e-01 7.911839e-02 -2.785569e-01
<VARIANCE> 39
 5.463112e+01 2.084637e+01 1.735177e+01 1.857321e+01 1.102665e+02 7.854314e+01 9.230202e+01 1.001285e+02 3.694720e+01 9.657805e+01 3.161614e+01 2.240668e+01 1.992758e+01 2.415740e+00 1.551713e+00 1.573670e+00 1.775275e+00 8.813251e+00 9.539660e+00 9.796250e+00 1.088506e+01 4.928590e+00 2.660503e+00 2.918960e+00 1.675165e+00 1.064753e+00 7.933434e-01 2.158529e-01 1.752628e-01 4.181496e-01 7.462164e-01 9.184276e-01 1.676640e+00 1.022195e+00 1.000600e+00 6.333377e-01 3.541510e-01 2.898621e-01 4.869956e-01
<GCONST> 1.284275e+02
<STATE> 5
<MEAN> 39
 -2.167638e+00 5.193123e+00 -3.731136e+00 -8.063173e+00 7.233141e+00 -1.398678e+01 -1.052502e+01 -8.925835e+00 3.436168e-01 -3.354097e+00 4.528281e+00 -7.772092e+00 7.120535e+01 4.363804e-01 3.413806e-01 1.010067e+00 4.532298e-01 1.929836e-01 1.667055e+00 5.707118e-01 -5.865283e-02 -8.549817e-01 -7.950202e-01 -5.426845e-01 -1.792758e-01 -1.019360e+00 -4.680748e-01 8.760962e-02 1.957219e-01 3.667522e-01 -2.779940e-01 -7.406312e-02 3.645045e-01 1.687782e-01 -2.921308e-04 -2.303199e-01 -3.439135e-01 -3.118072e-02 -3.041082e-01
<VARIANCE> 39
 1.219973e+01 2.567978e+01 3.087027e+01 1.606314e+01 1.376922e+02 7.661318e+01 5.836404e+01 2.122185e+02 2.259145e+01 6.604410e+01 4.542924e+01 3.735438e+01 1.374322e+01 5.715696e-01 2.224937e-01 5.023297e-01 1.435179e+00 3.418279e+00 1.602934e+00 1.440815e+00 2.795750e+00 2.588059e+00 3.131931e+00 2.562986e+00 2.709539e+00 3.031658e-01 1.850691e-01 1.354885e-01 1.290038e-01 2.076964e-01 4.232080e-01 4.425745e-01 6.710788e-01 9.024292e-01 3.973758e-01 4.657262e-01 4.473939e-01 3.704335e-01 1.890726e-01
<GCONST> 1.085935e+02
<STATE> 6
<MEAN> 39
 -2.987518e+00 7.486048e+00 5.732455e-01 -3.703941e+00 7.352772e-02 -9.670032e+00 -6.798343e+00 -1.431033e+01 -3.217313e+00 -7.630886e+00 -1.687446e+00 -9.649522e+00 6.556716e+01 4.920578e-01 -6.471912e-01 3.504324e-01 -2.162912e-01 -3.637378e-01 7.543382e-01 -6.373222e-01 -9.857690e-01 -7.687676e-01 7.467037e-01 7.509215e-01 3.063531e-01 -1.396634e-01 2.415048e-01 -3.991639e-01 -5.600063e-01 -4.951096e-01 -2.178629e-01 -1.103142e-01 -4.591131e-01 -6.067708e-01 3.057685e-01 8.812484e-01 4.520968e-01 7.029989e-02 4.323015e-01
<VARIANCE> 39
 6.607690e+00 9.062965e+00 1.910567e+01 1.093592e+01 4.362659e+01 5.897432e+01 3.059562e+01 3.253671e+01 2.163687e+01 3.691536e+01 5.602473e+01 5.809460e+01 2.336433e+00 4.351192e-01 9.296148e-01 2.145525e+00 1.650281e+00 1.689207e+00 2.487967e+00 2.460100e+00 5.874824e+00 1.804723e+00 4.452816e+00 2.370712e+00 2.380591e+00 6.138216e-01 7.195750e-02 1.210049e-01 3.321392e-01 2.670010e-01 5.135986e-01 4.491106e-01 3.040897e-01 7.501613e-01 5.364892e-01 6.393375e-01 4.438626e-01 6.372643e-01 6.845012e-02
<GCONST> 1.041539e+02
<STATE> 7
<MEAN> 39
 2.001414e+00 2.219256e-02 -4.313842e+00 -9.581880e+00 -2.974339e+00 -7.520426e+00 -1.404027e+01 -2.248514e+01 -1.003554e+00 4.207742e+00 4.495932e+00 -9.196117e+00 6.963457e+01 1.106769e+00 -2.342740e+00 -1.107135e+00 -1.446865e+00 -6.263039e-01 1.163640e-01 -1.544752e+00 -2.783594e-01 2.241655e+00 2.334709e+00 -3.398030e-01 -1.147470e+00 1.386188e+00 -2.510432e-01 1.584307e-01 4.431584e-01 2.613633e-01 3.729391e-01 -5.616747e-02 3.583241e-01 1.084418e+00 1.000796e-01 -8.595363e-01 -6.861699e-01 -2.064060e-01 -1.671988e-01
<VARIANCE> 39
 7.174829e+00 2.314118e+01 4.859726e+01 2.006487e+01 8.263455e+01 4.794215e+01 1.656348e+01 7.907712e+01 4.845759e+01 1.220710e+02 6.106013e+01 4.441275e+01 5.219520e+00 3.588510e-01 1.078722e+00 5.350039e+00 2.622635e+00 6.640791e+00 4.891501e+00 1.838430e+00 8.909132e+00 3.614691e+00 9.226913e+00 3.667696e+00 2.047170e+00 5.450468e-01 4.882346e-02 3.259528e-01 4.806830e-01 2.706492e-01 6.215184e-01 7.402754e-01 3.198585e-01 4.443448e-01 8.761019e-01 1.179566e+00 3.624567e-01 4.164369e-01 1.596196e-01
<GCONST> 1.176619e+02
<STATE> 8
<MEAN> 39
 3.251765e+00 -7.757164e+00 5.149461e-02 -1.546057e+01 -7.438480e+00 6.791049e-01 -1.327168e+01 -2.172737e+01 7.015398e+00 8.279495e+00 2.763877e-02 -1.223799e+01 7.178521e+01 -9.032708e-02 -3.609703e-01 -2.031329e-01 -9.946211e-03 6.198586e-01 3.174248e-01 4.104073e-01 1.283130e+00 -4.571164e-01 -1.028057e+00 -1.274856e+00 -3.421837e-01 3.023761e-02 -1.295854e-01 2.988428e-01 -9.257619e-03 1.815136e-01 -2.859855e-02 -1.267669e-01 1.261349e-01 -1.378738e-01 -5.061603e-01 -1.306695e-01 9.932546e-02 2.438644e-01 -1.851263e-01
<VARIANCE> 39
 3.986830e+00 3.017175e+01 4.414907e+01 2.642933e+01 1.182057e+02 9.850854e+01 3.687698e+01 1.926556e+02 5.348382e+01 8.385156e+01 8.649512e+01 2.914162e+01 3.530286e+00 2.119911e-01 6.346529e-01 8.953867e-01 1.393571e+00 9.499506e-01 1.868681e+00 2.172985e+00 2.798110e+00 2.327010e+00 1.596297e+00 2.821392e+00 2.462012e+00 1.782826e-01 3.240283e-02 1.725084e-01 2.639811e-01 2.660748e-01 3.355692e-01 2.789763e-01 3.764945e-01 6.107606e-01 5.743038e-01 3.961753e-01 5.885627e-01 3.833712e-01 5.888125e-02
<GCONST> 1.039001e+02
<STATE> 9
<MEAN> 39
 2.085673e+00 -2.848721e+00 -4.810751e+00 -1.087012e+01 2.636314e+00 -1.356210e+01 -1.621715e+01 -9.176406e+00 -3.381454e+00 -9.330299e-01 -4.340055e+00 -1.084677e+01 7.054533e+01 -8.090323e-02 3.786090e-02 1.929969e-03 -1.999134e-01 1.222039e-01 -1.884380e-01 7.379432e-02 3.396609e-01 -2.927472e-01 1.021577e-02 -2.980480e-01 1.720615e-01 -1.350853e-01 1.918346e-02 -6.092940e-02 -9.473501e-02 -5.625261e-02 3.565625e-03 5.007899e-02 9.264613e-02 1.114590e-01 3.069576e-01 -2.104286e-02 -1.393038e-02 -5.575506e-02 6.444887e-02
<VARIANCE> 39
 2.866979e+00 1.392133e+01 2.456366e+01 1.116249e+01 5.740696e+01 1.746529e+02 4.501185e+01 2.148709e+02 4.322647e+01 7.972907e+01 1.425894e+02 7.299746e+01 4.522700e+00 1.244946e-01 4.807827e-01 7.509652e-01 7.553079e-01 7.803423e-01 9.745649e-01 1.010204e+00 2.489651e+00 2.204570e+00 1.740132e+00 1.690845e+00 1.389299e+00 1.228728e-01 1.312091e-02 8.172312e-02 1.332554e-01 1.302465e-01 7.685139e-02 1.435400e-01 1.641174e-01 4.788408e-01 2.407319e-01 2.669463e-01 2.411040e-01 2.142334e-01 2.466578e-02
<GCONST> 8.828712e+01
<STATE> 10
<MEAN> 39
 2.495030e+00 -7.107472e+00 -7.112582e+00 -1.437023e+01 1.490554e+00 -5.937046e+00 -1.101318e+01 -8.088410e+00 1.973246e+00 -1.181950e+00 -9.803095e+00 -1.421905e+01 7.173036e+01 -3.467870e-01 -1.097706e+00 1.040095e-02 -7.851103e-02 -1.627993e-01 2.490254e-01 1.635115e+00 2.047659e+00 8.855200e-01 -1.006871e+00 -1.420837e+00 2.679985e-01 5.293052e-01 -1.337693e-01 -6.681535e-03 2.357683e-01 2.638488e-01 -1.085224e-02 -6.227359e-02 1.884152e-01 -8.062787e-02 -2.679255e-01 -9.737647e-02 2.824481e-02 1.109493e-01 -6.693598e-03
<VARIANCE> 39
 4.502988e+00 2.936458e+01 4.046190e+01 8.293532e+00 7.859360e+01 8.885869e+01 8.792173e+01 1.363465e+02 4.373956e+01 7.926228e+01 1.834098e+02 5.987492e+01 8.840334e+00 2.109118e-01 3.649988e+00 1.998319e+00 1.114022e+00 6.193259e-01 1.234777e+00 1.800428e+00 2.730595e+00 3.442780e+00 1.716259e+00 2.045772e+00 2.492324e+00 5.535346e-01 2.735488e-02 3.808033e-01 1.889480e-01 1.348185e-01 1.889080e-01 3.090580e-01 2.919002e-01 5.205501e-01 6.132452e-01 3.468764e-01 3.947805e-01 2.397280e-01 5.849201e-02
<GCONST> 1.052282e+02
<STATE> 11
<MEAN> 39
 -3.165617e-01 -1.175393e+01 -5.263992e+00 -1.045840e+01 3.317320e+00 -1.250560e+01 -3.753756e+00 1.948816e+00 -3.164860e+00 -6.690677e+00 -1.240122e+01 -8.534996e+00 7.541376e+01 -3.012268e-01 3.702846e-01 4.867931e-01 6.621813e-01 -2.346145e-01 -5.472435e-01 5.562494e-01 -3.872594e-01 -8.856620e-01 -9.386043e-01 1.181893e-01 7.580571e-01 -2.669904e-01 -5.246376e-02 3.395848e-01 3.690990e-02 2.197375e-01 1.367430e-01 -4.328724e-02 -2.768766e-01 -4.398864e-01 -1.022341e-01 -2.188717e-02 2.282032e-01 6.858078e-02 -2.068897e-01
<VARIANCE> 39
 2.642286e+00 1.888341e+01 4.299816e+01 1.775969e+01 5.201302e+01 1.394696e+02 2.900513e+01 9.500305e+01 6.013384e+01 3.214207e+01 6.360945e+01 8.496938e+01 1.409296e+01 3.315599e-01 1.000714e+00 1.122185e+00 1.506403e+00 3.127851e+00 2.087249e+00 1.426175e+00 2.413009e+00 1.887220e+00 1.303238e+00 1.192401e+00 2.792459e+00 4.051487e-01 7.255311e-02 2.014399e-01 2.246031e-01 3.871120e-01 4.025140e-01 3.224974e-01 2.720341e-01 3.725627e-01 4.886312e-01 2.130859e-01 2.228639e-01 5.977286e-01 2.580821e-02
<GCONST> 1.026425e+02
<STATE> 12
<MEAN> 39
 -3.159011e+00 -6.078485e+00 -2.115329e+00 -5.361451e+00 1.534193e+00 -9.781403e+00 -2.771896e+00 -5.700732e+00 -2.414442e+00 -1.171421e+01 -1.224845e+01 -6.684066e+00 6.952739e+01 -1.875864e+00 2.028871e+00 -4.891168e-01 2.232757e+00 7.189883e-01 6.715591e-02 1.045286e+00 -1.299794e+00 8.608400e-01 -1.158696e+00 1.227124e+00 -4.931418e-01 -8.249671e-01 -6.861237e-01 6.625482e-01 -7.891953e-01 -5.595053e-02 -1.612548e-01 -1.540750e-01 7.246658e-01 -1.316243e-01 6.980275e-01 1.116538e-01 1.732216e-01 -4.606617e-01 2.275217e-01
<VARIANCE> 39
 9.188601e+00 1.017041e+01 1.271387e+01 1.765617e+01 3.231995e+01 1.543384e+02 2.747407e+01 4.564457e+01 6.098518e+01 4.493501e+01 7.426985e+01 3.142977e+01 1.232208e+01 9.678791e-01 2.085871e+00 1.917230e+00 1.575569e+00 2.134250e+00 2.779855e+00 2.915318e+00 3.596280e+00 4.537217e+00 1.423475e+00 2.982897e+00 1.587564e+00 2.962549e-01 1.409022e-01 1.935243e-01 1.020104e-01 3.066349e-01 4.157837e-01 5.943537e-01 3.670681e-01 2.362266e-01 5.902824e-01 1.523019e-01 4.572190e-01 2.145845e-01 6.209022e-02
<GCONST> 1.051828e+02
<STATE> 13
<MEAN> 39
 -1.516736e+01 7.303754e+00 -9.997018e+00 5.466278e-01 2.129488e+00 -1.065894e+01 6.620770e+00 -1.106559e+01 3.746894e+00 -1.274842e+01 -7.928139e+00 -1.007621e+01 6.978592e+01 -3.505311e+00 3.545237e+00 -2.369672e+00 1.216408e+00 6.977598e-02 -1.397458e+00 2.352405e+00 -4.919733e-01 1.829165e-01 1.452974e-01 3.259965e-01 -2.621488e-01 2.761850e-01 2.936031e-01 -4.218856e-01 2.246073e-01 -2.115412e-01 -9.324912e-04 1.558571e-01 -4.395646e-01 4.756311e-01 -5.790412e-01 3.498927e-01 -1.340964e-01 2.990511e-01 9.476536e-03
<VARIANCE> 39
 2.835461e+01 3.547255e+01 2.581504e+01 9.618062e+00 2.951789e+01 8.069917e+01 2.709266e+01 2.385098e+01 1.263802e+01 8.552910e+01 6.004594e+01 3.031916e+01 6.556423e+00 8.925819e-01 1.738960e+00 8.553110e-01 1.053392e+00 2.259986e+00 3.119265e+00 2.415106e+00 2.165888e+00 3.675219e+00 1.850568e+00 3.820150e+00 1.901211e+00 2.507130e-01 2.913581e-01 3.310083e-01 2.799387e-01 1.859724e-01 2.298698e-01 4.026470e-01 3.464321e-01 2.477456e-01 2.725180e-01 3.144773e-01 7.135127e-01 3.441359e-01 5.551192e-02
<GCONST> 1.043026e+02
<STATE> 14
<MEAN> 39
 -2.296293e+01 1.250374e+01 -1.356260e+01 4.793682e+00 7.360501e-01 -1.418752e+01 9.866247e+00 -9.094870e+00 1.136450e+00 -1.323672e+01 -4.008624e+00 -9.250577e+00 6.897468e+01 -1.104125e+00 8.535460e-01 -2.474593e-01 7.118355e-01 4.433538e-01 8.311745e-01 3.007483e-01 2.729237e-01 -4.817930e-01 2.576624e-01 6.297294e-01 1.114788e-01 -3.616987e-01 4.149864e-01 -4.312619e-01 3.596942e-01 -1.317295e-01 -4.587720e-02 2.752632e-01 -1.567662e-01 -4.989065e-02 6.598236e-02 -2.167590e-01 5.097973e-02 -9.259032e-03 -1.051612e-01
<VARIANCE> 39
 1.127296e+01 3.157982e+01 1.660625e+01 9.296667e+00 7.350305e+01 3.269599e+01 1.728350e+01 4.983173e+01 1.515391e+01 3.668133e+01 4.319840e+01 2.371521e+01 4.365405e+00 3.163703e-01 4.364885e-01 6.385408e-01 7.519464e-01 5.506117e-01 1.130497e+00 9.661867e-01 1.193495e+00 1.106109e+00 9.553888e-01 1.940774e+00 1.176308e+00 9.238170e-02 6.818023e-02 8.765379e-02 1.171244e-01 1.357068e-01 2.144453e-01 1.609814e-01 2.013935e-01 2.410555e-01 2.583408e-01 1.942451e-01 2.638671e-01 2.588690e-01 1.497935e-02
<GCONST> 8.178442e+01
<STATE> 15
<MEAN> 39
 -2.810228e+01 1.686353e+01 -1.473229e+01 6.681883e+00 4.821465e+00 -8.518377e+00 1.200342e+01 -8.843062e+00 -1.121873e+00 -8.298001e+00 -4.853008e+00 -6.201865e+00 6.700989e+01 -2.829015e-01 -3.796157e-01 3.436800e-01 1.476368e-01 6.786884e-02 3.142223e-01 2.150537e-01 1.710103e-02 -6.931613e-02 -8.548046e-03 3.821355e-01 2.494270e-01 -5.176805e-01 5.928172e-02 -1.682037e-01 5.104082e-02 -1.173216e-01 5.971402e-02 -7.407106e-03 9.285889e-03 -5.650015e-02 5.643726e-02 4.353498e-02 -4.775162e-02 -2.998972e-02 -4.259223e-02
<VARIANCE> 39
 1.181242e+01 8.589424e+00 2.710182e+01 9.403643e+00 1.879214e+01 1.384003e+01 1.087075e+01 1.597268e+01 2.304138e+01 4.521794e+01 2.054409e+01 4.907643e+01 7.650169e+00 2.017957e-01 3.986566e-01 3.685931e-01 6.825146e-01 6.992416e-01 8.745530e-01 7.851885e-01 1.097613e+00 1.787973e+00 1.670550e+00 1.224218e+00 1.448472e+00 1.030660e-01 2.742179e-02 7.377319e-02 7.659929e-02 1.216143e-01 1.286463e-01 1.508958e-01 1.864265e-01 1.577810e-01 3.054372e-01 2.963501e-01 2.073639e-01 2.996046e-01 1.911563e-02
<GCONST> 7.582357e+01
<STATE> 16
<MEAN> 39
 -2.691420e+01 7.162918e+00 -9.538928e+00 4.778071e+00 5.494094e+00 -5.291172e+00 1.285405e+01 -9.225142e+00 2.865620e-01 -1.254715e+01 1.380650e+00 -8.817948e+00 6.159939e+01 2.068949e-01 -1.557662e+00 5.966147e-01 -5.485047e-01 8.125845e-01 1.505201e+00 2.599235e-01 -6.156398e-02 -8.328300e-02 -2.071931e-01 -1.323916e-01 -2.023683e-01 -8.891142e-01 1.206030e-01 -1.384488e-01 -3.127094e-03 3.986823e-02 6.980514e-02 2.693402e-01 -5.366132e-02 1.926301e-01 6.590088e-02 -1.210397e-01 -1.831086e-01 -5.265503e-02 1.980937e-02
<VARIANCE> 39
 7.670249e+00 2.643805e+01 1.888366e+01 1.389413e+01 3.353515e+01 2.895334e+01 2.816516e+01 3.637532e+01 4.410801e+01 3.742807e+01 5.041889e+01 2.674935e+01 5.365901e+00 2.584142e-01 5.180089e-01 4.290839e-01 4.728320e-01 1.024628e+00 1.617125e+00 1.795270e+00 1.377476e+00 1.667629e+00 1.701151e+00 1.748778e+00 7.746025e-01 1.185561e-01 1.727103e-02 6.152460e-02 6.390020e-02 1.021173e-01 1.499888e-01 2.973229e-01 2.817863e-01 3.206889e-01 4.042265e-01 2.270592e-01 2.817729e-01 1.527229e-01 2.099171e-02
<GCONST> 8.289269e+01
<STATE> 17
<MEAN> 39
 -2.517588e+01 -1.225157e+00 -7.970966e+00 2.861350e+00 1.048656e+01 5.259199e+00 1.477026e+01 -5.683276e+00 -2.176944e-01 -1.443327e+01 -5.471970e+00 -9.204668e+00 5.799021e+01 5.782004e-01 -1.379795e+00 7.596985e-01 6.729283e-02 1.441287e-01 9.741943e-01 -1.752452e-01 8.775350e-01 2.917967e-01 -5.563995e-01 -6.154281e-01 -3.942150e-01 -5.226871e-01 3.896697e-02 2.426090e-01 8.939717e-02 1.727701e-02 -3.221052e-01 -5.480181e-01 -3.226978e-01 -2.433041e-01 -2.184777e-01 8.750169e-02 1.532555e-01 1.060274e-01 8.095052e-02
<VARIANCE> 39
 8.856750e+00 1.948708e+01 1.181666e+01 1.669899e+01 1.953532e+01 2.080889e+01 2.913514e+01 2.803636e+01 4.530342e+01 2.552735e+01 3.096400e+01 2.620276e+01 1.991332e+00 1.954340e-01 8.652356e-01 7.707422e-01 8.889061e-01 2.429914e+00 2.525157e+00 1.770479e+00 2.607976e+00 2.488643e+00 1.572140e+00 1.802690e+00 1.639663e+00 8.954052e-02 4.531375e-02 7.582591e-02 8.262764e-02 2.266857e-01 3.506831e-01 2.670798e-01 5.124713e-01 4.880521e-01 4.996490e-01 2.921736e-01 2.795019e-01 2.570097e-01 1.171886e-02
<GCONST> 8.808090e+01
<STATE> 18
<MEAN> 39
 -2.096581e+01 -4.538877e+00 -3.429344e+00 1.104546e+00 5.543810e+00 8.846129e-01 6.123718e+00 -8.492174e+00 -2.347146e+00 -1.318182e+01 -2.796200e+00 -7.370450e+00 5.665525e+01 7.434729e-01 -9.062136e-01 8.215967e-01 -2.541569e-01 1.421708e-01 8.131024e-02 -1.169118e+00 -1.668430e-01 -4.768189e-01 1.570802e-01 3.410510e-01 1.983399e-01 -2.795174e-01 -6.960768e-02 -2.524131e-02 -5.124243e-02 -6.888288e-02 1.883276e-01 2.258339e-01 3.046193e-01 1.660748e-01 -7.279468e-02 1.292767e-02 -7.407242e-02 -6.117834e-03 -4.792639e-03
<VARIANCE> 39
 9.157419e+00 2.037755e+01 1.660534e+01 2.243975e+01 2.192054e+01 1.508033e+01 2.745870e+01 2.259079e+01 2.878808e+01 2.546244e+01 3.350039e+01 2.567285e+01 1.456249e+00 2.318234e-01 5.695356e-01 5.677159e-01 1.445754e+00 1.878156e+00 1.791291e+00 3.406198e+00 2.922001e+00 1.545780e+00 1.420364e+00 2.039872e+00 1.746949e+00 5.949447e-02 3.839830e-02 9.516144e-02 1.121117e-01 3.051994e-01 2.806588e-01 2.100758e-01 4.774457e-01 4.566973e-01 2.429866e-01 3.017254e-01 3.834281e-01 4.650345e-01 9.235080e-03
<GCONST> 8.694915e+01
<STATE> 19
<MEAN> 39
 -2.083607e+01 -9.299434e+00 -6.922279e-01 1.291659e+00 1.270060e+01 1.087851e+01 1.189631e+01 -3.642114e+00 -3.692457e+00 -1.275825e+01 -4.982348e+00 -1.037701e+01 5.449773e+01 1.244569e-01 -8.402276e-01 3.093533e-01 -7.127354e-01 6.075867e-02 5.858487e-01 3.724887e-01 8.688234e-01 -4.712881e-01 7.034707e-01 6.759150e-02 3.001678e-03 -3.162287e-01 4.221136e-02 1.248031e-01 -8.581367e-03 -6.211515e-02 -1.624922e-01 -3.312595e-01 -1.413642e-01 -5.107185e-03 1.841371e-02 3.072727e-03 1.443344e-02 5.479577e-02 5.289427e-02
<VARIANCE> 39
 1.161453e+01 1.714113e+01 1.386308e+01 1.923646e+01 1.632158e+01 3.260982e+01 4.805002e+01 2.301394e+01 3.990677e+01 3.106303e+01 2.818202e+01 1.559517e+01 1.456817e+00 2.457425e-01 3.598409e-01 5.208306e-01 1.317011e+00 9.431099e-01 2.212001e+00 1.708470e+00 1.842772e+00 2.226149e+00 2.282679e+00 2.422754e+00 2.053867e+00 5.598973e-02 2.764710e-02 3.722645e-02 8.676035e-02 2.390670e-01 1.605939e-01 3.683272e-01 2.656691e-01 3.481959e-01 4.095145e-01 5.114431e-01 5.428818e-01 2.789500e-01 7.687253e-03
<GCONST> 8.457240e+01
<TRANSP> 20
 0.000000e+00 1.000000e+00 0.000000e+00 0.000000e+00 0.000000e+00 0.000000e+00 0.000000e+00 0.000000e+00 0.000000e+00 0.000000e+00 0.000000e+00 0.000000e+00 0.000000e+00 0.000000e+00 0.000000e+00 0.000000e+00 0.000000e+00 0.000000e+00 0.000000e+00 0.000000e+00
 0.000000e+00 8.206891e-01 1.793108e-01 0.000000e+00 0.000000e+00 0.000000e+00 0.000000e+00 0.000000e+00 0.000000e+00 0.000000e+00 0.000000e+00 0.000000e+00 0.000000e+00 0.000000e+00 0.000000e+00 0.000000e+00 0.000000e+00 0.000000e+00 0.000000e+00 0.000000e+00
 0.000000e+00 0.000000e+00 8.422652e-01 1.577348e-01 0.000000e+00 0.000000e+00 0.000000e+00 0.000000e+00 0.000000e+00 0.000000e+00 0.000000e+00 0.000000e+00 0.000000e+00 0.000000e+00 0.000000e+00 0.000000e+00 0.000000e+00 0.000000e+00 0.000000e+00 0.000000e+00
 0.000000e+00 0.000000e+00 0.000000e+00 7.280447e-01 2.719553e-01 0.000000e+00 0.000000e+00 0.000000e+00 0.000000e+00 0.000000e+00 0.000000e+00 0.000000e+00 0.000000e+00 0.000000e+00 0.000000e+00 0.000000e+00 0.000000e+00 0.000000e+00 0.000000e+00 0.000000e+00
 0.000000e+00 0.000000e+00 0.000000e+00 0.000000e+00 7.825642e-01 2.174358e-01 0.000000e+00 0.000000e+00 0.000000e+00 0.000000e+00 0.000000e+00 0.000000e+00 0.000000e+00 0.000000e+00 0.000000e+00 0.000000e+00 0.000000e+00 0.000000e+00 0.000000e+00 0.000000e+00
 0.000000e+00 0.000000e+00 0.000000e+00 0.000000e+00 0.000000e+00 7.955853e-01 2.044147e-01 0.000000e+00 0.000000e+00 0.000000e+00 0.000000e+00 0.000000e+00 0.000000e+00 0.000000e+00 0.000000e+00 0.000000e+00 0.000000e+00 0.000000e+00 0.000000e+00 0.000000e+00
 0.000000e+00 0.000000e+00 0.000000e+00 0.000000e+00 0.000000e+00 0.000000e+00 7.139569e-01 2.860432e-01 0.000000e+00 0.000000e+00 0.000000e+00 0.000000e+00 0.000000e+00 0.000000e+00 0.000000e+00 0.000000e+00 0.000000e+00 0.000000e+00 0.000000e+00 0.000000e+00
 0.000000e+00 0.000000e+00 0.000000e+00 0.000000e+00 0.000000e+00 0.000000e+00 0.000000e+00 7.886998e-01 2.113002e-01 0.000000e+00 0.000000e+00 0.000000e+00 0.000000e+00 0.000000e+00 0.000000e+00 0.000000e+00 0.000000e+00 0.000000e+00 0.000000e+00 0.000000e+00
 0.000000e+00 0.000000e+00 0.000000e+00 0.000000e+00 0.000000e+00 0.000000e+00 0.000000e+00 0.000000e+00 8.628854e-01 1.371146e-01 0.000000e+00 0.000000e+00 0.000000e+00 0.000000e+00 0.000000e+00 0.000000e+00 0.000000e+00 0.000000e+00 0.000000e+00 0.000000e+00
 0.000000e+00 0.000000e+00 0.000000e+00 0.000000e+00 0.000000e+00 0.000000e+00 0.000000e+00 0.000000e+00 0.000000e+00 7.826585e-01 2.173415e-01 0.000000e+00 0.000000e+00 0.000000e+00 0.000000e+00 0.000000e+00 0.000000e+00 0.000000e+00 0.000000e+00 0.000000e+00
 0.000000e+00 0.000000e+00 0.000000e+00 0.000000e+00 0.000000e+00 0.000000e+00 0.000000e+00 0.000000e+00 0.000000e+00 0.000000e+00 7.983372e-01 2.016629e-01 0.000000e+00 0.000000e+00 0.000000e+00 0.000000e+00 0.000000e+00 0.000000e+00 0.000000e+00 0.000000e+00
 0.000000e+00 0.000000e+00 0.000000e+00 0.000000e+00 0.000000e+00 0.000000e+00 0.000000e+00 0.000000e+00 0.000000e+00 0.000000e+00 0.000000e+00 7.075407e-01 2.924593e-01 0.000000e+00 0.000000e+00 0.000000e+00 0.000000e+00 0.000000e+00 0.000000e+00 0.000000e+00
 0.000000e+00 0.000000e+00 0.000000e+00 0.000000e+00 0.000000e+00 0.000000e+00 0.000000e+00 0.000000e+00 0.000000e+00 0.000000e+00 0.000000e+00 0.000000e+00 7.384605e-01 2.615394e-01 0.000000e+00 0.000000e+00 0.000000e+00 0.000000e+00 0.000000e+00 0.000000e+00
 0.000000e+00 0.000000e+00 0.000000e+00 0.000000e+00 0.000000e+00 0.000000e+00 0.000000e+00 0.000000e+00 0.000000e+00 0.000000e+00 0.000000e+00 0.000000e+00 0.000000e+00 7.302235e-01 2.697765e-01 0.000000e+00 0.000000e+00 0.000000e+00 0.000000e+00 0.000000e+00
 0.000000e+00 0.000000e+00 0.000000e+00 0.000000e+00 0.000000e+00 0.000000e+00 0.000000e+00 0.000000e+00 0.000000e+00 0.000000e+00 0.000000e+00 0.000000e+00 0.000000e+00 0.000000e+00 8.826994e-01 1.173006e-01 0.000000e+00 0.000000e+00 0.000000e+00 0.000000e+00
 0.000000e+00 0.000000e+00 0.000000e+00 0.000000e+00 0.000000e+00 0.000000e+00 0.000000e+00 0.000000e+00 0.000000e+00 0.000000e+00 0.000000e+00 0.000000e+00 0.000000e+00 0.000000e+00 0.000000e+00 8.189073e-01 1.810927e-01 0.000000e+00 0.000000e+00 0.000000e+00
 0.000000e+00 0.000000e+00 0.000000e+00 0.000000e+00 0.000000e+00 0.000000e+00 0.000000e+00 0.000000e+00 0.000000e+00 0.000000e+00 0.000000e+00 0.000000e+00 0.000000e+00 0.000000e+00 0.000000e+00 0.000000e+00 7.581310e-01 2.418690e-01 0.000000e+00 0.000000e+00
 0.000000e+00 0.000000e+00 0.000000e+00 0.000000e+00 0.000000e+00 0.000000e+00 0.000000e+00 0.000000e+00 0.000000e+00 0.000000e+00 0.000000e+00 0.000000e+00 0.000000e+00 0.000000e+00 0.000000e+00 0.000000e+00 0.000000e+00 7.976699e-01 2.023301e-01 0.000000e+00
 0.000000e+00 0.000000e+00 0.000000e+00 0.000000e+00 0.000000e+00 0.000000e+00 0.000000e+00 0.000000e+00 0.000000e+00 0.000000e+00 0.000000e+00 0.000000e+00 0.000000e+00 0.000000e+00 0.000000e+00 0.000000e+00 0.000000e+00 0.000000e+00 7.970310e-01 2.029690e-01
 0.000000e+00 0.000000e+00 0.000000e+00 0.000000e+00 0.000000e+00 0.000000e+00 0.000000e+00 0.000000e+00 0.000000e+00 0.000000e+00 0.000000e+00 0.000000e+00 0.000000e+00 0.000000e+00 0.000000e+00 0.000000e+00 0.000000e+00 0.000000e+00 0.000000e+00 0.000000e+00
<ENDHMM>
