~o
<STREAMINFO> 1 39
<VECSIZE> 39<NULLD><MFCC_D_A_0><DIAGC>
~h "sembilan"
<BEGINHMM>
<NUMSTATES> 20
<STATE> 2
<MEAN> 39
 -1.760094e+01 -6.493834e+00 -2.389932e+00 -4.639508e+00 1.752506e-02 -5.606459e+00 5.913158e-01 -6.236405e+00 4.959068e-01 -6.082129e+00 5.550454e-01 -5.301933e+00 5.654913e+01 -4.363998e-01 5.358669e-01 -5.274809e-01 2.759573e-01 2.048346e-01 -5.772327e-01 5.732125e-01 -5.483282e-01 3.984006e-01 -5.689627e-01 -4.772195e-02 -1.107883e-02 2.958002e-01 -3.337963e-01 4.505269e-01 -3.581844e-01 2.633135e-01 7.700819e-02 -6.302715e-02 3.617175e-01 -1.804515e-01 3.236918e-01 -2.348731e-01 1.108675e-01 -6.073640e-02 1.760123e-01
<VARIANCE> 39
 8.448489e-01 1.706957e+00 5.350016e+00 8.413091e+00 7.181587e+00 8.004661e+00 9.474030e+00 1.705555e+01 1.247756e+01 8.254652e+00 1.123190e+01 1.499755e+01 3.205905e-01 5.463388e-01 1.176274e+00 9.181933e-01 8.898340e-01 8.103265e-01 1.168240e+00 2.360098e+00 1.805023e+00 2.756814e+00 1.351031e+00 1.488837e+00 1.740697e+00 1.301434e-01 9.702367e-02 2.736728e-01 1.739004e-01 1.452489e-01 1.735005e-01 2.664014e-01 4.464260e-01 4.094100e-01 4.909589e-01 2.266005e-01 2.987795e-01 4.013908e-01 2.008014e-02
<GCONST> 7.428300e+01
<STATE> 3
<MEAN> 39
 -2.376402e+01 1.975502e+00 -9.195376e+00 3.741513e-01 4.453872e-01 -7.469034e+00 7.714273e+00 -1.159872e+01 7.599577e+00 -1.236313e+01 2.859767e+00 -7.285068e+00 5.985980e+01 -2.096770e+00 3.121229e+00 -2.112719e+00 1.910544e+00 3.886085e-02 -7.614981e-01 1.909438e+00 -1.214118e+00 1.526961e+00 -6.025378e-01 8.714444e-01 5.133370e-01 1.167865e+00 6.888350e-02 -1.348564e-01 1.496171e-01 -3.912625e-02 7.716823e-02 -8.365128e-02 -2.638384e-01 3.425030e-01 -5.473303e-01 6.385463e-01 -1.252386e-01 4.305296e-01 7.208785e-03
<VARIANCE> 39
 6.778513e+00 1.664615e+01 1.220051e+01 1.411946e+01 1.908995e+01 1.527501e+01 2.203856e+01 2.820533e+01 2.339114e+01 3.071775e+01 3.850097e+01 2.605593e+01 2.376696e+00 6.016967e-01 1.351624e+00 1.289748e+00 6.455736e-01 2.013007e+00 1.320085e+00 3.005011e+00 3.013334e+00 2.517516e+00 2.726727e+00 3.191278e+00 2.760652e+00 2.308508e-01 1.341331e-01 3.768302e-01 2.081351e-01 2.758585e-01 3.086811e-01 2.382665e-01 6.248537e-01 6.478782e-01 5.486504e-01 3.429641e-01 5.830644e-01 3.701302e-01 4.992487e-02
<GCONST> 9.788334e+01
<STATE> 4
<MEAN> 39
 -2.867946e+01 9.229346e+00 -1.349257e+01 3.298214e+00 3.296673e+00 -1.201198e+01 1.134415e+01 -1.141479e+01 5.678618e+00 -7.930327e+00 2.301634e+00 -9.079511e-01 6.342380e+01 1.153601e+00 3.727773e-01 4.085842e-01 -3.721544e-01 2.256853e-03 -7.711822e-01 -9.860170e-01 -4.587300e-02 -6.061187e-01 5.129539e-01 -4.551974e-01 6.260710e-03 4.621786e-01 1.227695e+00 -3.530203e-01 6.125686e-01 -5.025032e-01 -3.095893e-01 1.409194e-02 -1.023984e+00 -1.915377e-01 -1.779063e-01 -9.799460e-02 -1.573081e-01 -5.814704e-01 3.901378e-02
<VARIANCE> 39
 8.268899e+00 1.419310e+01 9.477403e+00 1.867770e+01 2.226473e+01 1.163185e+01 1.279085e+01 1.794515e+01 2.890385e+01 4.134093e+01 3.340723e+01 2.828025e+01 2.788697e+00 6.158730e+00 1.733986e+00 2.222913e+00 1.219348e+00 1.780014e+00 1.534447e+00 4.774054e+00 3.075428e+00 2.927320e+00 2.583537e+00 3.561911e+00 2.859619e+00 5.637146e-01 2.151510e-01 5.475465e-01 2.500744e-01 1.335303e-01 3.496369e-01 3.246776e-01 5.848584e-01 6.397916e-01 7.736298e-01 4.334332e-01 7.943333e-01 3.979178e-01 2.080613e-01
<GCONST> 1.058904e+02
<STATE> 5
<MEAN> 39
 -9.500806e+00 1.000607e+01 -5.797169e+00 -1.902577e+00 -1.168607e+00 -1.491027e+01 -5.199311e+00 -1.593634e+01 2.498612e+00 -8.513103e+00 7.861511e-01 -8.412181e+00 6.792177e+01 3.891879e+00 4.427253e-01 1.326882e+00 -1.002906e+00 -6.225717e-01 1.231934e-02 -2.968927e+00 -1.363267e+00 -1.279138e+00 2.869831e-01 5.097575e-01 -7.725728e-01 1.195422e+00 -7.034290e-01 -1.060436e-01 -9.757242e-02 3.215353e-01 2.353541e-01 3.434117e-01 8.101998e-01 1.454953e-01 -1.336165e-01 -1.767073e-02 3.196504e-01 4.154755e-01 -2.869573e-01
<VARIANCE> 39
 3.963115e+01 1.999495e+01 4.334819e+01 2.710946e+01 5.474227e+01 3.459486e+01 6.903519e+01 6.008767e+01 4.182082e+01 1.540724e+02 4.080888e+01 3.822955e+01 2.349407e+01 3.118937e+00 2.349966e+00 2.426962e+00 2.412363e+00 4.224894e+00 4.764183e+00 7.891218e+00 4.909759e+00 4.001005e+00 5.279920e+00 5.700140e+00 4.900866e+00 1.369499e+00 4.783436e-01 4.020609e-01 4.066880e-01 3.641618e-01 5.657985e-01 7.663036e-01 1.023928e+00 9.114749e-01 8.230445e-01 8.486544e-01 5.352728e-01 6.277607e-01 2.901957e-01
<GCONST> 1.305415e+02
<STATE> 6
<MEAN> 39
 -1.074986e+00 9.255430e+00 1.724571e+00 -2.760676e+00 -3.426231e+00 -1.308511e+01 -6.935024e+00 -1.590568e+01 -4.585773e+00 -5.899674e+00 4.016589e+00 -7.815390e+00 6.748383e+01 3.868223e-01 -2.806870e-01 1.184488e+00 4.628452e-03 -4.412211e-01 -3.267354e-02 1.699000e-01 7.299520e-01 -7.991383e-01 3.635760e-02 -1.077410e-01 -2.440378e-01 -4.542135e-01 -1.922541e-01 -9.884047e-02 5.200607e-02 2.947658e-02 -1.502075e-01 -1.702336e-01 2.199180e-02 1.593894e-01 5.182858e-02 2.531446e-02 -9.524223e-02 -1.691361e-02 9.893101e-04
<VARIANCE> 39
 9.310432e+00 1.083290e+01 3.222202e+01 2.128588e+01 4.786630e+01 2.556098e+01 4.329170e+01 5.087768e+01 2.109309e+01 6.358948e+01 7.893194e+01 4.163842e+01 7.768973e+00 2.353993e-01 4.318971e-01 7.795141e-01 1.165214e+00 1.486169e+00 1.001580e+00 2.001082e+00 1.715510e+00 2.013110e+00 2.228353e+00 2.032884e+00 1.121921e+00 1.457772e-01 4.996561e-02 8.559892e-02 9.200110e-02 1.438106e-01 3.947904e-01 2.142629e-01 2.809944e-01 4.248685e-01 3.701315e-01 3.741339e-01 4.265433e-01 3.089566e-01 3.309274e-02
<GCONST> 9.283923e+01
<STATE> 7
<MEAN> 39
 -6.884308e-01 4.958741e+00 1.094008e+01 -1.766316e+00 -1.106762e+01 -1.526948e+01 -6.218209e+00 -1.234358e+01 -1.046828e+01 -4.350763e+00 2.779257e+00 -9.939904e+00 6.633896e+01 -5.228370e-01 -1.840332e+00 3.205240e+00 -1.146389e-01 -3.745183e+00 -6.775877e-01 -3.270688e-02 1.871005e-02 -2.112793e+00 1.703211e+00 1.082990e+00 3.381355e-01 9.014161e-01 -2.319614e-01 -1.590210e-01 3.237715e-01 -2.832063e-01 -4.144982e-01 1.829653e-01 -4.887636e-02 -2.360485e-01 -5.064362e-02 2.028172e-01 2.731805e-01 3.352383e-01 3.684799e-01
<VARIANCE> 39
 5.523356e+00 1.632140e+01 3.944507e+01 4.238610e+01 7.860833e+01 3.505387e+01 2.491280e+01 4.117325e+01 6.831663e+01 4.160454e+01 6.602639e+01 2.510065e+01 5.473032e+00 4.587716e-01 1.474302e+00 3.120180e+00 1.309775e+00 5.487519e+00 3.391328e+00 1.504272e+00 4.531786e+00 1.123044e+01 8.023485e+00 3.810559e+00 3.722886e+00 6.025839e-01 6.884605e-02 3.174843e-01 5.962394e-01 3.900337e-01 1.364319e+00 6.838099e-01 2.321435e-01 4.706577e-01 1.435393e+00 7.343961e-01 7.984962e-01 2.820273e-01 8.346049e-02
<GCONST> 1.165400e+02
<STATE> 8
<MEAN> 39
 -4.560822e+00 -9.055725e-01 2.473018e+01 -5.587221e+00 -2.106035e+01 -1.446055e+01 -7.131138e+00 -9.323169e+00 -1.998446e+01 -2.756644e-01 8.285061e+00 -4.906181e+00 7.190143e+01 -3.330709e-01 -6.963622e-01 1.623791e-01 1.205326e-01 -6.490323e-01 -3.268350e-01 2.284922e-02 5.311083e-01 2.585541e-01 -6.857297e-01 -8.796801e-02 1.414407e+00 4.551464e-01 2.369146e-01 1.738560e-01 -7.382352e-01 2.805859e-01 7.354929e-01 -8.017461e-02 -3.633556e-02 1.791466e-01 4.267171e-01 -4.518827e-01 -3.375846e-01 -6.899026e-02 -2.841069e-01
<VARIANCE> 39
 7.037110e+00 1.569927e+01 1.295771e+02 5.311761e+01 1.043663e+02 8.919318e+01 4.326661e+01 1.350870e+02 2.869997e+02 1.081727e+02 9.351598e+01 4.776355e+01 7.711136e+00 8.676255e-01 8.208198e-01 4.722136e+00 4.027555e+00 2.680673e+00 4.561306e+00 2.704969e+00 3.331284e+00 4.433782e+00 3.347098e+00 2.748081e+00 2.206375e+00 6.408709e-01 9.584515e-02 2.463618e-01 3.998640e-01 4.451729e-01 6.389763e-01 8.080271e-01 5.515115e-01 7.194703e-01 1.149217e+00 7.171429e-01 6.285648e-01 5.028053e-01 7.764655e-02
<GCONST> 1.242257e+02
<STATE> 9
<MEAN> 39
 -2.856003e+00 -3.565934e+00 1.568397e+01 -1.563034e+00 -1.754652e+01 -1.642366e+01 -8.834270e+00 -9.075312e+00 -8.417747e+00 -6.358278e+00 3.090131e+00 -1.001646e+00 7.001423e+01 6.561841e-01 -2.247592e-01 -2.310913e+00 -2.304217e-01 2.709954e+00 4.484693e-01 -1.344286e+00 -4.041556e-01 1.773514e+00 6.319599e-01 -1.034107e+00 -8.310396e-01 -3.174491e-01 6.276843e-02 -2.402223e-02 -2.954339e-01 -3.675825e-01 1.608415e-01 2.526617e-01 -6.983675e-02 -3.679474e-01 7.872070e-02 6.095808e-01 9.175679e-03 -3.867337e-01 1.164238e-01
<VARIANCE> 39
 4.789575e+00 7.225757e+00 9.175521e+01 2.735842e+01 1.231390e+02 4.395923e+01 3.001716e+01 1.149638e+02 1.316360e+02 7.945585e+01 7.888818e+01 3.233416e+01 4.515273e+00 2.679669e-01 1.027406e+00 1.498994e+00 2.102468e+00 1.089414e+00 2.590072e+00 1.854165e+00 2.929299e+00 4.675097e+00 5.264228e+00 2.929130e+00 2.954015e+00 2.063969e-01 2.633143e-02 1.719564e-01 1.362500e-01 2.271503e-01 2.788997e-01 5.714599e-01 4.190246e-01 5.360637e-01 2.938653e-01 6.006465e-01 5.404277e-01 4.728783e-01 3.977155e-02
<GCONST> 1.062440e+02
<STATE> 10
<MEAN> 39
 5.581418e-01 -4.027987e+00 1.377694e+00 -7.470001e+00 -3.359339e+00 -1.654683e+01 -1.449211e+01 -1.066917e+01 -2.964734e+00 2.692512e+00 -1.495227e+00 -7.202120e+00 7.082805e+01 3.565749e-01 -1.122589e+00 -2.134236e+00 -1.421372e+00 1.291684e+00 1.023447e+00 6.666468e-01 1.273901e+00 1.275433e+00 7.595062e-02 -1.911364e+00 -1.487222e+00 6.155092e-01 -1.698691e-01 -3.584788e-01 3.396401e-01 -1.395601e-02 -4.748128e-01 2.216432e-01 6.073810e-01 7.501641e-01 -2.687904e-01 -6.339771e-01 -3.108576e-01 1.172498e-01 1.891485e-01
<VARIANCE> 39
 4.294885e+00 3.085593e+01 6.133883e+01 4.446475e+01 7.766840e+01 7.145219e+01 2.416446e+01 6.977181e+01 4.957706e+01 9.588177e+01 1.480969e+02 3.687243e+01 7.510133e+00 3.161165e-01 2.176455e+00 1.593260e+00 1.853612e+00 2.237037e+00 3.585109e+00 2.812298e+00 5.411776e+00 2.194491e+00 4.594754e+00 3.871208e+00 2.445659e+00 4.197348e-01 3.966501e-02 1.996018e-01 1.430418e-01 3.587008e-01 3.145068e-01 2.002668e-01 3.783183e-01 3.526729e-01 3.300805e-01 6.409582e-01 6.378407e-01 5.592089e-01 2.742839e-02
<GCONST> 1.100510e+02
<STATE> 11
<MEAN> 39
 8.572699e-02 -1.438285e+01 -3.408235e+00 -1.201118e+01 -6.363384e+00 -2.118813e+00 -6.484577e+00 -2.108888e+00 3.744204e+00 -2.133286e+00 -1.024187e+01 -9.809019e+00 7.531017e+01 -2.295516e-01 -1.143762e+00 -2.461926e-01 1.114055e-02 -5.478571e-02 5.560203e-01 1.187685e+00 1.509666e+00 -8.610466e-02 -1.195746e+00 -9.031219e-01 1.092641e+00 5.194247e-01 -2.337897e-02 4.797047e-01 3.626449e-01 3.173459e-01 -1.135521e-02 -5.813597e-01 -2.249144e-01 -4.674988e-01 -1.817596e-01 1.996287e-01 6.228643e-01 3.616353e-01 -2.487233e-01
<VARIANCE> 39
 4.846256e+00 1.435008e+01 6.592337e+01 1.032419e+01 1.530758e+02 1.331928e+02 3.518601e+01 1.400582e+02 7.998232e+01 7.111260e+01 9.103096e+01 8.076770e+01 6.876987e+00 2.159470e-01 1.720192e+00 1.289150e+00 1.285973e+00 8.536990e-01 3.795295e+00 2.451292e+00 1.910738e+00 1.502342e+00 2.420813e+00 2.343577e+00 2.163398e+00 3.634390e-01 4.483196e-02 1.729642e-01 2.116290e-01 2.710395e-01 1.374861e-01 3.076310e-01 3.279186e-01 3.486241e-01 2.297455e-01 3.589762e-01 3.209421e-01 4.335053e-01 3.503725e-02
<GCONST> 1.036131e+02
<STATE> 12
<MEAN> 39
 -1.091024e+00 -1.431066e+01 -4.719236e+00 -8.951910e+00 -2.626872e+00 -1.593258e+01 -4.710036e-01 4.562692e+00 -4.210498e+00 -9.622688e+00 -1.066858e+01 -2.926573e+00 7.516412e+01 -8.387606e-02 7.626316e-01 7.734234e-01 7.232224e-01 -4.167954e-01 -3.157086e-01 1.673879e-01 -5.839243e-01 -2.663295e-01 -3.086664e-01 7.340124e-01 4.418053e-01 -5.605901e-01 1.069890e-02 4.555264e-01 1.856295e-01 1.341280e-01 3.562221e-02 1.307134e-01 -3.868340e-01 -4.688192e-01 -5.047415e-02 1.715439e-02 3.566260e-02 -2.113938e-01 -2.314871e-01
<VARIANCE> 39
 4.379724e+00 1.757337e+01 3.560448e+01 5.806103e+00 5.116714e+01 1.203953e+02 3.063342e+01 1.080635e+02 8.261447e+01 6.361664e+01 4.944545e+01 5.353219e+01 9.824866e+00 1.099564e-01 1.653581e+00 8.136512e-01 6.399040e-01 1.428943e+00 1.396468e+00 2.037494e+00 2.819814e+00 1.259684e+00 9.266995e-01 1.380594e+00 1.312769e+00 5.228565e-01 2.491824e-02 1.065028e-01 9.656938e-02 7.721259e-02 2.091129e-01 2.103138e-01 3.244179e-01 2.937438e-01 2.591965e-01 2.452224e-01 2.965804e-01 2.246301e-01 4.280975e-02
<GCONST> 9.217791e+01
<STATE> 13
<MEAN> 39
 -1.037813e+00 -5.474432e+00 3.298984e+00 -4.540888e+00 -4.915110e+00 -9.842274e+00 -6.361320e+00 -6.386465e+00 -1.560234e+00 -9.428135e+00 -7.413542e+00 -4.285513e+00 6.985976e+01 -5.488777e-02 2.355973e+00 1.133173e+00 7.551247e-01 2.082235e-01 -2.566016e-01 -1.036338e+00 -1.613834e+00 -4.864514e-01 -7.833213e-01 3.214895e-01 -4.017435e-01 -1.092521e+00 1.425341e-03 -2.008901e-01 -2.254675e-01 -2.239288e-01 4.285280e-02 1.119933e-01 2.557274e-01 3.704476e-01 1.314019e-01 -6.943010e-02 -1.462876e-01 -1.471033e-01 1.481231e-01
<VARIANCE> 39
 2.709563e+00 1.277568e+01 2.764303e+01 7.821087e+00 2.744943e+01 5.659378e+01 2.490874e+01 4.659558e+01 5.565977e+01 3.301204e+01 7.025317e+01 5.579412e+01 4.640141e+00 1.977893e-01 3.855225e-01 6.198905e-01 1.125008e+00 2.985956e+00 2.895620e+00 1.863345e+00 2.228684e+00 2.292206e+00 1.696525e+00 1.215292e+00 1.060272e+00 1.412873e-01 2.886386e-02 5.689345e-02 3.441294e-02 1.165563e-01 2.742734e-01 2.725177e-01 2.288354e-01 2.621196e-01 1.503594e-01 1.360664e-01 1.932950e-01 1.487288e-01 1.133655e-02
<GCONST> 8.337270e+01
<STATE> 14
<MEAN> 39
 -1.388133e+00 3.040721e+00 3.935148e+00 -4.412933e+00 -4.971374e+00 -1.250831e+01 -8.330576e+00 -1.001700e+01 -6.582274e+00 -1.645871e+01 -1.049847e+01 -9.716010e+00 6.575965e+01 -4.843520e-01 8.834572e-01 2.444794e-01 4.998943e-01 6.704134e-01 7.080510e-01 2.002456e-01 -7.070441e-01 -4.386816e-01 -5.893785e-01 2.191641e-01 -2.786103e-01 -6.871393e-01 -1.382177e-01 -2.583841e-01 -9.301537e-02 7.902610e-02 1.832175e-01 9.480641e-02 1.690630e-01 8.117750e-02 -2.416435e-02 1.190610e-01 9.516927e-02 7.976478e-02 -7.199624e-03
<VARIANCE> 39
 4.511077e+00 1.366564e+01 8.149928e+00 6.018301e+00 1.031615e+01 2.139136e+01 8.918602e+00 3.146641e+01 3.363712e+01 4.171694e+01 4.460286e+01 4.199089e+01 5.602042e+00 1.379936e-01 5.311359e-01 4.380087e-01 5.387555e-01 7.332830e-01 1.227523e+00 9.374648e-01 6.912553e-01 1.585798e+00 2.241434e+00 1.495308e+00 1.158085e+00 6.471402e-02 1.276673e-02 2.956529e-02 2.359671e-02 8.097512e-02 1.139894e-01 2.620382e-01 2.236499e-01 1.482208e-01 2.105165e-01 3.853324e-01 2.943229e-01 1.898554e-01 7.657052e-03
<GCONST> 7.038480e+01
<STATE> 15
<MEAN> 39
 -5.102277e+00 3.492094e+00 6.495948e+00 1.930623e+00 4.007946e+00 -3.794429e+00 -2.238016e+00 -5.748522e+00 6.037952e-01 -1.162884e+01 -3.717625e+00 -3.954609e+00 6.300863e+01 -7.766567e-01 2.890716e-01 -2.442249e-01 2.387964e-01 5.513250e-01 2.483629e-01 5.027097e-01 2.591276e-01 4.515736e-02 9.545833e-02 3.168403e-01 -7.760663e-02 -8.247197e-01 -6.262971e-02 -1.775443e-01 -9.452982e-02 -1.793507e-01 -2.705837e-01 -8.291920e-02 -1.393968e-02 -1.507028e-02 2.412722e-02 1.460644e-01 3.459458e-02 -3.598772e-03 3.103512e-02
<VARIANCE> 39
 6.154660e+00 5.906661e+00 9.089156e+00 8.597716e+00 2.016618e+01 2.304601e+01 2.313887e+01 5.414833e+01 3.205062e+01 2.974459e+01 1.960665e+01 1.656998e+01 5.415383e+00 1.764409e-01 7.223226e-01 4.599110e-01 7.375238e-01 1.180311e+00 5.169613e-01 1.029352e+00 1.930662e+00 8.485716e-01 1.643764e+00 1.369979e+00 1.752264e+00 4.350043e-02 1.443336e-02 5.127045e-02 7.579067e-02 1.137784e-01 7.242963e-02 1.111914e-01 1.691672e-01 3.168980e-01 1.576663e-01 2.672690e-01 1.774985e-01 3.426327e-01 5.634855e-03
<GCONST> 7.150626e+01
<STATE> 16
<MEAN> 39
 -9.765746e+00 3.583595e+00 3.965178e+00 -2.123704e+00 -3.845268e-01 -6.463796e+00 -3.144625e+00 -1.269110e+01 -8.557512e+00 -1.529382e+01 -4.578986e+00 -9.469175e+00 5.917770e+01 -8.257835e-01 -4.314612e-01 -1.021941e-01 -7.289656e-02 2.732663e-01 6.146030e-01 7.208570e-01 -2.112274e-01 -4.819646e-01 -6.290388e-02 2.460878e-01 -1.464455e-01 -4.157643e-01 7.186893e-02 -7.544416e-02 -1.608931e-02 9.656353e-02 1.726706e-01 9.911910e-02 4.549649e-02 1.172120e-01 4.525789e-02 -1.071194e-01 -1.565538e-01 1.221652e-01 8.008797e-02
<VARIANCE> 39
 3.907797e+00 9.941289e+00 1.567157e+01 1.225630e+01 1.057262e+01 1.741171e+01 1.538572e+01 1.963247e+01 7.706888e+01 3.485865e+01 2.649100e+01 3.037492e+01 1.166406e+00 1.135376e-01 4.199067e-01 8.126701e-01 5.681280e-01 9.245458e-01 9.269347e-01 1.577852e+00 1.405854e+00 2.090389e+00 1.728967e+00 1.419631e+00 2.641390e+00 4.325120e-02 2.170031e-02 8.720269e-02 1.530139e-01 8.485638e-02 1.322002e-01 2.111439e-01 2.990719e-01 2.200967e-01 4.088840e-01 3.166768e-01 2.500903e-01 4.741004e-01 8.202220e-03
<GCONST> 7.666000e+01
<STATE> 17
<MEAN> 39
 -1.411078e+01 -9.292591e-01 4.201905e+00 4.131986e+00 9.753940e+00 3.266893e+00 4.841213e+00 -8.312335e+00 -7.191293e+00 -1.524781e+01 -4.786010e+00 -6.652621e+00 5.750031e+01 -4.573798e-01 -7.441115e-01 -3.740923e-01 8.419074e-02 6.016986e-01 7.643381e-01 5.486619e-01 3.062489e-01 -8.961324e-02 -2.107444e-01 -3.726623e-01 -2.057604e-01 -1.396710e-01 8.429218e-03 1.268330e-03 -4.856083e-02 -7.455637e-02 -1.133315e-01 -1.206674e-01 -5.524931e-02 6.900878e-02 7.407069e-02 8.680990e-02 3.421647e-03 -8.941651e-02 2.548470e-03
<VARIANCE> 39
 4.564635e+00 5.426380e+00 5.788619e+00 1.710981e+01 2.079803e+01 2.109396e+01 2.601751e+01 2.397623e+01 4.465472e+01 3.167100e+01 3.481717e+01 2.440228e+01 7.193898e-01 2.167473e-01 4.391884e-01 5.608475e-01 8.535110e-01 1.243942e+00 1.183875e+00 1.168172e+00 1.542316e+00 2.650769e+00 1.671854e+00 1.306843e+00 1.459176e+00 3.716461e-02 3.249713e-02 6.306706e-02 7.262687e-02 1.258332e-01 1.972285e-01 1.752035e-01 2.411128e-01 2.898407e-01 4.969046e-01 3.344330e-01 2.700244e-01 2.694770e-01 5.268120e-03
<GCONST> 7.582819e+01
<STATE> 18
<MEAN> 39
 -1.608628e+01 -4.614266e+00 -1.093105e+00 -2.896925e+00 2.943119e+00 -1.826588e+00 2.517212e+00 -6.464596e+00 -3.610738e+00 -1.039778e+01 -2.681673e+00 -7.865047e+00 5.688927e+01 -5.066515e-01 -5.428472e-01 -3.329417e-01 -1.894850e-01 -4.369513e-01 -1.170910e-01 2.930113e-01 6.363686e-01 9.655426e-01 1.053442e+00 6.268415e-01 1.760267e-01 -1.807118e-01 4.778556e-02 1.007214e-01 1.260770e-01 5.870751e-03 -2.726696e-02 4.156952e-02 -1.300733e-02 2.152381e-02 9.572337e-02 8.392275e-02 1.367213e-01 8.754191e-03 1.773634e-02
<VARIANCE> 39
 2.356287e+00 2.937298e+00 7.475840e+00 1.772346e+01 3.630125e+01 4.999844e+01 3.358127e+01 3.120367e+01 3.315376e+01 3.148487e+01 1.236299e+01 7.572560e+00 5.972425e-01 1.117952e-01 2.410487e-01 3.862097e-01 5.258293e-01 8.965499e-01 2.357067e+00 1.377306e+00 1.556587e+00 2.467182e+00 1.952919e+00 1.568389e+00 8.870251e-01 3.885208e-02 1.221905e-02 4.032053e-02 7.816579e-02 9.078978e-02 1.940738e-01 4.686834e-01 2.174721e-01 2.726119e-01 4.621123e-01 3.427898e-01 2.988970e-01 1.805675e-01 6.709713e-03
<GCONST> 7.133599e+01
<STATE> 19
<MEAN> 39
 -1.885690e+01 -6.936718e+00 -8.722307e-01 -1.222940e+00 5.825440e+00 2.172336e+00 6.344696e+00 -3.920087e+00 1.529526e-01 -9.024453e+00 -2.244408e+00 -9.010946e+00 5.598089e+01 -2.996677e-01 -2.365684e-01 -2.872488e-02 1.198150e-01 5.760212e-01 4.862697e-01 4.508197e-02 -1.892092e-01 7.531772e-02 -5.720187e-02 -1.248036e-01 -2.778738e-01 -1.312210e-01 3.406462e-02 -3.382014e-02 -1.091288e-01 -1.360414e-02 1.049253e-01 2.081181e-01 6.250703e-02 -1.431335e-01 -2.893706e-01 -1.260675e-01 -1.306728e-01 -7.738112e-02 -1.421322e-02
<VARIANCE> 39
 4.979736e+00 5.640117e+00 1.239490e+01 2.917789e+01 4.370574e+01 3.552134e+01 4.192741e+01 4.277060e+01 5.211990e+01 6.978431e+01 5.326287e+01 2.022427e+01 8.229274e-01 2.386981e-01 3.892087e-01 6.669148e-01 9.892409e-01 1.475692e+00 2.726758e+00 2.832033e+00 4.074699e+00 2.723349e+00 1.888440e+00 1.695445e+00 1.288723e+00 7.083212e-02 4.564986e-02 9.569629e-02 2.154389e-01 2.821715e-01 2.794995e-01 2.322161e-01 3.110147e-01 8.120465e-01 5.423726e-01 4.825702e-01 4.050156e-01 2.263712e-01 1.199125e-02
<GCONST> 9.104845e+01
<TRANSP> 20
 0.000000e+00 1.000000e+00 0.000000e+00 0.000000e+00 0.000000e+00 0.000000e+00 0.000000e+00 0.000000e+00 0.000000e+00 0.000000e+00 0.000000e+00 0.000000e+00 0.000000e+00 0.000000e+00 0.000000e+00 0.000000e+00 0.000000e+00 0.000000e+00 0.000000e+00 0.000000e+00
 0.000000e+00 8.181661e-01 1.818339e-01 0.000000e+00 0.000000e+00 0.000000e+00 0.000000e+00 0.000000e+00 0.000000e+00 0.000000e+00 0.000000e+00 0.000000e+00 0.000000e+00 0.000000e+00 0.000000e+00 0.000000e+00 0.000000e+00 0.000000e+00 0.000000e+00 0.000000e+00
 0.000000e+00 0.000000e+00 6.933528e-01 3.066472e-01 0.000000e+00 0.000000e+00 0.000000e+00 0.000000e+00 0.000000e+00 0.000000e+00 0.000000e+00 0.000000e+00 0.000000e+00 0.000000e+00 0.000000e+00 0.000000e+00 0.000000e+00 0.000000e+00 0.000000e+00 0.000000e+00
 0.000000e+00 0.000000e+00 0.000000e+00 8.057178e-01 1.942822e-01 0.000000e+00 0.000000e+00 0.000000e+00 0.000000e+00 0.000000e+00 0.000000e+00 0.000000e+00 0.000000e+00 0.000000e+00 0.000000e+00 0.000000e+00 0.000000e+00 0.000000e+00 0.000000e+00 0.000000e+00
 0.000000e+00 0.000000e+00 0.000000e+00 0.000000e+00 7.747977e-01 2.252023e-01 0.000000e+00 0.000000e+00 0.000000e+00 0.000000e+00 0.000000e+00 0.000000e+00 0.000000e+00 0.000000e+00 0.000000e+00 0.000000e+00 0.000000e+00 0.000000e+00 0.000000e+00 0.000000e+00
 0.000000e+00 0.000000e+00 0.000000e+00 0.000000e+00 0.000000e+00 8.837863e-01 1.162137e-01 0.000000e+00 0.000000e+00 0.000000e+00 0.000000e+00 0.000000e+00 0.000000e+00 0.000000e+00 0.000000e+00 0.000000e+00 0.000000e+00 0.000000e+00 0.000000e+00 0.000000e+00
 0.000000e+00 0.000000e+00 0.000000e+00 0.000000e+00 0.000000e+00 0.000000e+00 7.291974e-01 2.708026e-01 0.000000e+00 0.000000e+00 0.000000e+00 0.000000e+00 0.000000e+00 0.000000e+00 0.000000e+00 0.000000e+00 0.000000e+00 0.000000e+00 0.000000e+00 0.000000e+00
 0.000000e+00 0.000000e+00 0.000000e+00 0.000000e+00 0.000000e+00 0.000000e+00 0.000000e+00 8.320047e-01 1.679954e-01 0.000000e+00 0.000000e+00 0.000000e+00 0.000000e+00 0.000000e+00 0.000000e+00 0.000000e+00 0.000000e+00 0.000000e+00 0.000000e+00 0.000000e+00
 0.000000e+00 0.000000e+00 0.000000e+00 0.000000e+00 0.000000e+00 0.000000e+00 0.000000e+00 0.000000e+00 8.005244e-01 1.994756e-01 0.000000e+00 0.000000e+00 0.000000e+00 0.000000e+00 0.000000e+00 0.000000e+00 0.000000e+00 0.000000e+00 0.000000e+00 0.000000e+00
 0.000000e+00 0.000000e+00 0.000000e+00 0.000000e+00 0.000000e+00 0.000000e+00 0.000000e+00 0.000000e+00 0.000000e+00 7.954563e-01 2.045437e-01 0.000000e+00 0.000000e+00 0.000000e+00 0.000000e+00 0.000000e+00 0.000000e+00 0.000000e+00 0.000000e+00 0.000000e+00
 0.000000e+00 0.000000e+00 0.000000e+00 0.000000e+00 0.000000e+00 0.000000e+00 0.000000e+00 0.000000e+00 0.000000e+00 0.000000e+00 7.886806e-01 2.113194e-01 0.000000e+00 0.000000e+00 0.000000e+00 0.000000e+00 0.000000e+00 0.000000e+00 0.000000e+00 0.000000e+00
 0.000000e+00 0.000000e+00 0.000000e+00 0.000000e+00 0.000000e+00 0.000000e+00 0.000000e+00 0.000000e+00 0.000000e+00 0.000000e+00 0.000000e+00 8.215787e-01 1.784213e-01 0.000000e+00 0.000000e+00 0.000000e+00 0.000000e+00 0.000000e+00 0.000000e+00 0.000000e+00
 0.000000e+00 0.000000e+00 0.000000e+00 0.000000e+00 0.000000e+00 0.000000e+00 0.000000e+00 0.000000e+00 0.000000e+00 0.000000e+00 0.000000e+00 0.000000e+00 7.324148e-01 2.675852e-01 0.000000e+00 0.000000e+00 0.000000e+00 0.000000e+00 0.000000e+00 0.000000e+00
 0.000000e+00 0.000000e+00 0.000000e+00 0.000000e+00 0.000000e+00 0.000000e+00 0.000000e+00 0.000000e+00 0.000000e+00 0.000000e+00 0.000000e+00 0.000000e+00 0.000000e+00 7.857456e-01 2.142544e-01 0.000000e+00 0.000000e+00 0.000000e+00 0.000000e+00 0.000000e+00
 0.000000e+00 0.000000e+00 0.000000e+00 0.000000e+00 0.000000e+00 0.000000e+00 0.000000e+00 0.000000e+00 0.000000e+00 0.000000e+00 0.000000e+00 0.000000e+00 0.000000e+00 0.000000e+00 8.201893e-01 1.798107e-01 0.000000e+00 0.000000e+00 0.000000e+00 0.000000e+00
 0.000000e+00 0.000000e+00 0.000000e+00 0.000000e+00 0.000000e+00 0.000000e+00 0.000000e+00 0.000000e+00 0.000000e+00 0.000000e+00 0.000000e+00 0.000000e+00 0.000000e+00 0.000000e+00 0.000000e+00 8.250949e-01 1.749051e-01 0.000000e+00 0.000000e+00 0.000000e+00
 0.000000e+00 0.000000e+00 0.000000e+00 0.000000e+00 0.000000e+00 0.000000e+00 0.000000e+00 0.000000e+00 0.000000e+00 0.000000e+00 0.000000e+00 0.000000e+00 0.000000e+00 0.000000e+00 0.000000e+00 0.000000e+00 8.481234e-01 1.518766e-01 0.000000e+00 0.000000e+00
 0.000000e+00 0.000000e+00 0.000000e+00 0.000000e+00 0.000000e+00 0.000000e+00 0.000000e+00 0.000000e+00 0.000000e+00 0.000000e+00 0.000000e+00 0.000000e+00 0.000000e+00 0.000000e+00 0.000000e+00 0.000000e+00 0.000000e+00 8.062314e-01 1.937686e-01 0.000000e+00
 0.000000e+00 0.000000e+00 0.000000e+00 0.000000e+00 0.000000e+00 0.000000e+00 0.000000e+00 0.000000e+00 0.000000e+00 0.000000e+00 0.000000e+00 0.000000e+00 0.000000e+00 0.000000e+00 0.000000e+00 0.000000e+00 0.000000e+00 0.000000e+00 7.541685e-01 2.458315e-01
 0.000000e+00 0.000000e+00 0.000000e+00 0.000000e+00 0.000000e+00 0.000000e+00 0.000000e+00 0.000000e+00 0.000000e+00 0.000000e+00 0.000000e+00 0.000000e+00 0.000000e+00 0.000000e+00 0.000000e+00 0.000000e+00 0.000000e+00 0.000000e+00 0.000000e+00 0.000000e+00
<ENDHMM>
