~o
<STREAMINFO> 1 39
<VECSIZE> 39<NULLD><MFCC_D_A_0><DIAGC>
~h "seperempat"
<BEGINHMM>
<NUMSTATES> 20
<STATE> 2
<MEAN> 39
 -1.896212e+01 -4.618914e+00 -4.322357e+00 -3.514860e+00 1.466038e-01 -4.753398e+00 1.817834e+00 -7.510956e+00 1.152586e+00 -8.063498e+00 2.279217e+00 -6.690594e+00 5.708858e+01 -8.872932e-01 1.541195e+00 -1.165901e+00 1.163407e+00 -3.978878e-01 -2.683612e-01 2.457112e-01 -6.342418e-01 6.638839e-01 -6.075521e-01 5.427381e-01 -3.927574e-01 5.904124e-01 -2.987340e-01 4.348263e-01 -3.276319e-01 3.297450e-01 -4.922151e-03 1.168853e-01 1.762416e-01 1.338798e-02 1.655801e-01 -3.453854e-02 -7.635216e-02 -7.371054e-02 2.044644e-01
<VARIANCE> 39
 2.948996e+00 7.330594e+00 7.744012e+00 1.163304e+01 1.425906e+01 1.414536e+01 1.686350e+01 2.600557e+01 2.062562e+01 2.511244e+01 2.283979e+01 2.398319e+01 1.040938e+00 1.325051e+00 1.440568e+00 1.648303e+00 1.764575e+00 1.440643e+00 1.724098e+00 3.676698e+00 2.221983e+00 2.084246e+00 1.479344e+00 3.160456e+00 1.979014e+00 2.208268e-01 1.290793e-01 1.447184e-01 2.310848e-01 2.515370e-01 2.804217e-01 2.171437e-01 3.088959e-01 4.193086e-01 2.891612e-01 2.343533e-01 6.460523e-01 4.614350e-01 3.850800e-02
<GCONST> 9.058405e+01
<STATE> 3
<MEAN> 39
 -2.568797e+01 6.785237e+00 -1.165996e+01 2.922295e+00 -1.094508e+00 -8.098969e+00 4.947450e+00 -9.765348e+00 4.726847e+00 -7.572834e+00 2.569267e+00 -5.283274e+00 6.208771e+01 1.070014e+00 1.193933e+00 -3.123797e-01 -4.025051e-01 -5.814883e-01 -1.978719e+00 -1.109746e+00 -2.159469e-01 5.821009e-01 9.656472e-01 -5.808558e-01 1.453283e-02 1.194153e+00 1.150559e+00 -5.472954e-01 3.687964e-01 -6.921855e-01 -7.906003e-02 -2.930259e-01 -8.739464e-01 -1.317518e-01 -8.986372e-02 2.956485e-01 -1.376404e-01 -2.211117e-01 1.684805e-01
<VARIANCE> 39
 1.638111e+01 1.391640e+01 1.115699e+01 1.545368e+01 3.013395e+01 4.782711e+01 3.373817e+01 2.103159e+01 2.425231e+01 3.488756e+01 1.905108e+01 2.569854e+01 2.950145e+00 9.788624e+00 2.495014e+00 2.634286e+00 3.759782e+00 3.320085e+00 4.565460e+00 9.502692e+00 1.940921e+00 1.880149e+00 2.705937e+00 2.001689e+00 3.023807e+00 5.959669e-01 5.226525e-01 2.365752e-01 4.435099e-01 3.167258e-01 6.170967e-01 1.005346e+00 1.086606e+00 6.186953e-01 3.406583e-01 4.123413e-01 4.581138e-01 5.723075e-01 1.299695e-01
<GCONST> 1.138722e+02
<STATE> 4
<MEAN> 39
 -5.851986e+00 4.854152e+00 -1.042208e+01 -6.566901e+00 -3.794715e+00 -1.723314e+01 -1.184157e+01 -1.290959e+01 5.957942e+00 3.623787e-01 -3.784997e-01 -1.081104e+01 7.051311e+01 2.694897e+00 -7.065204e-01 2.384357e-01 -9.457909e-01 8.495945e-01 8.753952e-01 -1.898225e+00 -6.239411e-01 -6.153920e-01 5.656162e-01 -3.058105e-01 -1.393475e+00 7.843149e-01 -1.243568e+00 6.878694e-02 2.298867e-01 6.894330e-01 4.958466e-01 8.825873e-01 1.302296e+00 2.143387e-01 -4.138098e-01 -6.403777e-01 1.105477e-01 3.027489e-01 -8.140504e-01
<VARIANCE> 39
 1.675887e+01 2.893600e+01 3.156477e+01 1.909303e+01 1.162811e+02 8.331248e+01 8.287543e+01 8.382296e+01 6.236094e+01 9.672778e+01 8.848611e+01 2.982757e+01 1.128645e+01 5.578327e+00 1.981624e+00 1.776835e+00 3.045752e+00 4.795369e+00 6.817383e+00 1.040681e+01 5.822626e+00 3.056519e+00 5.405500e+00 4.625928e+00 2.472722e+00 3.223466e+00 2.456701e-01 3.509789e-01 3.041174e-01 2.317885e-01 9.004261e-01 9.055900e-01 1.107923e+00 9.743905e-01 4.473801e-01 7.567745e-01 7.850175e-01 5.757657e-01 2.066433e-01
<GCONST> 1.307044e+02
<STATE> 5
<MEAN> 39
 -6.270015e+00 2.919395e+00 -5.269302e+00 -4.232021e+00 1.504633e+00 -9.829195e+00 -9.099456e+00 -1.258932e+01 1.326408e+00 -3.143038e+00 -4.280522e-01 -1.174874e+01 6.537341e+01 -7.055560e-01 -6.480375e-01 9.586705e-01 3.292902e-01 7.505659e-02 5.596569e-01 7.539961e-01 3.925525e-01 -5.645529e-01 -8.293970e-01 3.364894e-02 4.439808e-01 -1.174119e+00 -7.806750e-02 -1.756498e-01 -1.597538e-01 -1.908688e-01 -2.624252e-01 -2.553034e-01 -5.981004e-02 5.978014e-02 1.356019e-01 1.501599e-01 1.365362e-01 1.784392e-01 1.389297e-01
<VARIANCE> 39
 3.261468e+00 1.430348e+01 2.644324e+01 1.197657e+01 5.186969e+01 7.322200e+01 3.102483e+01 3.412186e+01 4.786807e+01 5.672071e+01 5.606823e+01 1.575083e+01 5.123630e+00 1.582607e-01 4.894923e-01 4.824479e-01 8.370517e-01 1.831103e+00 1.516526e+00 1.694370e+00 1.596647e+00 1.466668e+00 1.455643e+00 1.965548e+00 1.125225e+00 1.518340e-01 5.719668e-02 4.455674e-02 1.162474e-01 1.392775e-01 1.845165e-01 2.605577e-01 2.143746e-01 1.992581e-01 2.255245e-01 1.867256e-01 2.539540e-01 2.326006e-01 3.369176e-02
<GCONST> 8.535716e+01
<STATE> 6
<MEAN> 39
 -9.035220e+00 -2.195992e+00 -3.505244e+00 -5.475364e+00 -5.198194e-01 -8.823817e+00 -6.642244e+00 -1.157945e+01 -6.884129e-01 -5.472629e+00 8.214279e-01 -8.799246e+00 6.252861e+01 1.340359e+00 -1.262718e+00 -1.437771e+00 -1.586282e+00 -3.712553e-01 5.250012e-01 -5.619076e-02 -7.611743e-01 -1.070239e-01 1.565175e+00 1.021307e+00 -4.448422e-01 1.066450e+00 1.001261e+00 -7.536507e-02 -7.117757e-01 -3.531887e-01 9.123301e-02 -3.015772e-02 -3.009256e-01 -2.558791e-01 3.251275e-01 7.977463e-01 2.474851e-02 -6.410486e-01 7.339113e-01
<VARIANCE> 39
 4.321696e+00 7.954240e+00 1.371349e+01 1.878974e+01 2.452989e+01 2.780842e+01 2.275576e+01 2.263431e+01 2.043424e+01 3.054891e+01 3.152574e+01 1.878760e+01 3.387736e+00 3.539688e+00 6.435123e-01 2.749912e+00 1.806593e+00 1.947473e+00 1.679366e+00 3.531292e+00 2.889912e+00 1.924774e+00 5.216422e+00 1.463286e+00 3.164317e+00 1.670719e+00 1.505712e-01 4.961609e-02 2.362011e-01 3.723167e-01 4.072072e-01 3.570095e-01 4.782430e-01 7.385292e-01 2.681923e-01 7.373974e-01 5.646220e-01 3.714828e-01 1.036522e-01
<GCONST> 1.021168e+02
<STATE> 7
<MEAN> 39
 3.124398e+00 -6.924041e+00 -1.307045e+01 -1.219592e+01 1.452741e-01 -7.778698e+00 -1.003598e+01 -1.458758e+01 1.939545e+00 4.790496e+00 3.063331e+00 -1.534674e+01 7.100882e+01 1.904670e+00 -1.198206e+00 -6.316123e-01 5.319244e-01 3.507231e-01 -6.545752e-01 -1.027740e-01 7.884346e-01 9.803212e-02 8.175629e-01 -1.542521e-01 -1.175931e+00 1.378548e+00 -1.006514e+00 3.104620e-01 1.109317e+00 1.117322e+00 -1.310385e-01 -4.411124e-01 5.840633e-01 5.668032e-01 -5.732079e-01 -1.142088e+00 -1.559183e-01 4.827735e-01 -7.206210e-01
<VARIANCE> 39
 4.535502e+00 1.833290e+01 2.156816e+01 1.447212e+01 7.093192e+01 3.971690e+01 9.212634e+01 7.290029e+01 2.489640e+01 7.091712e+01 7.460359e+01 1.668714e+01 7.910606e+00 3.289397e+00 1.179923e+00 4.119234e+00 4.486573e+00 3.158421e+00 1.639040e+00 3.752685e+00 5.908156e+00 2.617940e+00 7.709793e+00 4.055633e+00 3.105799e+00 1.974927e+00 1.961058e-01 2.091525e-01 2.000068e-01 3.281758e-01 5.602350e-01 2.258251e-01 4.285118e-01 6.113520e-01 3.562619e-01 9.599725e-01 6.285061e-01 4.004092e-01 1.641969e-01
<GCONST> 1.169194e+02
<STATE> 8
<MEAN> 39
 2.244308e+00 -9.276171e+00 -7.259092e+00 -3.351113e+00 -2.094414e+00 -1.331090e+01 -4.526312e+00 -8.023128e+00 -2.802236e+00 2.657051e+00 3.818008e+00 -1.730244e+01 7.076923e+01 -1.670399e-02 -4.680565e-01 2.934372e-01 6.709987e-01 -9.162416e-01 -4.500134e-01 6.907891e-01 2.755411e-01 -5.296261e-01 1.537974e-01 1.821979e-02 -4.721687e-01 3.706881e-02 9.594807e-02 9.320951e-02 -3.198727e-01 -6.203979e-01 8.621977e-02 5.062051e-01 -2.166812e-01 -3.291630e-01 1.453348e-01 2.310198e-01 1.339363e-01 1.038538e-01 6.065967e-02
<VARIANCE> 39
 6.243457e+00 1.694605e+01 2.524453e+01 2.169951e+01 8.029357e+01 3.748518e+01 1.107044e+02 8.644169e+01 3.190423e+01 8.198537e+01 8.851322e+01 4.673816e+01 8.765911e+00 1.036175e+00 7.212949e-01 2.289303e+00 2.742210e+00 1.399390e+00 2.185898e+00 3.114146e+00 2.388203e+00 2.346809e+00 4.037148e+00 2.782220e+00 1.907014e+00 6.371575e-01 2.111976e-01 2.205277e-01 3.408983e-01 2.455619e-01 3.980592e-01 3.094739e-01 4.935010e-01 4.340876e-01 3.455822e-01 8.525574e-01 6.928597e-01 4.566051e-01 1.411481e-01
<GCONST> 1.128129e+02
<STATE> 9
<MEAN> 39
 2.754880e+00 -9.140666e+00 -8.171679e+00 -8.460661e+00 -4.619585e+00 -6.804945e+00 -1.846088e-01 -1.188735e+01 -4.826408e+00 4.074909e+00 5.536683e+00 -1.545897e+01 7.066863e+01 -2.594645e-01 1.467170e+00 7.283858e-01 -5.816340e-01 8.038141e-01 1.449700e+00 4.524564e-01 -5.674440e-01 -1.147386e+00 -1.393859e+00 2.762471e-01 1.430167e+00 -6.092590e-01 -1.696876e-01 4.554529e-01 4.478022e-01 4.602248e-01 1.262418e-01 -1.910727e-01 4.791639e-02 -5.169542e-02 -2.311290e-01 -4.673729e-01 -3.394930e-01 1.685671e-01 -2.241774e-01
<VARIANCE> 39
 7.280478e+00 2.489601e+01 2.096516e+01 1.449085e+01 4.060115e+01 3.089197e+01 8.735882e+01 5.452607e+01 2.806671e+01 6.083053e+01 4.378197e+01 6.129235e+01 9.575894e+00 3.802160e-01 8.453445e-01 8.340247e-01 2.452327e+00 1.298281e+00 1.508839e+00 1.373525e+00 2.139551e+00 2.490104e+00 3.041668e+00 2.782973e+00 3.673404e+00 3.183619e-01 8.496165e-02 1.571245e-01 1.438397e-01 2.116486e-01 1.868839e-01 2.529688e-01 3.344149e-01 3.783275e-01 4.903652e-01 6.250496e-01 4.576061e-01 9.593683e-01 5.607388e-02
<GCONST> 1.025148e+02
<STATE> 10
<MEAN> 39
 1.441665e+00 1.680849e-01 -3.193319e+00 -6.665040e+00 -1.045826e+00 -4.489401e+00 -1.840432e+00 -1.529853e+01 -1.032638e+01 -7.327596e+00 1.511319e+00 -8.136757e+00 6.730738e+01 -4.481899e-01 1.243032e+00 8.549231e-01 1.871878e-01 2.368398e-01 2.297277e-01 2.815956e-02 -1.792887e-01 -1.108613e-01 -1.137408e+00 -7.583068e-01 5.379888e-01 -6.061837e-01 -8.975077e-02 -2.098181e-01 -1.012104e-01 -2.454201e-02 -6.372005e-02 -1.455774e-01 -5.138192e-02 2.160381e-01 2.598060e-01 1.757463e-01 1.709100e-02 -2.277848e-01 1.152754e-02
<VARIANCE> 39
 3.199423e+00 1.772715e+01 1.792782e+01 1.963039e+01 1.396460e+01 1.912123e+01 4.109390e+01 2.775508e+01 2.138720e+01 4.523983e+01 3.003663e+01 3.063456e+01 3.130804e+00 1.762356e-01 4.397323e-01 5.191084e-01 9.063783e-01 1.016383e+00 1.193892e+00 1.791654e+00 1.595231e+00 1.487280e+00 1.566092e+00 8.797459e-01 2.796010e+00 6.778438e-02 3.609595e-02 3.218737e-02 7.013544e-02 1.062038e-01 1.279873e-01 1.721450e-01 2.123811e-01 1.674175e-01 2.287886e-01 2.928309e-01 1.868656e-01 2.029572e-01 1.024917e-02
<GCONST> 7.666713e+01
<STATE> 11
<MEAN> 39
 -5.131335e+00 3.308637e+00 1.306467e+00 -4.597992e+00 9.230831e-01 -4.563727e+00 -1.915994e+00 -1.157667e+01 -6.184294e+00 -1.002837e+01 -2.164327e+00 -8.992807e+00 6.252208e+01 -1.227197e+00 -2.967614e-01 3.413389e-01 2.512488e-01 1.275380e-01 -1.795729e-02 -1.504994e-01 2.832509e-01 3.438272e-01 -2.425995e-01 -2.213949e-01 1.164163e-01 -7.065448e-01 5.501360e-02 -2.089521e-01 -1.755188e-01 -4.044285e-02 -6.742986e-02 2.980560e-02 9.628934e-04 -8.476978e-02 5.239001e-02 1.571658e-01 9.904435e-02 9.909694e-02 7.368674e-02
<VARIANCE> 39
 8.566443e+00 7.002595e+00 8.294605e+00 1.522915e+01 1.665136e+01 1.773374e+01 1.850166e+01 1.642825e+01 1.848776e+01 2.676575e+01 2.581243e+01 3.853709e+01 2.521113e+00 9.167312e-02 4.841932e-01 5.648814e-01 5.186542e-01 6.394209e-01 1.196834e+00 1.653981e+00 1.357232e+00 1.197505e+00 7.485394e-01 1.215656e+00 5.799551e-01 3.041403e-02 5.217705e-02 6.727578e-02 1.327870e-01 1.028843e-01 1.446495e-01 1.954480e-01 2.766672e-01 2.754727e-01 2.801394e-01 1.732927e-01 2.960793e-01 1.545533e-01 2.159921e-02
<GCONST> 7.226327e+01
<STATE> 12
<MEAN> 39
 -8.595100e+00 -3.131692e-01 -7.609816e-01 -4.997462e+00 -2.317727e-01 -5.145916e+00 -2.726780e+00 -1.124483e+01 -3.674836e+00 -9.019965e+00 -1.996622e+00 -8.076655e+00 6.127709e+01 1.249084e+00 -1.939203e+00 -2.916395e+00 -1.818412e+00 -4.041625e-01 7.897702e-01 -2.543075e-01 -4.940009e-01 1.475639e+00 1.929295e+00 4.436584e-01 -8.138243e-01 1.478390e+00 8.643499e-01 -6.259580e-01 -8.956348e-01 -6.026509e-01 1.113635e-01 5.364515e-01 -2.164450e-01 -3.720754e-01 2.793326e-01 5.080363e-01 -1.353152e-01 -5.094568e-01 7.866385e-01
<VARIANCE> 39
 5.431205e+00 8.710039e+00 2.416069e+01 1.722012e+01 2.030224e+01 2.915656e+01 1.881286e+01 2.637272e+01 2.934123e+01 2.310412e+01 2.764735e+01 3.295087e+01 4.453588e+00 2.635572e+00 1.759588e+00 5.507886e+00 3.623019e+00 4.201291e+00 3.830630e+00 4.467336e+00 3.853364e+00 3.649288e+00 3.585499e+00 2.355787e+00 3.260577e+00 2.174820e+00 1.082660e-01 1.400133e-01 9.826179e-01 5.090587e-01 7.357966e-01 5.627416e-01 7.285527e-01 5.633181e-01 5.792044e-01 7.260839e-01 5.740917e-01 4.334955e-01 1.186249e-01
<GCONST> 1.134781e+02
<STATE> 13
<MEAN> 39
 1.497069e+00 -1.104778e+01 -1.616846e+01 -1.413822e+01 -2.962066e-01 2.902475e+00 -5.139730e+00 -1.754470e+01 2.058118e+00 1.064979e+00 -3.273234e+00 -1.542129e+01 7.117046e+01 1.726185e+00 -2.715424e+00 -1.466550e+00 1.012203e-01 3.910424e-01 1.256954e+00 -5.199989e-01 3.504850e-02 1.554306e+00 8.637576e-01 -1.797959e+00 -1.022738e+00 2.240908e+00 -7.416069e-01 3.934512e-01 1.373766e+00 1.166702e+00 -1.332864e-01 -7.964419e-01 2.809388e-01 9.528229e-01 -2.652789e-01 -1.094995e+00 -4.005007e-01 8.660563e-01 -4.891835e-01
<VARIANCE> 39
 3.303999e+00 1.349496e+01 4.279074e+01 1.608498e+01 6.133595e+01 6.331561e+01 1.053468e+02 6.832443e+01 6.181606e+01 6.544590e+01 2.528535e+01 1.809276e+01 9.823917e+00 1.634135e+00 1.328037e+00 8.894840e+00 4.479405e+00 4.752318e+00 5.049008e+00 4.468474e+00 6.178280e+00 1.872296e+00 6.585843e+00 2.058592e+00 3.956010e+00 1.372072e+00 1.102358e-01 1.357518e-01 3.770290e-01 4.274628e-01 6.947928e-01 4.405644e-01 7.488927e-01 5.807776e-01 8.408519e-01 3.366397e-01 5.042068e-01 6.047883e-01 9.656167e-02
<GCONST> 1.189211e+02
<STATE> 14
<MEAN> 39
 1.583282e+00 -1.702211e+01 -1.170361e+01 -6.909168e+00 -2.520228e+00 -4.658937e-01 -4.355844e+00 -9.185684e+00 5.182233e+00 -4.330424e+00 -9.015915e+00 -9.929505e+00 7.492254e+01 -2.184211e-01 1.595853e-01 9.289032e-01 8.076434e-01 -4.843705e-01 -1.328913e+00 -2.362238e-01 1.331580e+00 2.373632e-02 -1.364635e+00 -5.897709e-01 9.244874e-01 -1.280893e-01 -1.826928e-01 6.880900e-01 9.470056e-02 -2.115445e-01 6.861352e-02 -7.763383e-02 -2.722655e-02 -4.348747e-01 -3.310615e-01 7.620979e-02 3.697549e-01 -2.484801e-01 -4.796557e-01
<VARIANCE> 39
 2.673066e+00 1.650421e+01 8.412284e+01 2.845436e+01 9.740054e+01 1.154321e+02 7.922583e+01 9.829919e+01 4.389878e+01 1.088000e+02 3.157414e+01 3.124085e+01 1.247759e+01 1.265127e-01 2.024970e+00 4.353152e-01 2.108843e+00 1.537608e+00 9.726484e-01 1.535747e+00 2.569265e+00 2.173243e+00 1.754659e+00 1.448608e+00 1.911290e+00 6.173270e-01 5.130744e-02 1.263623e-01 2.166789e-01 3.118228e-01 3.820109e-01 3.346216e-01 3.111426e-01 3.831846e-01 3.120235e-01 3.821744e-01 1.525775e-01 3.735540e-01 5.028608e-02
<GCONST> 1.017258e+02
<STATE> 15
<MEAN> 39
 -9.715158e-01 -1.085210e+01 -6.194449e+00 -5.424733e+00 -1.630579e+00 -5.255415e+00 -6.791693e+00 -7.301896e+00 3.275764e+00 -9.199730e+00 -8.258366e+00 -1.141802e+01 7.042459e+01 -1.190059e+00 1.404047e+00 5.958430e-01 2.585886e-01 3.650926e-01 -4.209246e-02 5.931995e-01 -5.038590e-01 -8.882307e-01 -5.715007e-01 1.560441e-01 -5.791660e-01 -1.594365e+00 -1.485520e-01 -2.388748e-01 -2.283468e-01 -1.992068e-01 8.789612e-02 3.705795e-01 3.078468e-01 2.284504e-01 1.014254e-01 1.131426e-01 -4.376249e-02 1.632615e-02 2.578676e-03
<VARIANCE> 39
 5.489831e+00 7.580669e+00 5.874940e+01 1.597267e+01 2.992369e+01 5.775542e+01 3.596426e+01 6.240371e+01 2.503217e+01 4.033881e+01 5.034908e+01 1.710116e+01 9.701369e+00 2.703099e-01 5.362376e-01 1.479477e+00 7.748184e-01 2.278643e+00 1.586688e+00 1.912933e+00 1.267885e+00 2.327142e+00 1.880140e+00 8.713434e-01 9.037893e-01 1.142145e-01 5.752250e-02 6.937925e-02 7.546502e-02 1.477341e-01 2.115092e-01 1.804379e-01 2.900647e-01 3.393567e-01 2.896375e-01 2.348768e-01 1.454895e-01 2.285716e-01 4.207103e-02
<GCONST> 8.794846e+01
<STATE> 16
<MEAN> 39
 -6.053489e+00 -6.704048e+00 -7.095419e+00 -6.823401e+00 5.703201e-02 -3.712511e+00 -1.017491e+00 -6.588896e+00 7.352797e-01 -1.118743e+01 -9.702174e+00 -1.250196e+01 6.431205e+01 -8.823408e-01 6.137335e-01 1.234377e-01 -4.166745e-01 1.701173e-01 5.307947e-01 1.087637e+00 6.759188e-01 -3.132158e-01 -2.871588e-01 -8.679552e-02 -1.930013e-01 -8.959249e-01 7.903297e-02 -7.211592e-02 3.849617e-02 4.590292e-02 -9.072800e-02 5.748135e-04 -8.678643e-02 6.753483e-02 9.204219e-02 7.834631e-02 6.851219e-02 -2.822273e-02 1.096491e-01
<VARIANCE> 39
 2.998596e+00 4.177548e+00 1.428957e+01 9.689620e+00 1.241711e+01 2.912961e+01 2.318071e+01 3.855965e+01 3.293995e+01 4.173836e+01 4.713289e+01 2.908506e+01 2.628488e+00 1.624273e-01 2.527354e-01 4.754356e-01 8.490570e-01 8.086568e-01 1.089678e+00 2.021304e+00 1.669312e+00 1.480020e+00 1.325828e+00 1.286719e+00 9.606996e-01 8.189450e-02 2.662450e-02 4.630888e-02 6.841691e-02 8.736571e-02 1.509271e-01 1.076949e-01 2.472077e-01 2.013747e-01 3.045850e-01 2.022972e-01 2.009548e-01 2.117704e-01 1.118328e-02
<GCONST> 7.323634e+01
<STATE> 17
<MEAN> 39
 -1.034099e+01 -4.423734e+00 -5.675423e+00 -7.943197e+00 -4.164893e-01 -1.692250e+00 2.822685e+00 -3.513980e+00 8.679943e-01 -1.195186e+01 -9.286141e+00 -1.365938e+01 6.052322e+01 -8.106441e-01 1.931915e-01 4.344025e-01 1.946582e-01 1.056385e-01 1.438670e-01 3.410451e-01 5.772797e-02 -9.199655e-02 7.733848e-02 5.732096e-01 1.488738e-01 -6.042200e-01 -6.878225e-03 -9.366135e-02 -5.601037e-03 8.549177e-02 8.234393e-02 -6.004103e-02 -8.501798e-02 -2.059420e-01 -2.024755e-01 3.393986e-04 7.700913e-02 2.096422e-01 3.327847e-02
<VARIANCE> 39
 2.603304e+00 4.664303e+00 9.503830e+00 1.507260e+01 2.461343e+01 1.295691e+01 2.368608e+01 2.867062e+01 1.431305e+01 2.215607e+01 2.008374e+01 1.305172e+01 1.315503e+00 6.303737e-02 2.366847e-01 4.756728e-01 6.043149e-01 1.486274e+00 1.109681e+00 1.293380e+00 9.217440e-01 1.279326e+00 7.661665e-01 7.909207e-01 1.150633e+00 3.018949e-02 1.040820e-02 3.679079e-02 6.363536e-02 1.067346e-01 1.994855e-01 1.473965e-01 1.687419e-01 1.868917e-01 1.362760e-01 1.375364e-01 1.672377e-01 1.591153e-01 3.402547e-03
<GCONST> 6.150679e+01
<STATE> 18
<MEAN> 39
 -1.402995e+01 -4.425538e+00 -3.814931e+00 -6.098129e+00 1.375348e+00 -1.924220e+00 2.246485e+00 -5.677120e+00 -3.248964e+00 -1.210634e+01 -4.538762e+00 -9.734003e+00 5.814788e+01 -6.540453e-01 5.771366e-03 5.323386e-01 6.868690e-01 6.736902e-01 4.155364e-01 5.118500e-01 3.853278e-01 -3.174249e-01 2.713043e-01 9.593354e-01 7.059340e-01 -4.033405e-01 6.063310e-02 -1.976776e-02 -1.355511e-03 1.270146e-04 4.644705e-02 2.634079e-01 2.894359e-01 3.150465e-01 3.309358e-01 7.116465e-03 -8.770202e-02 -8.561818e-02 5.605188e-02
<VARIANCE> 39
 2.810996e+00 6.417138e+00 9.167521e+00 1.653332e+01 3.499357e+01 2.061376e+01 1.814654e+01 1.943215e+01 1.393578e+01 2.193018e+01 1.754017e+01 2.286267e+01 7.636613e-01 9.111034e-02 3.011412e-01 3.090262e-01 7.232418e-01 7.804433e-01 1.888614e+00 2.256755e+00 1.596962e+00 1.467431e+00 1.607480e+00 1.898943e+00 1.095928e+00 3.082023e-02 1.590993e-02 6.320512e-02 6.357890e-02 1.542747e-01 1.567638e-01 2.415744e-01 3.756006e-01 9.251213e-02 1.779093e-01 2.453222e-01 4.030398e-01 2.871285e-01 2.783799e-03
<GCONST> 6.883920e+01
<STATE> 19
<MEAN> 39
 -1.672211e+01 -4.542589e+00 -1.537530e+00 -3.020248e+00 5.019031e+00 2.915713e+00 8.034595e+00 -1.505571e+00 -1.439776e+00 -1.124154e+01 -3.823843e+00 -1.026878e+01 5.658393e+01 -7.082222e-01 -3.055575e-01 2.097442e-01 3.517055e-01 3.181732e-01 5.603026e-01 7.835131e-01 3.149658e-01 -5.480740e-02 -2.880116e-01 9.208263e-02 1.132824e-01 -3.699051e-01 1.845852e-02 -5.968155e-02 -4.597032e-02 -3.214363e-02 -9.989724e-02 -1.925547e-01 -1.946184e-01 -1.279716e-01 -6.625306e-02 -4.617538e-02 -1.606457e-02 6.052896e-02 1.036134e-02
<VARIANCE> 39
 4.873427e+00 6.539310e+00 7.052247e+00 1.179779e+01 2.165707e+01 1.154142e+01 1.206813e+01 1.580357e+01 1.197700e+01 3.756294e+01 1.848462e+01 1.061373e+01 1.129835e+00 2.119512e-01 3.453940e-01 6.302666e-01 7.553040e-01 9.199921e-01 8.421764e-01 1.056202e+00 1.406633e+00 1.004298e+00 1.682506e+00 1.241829e+00 1.219330e+00 5.005953e-02 2.877727e-02 5.156912e-02 1.089261e-01 1.184093e-01 1.336672e-01 1.376565e-01 2.084505e-01 2.525967e-01 1.504565e-01 2.079425e-01 1.586538e-01 2.205553e-01 8.025736e-03
<GCONST> 6.712584e+01
<TRANSP> 20
 0.000000e+00 1.000000e+00 0.000000e+00 0.000000e+00 0.000000e+00 0.000000e+00 0.000000e+00 0.000000e+00 0.000000e+00 0.000000e+00 0.000000e+00 0.000000e+00 0.000000e+00 0.000000e+00 0.000000e+00 0.000000e+00 0.000000e+00 0.000000e+00 0.000000e+00 0.000000e+00
 0.000000e+00 7.600521e-01 2.399480e-01 0.000000e+00 0.000000e+00 0.000000e+00 0.000000e+00 0.000000e+00 0.000000e+00 0.000000e+00 0.000000e+00 0.000000e+00 0.000000e+00 0.000000e+00 0.000000e+00 0.000000e+00 0.000000e+00 0.000000e+00 0.000000e+00 0.000000e+00
 0.000000e+00 0.000000e+00 8.234929e-01 1.765071e-01 0.000000e+00 0.000000e+00 0.000000e+00 0.000000e+00 0.000000e+00 0.000000e+00 0.000000e+00 0.000000e+00 0.000000e+00 0.000000e+00 0.000000e+00 0.000000e+00 0.000000e+00 0.000000e+00 0.000000e+00 0.000000e+00
 0.000000e+00 0.000000e+00 0.000000e+00 7.647077e-01 2.352924e-01 0.000000e+00 0.000000e+00 0.000000e+00 0.000000e+00 0.000000e+00 0.000000e+00 0.000000e+00 0.000000e+00 0.000000e+00 0.000000e+00 0.000000e+00 0.000000e+00 0.000000e+00 0.000000e+00 0.000000e+00
 0.000000e+00 0.000000e+00 0.000000e+00 0.000000e+00 8.213580e-01 1.786420e-01 0.000000e+00 0.000000e+00 0.000000e+00 0.000000e+00 0.000000e+00 0.000000e+00 0.000000e+00 0.000000e+00 0.000000e+00 0.000000e+00 0.000000e+00 0.000000e+00 0.000000e+00 0.000000e+00
 0.000000e+00 0.000000e+00 0.000000e+00 0.000000e+00 0.000000e+00 7.379283e-01 2.620718e-01 0.000000e+00 0.000000e+00 0.000000e+00 0.000000e+00 0.000000e+00 0.000000e+00 0.000000e+00 0.000000e+00 0.000000e+00 0.000000e+00 0.000000e+00 0.000000e+00 0.000000e+00
 0.000000e+00 0.000000e+00 0.000000e+00 0.000000e+00 0.000000e+00 0.000000e+00 7.087087e-01 2.912913e-01 0.000000e+00 0.000000e+00 0.000000e+00 0.000000e+00 0.000000e+00 0.000000e+00 0.000000e+00 0.000000e+00 0.000000e+00 0.000000e+00 0.000000e+00 0.000000e+00
 0.000000e+00 0.000000e+00 0.000000e+00 0.000000e+00 0.000000e+00 0.000000e+00 0.000000e+00 8.224394e-01 1.775606e-01 0.000000e+00 0.000000e+00 0.000000e+00 0.000000e+00 0.000000e+00 0.000000e+00 0.000000e+00 0.000000e+00 0.000000e+00 0.000000e+00 0.000000e+00
 0.000000e+00 0.000000e+00 0.000000e+00 0.000000e+00 0.000000e+00 0.000000e+00 0.000000e+00 0.000000e+00 7.556946e-01 2.443054e-01 0.000000e+00 0.000000e+00 0.000000e+00 0.000000e+00 0.000000e+00 0.000000e+00 0.000000e+00 0.000000e+00 0.000000e+00 0.000000e+00
 0.000000e+00 0.000000e+00 0.000000e+00 0.000000e+00 0.000000e+00 0.000000e+00 0.000000e+00 0.000000e+00 0.000000e+00 8.554686e-01 1.445314e-01 0.000000e+00 0.000000e+00 0.000000e+00 0.000000e+00 0.000000e+00 0.000000e+00 0.000000e+00 0.000000e+00 0.000000e+00
 0.000000e+00 0.000000e+00 0.000000e+00 0.000000e+00 0.000000e+00 0.000000e+00 0.000000e+00 0.000000e+00 0.000000e+00 0.000000e+00 8.334990e-01 1.665010e-01 0.000000e+00 0.000000e+00 0.000000e+00 0.000000e+00 0.000000e+00 0.000000e+00 0.000000e+00 0.000000e+00
 0.000000e+00 0.000000e+00 0.000000e+00 0.000000e+00 0.000000e+00 0.000000e+00 0.000000e+00 0.000000e+00 0.000000e+00 0.000000e+00 0.000000e+00 7.449226e-01 2.550774e-01 0.000000e+00 0.000000e+00 0.000000e+00 0.000000e+00 0.000000e+00 0.000000e+00 0.000000e+00
 0.000000e+00 0.000000e+00 0.000000e+00 0.000000e+00 0.000000e+00 0.000000e+00 0.000000e+00 0.000000e+00 0.000000e+00 0.000000e+00 0.000000e+00 0.000000e+00 6.923711e-01 3.076290e-01 0.000000e+00 0.000000e+00 0.000000e+00 0.000000e+00 0.000000e+00 0.000000e+00
 0.000000e+00 0.000000e+00 0.000000e+00 0.000000e+00 0.000000e+00 0.000000e+00 0.000000e+00 0.000000e+00 0.000000e+00 0.000000e+00 0.000000e+00 0.000000e+00 0.000000e+00 8.120873e-01 1.879127e-01 0.000000e+00 0.000000e+00 0.000000e+00 0.000000e+00 0.000000e+00
 0.000000e+00 0.000000e+00 0.000000e+00 0.000000e+00 0.000000e+00 0.000000e+00 0.000000e+00 0.000000e+00 0.000000e+00 0.000000e+00 0.000000e+00 0.000000e+00 0.000000e+00 0.000000e+00 7.380873e-01 2.619128e-01 0.000000e+00 0.000000e+00 0.000000e+00 0.000000e+00
 0.000000e+00 0.000000e+00 0.000000e+00 0.000000e+00 0.000000e+00 0.000000e+00 0.000000e+00 0.000000e+00 0.000000e+00 0.000000e+00 0.000000e+00 0.000000e+00 0.000000e+00 0.000000e+00 0.000000e+00 8.108297e-01 1.891703e-01 0.000000e+00 0.000000e+00 0.000000e+00
 0.000000e+00 0.000000e+00 0.000000e+00 0.000000e+00 0.000000e+00 0.000000e+00 0.000000e+00 0.000000e+00 0.000000e+00 0.000000e+00 0.000000e+00 0.000000e+00 0.000000e+00 0.000000e+00 0.000000e+00 0.000000e+00 8.088910e-01 1.911090e-01 0.000000e+00 0.000000e+00
 0.000000e+00 0.000000e+00 0.000000e+00 0.000000e+00 0.000000e+00 0.000000e+00 0.000000e+00 0.000000e+00 0.000000e+00 0.000000e+00 0.000000e+00 0.000000e+00 0.000000e+00 0.000000e+00 0.000000e+00 0.000000e+00 0.000000e+00 7.201144e-01 2.798856e-01 0.000000e+00
 0.000000e+00 0.000000e+00 0.000000e+00 0.000000e+00 0.000000e+00 0.000000e+00 0.000000e+00 0.000000e+00 0.000000e+00 0.000000e+00 0.000000e+00 0.000000e+00 0.000000e+00 0.000000e+00 0.000000e+00 0.000000e+00 0.000000e+00 0.000000e+00 8.187721e-01 1.812279e-01
 0.000000e+00 0.000000e+00 0.000000e+00 0.000000e+00 0.000000e+00 0.000000e+00 0.000000e+00 0.000000e+00 0.000000e+00 0.000000e+00 0.000000e+00 0.000000e+00 0.000000e+00 0.000000e+00 0.000000e+00 0.000000e+00 0.000000e+00 0.000000e+00 0.000000e+00 0.000000e+00
<ENDHMM>
