~o
<STREAMINFO> 1 39
<VECSIZE> 39<NULLD><MFCC_D_A_0><DIAGC>
~h "setengah"
<BEGINHMM>
<NUMSTATES> 20
<STATE> 2
<MEAN> 39
 -1.964527e+01 -6.900378e+00 -4.270760e+00 -3.738560e+00 2.705126e+00 -3.686625e+00 3.948089e+00 -5.045676e+00 2.791382e+00 -7.413091e+00 1.244308e+00 -6.461367e+00 5.673212e+01 -9.311395e-01 1.588133e+00 -9.310229e-01 9.305956e-01 -1.515952e-01 -7.818432e-01 8.293827e-01 -1.030873e+00 1.038472e+00 -6.537147e-01 1.160823e+00 -1.333022e-01 5.746040e-01 -3.418508e-01 5.912180e-01 -3.825172e-01 3.139397e-01 -2.099851e-01 -3.133396e-02 1.501255e-01 -1.863510e-01 1.747026e-01 -5.927718e-02 1.723659e-01 1.336577e-02 2.145620e-01
<VARIANCE> 39
 6.824983e+00 8.202249e+00 5.773057e+00 9.130975e+00 1.686833e+01 1.443805e+01 3.590213e+01 2.190995e+01 2.614182e+01 2.072308e+01 1.782743e+01 1.874973e+01 1.507492e+00 6.736044e-01 2.011901e+00 8.962147e-01 2.062239e+00 1.884617e+00 2.641484e+00 1.964245e+00 4.456117e+00 2.729401e+00 1.803971e+00 2.331159e+00 2.571281e+00 2.383849e-01 7.893734e-02 1.436876e-01 1.355696e-01 2.766886e-01 3.375085e-01 3.443480e-01 2.464956e-01 5.397745e-01 3.910869e-01 3.647184e-01 4.730923e-01 3.480966e-01 1.303473e-02
<GCONST> 9.096793e+01
<STATE> 3
<MEAN> 39
 -2.741424e+01 6.269112e+00 -1.186603e+01 3.249353e+00 9.473297e-01 -7.140436e+00 8.001138e+00 -8.196918e+00 6.789692e+00 -8.990314e+00 5.596117e+00 -5.164452e+00 6.211793e+01 -6.295033e-01 1.406940e+00 -7.778218e-01 2.982357e-01 -9.785923e-02 -9.759495e-01 2.601943e-01 -3.218454e-01 6.881171e-02 1.592349e-01 -3.772516e-02 3.269038e-01 8.411321e-01 9.551489e-01 -5.891656e-01 4.447255e-01 -5.945746e-01 -1.148267e-01 -2.973565e-01 -6.693043e-01 1.153362e-01 -2.996245e-01 2.670629e-01 -4.046278e-01 -1.504229e-01 -1.443491e-02
<VARIANCE> 39
 9.334834e+00 2.410280e+01 1.497638e+01 1.543729e+01 3.458618e+01 2.870634e+01 3.654835e+01 4.357536e+01 3.776011e+01 2.580693e+01 2.220962e+01 2.259743e+01 6.519164e+00 2.803556e+00 2.606024e+00 2.027821e+00 2.416574e+00 1.919660e+00 1.634112e+00 1.641505e+00 2.043986e+00 2.778639e+00 2.626248e+00 1.859608e+00 1.250803e+00 2.621818e-01 4.621882e-01 1.615595e-01 1.835072e-01 3.007384e-01 6.107880e-01 4.666250e-01 5.649806e-01 5.222186e-01 4.811133e-01 4.952808e-01 4.471614e-01 4.177901e-01 6.125208e-02
<GCONST> 1.053378e+02
<STATE> 4
<MEAN> 39
 -1.677912e+01 5.480371e+00 -9.753078e+00 -2.381232e+00 -1.385852e+00 -1.770278e+01 -9.980179e-01 -1.041012e+01 6.146686e+00 -7.445774e+00 1.686654e+00 -7.302780e+00 6.606744e+01 5.359062e+00 -5.243808e-01 -4.355183e-02 -2.158772e+00 -1.040389e+00 -2.764572e+00 -4.869848e+00 -9.949166e-02 7.885581e-02 1.238676e+00 -1.700292e+00 -1.813435e+00 2.253980e+00 1.245907e-01 -2.256546e-01 -2.112993e-01 3.318267e-03 4.801940e-01 5.213684e-01 -1.017506e-01 2.271217e-01 7.242324e-02 2.289611e-01 6.862675e-02 -1.067601e-01 1.981570e-01
<VARIANCE> 39
 7.414093e+01 1.809904e+01 1.793652e+01 2.801515e+01 4.577460e+01 8.832207e+01 1.115039e+02 6.732877e+01 4.506536e+01 4.624931e+01 4.107816e+01 3.812111e+01 2.363748e+01 1.541771e+00 1.925099e+00 1.930056e+00 2.526117e+00 5.340927e+00 6.294461e+00 6.108134e+00 5.830266e+00 1.853406e+00 5.919952e+00 5.592236e+00 3.902062e+00 1.155336e+00 1.628753e+00 1.058398e-01 2.047515e-01 4.843356e-01 6.150236e-01 1.263701e+00 2.288238e+00 4.535111e-01 3.603032e-01 6.767960e-01 5.539934e-01 8.613656e-01 4.191661e-01
<GCONST> 1.285663e+02
<STATE> 5
<MEAN> 39
 -3.636977e+00 1.472812e+00 -1.165184e+01 -7.301377e+00 5.856713e-01 -1.925360e+01 -1.213919e+01 -8.903655e+00 5.116677e+00 -5.610208e-01 -2.989934e+00 -1.124471e+01 7.345667e+01 9.067737e-01 -5.519369e-01 6.151125e-01 -1.635057e-01 9.537542e-01 1.749098e+00 -4.307986e-01 -1.986894e-01 -5.506256e-01 5.249336e-01 1.261770e-01 -1.047612e-01 -3.723742e-01 -1.225133e+00 2.254721e-01 4.267929e-01 5.953820e-01 -2.757417e-02 6.159732e-01 1.053262e+00 -6.297974e-02 -2.162075e-01 -7.568887e-01 3.000837e-01 2.993766e-01 -9.588613e-01
<VARIANCE> 39
 3.775750e+00 2.445653e+01 2.259883e+01 4.425213e+01 1.027715e+02 1.105798e+02 4.998974e+01 1.095454e+02 8.529983e+01 8.566549e+01 9.529040e+01 3.483671e+01 1.643808e+01 1.820814e+00 9.293141e-01 1.053763e+00 1.441494e+00 1.803175e+00 1.628477e+00 2.338503e+00 2.376576e+00 2.452794e+00 3.413643e+00 2.792880e+00 1.517262e+00 1.786445e+00 2.486322e-01 1.915744e-01 1.542816e-01 3.670978e-01 7.162234e-01 8.173209e-01 5.291734e-01 8.655949e-01 4.515040e-01 8.135032e-01 7.734274e-01 5.013804e-01 1.277434e-01
<GCONST> 1.175081e+02
<STATE> 6
<MEAN> 39
 -6.251011e+00 1.048875e+00 -6.814713e+00 -5.855149e+00 6.460655e-01 -1.115203e+01 -8.211255e+00 -9.855788e+00 2.100960e+00 -5.061195e+00 -8.653476e-01 -1.045080e+01 6.592432e+01 -7.745258e-01 -6.188820e-01 9.414099e-01 2.773155e-02 -1.804050e-01 6.941946e-01 5.454742e-01 8.182307e-02 -7.874563e-01 -7.920452e-01 -1.198987e-01 1.852314e-01 -1.263306e+00 -6.945691e-02 -1.350435e-01 -1.397430e-01 -1.056784e-01 -8.728859e-02 -3.475754e-01 2.137010e-02 6.481051e-02 1.189686e-01 2.174228e-01 5.735119e-03 2.701231e-02 2.283641e-01
<VARIANCE> 39
 2.440185e+00 1.130495e+01 1.539168e+01 1.230614e+01 5.374302e+01 7.102960e+01 3.799395e+01 4.521496e+01 4.112536e+01 4.371764e+01 4.387736e+01 1.591396e+01 7.258440e+00 1.657489e-01 4.013609e-01 2.986646e-01 7.308401e-01 1.164424e+00 1.412235e+00 1.286695e+00 1.800351e+00 1.130460e+00 2.416954e+00 1.157840e+00 1.481468e+00 1.964540e-01 7.969692e-02 4.825248e-02 9.939990e-02 1.040363e-01 2.162977e-01 1.792708e-01 2.516621e-01 2.263569e-01 2.039537e-01 3.114789e-01 2.444888e-01 2.770260e-01 6.489383e-02
<GCONST> 8.455120e+01
<STATE> 7
<MEAN> 39
 -9.818206e+00 -3.044000e+00 -4.667274e+00 -6.829833e+00 1.552181e-01 -1.273116e+01 -6.020413e+00 -9.677622e+00 1.470470e+00 -6.265422e+00 -1.485589e+00 -1.039472e+01 6.386467e+01 6.972144e-01 -1.764689e+00 -1.110688e+00 -7.167310e-01 2.784750e-01 -1.018095e-01 5.166289e-01 4.539322e-01 8.503026e-01 6.032078e-01 -8.816049e-01 -1.039742e+00 1.495846e+00 9.036613e-01 -1.501157e-01 -4.263724e-01 -2.090199e-01 1.495184e-01 2.792658e-01 -2.912392e-01 -1.684196e-02 2.420318e-01 2.679346e-01 -4.702908e-01 -4.827626e-01 6.904550e-01
<VARIANCE> 39
 7.426871e+00 9.920938e+00 1.694155e+01 9.951529e+00 2.270823e+01 5.299894e+01 2.702727e+01 4.923774e+01 3.170817e+01 2.724202e+01 4.039710e+01 1.314630e+01 7.564228e+00 3.044291e+00 1.686528e+00 3.168879e+00 2.264825e+00 2.986224e+00 2.746058e+00 3.824631e+00 2.778138e+00 1.907780e+00 4.884020e+00 3.148843e+00 3.508347e+00 1.666680e+00 1.252159e-01 2.069106e-01 4.611433e-01 4.323816e-01 6.185519e-01 3.525158e-01 5.022941e-01 4.757410e-01 5.375357e-01 7.601439e-01 2.806449e-01 5.375561e-01 2.780499e-01
<GCONST> 1.113833e+02
<STATE> 8
<MEAN> 39
 -2.580543e-01 -9.309630e+00 -7.868515e+00 -1.081303e+01 2.692308e+00 -9.393680e+00 -7.308760e+00 -5.625996e+00 3.385273e+00 7.195012e-02 -6.289650e+00 -1.672161e+01 7.289809e+01 1.608503e+00 1.376164e-01 3.035608e-01 5.864172e-02 3.863494e-01 5.094429e-01 -7.830808e-02 4.918279e-02 -4.170985e-01 5.726935e-01 -5.185066e-01 3.422455e-01 7.822258e-01 -4.897804e-01 7.186272e-01 6.032748e-01 2.914065e-01 -2.248476e-01 -1.588565e-01 1.197260e-01 -1.798218e-01 -4.772036e-01 -5.181251e-01 6.891299e-01 8.691022e-01 -7.528005e-01
<VARIANCE> 39
 1.047139e+01 2.780698e+01 6.567847e+01 3.282294e+01 1.204640e+02 7.486591e+01 9.524210e+01 1.706677e+02 3.481097e+01 1.137407e+02 9.092511e+01 3.828789e+01 1.282419e+01 1.684515e+00 2.868334e+00 2.102367e+00 2.462776e+00 4.101573e+00 2.581054e+00 3.464673e+00 4.073900e+00 3.015672e+00 3.931029e+00 3.047040e+00 6.182433e+00 2.825054e+00 1.525495e-01 2.664372e-01 4.245690e-01 4.411083e-01 7.159507e-01 4.955164e-01 7.683099e-01 5.234512e-01 3.473778e-01 6.201066e-01 5.814616e-01 6.286324e-01 1.682849e-01
<GCONST> 1.263452e+02
<STATE> 9
<MEAN> 39
 9.324710e-01 -2.455274e+00 -1.380035e+00 -6.977308e+00 1.471513e+00 -1.077641e+01 -5.495692e+00 -7.128318e+00 -1.763350e+00 -4.334262e+00 -3.416547e+00 -9.590643e+00 6.959586e+01 2.002234e-01 1.132747e+00 7.807561e-01 2.542101e-01 -5.703402e-01 4.124954e-01 1.359498e-01 -7.383838e-01 -9.753175e-01 -9.951525e-01 6.896697e-01 8.435724e-01 -7.399175e-01 -6.500138e-02 -1.576712e-01 -1.681809e-01 -1.740189e-01 -2.499709e-02 8.552786e-02 1.671383e-02 3.784200e-02 1.096829e-01 8.279506e-02 -1.189962e-01 -1.312320e-01 8.249163e-02
<VARIANCE> 39
 7.733412e+00 3.614394e+01 6.328928e+01 1.857853e+01 6.031245e+01 3.406877e+01 5.621950e+01 1.140164e+02 6.106369e+01 8.908351e+01 5.230438e+01 2.298021e+01 4.908563e+00 6.520040e-02 3.491152e-01 8.314425e-01 1.635414e+00 1.630155e+00 1.919358e+00 1.298489e+00 1.258824e+00 1.381898e+00 1.124248e+00 1.541736e+00 2.094077e+00 1.089621e-01 3.363753e-02 4.408042e-02 9.974863e-02 8.116936e-02 1.581663e-01 1.764599e-01 2.120631e-01 1.906486e-01 1.808235e-01 1.534815e-01 2.010269e-01 3.544856e-01 1.430158e-02
<GCONST> 8.701989e+01
<STATE> 10
<MEAN> 39
 2.758218e+00 -1.552678e+00 -4.303347e+00 -1.491636e+01 -2.680906e+00 -1.994112e+00 -4.995538e+00 -1.409433e+01 -2.334902e+00 -7.357641e+00 7.749141e-01 -1.265961e+00 6.780753e+01 -3.182235e-02 2.390796e-01 1.834578e-01 -4.107553e-01 -2.201457e-01 3.711811e-01 3.729798e-01 -2.568567e-01 -2.879743e-01 3.198571e-02 5.189847e-01 6.992669e-01 -1.483153e-01 -5.525436e-02 -2.174004e-01 -2.115239e-01 2.267502e-01 1.326432e-01 -1.232101e-01 3.640199e-02 4.766225e-02 3.214795e-01 1.104567e-01 -2.441799e-01 -3.226089e-01 1.187954e-01
<VARIANCE> 39
 4.594816e+00 2.427480e+01 1.672010e+01 2.880903e+01 1.795146e+01 2.985935e+01 6.572848e+01 6.541851e+01 2.145026e+01 4.773677e+01 2.647234e+01 2.894241e+01 1.370952e+00 4.878546e-02 2.648364e-01 5.407168e-01 1.089290e+00 1.027066e+00 1.211699e+00 4.650672e-01 9.896020e-01 9.607739e-01 1.142620e+00 1.123162e+00 1.714559e+00 4.165507e-02 1.506144e-02 8.343510e-02 6.328531e-02 1.753596e-01 1.500525e-01 1.754469e-01 9.746888e-02 2.087206e-01 2.003402e-01 1.766109e-01 2.532317e-01 2.557320e-01 1.778135e-02
<GCONST> 7.442171e+01
<STATE> 11
<MEAN> 39
 1.149494e+00 -1.207629e+00 -3.701346e+00 -9.006278e+00 2.711057e-01 -6.186520e+00 -3.817853e+00 -1.183703e+01 -8.829910e-01 -7.901428e+00 -3.387999e+00 -6.164248e+00 6.821266e+01 -2.450551e-02 -1.875470e+00 -1.293584e+00 1.767822e-01 9.377149e-01 -1.227488e-01 -4.462559e-01 1.350341e+00 2.050669e+00 -5.483763e-01 -1.586667e+00 -7.370012e-01 8.497689e-01 2.451593e-02 -5.223531e-01 -1.627122e-01 2.456853e-02 7.132647e-02 -4.508535e-02 -3.897429e-01 5.863815e-01 2.577759e-01 -1.660879e-01 -3.321785e-01 -1.350577e-01 2.188740e-01
<VARIANCE> 39
 7.465984e+00 4.467278e+01 3.696399e+01 3.473730e+01 5.066955e+01 2.915515e+01 6.587847e+01 8.821844e+01 5.066941e+01 5.174564e+01 6.686300e+01 6.866482e+01 4.758643e+00 2.265695e-01 1.018417e+00 9.293681e-01 2.186497e+00 3.078546e+00 2.769562e+00 2.167527e+00 3.547480e+00 1.661742e+00 9.396172e-01 2.241895e+00 2.069038e+00 2.744196e-01 2.672415e-02 1.500478e-01 2.188641e-01 2.630142e-01 6.018447e-01 2.444673e-01 3.410088e-01 2.958103e-01 4.688075e-01 1.911312e-01 3.700566e-01 3.831655e-01 4.131952e-02
<GCONST> 1.024499e+02
<STATE> 12
<MEAN> 39
 1.140319e+00 -1.166517e+01 -5.952484e+00 -8.457522e+00 5.171386e+00 -6.609535e+00 -1.156965e+01 -2.091689e+00 7.013947e+00 -1.249164e+01 -6.879561e+00 -1.044748e+01 7.343259e+01 -7.969970e-02 -1.412042e+00 -2.704370e-01 2.273046e-01 4.986572e-02 -8.593713e-02 -3.873518e-01 9.244539e-01 -6.325668e-02 -1.037939e+00 -5.705768e-01 -2.327828e-01 5.814614e-01 -9.783436e-02 4.779085e-01 3.165690e-01 1.805035e-01 -1.189129e-01 2.391728e-02 2.123690e-01 -4.635624e-01 -4.539373e-01 -6.453915e-02 1.792258e-01 2.019424e-01 -2.111392e-01
<VARIANCE> 39
 3.714149e+00 2.458696e+01 9.839843e+01 1.482263e+01 4.019936e+01 4.424405e+01 3.552808e+01 1.182061e+02 4.398906e+01 4.733991e+01 9.984521e+01 4.249014e+01 1.401896e+01 2.070087e-01 2.178846e+00 1.270492e+00 1.242546e+00 1.429028e+00 3.244449e+00 1.773338e+00 2.923254e+00 3.407957e+00 2.073984e+00 1.229488e+00 1.494301e+00 3.018034e-01 5.378412e-02 1.460130e-01 2.814606e-01 1.604433e-01 2.729305e-01 3.903269e-01 2.038970e-01 5.081480e-01 4.107216e-01 2.727164e-01 2.229817e-01 2.846777e-01 2.593956e-02
<GCONST> 1.010943e+02
<STATE> 13
<MEAN> 39
 7.662276e-01 -1.553811e+01 -7.816623e+00 -3.840049e+00 -3.646177e+00 -6.595561e+00 -3.456801e+00 -5.019044e+00 2.873294e+00 -8.904037e+00 -1.129138e+01 -4.571858e+00 7.386053e+01 -3.071437e-01 3.287191e-01 8.523699e-01 1.209139e+00 5.613226e-01 1.094891e-01 -1.497372e-01 -5.910605e-02 -8.898371e-02 -7.621036e-01 -7.127553e-01 3.514148e-01 -2.308013e-01 -8.032942e-02 2.939425e-01 1.727297e-01 3.850540e-02 3.219194e-01 -1.414312e-01 1.389517e-01 -1.285307e-01 -7.369716e-02 -9.785633e-02 1.569278e-01 1.031907e-01 -2.091041e-01
<VARIANCE> 39
 2.546031e+00 1.136138e+01 2.310417e+01 1.662586e+01 6.545325e+01 1.236460e+02 5.543236e+01 3.086547e+01 6.847870e+01 5.784933e+01 3.171956e+01 5.589408e+01 4.730824e+00 1.147011e-01 9.286581e-01 7.533740e-01 9.187884e-01 2.169804e+00 1.307627e+00 1.764673e+00 1.435927e+00 1.760632e+00 1.182944e+00 1.102642e+00 1.456436e+00 3.447004e-01 4.058617e-02 6.717339e-02 7.639402e-02 1.883734e-01 1.950291e-01 2.381781e-01 2.685827e-01 2.126165e-01 3.099485e-01 2.003273e-01 1.505422e-01 2.756979e-01 2.237186e-02
<GCONST> 8.842368e+01
<STATE> 14
<MEAN> 39
 -2.706858e+00 -9.873753e+00 -3.012795e+00 1.170658e+00 8.163958e+00 -8.335831e+00 -7.426512e+00 -6.390524e+00 9.935339e-01 -2.212002e+01 -1.281626e+01 -7.119575e+00 6.999442e+01 -1.113963e+00 4.828834e-01 3.540369e-01 1.149125e+00 9.713392e-01 -6.432794e-01 7.570505e-01 -2.143858e-01 1.450318e-02 -8.820982e-01 8.208080e-01 5.893094e-01 -8.513703e-01 -9.570416e-02 -3.267053e-01 -3.264007e-01 -2.791406e-01 -1.803154e-01 4.983688e-02 4.084304e-02 2.370054e-01 2.271309e-01 2.672285e-01 3.037843e-01 -4.014574e-02 2.694462e-02
<VARIANCE> 39
 5.456123e+00 7.677185e+00 2.826778e+01 1.831458e+01 3.466410e+01 4.960803e+01 3.229018e+01 5.797274e+01 1.027172e+02 1.069522e+02 6.768111e+01 4.231866e+01 8.959517e+00 2.015616e-01 6.744125e-01 1.660558e+00 1.211446e+00 1.310669e+00 1.376693e+00 2.065687e+00 2.702844e+00 3.122049e+00 1.421111e+00 2.473838e+00 1.730946e+00 1.859914e-01 4.070040e-02 6.466526e-02 1.136398e-01 1.165517e-01 2.866129e-01 2.052554e-01 2.359980e-01 3.570172e-01 4.213876e-01 2.745943e-01 2.936299e-01 2.466420e-01 1.714253e-02
<GCONST> 9.395971e+01
<STATE> 15
<MEAN> 39
 -9.121586e+00 -1.280661e+01 -1.978007e+00 4.246562e+00 1.206999e+01 -9.769533e+00 -2.221352e+00 -4.308828e+00 3.929179e+00 -2.485217e+01 -7.377984e+00 -4.385165e+00 6.811958e+01 -8.477869e-01 -3.948993e-01 5.745497e-02 3.241789e-01 -1.372576e-01 2.692561e-01 1.085325e+00 4.498232e-01 5.890219e-02 3.834290e-01 3.782146e-01 3.617832e-01 -5.503340e-01 9.526681e-02 1.310183e-01 8.022742e-02 -1.161430e-01 -1.536912e-01 1.403332e-01 5.720137e-02 4.016393e-02 -1.054669e-01 5.830280e-02 -1.879194e-01 -1.229180e-01 -3.340600e-02
<VARIANCE> 39
 1.200727e+01 1.774351e+01 2.553023e+01 1.140270e+01 2.624047e+01 3.113447e+01 6.904510e+01 4.247157e+01 1.190418e+02 5.443119e+01 6.284836e+01 6.633591e+01 1.347537e+01 2.530713e-01 5.184317e-01 5.832508e-01 1.062104e+00 7.233658e-01 1.435953e+00 2.121986e+00 2.405681e+00 1.472499e+00 2.223246e+00 2.589034e+00 2.968338e+00 1.747642e-01 4.318069e-02 5.164086e-02 1.269738e-01 1.439246e-01 1.198115e-01 1.919175e-01 4.085577e-01 3.775362e-01 2.746600e-01 2.824726e-01 6.255017e-01 4.842378e-01 1.312352e-02
<GCONST> 9.391965e+01
<STATE> 16
<MEAN> 39
 -1.231581e+01 -1.299058e+01 -6.814037e-02 7.667050e+00 9.771641e+00 -7.410698e+00 5.974785e+00 1.569275e+00 5.182948e+00 -2.095064e+01 -6.109331e+00 -3.580926e+00 6.441935e+01 -3.319804e-01 7.767504e-01 1.418645e-03 -9.757557e-02 -1.947878e-02 9.037212e-01 7.442084e-02 2.116127e-01 -5.623632e-01 3.746710e-01 -5.737802e-01 -6.708234e-01 -1.002077e+00 1.790513e-02 7.536372e-02 1.380748e-02 -1.185721e-01 3.914546e-02 5.199549e-02 -1.388335e-01 -4.894707e-02 7.204080e-03 1.364040e-01 -8.934303e-02 -1.937597e-01 1.476356e-02
<VARIANCE> 39
 1.604906e+01 2.425951e+01 1.707454e+01 3.165714e+01 5.217091e+01 4.946040e+01 5.022804e+01 4.231778e+01 7.698331e+01 2.058637e+01 1.842685e+01 2.283303e+01 7.906993e+00 1.219185e-01 2.746813e-01 6.827291e-01 7.240751e-01 8.224367e-01 1.174001e+00 1.375153e+00 9.582258e-01 1.344770e+00 9.417571e-01 1.543056e+00 1.228952e+00 3.716951e-02 2.591956e-02 5.664085e-02 1.099235e-01 8.022706e-02 1.325290e-01 2.021534e-01 2.912352e-01 2.553295e-01 3.137976e-01 1.345681e-01 3.133746e-01 2.229161e-01 7.919449e-03
<GCONST> 8.051572e+01
<STATE> 17
<MEAN> 39
 -1.162182e+01 -7.094887e+00 -3.119064e+00 4.289676e-01 6.461314e+00 -3.325769e+00 6.198347e-02 -2.767062e+00 1.066685e+00 -1.428803e+01 -8.845758e+00 -7.615664e+00 6.038247e+01 -8.515959e-01 3.945086e-01 2.707677e-01 -2.285961e-01 7.863969e-03 7.505782e-01 6.135324e-01 1.560928e-01 -1.919524e-01 6.693048e-01 4.784641e-01 -6.465238e-01 -6.794142e-01 -4.996718e-03 -4.147276e-02 8.038898e-02 1.636471e-01 5.331095e-02 2.645529e-02 1.063378e-01 -7.200620e-02 -1.250678e-03 5.526978e-02 1.296475e-01 9.458674e-02 5.734669e-02
<VARIANCE> 39
 6.611200e+00 4.543878e+00 8.968174e+00 1.425161e+01 1.858565e+01 2.070013e+01 2.621954e+01 2.683270e+01 5.290626e+01 4.924474e+01 1.537007e+01 1.571508e+01 2.586523e+00 8.540600e-02 2.893396e-01 4.359558e-01 1.063249e+00 1.095140e+00 1.049521e+00 1.123886e+00 1.147163e+00 8.047738e-01 9.953531e-01 1.426130e+00 1.305997e+00 4.863072e-02 1.621921e-02 3.865553e-02 6.545490e-02 1.349519e-01 1.454516e-01 1.478872e-01 1.238021e-01 1.028772e-01 1.467411e-01 1.845769e-01 2.677291e-01 2.201743e-01 4.560017e-03
<GCONST> 6.790546e+01
<STATE> 18
<MEAN> 39
 -1.645238e+01 -5.295936e+00 5.886540e-01 3.184615e+00 8.655148e+00 2.064133e+00 6.432591e+00 -1.814239e+00 -8.792300e-01 -1.243146e+01 -5.524460e+00 -9.694796e+00 5.709740e+01 -6.728677e-01 -4.074103e-02 3.317033e-01 1.613733e-02 1.843372e-01 7.976669e-01 9.158114e-01 -2.879954e-01 -7.701628e-01 -1.305161e-01 7.198039e-02 -2.754990e-01 -4.382262e-01 3.289227e-02 -1.510174e-01 -1.466687e-01 -1.066577e-01 -1.573852e-02 -2.515082e-02 -1.868352e-01 -1.491420e-01 -4.797876e-02 -3.579448e-02 -8.227231e-03 1.199829e-01 4.833139e-02
<VARIANCE> 39
 3.646277e+00 3.359431e+00 5.693217e+00 1.838315e+01 3.039224e+01 1.983217e+01 3.289416e+01 3.365241e+01 5.060512e+01 3.910011e+01 1.927648e+01 1.745468e+01 1.571669e+00 1.221924e-01 2.923153e-01 4.361589e-01 5.588925e-01 8.463762e-01 7.575828e-01 9.381855e-01 7.028323e-01 1.181081e+00 2.110020e+00 1.485409e+00 1.384873e+00 6.435852e-02 1.678061e-02 3.456737e-02 6.415243e-02 7.994729e-02 1.428493e-01 1.496635e-01 2.129111e-01 2.056235e-01 2.640060e-01 2.883588e-01 3.782640e-01 3.401946e-01 9.408443e-03
<GCONST> 7.040065e+01
<STATE> 19
<MEAN> 39
 -1.802174e+01 -7.387245e+00 -3.894775e-01 1.840704e+00 9.614564e+00 4.024431e+00 6.710063e+00 -4.666089e+00 -3.377428e+00 -1.180765e+01 -3.352793e+00 -8.899001e+00 5.638667e+01 -1.833295e-01 -4.087016e-03 -3.304443e-01 -9.268638e-01 -5.805022e-01 2.061828e-01 -2.170961e-01 -5.299568e-01 9.057548e-02 1.207823e+00 9.328659e-01 4.413262e-01 -1.618558e-01 3.954099e-02 5.232234e-02 -2.470067e-02 -9.290896e-02 -1.898132e-01 -1.004775e-01 -9.238194e-02 -6.136093e-03 3.101013e-02 1.020746e-02 3.285794e-02 6.817699e-02 2.869034e-02
<VARIANCE> 39
 3.164335e+00 5.172780e+00 9.240656e+00 2.438727e+01 3.064378e+01 2.914267e+01 3.596939e+01 5.067580e+01 5.930461e+01 6.377854e+01 6.099831e+01 4.279687e+01 1.165496e+00 1.139586e-01 5.780427e-01 6.297807e-01 9.513372e-01 1.379984e+00 2.331954e+00 2.759210e+00 2.722521e+00 2.063106e+00 2.327425e+00 2.504599e+00 3.412726e+00 3.751349e-02 2.063029e-02 5.360682e-02 7.628852e-02 1.777162e-01 2.692799e-01 3.036697e-01 6.055366e-01 4.484047e-01 2.759005e-01 4.383203e-01 3.381380e-01 5.923467e-01 1.004943e-02
<GCONST> 8.759994e+01
<TRANSP> 20
 0.000000e+00 1.000000e+00 0.000000e+00 0.000000e+00 0.000000e+00 0.000000e+00 0.000000e+00 0.000000e+00 0.000000e+00 0.000000e+00 0.000000e+00 0.000000e+00 0.000000e+00 0.000000e+00 0.000000e+00 0.000000e+00 0.000000e+00 0.000000e+00 0.000000e+00 0.000000e+00
 0.000000e+00 7.647049e-01 2.352951e-01 0.000000e+00 0.000000e+00 0.000000e+00 0.000000e+00 0.000000e+00 0.000000e+00 0.000000e+00 0.000000e+00 0.000000e+00 0.000000e+00 0.000000e+00 0.000000e+00 0.000000e+00 0.000000e+00 0.000000e+00 0.000000e+00 0.000000e+00
 0.000000e+00 0.000000e+00 8.093566e-01 1.906434e-01 0.000000e+00 0.000000e+00 0.000000e+00 0.000000e+00 0.000000e+00 0.000000e+00 0.000000e+00 0.000000e+00 0.000000e+00 0.000000e+00 0.000000e+00 0.000000e+00 0.000000e+00 0.000000e+00 0.000000e+00 0.000000e+00
 0.000000e+00 0.000000e+00 0.000000e+00 7.145802e-01 2.854199e-01 0.000000e+00 0.000000e+00 0.000000e+00 0.000000e+00 0.000000e+00 0.000000e+00 0.000000e+00 0.000000e+00 0.000000e+00 0.000000e+00 0.000000e+00 0.000000e+00 0.000000e+00 0.000000e+00 0.000000e+00
 0.000000e+00 0.000000e+00 0.000000e+00 0.000000e+00 6.917557e-01 3.082443e-01 0.000000e+00 0.000000e+00 0.000000e+00 0.000000e+00 0.000000e+00 0.000000e+00 0.000000e+00 0.000000e+00 0.000000e+00 0.000000e+00 0.000000e+00 0.000000e+00 0.000000e+00 0.000000e+00
 0.000000e+00 0.000000e+00 0.000000e+00 0.000000e+00 0.000000e+00 8.155272e-01 1.844728e-01 0.000000e+00 0.000000e+00 0.000000e+00 0.000000e+00 0.000000e+00 0.000000e+00 0.000000e+00 0.000000e+00 0.000000e+00 0.000000e+00 0.000000e+00 0.000000e+00 0.000000e+00
 0.000000e+00 0.000000e+00 0.000000e+00 0.000000e+00 0.000000e+00 0.000000e+00 7.211077e-01 2.788923e-01 0.000000e+00 0.000000e+00 0.000000e+00 0.000000e+00 0.000000e+00 0.000000e+00 0.000000e+00 0.000000e+00 0.000000e+00 0.000000e+00 0.000000e+00 0.000000e+00
 0.000000e+00 0.000000e+00 0.000000e+00 0.000000e+00 0.000000e+00 0.000000e+00 0.000000e+00 7.499616e-01 2.500384e-01 0.000000e+00 0.000000e+00 0.000000e+00 0.000000e+00 0.000000e+00 0.000000e+00 0.000000e+00 0.000000e+00 0.000000e+00 0.000000e+00 0.000000e+00
 0.000000e+00 0.000000e+00 0.000000e+00 0.000000e+00 0.000000e+00 0.000000e+00 0.000000e+00 0.000000e+00 7.992191e-01 2.007809e-01 0.000000e+00 0.000000e+00 0.000000e+00 0.000000e+00 0.000000e+00 0.000000e+00 0.000000e+00 0.000000e+00 0.000000e+00 0.000000e+00
 0.000000e+00 0.000000e+00 0.000000e+00 0.000000e+00 0.000000e+00 0.000000e+00 0.000000e+00 0.000000e+00 0.000000e+00 7.706488e-01 2.293512e-01 0.000000e+00 0.000000e+00 0.000000e+00 0.000000e+00 0.000000e+00 0.000000e+00 0.000000e+00 0.000000e+00 0.000000e+00
 0.000000e+00 0.000000e+00 0.000000e+00 0.000000e+00 0.000000e+00 0.000000e+00 0.000000e+00 0.000000e+00 0.000000e+00 0.000000e+00 7.360014e-01 2.639987e-01 0.000000e+00 0.000000e+00 0.000000e+00 0.000000e+00 0.000000e+00 0.000000e+00 0.000000e+00 0.000000e+00
 0.000000e+00 0.000000e+00 0.000000e+00 0.000000e+00 0.000000e+00 0.000000e+00 0.000000e+00 0.000000e+00 0.000000e+00 0.000000e+00 0.000000e+00 7.869171e-01 2.130830e-01 0.000000e+00 0.000000e+00 0.000000e+00 0.000000e+00 0.000000e+00 0.000000e+00 0.000000e+00
 0.000000e+00 0.000000e+00 0.000000e+00 0.000000e+00 0.000000e+00 0.000000e+00 0.000000e+00 0.000000e+00 0.000000e+00 0.000000e+00 0.000000e+00 0.000000e+00 7.699364e-01 2.300636e-01 0.000000e+00 0.000000e+00 0.000000e+00 0.000000e+00 0.000000e+00 0.000000e+00
 0.000000e+00 0.000000e+00 0.000000e+00 0.000000e+00 0.000000e+00 0.000000e+00 0.000000e+00 0.000000e+00 0.000000e+00 0.000000e+00 0.000000e+00 0.000000e+00 0.000000e+00 7.676949e-01 2.323051e-01 0.000000e+00 0.000000e+00 0.000000e+00 0.000000e+00 0.000000e+00
 0.000000e+00 0.000000e+00 0.000000e+00 0.000000e+00 0.000000e+00 0.000000e+00 0.000000e+00 0.000000e+00 0.000000e+00 0.000000e+00 0.000000e+00 0.000000e+00 0.000000e+00 0.000000e+00 7.898011e-01 2.101989e-01 0.000000e+00 0.000000e+00 0.000000e+00 0.000000e+00
 0.000000e+00 0.000000e+00 0.000000e+00 0.000000e+00 0.000000e+00 0.000000e+00 0.000000e+00 0.000000e+00 0.000000e+00 0.000000e+00 0.000000e+00 0.000000e+00 0.000000e+00 0.000000e+00 0.000000e+00 7.397801e-01 2.602199e-01 0.000000e+00 0.000000e+00 0.000000e+00
 0.000000e+00 0.000000e+00 0.000000e+00 0.000000e+00 0.000000e+00 0.000000e+00 0.000000e+00 0.000000e+00 0.000000e+00 0.000000e+00 0.000000e+00 0.000000e+00 0.000000e+00 0.000000e+00 0.000000e+00 0.000000e+00 8.119226e-01 1.880774e-01 0.000000e+00 0.000000e+00
 0.000000e+00 0.000000e+00 0.000000e+00 0.000000e+00 0.000000e+00 0.000000e+00 0.000000e+00 0.000000e+00 0.000000e+00 0.000000e+00 0.000000e+00 0.000000e+00 0.000000e+00 0.000000e+00 0.000000e+00 0.000000e+00 0.000000e+00 7.608042e-01 2.391958e-01 0.000000e+00
 0.000000e+00 0.000000e+00 0.000000e+00 0.000000e+00 0.000000e+00 0.000000e+00 0.000000e+00 0.000000e+00 0.000000e+00 0.000000e+00 0.000000e+00 0.000000e+00 0.000000e+00 0.000000e+00 0.000000e+00 0.000000e+00 0.000000e+00 0.000000e+00 7.400510e-01 2.599491e-01
 0.000000e+00 0.000000e+00 0.000000e+00 0.000000e+00 0.000000e+00 0.000000e+00 0.000000e+00 0.000000e+00 0.000000e+00 0.000000e+00 0.000000e+00 0.000000e+00 0.000000e+00 0.000000e+00 0.000000e+00 0.000000e+00 0.000000e+00 0.000000e+00 0.000000e+00 0.000000e+00
<ENDHMM>
