~o
<STREAMINFO> 1 39
<VECSIZE> 39<NULLD><MFCC_D_A_0><DIAGC>
~h "hapus"
<BEGINHMM>
<NUMSTATES> 20
<STATE> 2
<MEAN> 39
 -1.727875e+01 -1.161099e+01 -6.005910e+00 -1.159753e+00 6.327069e+00 -4.150158e+00 2.083889e-01 -3.975181e+00 1.430473e+00 -9.497066e+00 1.292665e-01 -1.660877e+00 5.850883e+01 8.268186e-01 -7.584976e-01 -1.186811e+00 2.253741e-01 1.390049e+00 -1.029500e-01 -8.491045e-01 -9.842785e-01 -2.805686e-01 -6.512496e-01 -5.380535e-01 9.229715e-02 8.929791e-01 5.334822e-01 1.648936e-01 -1.627086e-01 -1.831515e-01 7.729306e-02 1.930514e-01 -2.221338e-01 -4.414893e-01 -1.265728e-01 1.120285e-01 -1.544999e-01 -3.422729e-01 3.076683e-01
<VARIANCE> 39
 1.933781e+00 1.583764e+01 1.245183e+01 9.384762e+00 2.713309e+01 1.244275e+01 2.195086e+01 1.576265e+01 1.967012e+01 3.127945e+01 2.069164e+01 4.105515e+01 2.535411e+00 1.237069e+00 1.794529e+00 1.999362e+00 1.174717e+00 1.707389e+00 1.820125e+00 2.384498e+00 2.804969e+00 1.975848e+00 3.393034e+00 2.210973e+00 3.534980e+00 4.853238e-01 2.034090e-01 2.047292e-01 3.467067e-01 2.530424e-01 3.545848e-01 2.241611e-01 2.380205e-01 2.941569e-01 2.858233e-01 4.448959e-01 1.624425e-01 4.036544e-01 1.037492e-01
<GCONST> 9.569096e+01
<STATE> 3
<MEAN> 39
 -9.085263e+00 -1.196591e+01 -1.149786e+01 -2.658148e+00 1.233290e+01 -3.753749e+00 -2.150360e+00 -1.145739e+01 -1.013507e+00 -1.088314e+01 -3.786011e+00 -3.816674e+00 6.515759e+01 3.088619e+00 6.142856e-01 -1.021757e+00 -1.639678e+00 2.656324e-01 8.293810e-01 -5.469330e-01 -1.820395e+00 -7.569293e-01 3.612946e-01 -8.519371e-01 -1.437564e+00 2.213518e+00 5.795953e-02 -2.685703e-02 1.568933e-01 -4.680434e-01 -5.380954e-01 7.397165e-02 4.660553e-02 1.872796e-01 1.310176e-01 3.521243e-01 3.628240e-02 -1.851161e-01 9.236386e-02
<VARIANCE> 39
 2.762653e+01 4.262500e+01 2.762875e+01 2.872207e+01 4.609391e+01 7.262859e+01 7.308073e+01 4.919518e+01 4.122772e+01 7.475394e+01 3.454471e+01 9.093219e+01 1.744478e+01 1.864855e+00 2.152154e+00 5.107475e+00 2.314721e+00 2.436873e+00 3.437252e+00 2.526642e+00 4.793672e+00 4.350661e+00 3.295354e+00 2.342903e+00 3.110071e+00 9.746630e-01 4.173708e-01 6.340799e-01 6.587822e-01 3.825099e-01 3.057725e-01 3.123269e-01 3.919270e-01 8.787234e-01 6.920566e-01 6.152558e-01 4.540284e-01 5.486529e-01 1.731123e-01
<GCONST> 1.236557e+02
<STATE> 4
<MEAN> 39
 7.940124e-01 -1.014542e+01 -1.419631e+01 -1.148500e+01 6.368841e+00 1.020411e+00 -6.137872e+00 -1.727989e+01 -1.118359e+00 -6.225452e+00 -6.807925e+00 -1.157124e+01 7.141291e+01 9.897532e-01 2.260388e-01 2.664341e-01 -1.450656e+00 -1.381099e+00 3.196954e-01 -1.387414e-01 -1.662786e-01 -7.221476e-02 8.413904e-01 -2.969495e-01 -1.055785e+00 6.898513e-01 -8.367880e-01 2.596969e-01 6.655737e-01 6.039450e-01 -9.013118e-03 -2.971017e-01 3.369795e-01 5.666123e-01 -1.184061e-01 -3.099868e-01 3.024521e-01 4.245555e-01 -6.980854e-01
<VARIANCE> 39
 2.943069e+00 1.824789e+01 4.447059e+01 2.024190e+01 7.951897e+01 9.985035e+01 7.277931e+01 1.025821e+02 5.326712e+01 7.065219e+01 4.480592e+01 1.267141e+01 1.417382e+01 9.277206e-01 1.418094e+00 3.023388e+00 1.782353e+00 1.527138e+00 1.962246e+00 2.048277e+00 5.188456e+00 1.758025e+00 2.388158e+00 1.909949e+00 2.603050e+00 9.540587e-01 9.898315e-02 1.370777e-01 3.935492e-01 3.623986e-01 4.282167e-01 5.097825e-01 3.569968e-01 7.038001e-01 5.786976e-01 3.601134e-01 1.865239e-01 1.854945e-01 3.778065e-02
<GCONST> 1.086392e+02
<STATE> 5
<MEAN> 39
 1.076916e+00 -1.112214e+01 -3.272168e+00 -1.145160e+01 7.398370e+00 -2.869211e-01 -4.649037e+00 -6.518621e+00 -1.123466e+00 -4.003369e+00 2.764393e-01 -1.321082e+01 7.507388e+01 -4.777478e-01 1.101774e+00 9.081529e-01 7.661089e-01 -3.805506e-01 3.195583e-01 3.266788e-03 -6.873336e-02 -1.748924e-01 2.776874e-02 6.971038e-01 1.844364e-01 -9.823960e-01 -3.165339e-01 2.632107e-02 -6.457703e-02 3.575153e-01 2.322715e-01 -4.001048e-02 7.176851e-02 -4.687002e-02 -3.630977e-02 -2.995507e-01 -9.722028e-02 8.204841e-02 -2.972834e-01
<VARIANCE> 39
 1.914958e+00 3.797266e+01 8.513175e+01 1.002139e+01 4.805410e+01 2.940750e+01 2.197929e+01 1.145899e+02 2.527284e+01 3.432594e+01 7.289383e+01 1.205904e+01 2.812192e+01 6.724311e-01 8.429816e-01 1.331733e+00 1.069749e+00 8.228357e-01 1.578926e+00 1.789317e+00 1.596527e+00 1.709641e+00 1.875118e+00 1.076872e+00 7.315462e-01 5.139774e-01 1.174988e-01 1.643691e-01 2.053237e-01 1.304980e-01 1.189705e-01 9.334796e-02 1.612700e-01 2.306254e-01 1.960679e-01 2.409721e-01 3.320066e-01 1.789155e-01 2.631455e-02
<GCONST> 9.116531e+01
<STATE> 6
<MEAN> 39
 -4.788592e+00 -3.585088e+00 -4.974701e+00 -6.829872e+00 4.134593e+00 1.345883e+00 -3.127327e+00 -1.180075e+01 -3.205996e+00 -8.347247e+00 -4.005974e+00 -1.217226e+01 6.467611e+01 -1.138021e+00 4.721690e-01 5.511578e-01 5.225949e-01 -1.079830e-01 -1.924898e-01 6.228864e-01 6.357574e-01 -6.707910e-02 -5.694120e-01 -7.085218e-02 1.630177e-01 -1.023968e+00 7.276696e-02 -1.073861e-01 -8.859508e-02 -7.151786e-02 2.547618e-04 -2.239009e-03 6.355380e-03 -2.494313e-02 9.936350e-02 1.250450e-01 1.479945e-02 2.046981e-02 1.112942e-01
<VARIANCE> 39
 4.631245e+00 6.541253e+00 3.805629e+01 2.730967e+01 4.066946e+01 2.371059e+01 2.834045e+01 4.472580e+01 2.544703e+01 5.771452e+01 4.905026e+01 1.729912e+01 5.969210e+00 2.449883e-01 2.921212e-01 9.820611e-01 6.361856e-01 7.204572e-01 1.394418e+00 1.192702e+00 1.480200e+00 1.347900e+00 1.577293e+00 1.464613e+00 1.029804e+00 1.088982e-01 1.972273e-02 3.600428e-02 1.118128e-01 1.340819e-01 1.069325e-01 1.432263e-01 1.782045e-01 1.749731e-01 2.434424e-01 2.721019e-01 1.809292e-01 1.969054e-01 1.000000e-02
<GCONST> 7.853487e+01
<STATE> 7
<MEAN> 39
 -1.087611e+01 -2.721280e+00 -3.278504e+00 -6.061950e+00 7.630863e-01 -3.023561e+00 -1.036822e+00 -1.101463e+01 -4.208815e+00 -1.011249e+01 -2.997238e+00 -9.511137e+00 5.983901e+01 -6.612113e-01 -1.129850e-01 8.293607e-01 8.625694e-01 -1.611215e-01 -6.942981e-01 2.422590e-01 3.221126e-01 -1.275562e-01 -3.549294e-01 6.638965e-02 1.662671e-01 -2.800186e-01 2.360960e-01 2.497921e-02 -1.219168e-01 -9.897317e-02 -1.558114e-01 -1.921808e-01 -2.581190e-01 -6.087426e-02 -1.691070e-02 1.612414e-01 1.831797e-01 2.455445e-01 2.251357e-01
<VARIANCE> 39
 4.823462e+00 3.441698e+00 1.225198e+01 1.631179e+01 1.463743e+01 1.940152e+01 1.514465e+01 1.421889e+01 1.195644e+01 1.640831e+01 1.973095e+01 1.236621e+01 1.519653e+00 1.764380e-01 3.794245e-01 5.952194e-01 6.037428e-01 1.024359e+00 1.191951e+00 1.371780e+00 1.151033e+00 1.310280e+00 1.156996e+00 1.434759e+00 8.064243e-01 1.619761e-01 6.673529e-02 1.233056e-01 1.352054e-01 1.801709e-01 2.186651e-01 2.533389e-01 3.012393e-01 2.143215e-01 2.960805e-01 2.476398e-01 3.270371e-01 2.428693e-01 3.125321e-02
<GCONST> 7.491107e+01
<STATE> 8
<MEAN> 39
 -9.826262e+00 -1.031437e+00 -1.067972e+00 -3.265625e+00 -7.476506e-01 -6.701796e+00 -2.453287e+00 -9.253847e+00 -3.885063e+00 -9.134280e+00 -6.969128e-01 -6.160137e+00 6.165914e+01 2.219771e+00 1.680720e+00 -6.626021e-01 -2.040789e+00 -2.555283e+00 -2.036961e+00 -1.900638e+00 -6.589931e-01 -6.785404e-01 8.138872e-01 1.917320e+00 2.508592e+00 1.248828e+00 8.242840e-01 4.091138e-01 -3.948337e-01 -1.016425e+00 -4.336062e-01 5.382858e-02 -2.148381e-01 -4.523484e-01 -4.638198e-01 -2.732431e-02 1.298822e-01 1.805231e-01 3.090012e-01
<VARIANCE> 39
 1.568227e+01 2.382458e+01 1.604373e+01 2.585862e+01 4.816724e+01 4.938632e+01 4.199235e+01 1.515173e+01 2.406080e+01 2.471377e+01 3.557397e+01 3.259607e+01 5.049278e+00 2.906162e+00 2.745751e+00 1.545228e+00 4.546621e+00 3.029913e+00 3.076788e+00 2.388196e+00 2.524831e+00 4.215066e+00 3.249646e+00 2.670133e+00 3.542783e+00 5.088809e-01 2.882701e-01 4.362995e-01 1.750843e-01 5.069346e-01 7.272624e-01 6.697049e-01 7.493074e-01 3.929047e-01 7.024789e-01 3.808807e-01 5.853151e-01 8.856959e-01 8.523721e-02
<GCONST> 1.142906e+02
<STATE> 9
<MEAN> 39
 1.900717e+00 6.334644e+00 -5.859317e+00 -1.652645e+01 -1.084400e+01 -8.861682e+00 -5.941836e+00 -1.386516e+01 -1.121593e+01 -9.509152e+00 6.312213e+00 2.349787e+00 6.708385e+01 1.458897e+00 1.435605e-01 -1.315359e+00 -1.857653e+00 1.529934e-01 8.685086e-01 -1.061284e+00 -1.745320e+00 -1.176734e+00 1.061875e+00 1.256880e+00 6.011068e-01 9.720652e-01 -7.459528e-01 -6.229749e-01 2.170955e-01 8.264201e-01 1.001694e+00 2.574598e-01 -1.625099e-01 1.055756e-01 7.100651e-01 3.966505e-01 -4.518453e-01 -8.953736e-01 -2.696672e-01
<VARIANCE> 39
 3.089737e+00 1.577748e+01 3.527693e+01 3.249217e+01 3.740277e+01 3.706738e+01 2.188893e+01 2.583349e+01 3.341993e+01 4.030970e+01 6.158361e+01 2.388392e+01 2.183156e+00 2.422479e+00 1.731380e+00 1.251167e+00 5.679385e+00 4.767095e+00 2.495031e+00 3.471996e+00 2.799165e+00 3.475350e+00 3.937876e+00 4.351549e+00 3.518566e+00 3.476430e-01 1.591900e-01 3.071722e-01 2.740305e-01 4.216177e-01 5.266052e-01 8.065515e-01 5.110062e-01 6.991844e-01 7.717187e-01 4.852228e-01 1.008113e+00 5.799023e-01 2.815287e-02
<GCONST> 1.117425e+02
<STATE> 10
<MEAN> 39
 1.955960e+00 2.572650e+00 -6.673662e+00 -1.686851e+01 -2.721125e+00 -1.053082e+01 -1.574289e+01 -1.696867e+01 -6.754571e+00 -2.291101e+00 3.076324e+00 -3.443343e+00 6.940749e+01 -4.335614e-01 -2.746579e-01 6.841306e-01 1.285191e+00 1.151076e+00 -1.583069e+00 -1.036288e+00 5.167432e-01 1.722026e+00 -3.220092e-02 -1.915720e+00 -1.389024e+00 -2.742710e-02 -5.199599e-01 3.253169e-01 3.266663e-01 5.448842e-01 2.686783e-02 -4.848854e-01 7.830504e-01 2.886487e-01 -2.896220e-02 -6.811324e-01 -2.203693e-01 3.227369e-01 -1.868986e-01
<VARIANCE> 39
 1.960002e+00 7.602306e+00 5.920634e+01 6.371486e+01 2.346518e+01 7.069344e+01 3.685722e+01 3.236845e+01 5.214697e+01 8.309666e+01 1.502196e+02 5.857385e+01 4.413938e+00 3.734584e-01 9.351779e-01 1.601172e+00 2.459288e+00 2.046791e+00 2.446896e+00 2.901605e+00 2.585326e+00 2.094082e+00 4.263066e+00 3.328024e+00 3.253004e+00 3.160555e-01 1.382552e-01 1.402857e-01 4.160211e-01 3.072992e-01 3.900824e-01 4.246845e-01 5.272455e-01 7.718826e-01 5.808906e-01 7.426161e-01 1.083547e+00 7.959498e-01 2.900972e-02
<GCONST> 1.101921e+02
<STATE> 11
<MEAN> 39
 -4.272490e+00 5.199876e+00 -4.120342e+00 -7.665199e+00 1.663773e+00 -1.793517e+01 -1.007547e+01 -1.618816e+01 -3.249986e+00 -6.053181e+00 -1.224602e+00 -3.738146e+00 6.774657e+01 -3.740363e+00 2.366313e+00 -2.055777e-01 1.468451e+00 2.132946e+00 -3.181260e+00 3.220666e+00 -1.335769e-01 3.011750e-01 -5.693927e-01 -5.458894e-01 8.677613e-01 3.419829e-01 -7.294481e-01 5.822811e-01 -6.264245e-01 -3.128527e-01 1.707122e-02 -2.919504e-01 3.877246e-01 5.624947e-02 -1.259284e-01 3.256197e-01 2.877963e-01 3.003865e-01 3.302214e-01
<VARIANCE> 39
 2.117118e+01 2.350395e+01 1.642243e+01 4.739291e+01 2.995495e+01 9.293661e+01 5.199416e+01 4.664880e+01 3.865504e+01 7.500614e+01 1.071641e+02 2.686633e+01 4.004254e+00 1.621174e+00 1.630244e+00 2.595876e+00 2.177189e+00 3.773641e+00 2.803492e+00 2.654083e+00 3.495686e+00 1.892490e+00 4.641532e+00 5.367781e+00 2.966553e+00 5.061129e-01 2.609065e-01 2.967399e-01 1.288171e-01 2.044607e-01 6.367599e-01 5.561043e-01 8.412033e-01 6.796480e-01 2.363165e-01 4.800023e-01 7.740498e-01 3.841035e-01 6.014098e-02
<GCONST> 1.151515e+02
<STATE> 12
<MEAN> 39
 -2.016993e+01 1.562592e+01 -8.525653e+00 -4.588538e+00 7.096049e+00 -2.901852e+01 -7.623625e-01 -1.485114e+01 -2.057650e+00 -5.710122e+00 -2.468982e+00 1.909693e-01 7.100703e+01 -2.795501e+00 1.516843e+00 -5.830604e-01 9.329355e-01 4.833116e-01 -1.094092e+00 1.226540e+00 9.586095e-01 1.835927e-01 -9.842815e-02 -2.965122e-02 3.829401e-01 4.952581e-01 7.885342e-01 -5.125579e-01 3.725919e-01 -4.035419e-03 -2.991636e-01 9.200933e-01 -4.948918e-01 8.457033e-02 -1.424617e-01 -2.136734e-01 3.616360e-02 -4.322915e-01 -1.926063e-01
<VARIANCE> 39
 1.629099e+01 2.641902e+01 9.083385e+00 9.129433e+01 3.076416e+01 5.487987e+01 6.526691e+01 3.218259e+01 5.733149e+01 4.680182e+01 4.358490e+01 4.637993e+01 2.715324e+00 1.971867e+00 1.534185e+00 1.366471e+00 1.069231e+00 2.500091e+00 4.254807e+00 2.275285e+00 2.285939e+00 1.307976e+00 1.511727e+00 2.108925e+00 2.874710e+00 3.782866e-01 9.512113e-02 1.487661e-01 1.476368e-01 2.567666e-01 4.241659e-01 4.429556e-01 4.247654e-01 4.777480e-01 3.090659e-01 3.624107e-01 3.906708e-01 5.589361e-01 2.643348e-02
<GCONST> 1.049190e+02
<STATE> 13
<MEAN> 39
 -2.653051e+01 1.871012e+01 -7.650835e+00 -5.190446e+00 1.066688e+01 -2.702980e+01 3.859362e+00 -1.184066e+01 -4.462625e+00 -4.017505e+00 -7.986521e-01 -1.427263e+00 7.136872e+01 -4.458906e-01 -3.887942e-02 1.794670e-01 5.832080e-01 5.134513e-02 6.156850e-01 2.243979e-01 5.923068e-01 -3.185356e-01 -1.400089e-01 2.259336e-01 -1.743788e-01 -3.287150e-01 1.533080e-01 -1.109608e-01 1.431791e-02 -4.370882e-02 -8.806040e-03 2.119547e-01 -4.320828e-02 -1.724229e-02 -2.494314e-02 2.844501e-03 1.665783e-02 -6.866018e-02 -1.014184e-01
<VARIANCE> 39
 6.557315e+00 1.367782e+01 1.263478e+01 2.701117e+01 2.212491e+01 2.253027e+01 6.431139e+01 3.047620e+01 2.877378e+01 9.007562e+01 1.950413e+01 3.170920e+01 5.434355e+00 2.270301e-01 5.004717e-01 4.474442e-01 7.460309e-01 9.703733e-01 1.931988e+00 1.133271e+00 1.927307e+00 1.788984e+00 1.752629e+00 4.382166e-01 1.833803e+00 1.868063e-01 6.566610e-02 9.563641e-02 5.523217e-02 8.907370e-02 1.459261e-01 3.262233e-01 2.062706e-01 3.208373e-01 2.561083e-01 3.056414e-01 1.331593e-01 2.213713e-01 2.812196e-02
<GCONST> 8.337476e+01
<STATE> 14
<MEAN> 39
 -2.398297e+01 1.578088e+01 -6.596711e+00 6.649866e+00 3.790117e+00 -2.311010e+01 5.344408e-01 -1.050176e+01 -2.647413e-01 -1.508845e+01 -4.056745e+00 -2.929898e+00 6.828608e+01 -2.790337e-01 -8.639037e-02 1.471360e-01 1.636005e-01 9.080096e-02 1.586652e+00 6.010343e-01 1.623636e-01 -4.999550e-02 -1.655884e-01 1.135136e-01 -3.633598e-01 -4.706330e-01 2.055729e-02 -1.730020e-01 -1.357616e-01 -1.512556e-01 -6.666696e-02 -1.015493e-01 4.725989e-02 -1.432796e-01 1.515060e-01 2.943959e-01 1.382826e-01 2.179065e-01 -4.112209e-02
<VARIANCE> 39
 1.268664e+01 2.066372e+01 1.753228e+01 5.165929e+01 6.400678e+01 4.981779e+01 4.221600e+01 2.513223e+01 3.915302e+01 5.670697e+01 3.962177e+01 2.075400e+01 7.242155e+00 9.880518e-02 3.409561e-01 6.353639e-01 5.734870e-01 6.398699e-01 6.373249e-01 1.505026e+00 8.124446e-01 1.793943e+00 2.079308e+00 1.796692e+00 1.417836e+00 7.963379e-02 1.960448e-02 4.508688e-02 1.081976e-01 1.026316e-01 9.702341e-02 1.780455e-01 2.358176e-01 2.206055e-01 3.598213e-01 2.519491e-01 2.551825e-01 1.496942e-01 1.000055e-02
<GCONST> 8.129484e+01
<STATE> 15
<MEAN> 39
 -2.857758e+01 1.485192e+01 -6.907693e+00 -9.097455e-01 9.594870e+00 -1.876493e+01 4.630621e+00 -7.426616e+00 -3.634637e+00 -4.683516e+00 9.669507e-01 -3.519890e+00 6.662516e+01 -3.890539e-02 -8.965117e-01 4.429480e-02 -2.422469e-02 -1.084635e-01 3.021761e-01 2.489647e-01 1.687305e-01 5.911636e-01 2.277988e-01 4.448249e-01 -3.224863e-01 -6.934527e-01 1.252143e-01 -1.305835e-01 6.149017e-02 -1.589002e-01 -5.736868e-02 -1.692972e-01 -1.711698e-01 9.615710e-02 8.233270e-02 2.694397e-02 -9.319490e-02 -1.277266e-01 -2.181674e-02
<VARIANCE> 39
 9.490622e+00 2.158316e+01 1.629514e+01 4.979528e+01 5.789209e+01 4.007697e+01 4.150378e+01 3.767844e+01 3.041122e+01 5.548141e+01 1.956295e+01 2.467695e+01 6.858670e+00 1.961547e-01 2.054117e-01 3.729482e-01 7.893768e-01 3.578712e-01 1.263177e+00 1.620705e+00 1.593403e+00 1.063175e+00 1.611622e+00 4.452617e-01 9.684574e-01 5.546116e-02 1.876917e-02 3.589513e-02 5.120959e-02 1.044010e-01 9.775924e-02 3.197060e-01 2.936753e-01 1.716601e-01 2.163038e-01 1.836759e-01 1.652467e-01 2.166670e-01 1.000000e-02
<GCONST> 7.671631e+01
<STATE> 16
<MEAN> 39
 -2.693705e+01 1.092888e+01 -6.808222e+00 -1.009496e+00 7.455222e+00 -1.684525e+01 6.214708e+00 -6.930157e+00 1.484603e+00 -6.479133e+00 2.005069e+00 -6.542212e+00 6.356796e+01 6.657008e-01 -1.455042e+00 4.651275e-01 -2.332545e-01 -4.556779e-01 5.840998e-01 -2.571411e-01 4.889994e-01 5.417880e-01 -1.011980e-01 -3.686918e-01 -1.940177e-01 -7.740763e-01 1.234479e-01 -1.168766e-01 5.444707e-02 1.684736e-01 3.331869e-02 3.490086e-01 1.878867e-02 -1.725632e-01 -2.118579e-01 -1.907426e-01 -2.108456e-01 1.723589e-01 -1.202136e-02
<VARIANCE> 39
 5.576916e+00 1.642139e+01 1.759969e+01 2.149351e+01 3.910188e+01 4.796317e+01 2.751096e+01 4.891202e+01 2.445409e+01 4.597392e+01 3.532333e+01 2.916296e+01 3.441032e+00 2.121601e-01 1.665998e-01 6.999726e-01 1.009116e+00 1.371933e+00 1.625956e+00 1.904048e+00 1.146633e+00 7.831789e-01 2.497490e+00 1.142267e+00 1.847220e+00 8.159088e-02 2.406080e-02 3.796307e-02 1.754179e-01 1.012715e-01 1.566512e-01 2.587078e-01 4.093392e-01 4.048508e-01 2.611480e-01 6.312044e-01 1.928326e-01 3.223793e-01 1.000000e-02
<GCONST> 8.365582e+01
<STATE> 17
<MEAN> 39
 -2.336266e+01 3.181560e+00 -4.397539e+00 -4.604435e-01 6.280752e+00 -1.204992e+01 4.542702e+00 -6.449238e+00 7.233511e-01 -7.676803e+00 -8.173945e-01 -5.270935e+00 6.017115e+01 5.742846e-01 -1.608298e+00 2.407892e-01 5.966321e-02 -2.860599e-01 1.519446e+00 9.692410e-02 -1.180722e-01 8.518764e-03 -3.433032e-01 -4.852337e-01 -4.174193e-02 -6.691282e-01 -5.922634e-02 5.686061e-02 -3.236650e-02 -6.770260e-02 -8.611693e-02 -4.957744e-02 2.334268e-02 9.479269e-02 1.589703e-01 1.581804e-01 2.131365e-01 -5.253023e-02 5.245141e-02
<VARIANCE> 39
 7.234212e+00 9.888717e+00 8.569541e+00 2.518508e+01 3.385833e+01 4.043151e+01 2.013806e+01 2.713722e+01 3.144037e+01 3.158136e+01 3.034384e+01 2.322025e+01 8.998181e-01 1.649395e-01 3.742246e-01 6.364125e-01 6.680984e-01 1.091188e+00 9.963419e-01 1.256119e+00 1.599933e+00 1.658123e+00 2.381541e+00 1.535338e+00 1.047928e+00 8.540870e-02 2.117362e-02 6.197253e-02 1.137099e-01 1.455023e-01 1.470620e-01 1.382040e-01 1.634376e-01 2.747853e-01 2.726344e-01 3.542848e-01 2.445723e-01 2.088404e-01 1.043239e-02
<GCONST> 7.711859e+01
<STATE> 18
<MEAN> 39
 -2.035851e+01 -2.672036e+00 -3.174065e+00 -2.139615e+00 4.013386e+00 -6.910203e+00 5.560920e+00 -7.384211e+00 2.887079e+00 -7.491311e+00 -1.111812e+00 -6.310905e+00 5.774834e+01 5.312124e-01 -1.043041e+00 3.278907e-01 -4.487177e-01 -2.482396e-01 1.172961e+00 -2.414276e-01 3.825169e-01 1.563259e-01 1.310915e-01 -7.724877e-02 -7.296798e-01 -4.222582e-01 -1.928090e-02 6.643580e-02 3.156541e-02 5.944033e-02 3.420124e-02 -9.169292e-02 -9.346968e-02 6.411141e-02 -1.081695e-01 -8.231816e-02 -2.759081e-02 -5.577782e-02 2.095165e-02
<VARIANCE> 39
 7.674745e+00 7.400809e+00 8.690914e+00 1.449575e+01 1.094641e+01 2.803550e+01 1.432594e+01 2.461268e+01 8.672967e+00 2.834660e+01 2.008965e+01 1.949943e+01 7.242230e-01 1.943396e-01 3.662488e-01 4.329678e-01 7.072560e-01 1.123815e+00 8.422567e-01 9.727759e-01 1.536010e+00 1.469917e+00 1.557141e+00 1.082787e+00 1.388238e+00 3.232083e-02 3.756895e-02 6.035684e-02 6.682796e-02 7.925047e-02 1.373170e-01 1.341564e-01 1.714850e-01 2.124462e-01 2.228455e-01 2.420762e-01 2.684918e-01 2.556557e-01 1.000000e-02
<GCONST> 6.878135e+01
<STATE> 19
<MEAN> 39
 -1.909717e+01 -6.273319e+00 -1.519118e+00 -1.666782e+00 3.247546e+00 -1.187925e+00 2.695168e+00 -4.771091e+00 6.577490e-01 -8.113361e+00 -1.357406e+00 -9.041368e+00 5.614434e+01 6.025137e-01 -7.090589e-01 2.793361e-01 -2.310053e-01 -2.208695e-01 6.655365e-01 -4.242629e-01 3.129267e-01 4.261355e-02 7.051381e-02 5.857533e-01 2.164087e-01 -2.354646e-01 8.822215e-02 1.378883e-01 -4.055514e-02 -1.058596e-02 -3.851480e-02 -8.976962e-02 -4.710835e-02 -4.407152e-02 -2.535887e-02 -1.161406e-01 7.519513e-02 1.785735e-01 8.269384e-02
<VARIANCE> 39
 9.966188e+00 4.085863e+00 1.431582e+01 1.928795e+01 4.923216e+01 2.420084e+01 2.690879e+01 1.758465e+01 2.788117e+01 5.248505e+01 4.955713e+01 3.207740e+01 8.927311e-01 3.805036e-01 3.563409e-01 7.972886e-01 1.472104e+00 1.424797e+00 2.209804e+00 1.862137e+00 1.109906e+00 2.347415e+00 2.409513e+00 1.751937e+00 1.265774e+00 7.305601e-02 4.651562e-02 6.424602e-02 1.283835e-01 3.324629e-01 3.531740e-01 3.220955e-01 2.084002e-01 2.612211e-01 4.096824e-01 3.807846e-01 3.454055e-01 3.368906e-01 1.089502e-02
<GCONST> 8.616133e+01
<TRANSP> 20
 0.000000e+00 1.000000e+00 0.000000e+00 0.000000e+00 0.000000e+00 0.000000e+00 0.000000e+00 0.000000e+00 0.000000e+00 0.000000e+00 0.000000e+00 0.000000e+00 0.000000e+00 0.000000e+00 0.000000e+00 0.000000e+00 0.000000e+00 0.000000e+00 0.000000e+00 0.000000e+00
 0.000000e+00 7.647059e-01 2.352941e-01 0.000000e+00 0.000000e+00 0.000000e+00 0.000000e+00 0.000000e+00 0.000000e+00 0.000000e+00 0.000000e+00 0.000000e+00 0.000000e+00 0.000000e+00 0.000000e+00 0.000000e+00 0.000000e+00 0.000000e+00 0.000000e+00 0.000000e+00
 0.000000e+00 0.000000e+00 7.391304e-01 2.608696e-01 0.000000e+00 0.000000e+00 0.000000e+00 0.000000e+00 0.000000e+00 0.000000e+00 0.000000e+00 0.000000e+00 0.000000e+00 0.000000e+00 0.000000e+00 0.000000e+00 0.000000e+00 0.000000e+00 0.000000e+00 0.000000e+00
 0.000000e+00 0.000000e+00 0.000000e+00 7.209302e-01 2.790698e-01 0.000000e+00 0.000000e+00 0.000000e+00 0.000000e+00 0.000000e+00 0.000000e+00 0.000000e+00 0.000000e+00 0.000000e+00 0.000000e+00 0.000000e+00 0.000000e+00 0.000000e+00 0.000000e+00 0.000000e+00
 0.000000e+00 0.000000e+00 0.000000e+00 0.000000e+00 7.142857e-01 2.857143e-01 0.000000e+00 0.000000e+00 0.000000e+00 0.000000e+00 0.000000e+00 0.000000e+00 0.000000e+00 0.000000e+00 0.000000e+00 0.000000e+00 0.000000e+00 0.000000e+00 0.000000e+00 0.000000e+00
 0.000000e+00 0.000000e+00 0.000000e+00 0.000000e+00 0.000000e+00 8.536586e-01 1.463415e-01 0.000000e+00 0.000000e+00 0.000000e+00 0.000000e+00 0.000000e+00 0.000000e+00 0.000000e+00 0.000000e+00 0.000000e+00 0.000000e+00 0.000000e+00 0.000000e+00 0.000000e+00
 0.000000e+00 0.000000e+00 0.000000e+00 0.000000e+00 0.000000e+00 0.000000e+00 7.931035e-01 2.068965e-01 0.000000e+00 0.000000e+00 0.000000e+00 0.000000e+00 0.000000e+00 0.000000e+00 0.000000e+00 0.000000e+00 0.000000e+00 0.000000e+00 0.000000e+00 0.000000e+00
 0.000000e+00 0.000000e+00 0.000000e+00 0.000000e+00 0.000000e+00 0.000000e+00 0.000000e+00 7.209302e-01 2.790698e-01 0.000000e+00 0.000000e+00 0.000000e+00 0.000000e+00 0.000000e+00 0.000000e+00 0.000000e+00 0.000000e+00 0.000000e+00 0.000000e+00 0.000000e+00
 0.000000e+00 0.000000e+00 0.000000e+00 0.000000e+00 0.000000e+00 0.000000e+00 0.000000e+00 0.000000e+00 7.333333e-01 2.666667e-01 0.000000e+00 0.000000e+00 0.000000e+00 0.000000e+00 0.000000e+00 0.000000e+00 0.000000e+00 0.000000e+00 0.000000e+00 0.000000e+00
 0.000000e+00 0.000000e+00 0.000000e+00 0.000000e+00 0.000000e+00 0.000000e+00 0.000000e+00 0.000000e+00 0.000000e+00 7.692308e-01 2.307692e-01 0.000000e+00 0.000000e+00 0.000000e+00 0.000000e+00 0.000000e+00 0.000000e+00 0.000000e+00 0.000000e+00 0.000000e+00
 0.000000e+00 0.000000e+00 0.000000e+00 0.000000e+00 0.000000e+00 0.000000e+00 0.000000e+00 0.000000e+00 0.000000e+00 0.000000e+00 7.000000e-01 3.000000e-01 0.000000e+00 0.000000e+00 0.000000e+00 0.000000e+00 0.000000e+00 0.000000e+00 0.000000e+00 0.000000e+00
 0.000000e+00 0.000000e+00 0.000000e+00 0.000000e+00 0.000000e+00 0.000000e+00 0.000000e+00 0.000000e+00 0.000000e+00 0.000000e+00 0.000000e+00 7.551020e-01 2.448980e-01 0.000000e+00 0.000000e+00 0.000000e+00 0.000000e+00 0.000000e+00 0.000000e+00 0.000000e+00
 0.000000e+00 0.000000e+00 0.000000e+00 0.000000e+00 0.000000e+00 0.000000e+00 0.000000e+00 0.000000e+00 0.000000e+00 0.000000e+00 0.000000e+00 0.000000e+00 7.818182e-01 2.181818e-01 0.000000e+00 0.000000e+00 0.000000e+00 0.000000e+00 0.000000e+00 0.000000e+00
 0.000000e+00 0.000000e+00 0.000000e+00 0.000000e+00 0.000000e+00 0.000000e+00 0.000000e+00 0.000000e+00 0.000000e+00 0.000000e+00 0.000000e+00 0.000000e+00 0.000000e+00 7.692308e-01 2.307692e-01 0.000000e+00 0.000000e+00 0.000000e+00 0.000000e+00 0.000000e+00
 0.000000e+00 0.000000e+00 0.000000e+00 0.000000e+00 0.000000e+00 0.000000e+00 0.000000e+00 0.000000e+00 0.000000e+00 0.000000e+00 0.000000e+00 0.000000e+00 0.000000e+00 0.000000e+00 8.000000e-01 2.000000e-01 0.000000e+00 0.000000e+00 0.000000e+00 0.000000e+00
 0.000000e+00 0.000000e+00 0.000000e+00 0.000000e+00 0.000000e+00 0.000000e+00 0.000000e+00 0.000000e+00 0.000000e+00 0.000000e+00 0.000000e+00 0.000000e+00 0.000000e+00 0.000000e+00 0.000000e+00 7.142857e-01 2.857143e-01 0.000000e+00 0.000000e+00 0.000000e+00
 0.000000e+00 0.000000e+00 0.000000e+00 0.000000e+00 0.000000e+00 0.000000e+00 0.000000e+00 0.000000e+00 0.000000e+00 0.000000e+00 0.000000e+00 0.000000e+00 0.000000e+00 0.000000e+00 0.000000e+00 0.000000e+00 7.600000e-01 2.400000e-01 0.000000e+00 0.000000e+00
 0.000000e+00 0.000000e+00 0.000000e+00 0.000000e+00 0.000000e+00 0.000000e+00 0.000000e+00 0.000000e+00 0.000000e+00 0.000000e+00 0.000000e+00 0.000000e+00 0.000000e+00 0.000000e+00 0.000000e+00 0.000000e+00 0.000000e+00 8.000000e-01 2.000000e-01 0.000000e+00
 0.000000e+00 0.000000e+00 0.000000e+00 0.000000e+00 0.000000e+00 0.000000e+00 0.000000e+00 0.000000e+00 0.000000e+00 0.000000e+00 0.000000e+00 0.000000e+00 0.000000e+00 0.000000e+00 0.000000e+00 0.000000e+00 0.000000e+00 0.000000e+00 7.333333e-01 2.666667e-01
 0.000000e+00 0.000000e+00 0.000000e+00 0.000000e+00 0.000000e+00 0.000000e+00 0.000000e+00 0.000000e+00 0.000000e+00 0.000000e+00 0.000000e+00 0.000000e+00 0.000000e+00 0.000000e+00 0.000000e+00 0.000000e+00 0.000000e+00 0.000000e+00 0.000000e+00 0.000000e+00
<ENDHMM>
