~o
<STREAMINFO> 1 39
<VECSIZE> 39<NULLD><MFCC_D_A_0><DIAGC>
~h "puluh"
<BEGINHMM>
<NUMSTATES> 20
<STATE> 2
<MEAN> 39
 -1.731279e+01 -9.648333e+00 -2.701923e+00 -5.598279e+00 1.252668e+00 -3.664497e+00 2.243485e-01 -4.552327e+00 -3.497899e-01 -4.462710e+00 8.489448e-01 -4.684670e+00 5.617187e+01 1.032727e+00 6.045231e-01 -1.644614e-01 3.926471e-02 -7.803670e-01 -8.381876e-01 -1.129612e+00 -1.583802e+00 -8.031379e-01 -1.882536e-01 4.244729e-01 5.088758e-01 8.365098e-01 7.875189e-01 5.928656e-01 1.048591e-01 -3.283257e-01 -3.664255e-01 -2.288734e-01 -3.070559e-01 -2.949375e-01 -2.928200e-01 -3.042267e-01 -7.852859e-02 -2.686390e-02 4.128348e-01
<VARIANCE> 39
 2.029129e+00 2.369062e+01 6.300919e+00 1.959959e+01 1.161182e+01 1.727855e+01 1.491208e+01 5.954716e+01 1.884474e+01 3.952792e+01 1.824362e+01 1.753996e+01 2.909319e+00 1.955400e+00 2.004963e+00 1.131358e+00 1.964046e+00 2.581887e+00 3.230268e+00 3.112784e+00 4.412487e+00 2.125461e+00 2.168638e+00 2.927257e+00 1.751095e+00 6.849498e-01 3.054995e-01 4.841596e-01 3.102933e-01 6.314048e-01 4.128122e-01 4.817536e-01 3.755520e-01 6.524568e-01 4.953781e-01 6.382560e-01 5.463353e-01 3.134258e-01 7.470474e-02
<GCONST> 1.035226e+02
<STATE> 3
<MEAN> 39
 -6.517127e+00 -2.690883e+00 -1.638514e+00 -7.799104e+00 -4.827926e+00 -9.512099e+00 -7.050890e+00 -1.228215e+01 -6.566110e+00 -6.199199e+00 1.285552e+00 -3.298348e+00 6.258591e+01 5.041214e+00 4.434125e+00 2.219308e-01 -3.650360e+00 -2.981262e+00 -1.165424e+00 -1.607059e+00 -1.122900e+00 -2.220728e+00 -1.897996e+00 3.696022e-01 7.195330e-01 2.462853e+00 9.247100e-03 9.557560e-02 -1.851648e-01 -9.038383e-01 1.439093e-01 8.924918e-01 5.371165e-01 6.207821e-01 -1.404228e-01 -1.554500e-01 3.367264e-01 1.713943e-01 -7.769861e-02
<VARIANCE> 39
 2.936258e+01 4.570258e+01 2.413931e+01 3.828728e+01 4.211801e+01 3.269680e+01 3.333918e+01 7.513074e+01 3.434034e+01 3.428545e+01 3.133930e+01 1.664842e+01 6.042547e+00 6.113486e-01 2.603781e+00 3.831849e+00 4.612347e+00 2.890240e+00 3.905028e+00 3.289399e+00 5.885869e+00 8.101700e+00 5.567891e+00 3.681789e+00 1.674578e+00 6.685774e-01 5.340127e-01 9.625751e-01 2.340775e-01 7.774234e-01 6.449775e-01 5.997891e-01 7.389725e-01 8.406406e-01 6.914157e-01 6.253175e-01 6.869230e-01 3.752048e-01 1.230679e-01
<GCONST> 1.217536e+02
<STATE> 4
<MEAN> 39
 3.145854e+00 7.271874e+00 -2.128937e+00 -1.874348e+01 -1.162957e+01 -8.931306e+00 -7.191079e+00 -1.174645e+01 -1.036016e+01 -1.185213e+01 3.642354e+00 -7.032148e-01 6.699664e+01 1.824223e+00 8.312896e-01 -8.213737e-01 -2.460893e+00 -5.034974e-02 2.066627e+00 2.878999e-01 -7.493947e-01 -2.122846e+00 -3.140039e-01 1.731795e+00 1.193211e+00 1.191099e+00 -1.012621e+00 -1.244658e+00 -1.750049e-01 9.945368e-01 1.077938e+00 5.893853e-01 6.922553e-02 -4.178609e-01 1.491565e-01 1.104219e+00 4.950343e-01 -2.012425e-01 -3.464005e-01
<VARIANCE> 39
 4.868661e+00 1.380122e+01 3.395578e+01 2.813383e+01 3.819249e+01 6.383284e+01 3.553081e+01 6.246957e+01 1.009977e+02 1.704758e+01 3.609933e+01 1.419151e+01 3.927412e+00 1.450048e+00 2.108038e+00 9.703658e-01 4.278669e+00 3.179971e+00 2.698640e+00 2.497817e+00 2.846668e+00 3.225716e+00 2.954245e+00 4.149284e+00 1.512827e+00 7.639043e-01 1.820490e-01 2.391468e-01 2.009172e-01 3.573329e-01 2.912183e-01 6.197830e-01 3.546587e-01 7.022440e-01 1.064521e+00 7.195194e-01 5.388227e-01 5.241796e-01 5.803233e-02
<GCONST> 1.105350e+02
<STATE> 5
<MEAN> 39
 5.122120e+00 4.478446e+00 -4.182174e+00 -2.445130e+01 -5.378450e+00 1.263918e+00 -8.236930e+00 -1.356102e+01 -2.002232e+01 -7.153168e+00 1.332261e+01 2.248870e+00 7.028062e+01 4.800458e-02 -1.271686e+00 -4.180467e-01 5.329592e-01 1.458873e+00 1.122790e+00 -1.176636e+00 -2.667416e+00 -6.612169e-01 3.258392e+00 2.638053e+00 -8.703307e-01 5.442562e-01 -3.222854e-01 -3.048755e-01 2.437755e-01 9.836686e-01 1.386799e-01 -8.597102e-01 -4.361829e-01 -8.068176e-02 7.821276e-01 4.552533e-01 -5.403550e-01 -8.486567e-01 -1.981241e-01
<VARIANCE> 39
 2.297584e+00 9.385371e+00 5.274258e+01 5.231951e+01 1.052044e+02 4.028483e+01 1.233956e+02 1.356703e+02 1.266496e+02 3.318309e+01 6.724902e+01 2.096901e+01 5.751050e+00 3.453542e-01 1.016046e+00 1.191426e+00 2.088492e+00 2.933156e+00 3.126731e+00 3.971026e+00 3.759881e+00 4.841640e+00 3.484907e+00 3.709692e+00 3.251834e+00 2.195252e-01 6.553815e-02 1.543426e-01 2.373036e-01 3.323578e-01 5.130196e-01 4.463010e-01 3.455775e-01 6.759164e-01 6.512765e-01 7.763791e-01 7.128704e-01 5.199330e-01 6.829440e-02
<GCONST> 1.122557e+02
<STATE> 6
<MEAN> 39
 3.824198e+00 2.087293e+00 -1.836012e+00 -1.909251e+01 2.675231e+00 1.537058e+00 -1.588269e+01 -1.699545e+01 -1.611228e+01 6.804256e-01 1.889888e+01 -5.455034e+00 7.101564e+01 -1.961373e-01 -7.024042e-01 1.757210e-01 2.318856e+00 1.084728e+00 -1.278627e+00 -1.144981e+00 -7.496495e-01 1.598422e+00 1.118052e+00 -7.873112e-01 -1.584393e+00 2.453049e-02 -5.320465e-02 1.508910e-01 2.042514e-01 1.178933e-01 -3.054097e-01 -4.473269e-01 5.500143e-02 4.779799e-01 1.899514e-01 -8.293030e-01 -6.376570e-01 3.151741e-01 -9.803761e-02
<VARIANCE> 39
 4.384280e+00 2.198297e+01 9.680527e+01 5.010250e+01 1.164332e+02 4.577225e+01 1.513766e+02 1.473937e+02 3.226527e+01 4.920090e+01 1.006194e+02 1.779751e+01 3.715859e+00 1.385069e-01 1.526260e+00 8.883322e-01 1.285940e+00 2.383877e+00 1.949471e+00 6.029807e+00 2.673727e+00 3.913004e+00 5.190228e+00 3.571373e+00 2.182009e+00 2.555584e-01 4.945403e-02 1.689519e-01 2.248097e-01 2.109035e-01 2.144858e-01 5.515242e-01 1.022187e+00 6.072057e-01 5.129289e-01 1.143474e+00 8.363565e-01 3.991590e-01 5.434824e-02
<GCONST> 1.111063e+02
<STATE> 7
<MEAN> 39
 3.323364e+00 -2.163731e+00 -4.007773e+00 -8.817629e+00 2.874169e+00 -5.146957e+00 -1.955540e+01 -2.304804e+01 -8.039948e+00 -3.713530e-01 1.125070e+01 -6.696673e+00 7.030983e+01 -3.316039e-01 -4.972311e-01 4.200731e-01 1.628181e+00 1.736871e-01 -1.475451e+00 -5.816985e-01 3.372298e-01 3.616530e-01 -5.626490e-01 -4.271811e-01 3.608884e-01 -1.386500e-01 8.657069e-03 2.621894e-01 -1.625936e-01 -5.966464e-01 -2.013792e-01 4.152845e-01 3.866712e-01 1.117299e-01 -3.708951e-01 -2.815393e-01 2.770791e-01 4.235787e-01 -4.991162e-02
<VARIANCE> 39
 2.411591e+00 2.557130e+01 5.948730e+01 4.789584e+01 9.124453e+01 4.627859e+01 1.303402e+02 6.954829e+01 5.464959e+01 5.056458e+01 8.877779e+01 1.437241e+01 2.602949e+00 1.093085e-01 8.146150e-01 1.451005e+00 1.829175e+00 1.584756e+00 1.152662e+00 2.212616e+00 2.655336e+00 1.774690e+00 2.773599e+00 2.196805e+00 1.771920e+00 1.142677e-01 1.701886e-02 1.881154e-01 2.414907e-01 4.085457e-01 2.221844e-01 2.726209e-01 3.758613e-01 3.480586e-01 4.363739e-01 3.933641e-01 3.962596e-01 3.353048e-01 1.422446e-02
<GCONST> 9.802929e+01
<STATE> 8
<MEAN> 39
 2.477382e+00 -2.381169e-01 -3.468675e+00 -8.028462e+00 -4.296480e+00 -9.050251e+00 -1.137267e+01 -2.256776e+01 -1.163537e+01 -4.293190e-01 1.172485e+01 -3.786179e+00 6.912294e+01 -2.275749e-03 4.015524e-01 -5.821347e-01 -1.345469e+00 -2.380995e-01 7.416610e-01 6.225334e-02 4.594043e-01 3.855413e-01 -9.695420e-02 1.534256e-01 5.694090e-01 -4.211821e-02 3.788731e-02 1.537281e-01 7.226338e-03 -3.852744e-01 1.166435e-02 3.187339e-01 8.527899e-02 1.262684e-01 9.243000e-02 3.037239e-01 -2.234228e-02 -5.353617e-02 1.437776e-02
<VARIANCE> 39
 2.179046e+00 2.149294e+01 3.061079e+01 3.017260e+01 8.100475e+01 2.750204e+01 1.195541e+02 7.279044e+01 8.635175e+01 5.159708e+01 3.747256e+01 3.142653e+01 2.893349e+00 1.150617e-01 5.154715e-01 5.448222e-01 1.160861e+00 1.174141e+00 8.090987e-01 1.411227e+00 1.982667e+00 1.695928e+00 2.563905e+00 1.050861e+00 1.301649e+00 1.125436e-01 1.710132e-02 5.434986e-02 9.820690e-02 2.839864e-01 3.003320e-01 2.396767e-01 4.921641e-01 4.450121e-01 2.220871e-01 4.354285e-01 1.618730e-01 2.067102e-01 1.657717e-02
<GCONST> 8.841733e+01
<STATE> 9
<MEAN> 39
 2.484878e+00 6.816468e-01 3.694380e-01 -1.587562e+01 4.643136e+00 -2.329149e+00 -2.016195e+01 -1.803248e+01 -8.946001e+00 6.632267e+00 1.329908e+01 -7.097601e+00 7.198531e+01 -1.704749e-01 4.433546e-01 1.183751e-01 -2.724120e-01 1.060288e-01 9.709860e-01 1.257284e+00 1.576287e-01 -5.115391e-02 2.271116e-01 -3.273686e-01 6.089657e-01 -2.418145e-01 -8.224113e-02 9.879482e-02 1.081920e-01 4.142682e-01 5.932590e-02 -1.293538e-01 2.976136e-01 8.617360e-02 -2.427238e-02 -4.198387e-01 -1.058049e-01 9.899585e-03 -1.593848e-01
<VARIANCE> 39
 1.782239e+00 1.219755e+01 1.045351e+02 2.705350e+01 8.688151e+01 4.455172e+01 1.271447e+02 5.536063e+01 5.403730e+01 4.591592e+01 4.273989e+01 5.070223e+01 1.081098e+01 8.631390e-02 6.918594e-01 1.009555e+00 1.275727e+00 1.748116e+00 1.388142e+00 3.745493e+00 2.435735e+00 9.516180e-01 2.089169e+00 7.795495e-01 8.780095e-01 4.387740e-01 1.044824e-02 5.525539e-02 2.277121e-01 1.103810e-01 3.066808e-01 2.288609e-01 3.582896e-01 4.184570e-01 1.610545e-01 2.229096e-01 2.518516e-01 2.910743e-01 2.362369e-02
<GCONST> 9.233829e+01
<STATE> 10
<MEAN> 39
 1.820409e+00 3.202745e+00 -4.452534e+00 -1.223533e+01 -2.935938e+00 -3.680758e+00 -7.940718e+00 -1.782611e+01 -1.110309e+01 -1.875217e+00 8.534587e+00 6.280151e-01 6.733508e+01 -6.185557e-01 6.259128e-01 8.618544e-01 7.498428e-01 5.514980e-01 3.082703e-01 6.453333e-01 7.920130e-01 5.420868e-01 -1.128917e+00 -4.732791e-01 2.832369e-01 -6.158293e-01 -1.571280e-01 -2.057475e-01 6.471130e-02 2.807971e-01 2.590127e-01 -9.542880e-03 -4.910950e-02 -9.889238e-02 3.809206e-02 -8.402022e-02 8.132072e-02 -1.060288e-01 -4.039215e-02
<VARIANCE> 39
 3.033891e+00 1.597688e+01 3.902550e+01 1.414597e+01 5.880241e+01 2.264653e+01 8.253030e+01 2.922064e+01 3.994125e+01 4.005966e+01 4.398586e+01 2.273960e+01 3.745536e+00 1.440232e-01 2.643200e-01 1.206361e+00 1.530530e+00 1.850656e+00 1.422956e+00 1.949285e+00 1.458848e+00 8.375091e-01 1.276283e+00 2.190000e+00 1.360045e+00 7.269739e-02 2.113251e-02 3.391451e-02 1.608901e-01 1.568031e-01 1.657689e-01 2.715646e-01 3.310317e-01 2.047115e-01 1.942799e-01 3.473488e-01 2.932930e-01 2.129459e-01 1.420927e-02
<GCONST> 8.391911e+01
<STATE> 11
<MEAN> 39
 -2.439162e+00 2.395062e+00 -1.667009e+00 -8.817089e+00 6.650935e+00 -7.693185e-01 -1.106706e+01 -1.897683e+01 -4.662994e+00 -4.071048e+00 1.127502e+01 -3.024290e+00 6.667679e+01 -1.192860e+00 -3.137811e-01 -1.528131e-01 8.582361e-01 9.801853e-01 -4.329239e-01 5.240459e-01 2.568244e-01 4.503050e-01 -9.202802e-01 -1.262903e-01 -4.692836e-01 -5.572565e-01 -4.032679e-02 -1.386181e-01 -1.277402e-01 -5.056513e-02 -2.517684e-01 -2.468394e-01 -7.714320e-02 -1.085059e-01 2.965725e-02 3.987052e-01 -1.213297e-02 -8.003436e-02 -7.165898e-03
<VARIANCE> 39
 1.045497e+01 1.540184e+01 2.376164e+01 9.071553e+00 5.096038e+01 3.368089e+01 6.462766e+01 2.941175e+01 6.547414e+01 2.986978e+01 5.048362e+01 3.413297e+01 5.523393e+00 3.619820e-01 2.419274e-01 1.998861e+00 1.067379e+00 1.615334e+00 2.335508e+00 2.454206e+00 1.492911e+00 2.105792e+00 2.863721e+00 8.151255e-01 7.882191e-01 1.806956e-01 8.472048e-02 8.471582e-02 1.624657e-01 2.664562e-01 2.657577e-01 4.327772e-01 5.136619e-01 2.225253e-01 2.471726e-01 4.063896e-01 2.469827e-01 2.059008e-01 1.945632e-02
<GCONST> 9.283691e+01
<STATE> 12
<MEAN> 39
 -4.688396e+00 2.885719e+00 1.006506e-01 -4.902204e+00 3.118782e+00 -3.024101e+00 -5.326461e+00 -1.455036e+01 -6.504823e+00 -7.035226e+00 8.061193e+00 8.489578e-01 6.328764e+01 -1.016667e+00 -4.570225e-01 1.384199e-01 5.364084e-01 1.430950e-01 -4.032069e-03 2.660268e-01 -4.141799e-01 -1.016065e-01 -1.088683e-01 -6.870548e-01 -2.097285e-01 -6.005115e-01 1.614594e-02 -4.705206e-02 -1.033557e-01 -1.943434e-01 -1.317236e-01 2.270127e-03 -1.891377e-01 -1.311669e-01 -1.583829e-02 1.145863e-01 -7.231960e-02 -7.525804e-03 4.134480e-02
<VARIANCE> 39
 4.941175e+00 9.589281e+00 6.844093e+00 4.929140e+00 2.440861e+01 1.992151e+01 5.531515e+01 2.460679e+01 4.779202e+01 1.528319e+01 2.052078e+01 2.845588e+01 2.856916e+00 1.005326e-01 4.379070e-01 4.227456e-01 5.565290e-01 9.911579e-01 1.253420e+00 1.052408e+00 8.051939e-01 1.317294e+00 1.193639e+00 1.482969e+00 9.579825e-01 5.000497e-02 2.122801e-02 5.942232e-02 4.882101e-02 8.842272e-02 1.409533e-01 2.844241e-01 2.214686e-01 1.964925e-01 1.792222e-01 1.746233e-01 2.246591e-01 1.783755e-01 1.051718e-02
<GCONST> 7.005140e+01
<STATE> 13
<MEAN> 39
 -8.225749e+00 -1.935755e-02 -2.184131e+00 -6.211105e+00 2.009725e+00 -3.417251e+00 -7.138428e+00 -1.952382e+01 -9.141693e+00 -6.784962e+00 4.310868e+00 -1.940575e+00 6.135920e+01 -8.739353e-01 -5.053371e-01 -7.577796e-02 4.096526e-01 4.600712e-01 -7.155868e-02 2.333118e-01 3.783934e-01 3.377073e-01 -1.193976e-01 -2.036799e-01 -4.576269e-01 -4.107599e-01 8.658873e-02 -2.344128e-02 7.877869e-02 1.938842e-01 2.075540e-01 8.012635e-02 3.146526e-01 5.036597e-01 1.460859e-01 -2.326318e-01 -7.059225e-02 -9.497923e-02 5.748361e-02
<VARIANCE> 39
 4.010767e+00 6.426418e+00 1.995459e+01 1.473866e+01 2.947957e+01 2.664958e+01 2.369329e+01 3.096745e+01 4.442244e+01 1.971871e+01 1.653674e+01 2.064214e+01 3.186112e+00 5.801529e-02 8.154348e-02 3.023397e-01 6.075368e-01 8.924954e-01 1.382544e+00 1.747831e+00 2.263068e+00 1.360390e+00 1.218665e+00 7.770427e-01 1.581946e+00 2.698749e-02 1.000000e-02 2.828422e-02 8.668833e-02 1.019372e-01 1.837807e-01 2.845817e-01 1.932695e-01 2.859275e-01 2.501723e-01 2.320222e-01 9.194479e-02 2.200795e-01 1.000000e-02
<GCONST> 6.918088e+01
<STATE> 14
<MEAN> 39
 -1.057328e+01 -3.069947e+00 -3.630309e+00 -3.443778e+00 1.379492e+01 -1.584300e+00 -8.780579e+00 -1.534451e+01 3.559909e+00 -3.099414e+00 6.255218e+00 -1.036632e+01 6.312425e+01 -4.646166e-01 -4.933164e-01 2.535308e-01 6.768396e-01 3.876442e-02 3.989198e-01 1.012195e+00 1.022563e+00 3.859682e-02 -2.728629e-01 -7.120653e-01 -2.318510e-01 -5.145310e-01 -3.092446e-03 5.785247e-02 1.012014e-01 4.543651e-02 -7.803812e-02 8.908840e-02 8.300039e-02 3.315538e-03 -1.050120e-01 -9.101278e-02 -4.351476e-03 8.537462e-02 -2.396112e-02
<VARIANCE> 39
 5.601606e+00 8.206371e+00 1.031092e+01 1.174291e+01 7.418396e+01 1.427957e+01 3.088710e+01 2.424881e+01 8.288677e+01 1.905846e+01 4.571272e+01 4.760384e+01 7.813644e+00 2.511083e-01 1.004313e-01 3.921930e-01 5.487865e-01 1.097234e+00 7.146676e-01 6.925287e-01 1.640338e+00 1.792556e+00 1.121115e+00 9.854606e-01 1.195587e+00 9.372073e-02 3.588151e-02 2.085113e-02 5.173818e-02 8.184501e-02 1.215748e-01 1.285789e-01 1.870355e-01 3.168941e-01 2.861364e-01 1.607489e-01 2.062375e-01 1.819080e-01 1.004812e-02
<GCONST> 7.354552e+01
<STATE> 15
<MEAN> 39
 -1.139993e+01 -9.091870e-01 1.745202e+00 7.673718e-01 7.347282e+00 5.177090e-02 -3.543098e-01 -1.076593e+01 -4.798975e+00 -9.516708e+00 8.910691e-01 -3.083771e+00 5.926699e+01 -5.547060e-01 -1.574645e-01 3.394987e-01 7.918224e-01 7.016875e-01 7.626401e-01 8.847207e-01 7.035172e-01 2.952339e-01 -4.424043e-01 -9.510142e-01 -5.334193e-01 -3.170365e-01 -1.968005e-02 -2.354123e-02 -9.153993e-02 -1.597894e-01 -2.180617e-01 -1.324096e-01 -1.560982e-01 -1.659947e-01 -9.101044e-02 9.447405e-02 3.345147e-02 -4.062213e-02 5.639934e-03
<VARIANCE> 39
 2.494839e+00 5.933351e+00 1.264936e+01 1.673356e+01 1.802135e+01 1.885209e+01 2.904078e+01 2.749714e+01 3.807340e+01 2.904630e+01 1.777527e+01 2.027423e+01 5.270565e-01 2.114859e-01 2.359488e-01 3.646623e-01 4.006372e-01 6.193210e-01 7.183295e-01 1.114357e+00 1.141152e+00 1.629199e+00 9.825828e-01 1.243129e+00 1.504858e+00 6.339832e-02 2.649917e-02 4.634724e-02 6.535038e-02 8.291835e-02 1.605050e-01 1.340419e-01 1.586453e-01 1.621789e-01 3.267697e-01 2.414776e-01 2.628584e-01 3.067142e-01 1.000000e-02
<GCONST> 6.825886e+01
<STATE> 16
<MEAN> 39
 -1.427116e+01 -3.215775e+00 8.424205e-01 1.042647e+00 6.036577e+00 -1.076557e+00 -2.310805e-01 -1.110107e+01 -5.697501e+00 -1.035334e+01 -5.827190e-01 -5.688049e+00 5.793924e+01 -7.890986e-01 -6.451054e-01 -1.978704e-01 2.402328e-02 -2.743735e-01 2.681835e-02 3.067287e-01 5.384454e-01 -5.485907e-02 -2.600254e-01 -1.324608e-01 -4.303506e-01 -3.553399e-01 4.297831e-02 -1.843777e-02 -1.058331e-01 -1.540454e-01 -3.702174e-02 1.082595e-01 1.389339e-01 1.501072e-01 6.493215e-02 -5.114802e-02 -5.167957e-02 -5.718471e-02 2.883799e-02
<VARIANCE> 39
 2.676836e+00 5.728769e+00 1.490280e+01 2.334732e+01 2.589056e+01 1.448232e+01 2.510012e+01 3.737747e+01 4.837661e+01 3.789768e+01 2.263235e+01 1.694711e+01 9.426132e-01 8.189528e-02 1.354088e-01 5.424449e-01 6.331038e-01 9.741512e-01 8.069063e-01 5.857744e-01 1.180760e+00 1.298198e+00 1.474287e+00 8.044038e-01 7.705870e-01 3.159715e-02 1.143672e-02 3.727273e-02 7.969496e-02 9.467983e-02 1.104279e-01 1.395271e-01 9.636409e-02 1.862616e-01 2.541326e-01 2.880299e-01 1.499248e-01 1.244832e-01 1.000000e-02
<GCONST> 6.492934e+01
<STATE> 17
<MEAN> 39
 -1.621525e+01 -6.118741e+00 -2.105803e+00 -5.129165e-01 6.396745e+00 1.462404e+00 2.646562e+00 -7.619754e+00 -3.622566e+00 -1.080350e+01 -3.356439e+00 -9.834724e+00 5.737985e+01 -4.394752e-01 -2.769687e-01 -2.667765e-01 -3.854592e-01 -5.056689e-01 8.623227e-02 1.178334e+00 1.332442e+00 4.117521e-01 -2.903661e-01 -7.490147e-01 -5.559796e-01 -2.306921e-01 2.454419e-02 2.853902e-02 4.146451e-02 -7.965314e-03 6.639069e-02 -4.095164e-02 -2.134155e-02 2.708806e-02 1.468246e-01 1.585417e-01 5.714441e-02 1.698367e-01 5.690141e-03
<VARIANCE> 39
 2.895392e+00 4.072074e+00 1.793425e+01 2.643111e+01 4.110363e+01 1.813018e+01 2.324190e+01 2.297034e+01 3.284516e+01 2.874595e+01 1.902541e+01 2.402401e+01 1.440001e+00 7.111397e-02 2.498960e-01 4.113389e-01 8.363124e-01 5.640174e-01 9.568627e-01 1.004435e+00 1.438694e+00 2.019377e+00 1.428281e+00 1.551424e+00 1.556061e+00 3.320398e-02 1.741356e-02 4.830564e-02 6.999891e-02 1.855881e-01 1.600842e-01 2.004207e-01 1.785189e-01 1.557806e-01 2.130370e-01 2.350588e-01 1.655992e-01 2.240956e-01 1.000000e-02
<GCONST> 7.038975e+01
<STATE> 18
<MEAN> 39
 -1.813887e+01 -7.205134e+00 -1.622446e+00 5.757358e-01 7.915889e+00 4.240823e+00 7.561271e+00 -2.632058e+00 -2.007927e+00 -1.160831e+01 -5.296089e+00 -1.059842e+01 5.639019e+01 -5.995427e-01 -5.906258e-01 -1.819948e-01 1.996107e-01 5.714959e-01 7.796243e-01 6.588169e-01 7.995299e-01 7.343904e-01 2.084898e-01 -4.572305e-01 -7.620744e-02 -3.352593e-01 5.145706e-02 5.146518e-02 6.403118e-02 1.406882e-01 2.105559e-01 -9.008135e-03 -1.791052e-01 -1.952338e-01 7.545635e-02 2.144442e-01 1.557750e-01 8.277832e-02 9.653698e-03
<VARIANCE> 39
 2.529293e+00 4.595429e+00 1.392783e+01 1.892180e+01 2.884612e+01 2.593144e+01 3.032856e+01 3.481385e+01 2.335874e+01 1.999403e+01 3.401038e+01 4.105514e+01 5.610265e-01 1.240708e-01 2.782617e-01 4.836681e-01 1.017682e+00 9.983798e-01 1.050086e+00 1.238984e+00 1.204516e+00 7.869360e-01 1.343127e+00 1.367081e+00 1.365488e+00 3.233175e-02 1.634538e-02 3.581518e-02 3.674052e-02 1.323038e-01 1.099020e-01 2.166263e-01 3.084238e-01 2.785577e-01 1.684448e-01 1.278086e-01 2.937814e-01 3.436055e-01 1.000000e-02
<GCONST> 7.001591e+01
<STATE> 19
<MEAN> 39
 -1.923146e+01 -8.112182e+00 -1.893892e+00 4.592608e-01 8.058884e+00 3.056209e+00 6.503860e+00 -2.270637e+00 5.193154e-01 -8.707748e+00 -3.591824e+00 -8.816437e+00 5.554852e+01 -1.906216e-01 -1.545771e-01 -8.312423e-02 -2.456155e-01 -1.355996e-01 -3.471084e-02 5.166398e-01 7.014504e-01 8.679842e-01 6.040233e-01 4.345712e-01 1.224814e-01 -1.015890e-01 4.758797e-02 4.617392e-02 2.426723e-02 -5.187633e-02 -1.144826e-01 6.087044e-02 1.591369e-01 1.492908e-01 2.234817e-02 2.332643e-02 2.442755e-01 2.892438e-02 4.804793e-02
<VARIANCE> 39
 4.215442e+00 7.424004e+00 1.132266e+01 2.617090e+01 4.100560e+01 4.107461e+01 3.884082e+01 3.541761e+01 4.090616e+01 2.767600e+01 2.719940e+01 3.453021e+01 9.345676e-01 1.846358e-01 2.727076e-01 4.062845e-01 8.522488e-01 1.407001e+00 1.495788e+00 2.395219e+00 1.996537e+00 1.529143e+00 9.968513e-01 1.157957e+00 8.452289e-01 4.392495e-02 3.797402e-02 7.614422e-02 7.249725e-02 2.164329e-01 3.449171e-01 3.442563e-01 3.660719e-01 2.826221e-01 3.256455e-01 1.949676e-01 2.002532e-01 1.540391e-01 1.000000e-02
<GCONST> 7.957079e+01
<TRANSP> 20
 0.000000e+00 1.000000e+00 0.000000e+00 0.000000e+00 0.000000e+00 0.000000e+00 0.000000e+00 0.000000e+00 0.000000e+00 0.000000e+00 0.000000e+00 0.000000e+00 0.000000e+00 0.000000e+00 0.000000e+00 0.000000e+00 0.000000e+00 0.000000e+00 0.000000e+00 0.000000e+00
 0.000000e+00 7.777778e-01 2.222222e-01 0.000000e+00 0.000000e+00 0.000000e+00 0.000000e+00 0.000000e+00 0.000000e+00 0.000000e+00 0.000000e+00 0.000000e+00 0.000000e+00 0.000000e+00 0.000000e+00 0.000000e+00 0.000000e+00 0.000000e+00 0.000000e+00 0.000000e+00
 0.000000e+00 0.000000e+00 5.714286e-01 4.285714e-01 0.000000e+00 0.000000e+00 0.000000e+00 0.000000e+00 0.000000e+00 0.000000e+00 0.000000e+00 0.000000e+00 0.000000e+00 0.000000e+00 0.000000e+00 0.000000e+00 0.000000e+00 0.000000e+00 0.000000e+00 0.000000e+00
 0.000000e+00 0.000000e+00 0.000000e+00 6.571429e-01 3.428572e-01 0.000000e+00 0.000000e+00 0.000000e+00 0.000000e+00 0.000000e+00 0.000000e+00 0.000000e+00 0.000000e+00 0.000000e+00 0.000000e+00 0.000000e+00 0.000000e+00 0.000000e+00 0.000000e+00 0.000000e+00
 0.000000e+00 0.000000e+00 0.000000e+00 0.000000e+00 6.470588e-01 3.529412e-01 0.000000e+00 0.000000e+00 0.000000e+00 0.000000e+00 0.000000e+00 0.000000e+00 0.000000e+00 0.000000e+00 0.000000e+00 0.000000e+00 0.000000e+00 0.000000e+00 0.000000e+00 0.000000e+00
 0.000000e+00 0.000000e+00 0.000000e+00 0.000000e+00 0.000000e+00 6.923077e-01 3.076923e-01 0.000000e+00 0.000000e+00 0.000000e+00 0.000000e+00 0.000000e+00 0.000000e+00 0.000000e+00 0.000000e+00 0.000000e+00 0.000000e+00 0.000000e+00 0.000000e+00 0.000000e+00
 0.000000e+00 0.000000e+00 0.000000e+00 0.000000e+00 0.000000e+00 0.000000e+00 7.142857e-01 2.857143e-01 0.000000e+00 0.000000e+00 0.000000e+00 0.000000e+00 0.000000e+00 0.000000e+00 0.000000e+00 0.000000e+00 0.000000e+00 0.000000e+00 0.000000e+00 0.000000e+00
 0.000000e+00 0.000000e+00 0.000000e+00 0.000000e+00 0.000000e+00 0.000000e+00 0.000000e+00 7.333333e-01 2.666667e-01 0.000000e+00 0.000000e+00 0.000000e+00 0.000000e+00 0.000000e+00 0.000000e+00 0.000000e+00 0.000000e+00 0.000000e+00 0.000000e+00 0.000000e+00
 0.000000e+00 0.000000e+00 0.000000e+00 0.000000e+00 0.000000e+00 0.000000e+00 0.000000e+00 0.000000e+00 6.571429e-01 3.428572e-01 0.000000e+00 0.000000e+00 0.000000e+00 0.000000e+00 0.000000e+00 0.000000e+00 0.000000e+00 0.000000e+00 0.000000e+00 0.000000e+00
 0.000000e+00 0.000000e+00 0.000000e+00 0.000000e+00 0.000000e+00 0.000000e+00 0.000000e+00 0.000000e+00 0.000000e+00 7.500000e-01 2.500000e-01 0.000000e+00 0.000000e+00 0.000000e+00 0.000000e+00 0.000000e+00 0.000000e+00 0.000000e+00 0.000000e+00 0.000000e+00
 0.000000e+00 0.000000e+00 0.000000e+00 0.000000e+00 0.000000e+00 0.000000e+00 0.000000e+00 0.000000e+00 0.000000e+00 0.000000e+00 5.862069e-01 4.137931e-01 0.000000e+00 0.000000e+00 0.000000e+00 0.000000e+00 0.000000e+00 0.000000e+00 0.000000e+00 0.000000e+00
 0.000000e+00 0.000000e+00 0.000000e+00 0.000000e+00 0.000000e+00 0.000000e+00 0.000000e+00 0.000000e+00 0.000000e+00 0.000000e+00 0.000000e+00 7.333333e-01 2.666667e-01 0.000000e+00 0.000000e+00 0.000000e+00 0.000000e+00 0.000000e+00 0.000000e+00 0.000000e+00
 0.000000e+00 0.000000e+00 0.000000e+00 0.000000e+00 0.000000e+00 0.000000e+00 0.000000e+00 0.000000e+00 0.000000e+00 0.000000e+00 0.000000e+00 0.000000e+00 6.666667e-01 3.333333e-01 0.000000e+00 0.000000e+00 0.000000e+00 0.000000e+00 0.000000e+00 0.000000e+00
 0.000000e+00 0.000000e+00 0.000000e+00 0.000000e+00 0.000000e+00 0.000000e+00 0.000000e+00 0.000000e+00 0.000000e+00 0.000000e+00 0.000000e+00 0.000000e+00 0.000000e+00 6.571429e-01 3.428572e-01 0.000000e+00 0.000000e+00 0.000000e+00 0.000000e+00 0.000000e+00
 0.000000e+00 0.000000e+00 0.000000e+00 0.000000e+00 0.000000e+00 0.000000e+00 0.000000e+00 0.000000e+00 0.000000e+00 0.000000e+00 0.000000e+00 0.000000e+00 0.000000e+00 0.000000e+00 7.142857e-01 2.857143e-01 0.000000e+00 0.000000e+00 0.000000e+00 0.000000e+00
 0.000000e+00 0.000000e+00 0.000000e+00 0.000000e+00 0.000000e+00 0.000000e+00 0.000000e+00 0.000000e+00 0.000000e+00 0.000000e+00 0.000000e+00 0.000000e+00 0.000000e+00 0.000000e+00 0.000000e+00 7.333333e-01 2.666667e-01 0.000000e+00 0.000000e+00 0.000000e+00
 0.000000e+00 0.000000e+00 0.000000e+00 0.000000e+00 0.000000e+00 0.000000e+00 0.000000e+00 0.000000e+00 0.000000e+00 0.000000e+00 0.000000e+00 0.000000e+00 0.000000e+00 0.000000e+00 0.000000e+00 0.000000e+00 6.666667e-01 3.333333e-01 0.000000e+00 0.000000e+00
 0.000000e+00 0.000000e+00 0.000000e+00 0.000000e+00 0.000000e+00 0.000000e+00 0.000000e+00 0.000000e+00 0.000000e+00 0.000000e+00 0.000000e+00 0.000000e+00 0.000000e+00 0.000000e+00 0.000000e+00 0.000000e+00 0.000000e+00 6.470588e-01 3.529412e-01 0.000000e+00
 0.000000e+00 0.000000e+00 0.000000e+00 0.000000e+00 0.000000e+00 0.000000e+00 0.000000e+00 0.000000e+00 0.000000e+00 0.000000e+00 0.000000e+00 0.000000e+00 0.000000e+00 0.000000e+00 0.000000e+00 0.000000e+00 0.000000e+00 0.000000e+00 6.571429e-01 3.428572e-01
 0.000000e+00 0.000000e+00 0.000000e+00 0.000000e+00 0.000000e+00 0.000000e+00 0.000000e+00 0.000000e+00 0.000000e+00 0.000000e+00 0.000000e+00 0.000000e+00 0.000000e+00 0.000000e+00 0.000000e+00 0.000000e+00 0.000000e+00 0.000000e+00 0.000000e+00 0.000000e+00
<ENDHMM>
