~o
<STREAMINFO> 1 39
<VECSIZE> 39<NULLD><MFCC_D_A_0><DIAGC>
~h "alarm"
<BEGINHMM>
<NUMSTATES> 20
<STATE> 2
<MEAN> 39
 -1.629394e+01 -7.371093e+00 -3.272340e+00 -4.379017e+00 3.992150e-01 -4.821081e+00 4.907927e-01 -6.300659e+00 -1.891172e-01 -6.333614e+00 -9.530200e-01 -6.935261e+00 5.740952e+01 1.904819e+00 -9.016712e-01 -1.687543e+00 -7.882823e-01 6.535007e-01 6.956041e-01 -3.393970e-01 -7.093151e-01 5.814529e-01 -8.631353e-02 -1.423863e+00 -1.008798e+00 1.717508e+00 6.805488e-01 -5.378438e-01 -6.014487e-01 -1.443578e-01 3.409611e-01 1.780102e-01 -3.331246e-01 -3.147772e-01 1.122231e-01 -1.221217e-01 -3.501439e-01 -3.807480e-01 7.780845e-01
<VARIANCE> 39
 6.901692e+00 4.513882e+00 1.484402e+01 1.352776e+01 1.162626e+01 2.212494e+01 2.435005e+01 1.330242e+01 2.587902e+01 2.004280e+01 1.433687e+01 1.123677e+01 3.428565e+00 3.106558e+00 1.787708e+00 2.778543e+00 1.976334e+00 4.093040e+00 3.136228e+00 5.060177e+00 4.550711e+00 3.792447e+00 3.706892e+00 2.796680e+00 2.278337e+00 2.274388e+00 2.288607e-01 2.203990e-01 4.304334e-01 3.485073e-01 5.554235e-01 4.520760e-01 5.365473e-01 8.172940e-01 5.543126e-01 4.533416e-01 4.700662e-01 3.065284e-01 2.137127e-01
<GCONST> 1.067859e+02
<STATE> 3
<MEAN> 39
 -3.270422e+00 -1.610059e+01 -1.397405e+01 -7.517224e+00 4.751247e+00 -1.373601e+00 -3.773118e+00 -1.283175e+01 2.232944e+00 -9.264221e+00 -8.462876e+00 -1.235542e+01 7.143969e+01 2.414557e+00 -1.253563e+00 -9.318737e-01 -3.311349e-01 -1.989238e-01 2.163105e-01 -1.072273e+00 -3.663423e-01 -4.016221e-01 -3.854892e-01 -6.566598e-01 -4.980174e-01 2.728751e+00 -6.072739e-01 5.452173e-01 7.551787e-01 1.345444e-01 -5.215470e-01 -1.995133e-01 1.284024e-01 3.954124e-01 -2.608761e-01 2.456394e-01 4.295846e-01 4.415712e-01 -6.131702e-01
<VARIANCE> 39
 2.181381e+01 1.989191e+01 4.500573e+01 2.360651e+01 8.368260e+01 5.543408e+01 1.031570e+02 1.157150e+02 8.023138e+01 9.488645e+01 4.760503e+01 2.394737e+01 2.458541e+01 2.230309e+00 4.085516e+00 5.483367e+00 3.341172e+00 5.594591e+00 3.562079e+00 3.273789e+00 1.044297e+01 3.723355e+00 5.792233e+00 4.884717e+00 3.110246e+00 3.085563e+00 3.339143e-01 5.417582e-01 3.856944e-01 4.275003e-01 6.002886e-01 5.341590e-01 6.643516e-01 1.143732e+00 7.148408e-01 8.883861e-01 4.890539e-01 5.178365e-01 3.381613e-01
<GCONST> 1.324508e+02
<STATE> 4
<MEAN> 39
 9.426669e-01 -1.541242e+01 -8.579393e+00 -1.011714e+01 7.819672e-01 -1.602301e+00 -4.180417e+00 -5.841533e+00 -2.790358e+00 -3.869516e+00 -1.788617e+00 -1.075937e+01 7.697522e+01 2.225293e-01 1.334305e+00 3.671162e-01 -5.849609e-01 -4.259242e-01 -4.966905e-01 -1.508282e-01 -1.500938e-01 1.899439e-01 6.668082e-01 4.200816e-01 3.725973e-01 -2.755681e-01 -3.813335e-02 2.826317e-01 2.303608e-02 -1.264559e-01 9.317690e-02 -1.795677e-01 -1.211556e-02 -2.535507e-01 1.406245e-01 1.440671e-01 -1.844046e-02 -7.250933e-02 -2.801288e-01
<VARIANCE> 39
 3.042192e+00 1.521100e+01 1.086392e+02 5.445667e+01 1.231709e+02 6.039376e+01 9.016086e+01 1.275944e+02 3.819083e+01 6.594088e+01 8.453069e+01 1.732048e+01 1.136418e+01 1.288511e-01 6.763582e-01 1.317688e+00 7.099943e-01 1.137314e+00 1.316259e+00 1.176775e+00 1.699002e+00 1.151770e+00 2.007922e+00 1.476568e+00 1.482177e+00 3.053200e-01 4.954005e-02 1.508387e-01 2.304297e-01 2.542304e-01 1.981589e-01 2.621060e-01 1.980052e-01 3.864959e-01 2.341364e-01 2.682375e-01 2.412328e-01 2.280405e-01 6.332074e-02
<GCONST> 9.734862e+01
<STATE> 5
<MEAN> 39
 2.111734e+00 -6.725430e+00 -9.317933e+00 -1.326502e+01 -3.664992e+00 -2.167040e+00 -6.043593e+00 -1.500006e+01 1.419873e+00 -1.330049e+00 -4.892988e+00 -1.052573e+01 7.257948e+01 1.459821e-01 9.063993e-01 1.518660e-01 -5.879447e-01 -4.621929e-02 1.328756e-01 -3.116538e-01 -4.166004e-01 1.347036e-01 6.344642e-01 8.591058e-02 -9.081446e-02 -3.478466e-01 -6.416490e-02 -3.892621e-01 -3.591356e-01 1.815335e-01 2.784674e-01 3.272835e-01 6.506443e-02 1.866166e-01 4.466523e-02 -3.562441e-01 -1.174513e-01 -7.317629e-02 1.386534e-01
<VARIANCE> 39
 2.750882e+00 8.803163e+00 4.020813e+01 2.546268e+01 9.749811e+01 9.744986e+01 6.987000e+01 1.076251e+02 4.488539e+01 5.978157e+01 1.210499e+02 1.852863e+01 5.844765e+00 1.053996e-01 5.055267e-01 1.248600e+00 8.828688e-01 1.050146e+00 1.361641e+00 7.033717e-01 1.345033e+00 1.169910e+00 1.384404e+00 1.037014e+00 6.964669e-01 1.032700e-01 1.181012e-02 4.549785e-02 1.181608e-01 1.010163e-01 1.336639e-01 1.936676e-01 1.234911e-01 3.183850e-01 2.106761e-01 2.944489e-01 2.013101e-01 2.016384e-01 1.134890e-02
<GCONST> 8.329966e+01
<STATE> 6
<MEAN> 39
 2.595877e+00 -7.599981e+00 -1.415678e+01 -1.228410e+01 2.189963e+00 -3.624495e+00 -9.480783e+00 -1.259003e+01 1.301420e+00 -7.012960e+00 -9.507899e+00 -1.015375e+01 7.227584e+01 -3.437066e-02 -8.144366e-01 -9.029696e-01 3.487743e-01 1.002011e+00 3.856489e-01 4.029417e-01 8.622581e-01 1.009336e-01 -8.519887e-01 -9.360696e-01 -3.753123e-01 2.994932e-01 -1.036417e-01 -1.093102e-01 1.760197e-01 7.710546e-02 1.545013e-02 -1.623349e-01 1.598335e-03 1.697964e-01 3.755132e-02 -4.145591e-02 -2.425945e-02 -8.332688e-02 6.171710e-02
<VARIANCE> 39
 2.201536e+00 1.338015e+01 3.828426e+01 2.197050e+01 5.458981e+01 3.383266e+01 5.445176e+01 9.123505e+01 4.314406e+01 7.360675e+01 1.527511e+02 2.807943e+01 4.254200e+00 1.790441e-01 5.884240e-01 8.122008e-01 7.412630e-01 6.292363e-01 1.480251e+00 1.875864e+00 1.952111e+00 2.996635e+00 2.294695e+00 1.035007e+00 2.297563e+00 8.384054e-02 2.932116e-02 1.482592e-01 1.428744e-01 1.111471e-01 1.471034e-01 2.274375e-01 2.330807e-01 2.075163e-01 3.309032e-01 4.328002e-01 2.796919e-01 3.368205e-01 2.121586e-02
<GCONST> 9.032053e+01
<STATE> 7
<MEAN> 39
 1.849599e+00 -1.232492e+01 -3.929608e+00 -1.242501e+01 1.241554e+01 -1.455962e+00 -1.105025e+01 4.404072e+00 -9.648024e-02 -4.141326e+00 -1.635405e+00 -1.588052e+01 7.721828e+01 -2.805641e-01 -6.622620e-01 4.398362e-01 4.351946e-01 -4.012386e-01 1.525815e-01 8.368611e-02 9.067480e-02 1.071153e-01 -2.182519e-01 -1.463351e-01 -1.433000e-01 1.919435e-01 6.384631e-03 1.234576e-01 -2.379372e-03 1.292388e-02 -3.047196e-01 -1.166678e-01 2.396879e-02 -1.742259e-01 -8.327038e-03 8.975843e-02 1.505532e-01 1.803914e-01 -8.493873e-02
<VARIANCE> 39
 1.588246e+00 9.835916e+00 7.487242e+01 1.993266e+01 6.243744e+01 2.187369e+01 4.027382e+01 1.450269e+02 2.227208e+01 3.415966e+01 6.998724e+01 3.794976e+01 6.943083e+00 1.302681e-01 3.326935e-01 4.969728e-01 6.324042e-01 1.490303e+00 1.468554e+00 1.318454e+00 1.786354e+00 8.271647e-01 2.213573e+00 9.124700e-01 9.335957e-01 9.276164e-02 2.395049e-02 5.023183e-02 6.708664e-02 8.980103e-02 1.074512e-01 2.063086e-01 2.112386e-01 3.049411e-01 1.550897e-01 1.497345e-01 1.888252e-01 1.648476e-01 1.106625e-02
<GCONST> 7.937091e+01
<STATE> 8
<MEAN> 39
 -5.480809e-01 -1.011869e+01 -1.597120e+01 -5.941620e+00 -3.725054e+00 2.321447e+00 -4.248844e+00 -1.408583e+01 3.454843e+00 -5.994991e+00 -7.896776e+00 -1.059418e+01 7.399545e+01 -1.791895e-01 -3.578380e-02 6.844967e-02 4.162808e-01 -4.672913e-01 -1.068936e+00 5.780577e-02 3.006912e-01 -1.022234e-01 -1.814541e-01 2.819908e-01 5.655382e-01 -2.324591e-01 8.794452e-02 1.437696e-01 2.190747e-01 -1.211794e-01 1.912918e-02 -3.047855e-01 9.373011e-02 1.966967e-02 -1.744748e-01 2.333003e-01 7.694195e-02 2.458122e-02 -1.296695e-01
<VARIANCE> 39
 2.242413e+00 1.784897e+01 4.520181e+01 3.825887e+01 6.416157e+01 8.751818e+01 6.890224e+01 8.467876e+01 4.891012e+01 1.656492e+02 5.336404e+01 7.130750e+01 5.286412e+00 2.138892e-01 1.678116e-01 7.945829e-01 1.048557e+00 8.925861e-01 1.742616e+00 7.073324e-01 2.919473e-01 1.549633e+00 2.344471e+00 8.446500e-01 1.187671e+00 9.738998e-02 3.494282e-02 6.888840e-02 2.292576e-01 1.804864e-01 1.665607e-01 2.166094e-01 1.499746e-01 1.468114e-01 3.141057e-01 6.609480e-01 1.599620e-01 2.858041e-01 1.359220e-02
<GCONST> 8.804706e+01
<STATE> 9
<MEAN> 39
 9.330570e-02 -9.463697e+00 -8.249762e+00 -8.077282e+00 1.240901e+00 -7.896891e+00 -7.247352e+00 -5.356460e+00 -2.101617e+00 -5.891227e+00 -2.224357e+00 -1.197824e+01 7.277652e+01 2.058940e-01 2.760133e-01 6.450058e-01 2.928911e-01 -5.719837e-01 -1.277360e+00 4.500757e-01 3.929071e-01 -6.514519e-01 1.609726e+00 8.249205e-01 -5.219167e-01 -3.832614e-01 7.801788e-02 -1.595376e-01 -8.539924e-02 2.638665e-01 3.891677e-02 1.566240e-01 -9.228876e-02 1.207061e-01 1.110447e-01 -2.554720e-02 -9.637812e-02 -1.270424e-01 1.170030e-01
<VARIANCE> 39
 3.342434e+00 1.928459e+01 9.271421e+01 2.714797e+01 4.136491e+01 1.778689e+01 3.434397e+01 1.418749e+02 4.001648e+01 9.182272e+01 9.753586e+01 5.227728e+01 9.823624e+00 1.627943e-01 1.158815e+00 1.414744e+00 1.241370e+00 1.757660e+00 1.496531e+00 5.378129e-01 2.401961e+00 2.659897e+00 2.615370e+00 1.067206e+00 1.880854e+00 3.042903e-01 2.150757e-02 3.197972e-01 2.344069e-01 1.727834e-01 4.861143e-01 2.640330e-01 2.235495e-01 4.403493e-01 4.607601e-01 6.883190e-01 2.408174e-01 2.867925e-01 9.839524e-02
<GCONST> 1.006652e+02
<STATE> 10
<MEAN> 39
 3.848243e-01 -1.172191e+01 -4.821447e+00 -4.772172e+00 -1.586949e+00 -8.178606e+00 -3.102431e+00 -3.037520e+00 2.118994e+00 1.588838e+00 -1.643278e+00 -1.357121e+01 7.241865e+01 8.400545e-02 1.230681e-01 5.234158e-01 1.275547e+00 -2.796595e-01 -1.006295e+00 3.037835e-01 4.821183e-01 1.773511e-01 -2.998879e-01 3.108029e-02 -6.245562e-01 -2.436983e-01 1.601341e-02 3.153791e-02 9.444186e-02 4.326606e-02 1.294746e-01 1.127247e-01 -1.731262e-01 1.328960e-03 -2.085678e-01 -5.211556e-01 -4.251517e-02 -7.282887e-02 1.002229e-01
<VARIANCE> 39
 7.890853e+00 1.326173e+01 8.020010e+01 3.154849e+01 3.774274e+01 3.616381e+01 6.520584e+01 8.279647e+01 1.965090e+01 4.196532e+01 7.584155e+01 2.899699e+01 1.056776e+01 8.881986e-01 3.051388e+00 9.009284e-01 7.084135e-01 3.061844e+00 2.983119e+00 2.170616e+00 2.384895e+00 2.210813e+00 2.440615e+00 1.426873e+00 2.994730e+00 1.373006e+00 1.595403e-01 4.273462e-01 1.114935e-01 1.437228e-01 4.991273e-01 7.241687e-01 3.297413e-01 1.952014e-01 2.696259e-01 4.772244e-01 3.380602e-01 5.827620e-01 1.766673e-01
<GCONST> 1.086158e+02
<STATE> 11
<MEAN> 39
 2.777075e+00 -1.353205e+01 -7.302093e+00 -4.368018e+00 -9.063013e-01 -1.259558e+01 -8.063934e+00 -1.334180e+00 -1.231856e+00 -4.482908e+00 -1.249064e+00 -1.582809e+01 7.464713e+01 -2.572589e-02 4.342334e-01 9.482002e-02 -5.074655e-01 8.667293e-02 4.909529e-01 -4.405628e-01 -5.257626e-01 -7.283167e-02 -6.123425e-01 1.933688e-01 4.089970e-01 -2.673129e-01 -7.945795e-02 4.396177e-01 1.709655e-01 -9.333760e-02 -2.678263e-02 1.185965e-01 2.105511e-02 -2.673970e-01 -7.749331e-02 6.535374e-02 1.295319e-01 1.282958e-01 -2.007823e-01
<VARIANCE> 39
 3.932164e+00 1.038725e+01 1.105507e+02 2.327442e+01 2.809888e+01 1.057806e+01 3.465275e+01 1.085189e+02 5.313478e+01 5.139575e+01 1.407290e+02 5.045737e+01 9.475371e+00 1.460768e-01 2.170489e+00 1.372721e+00 1.476456e+00 1.322633e+00 6.689481e-01 1.879119e+00 2.081630e+00 1.819780e+00 1.319421e+00 2.242577e+00 2.098070e+00 3.394178e-01 4.347336e-02 8.276384e-02 2.155772e-01 3.288098e-01 2.504953e-01 1.989639e-01 3.232482e-01 2.358302e-01 3.635471e-01 3.155394e-01 4.207076e-01 4.186515e-01 1.877468e-02
<GCONST> 9.661489e+01
<STATE> 12
<MEAN> 39
 4.706849e-01 -2.240348e+00 -5.210253e+00 -7.609936e+00 -3.481598e+00 -1.223112e+01 -1.021539e+01 -1.202584e+01 -3.293935e+00 -1.212970e+01 -8.926879e+00 -1.369829e+01 6.802936e+01 -2.898549e-01 1.612474e+00 1.502066e+00 3.928768e-01 -3.868082e-01 -3.032819e-01 -2.240908e-01 -6.778769e-01 -1.213320e+00 -8.147478e-01 2.655007e-01 -2.888660e-01 -6.706222e-01 -5.095843e-02 -1.089616e-01 -3.606233e-02 5.176502e-02 9.461734e-02 5.751924e-02 5.706151e-02 4.933457e-03 1.152415e-02 2.767706e-02 -9.356561e-02 6.323395e-02 2.817958e-02
<VARIANCE> 39
 4.057569e+00 2.539086e+01 3.586064e+01 1.380646e+01 1.649142e+01 1.445481e+01 2.742520e+01 4.263162e+01 2.018431e+01 4.567673e+01 1.060763e+02 1.400155e+01 8.565454e+00 1.522954e-01 4.487250e-01 1.043219e+00 1.046242e+00 1.546641e+00 7.242580e-01 8.308023e-01 1.932828e+00 1.169768e+00 1.816236e+00 2.438409e+00 1.526581e+00 1.081725e-01 2.476866e-02 6.543332e-02 1.722449e-01 2.154344e-01 1.734966e-01 1.397489e-01 1.412182e-01 3.068011e-01 2.481543e-01 3.134903e-01 2.693993e-01 1.949280e-01 1.211517e-02
<GCONST> 8.267666e+01
<STATE> 13
<MEAN> 39
 -8.531312e-01 3.788781e+00 2.948549e+00 -2.403315e+00 -2.366410e+00 -1.141075e+01 -9.572340e+00 -1.531432e+01 -8.328652e+00 -1.147135e+01 -2.448031e+00 -9.982227e+00 6.578477e+01 -6.570801e-01 8.516045e-01 6.033640e-01 4.093639e-01 1.936257e-01 2.887555e-01 1.457047e-01 -4.231042e-01 -1.397972e-01 -6.634048e-02 -1.962757e-02 4.915085e-01 -7.225125e-01 -9.414116e-02 -1.729480e-01 -8.921175e-02 -9.940775e-02 -1.655142e-02 3.481727e-02 1.233733e-01 2.343482e-01 2.161836e-01 2.211129e-01 7.251386e-02 -9.975905e-02 -1.411131e-02
<VARIANCE> 39
 3.925347e+00 1.263010e+01 1.011338e+01 1.554068e+01 7.118657e+00 1.290004e+01 2.298036e+01 2.460718e+01 1.041468e+01 3.136485e+01 5.086908e+01 2.209469e+01 4.117984e+00 1.386158e-01 3.816876e-01 5.564454e-01 8.370979e-01 8.889269e-01 5.436087e-01 9.849094e-01 1.913522e+00 6.770998e-01 1.006551e+00 1.314777e+00 1.182916e+00 3.154604e-02 1.371011e-02 2.507607e-02 8.077532e-02 1.858843e-01 6.188289e-02 7.964057e-02 1.576864e-01 9.042034e-02 1.100497e-01 1.429804e-01 1.362935e-01 2.694532e-01 5.241977e-03
<GCONST> 6.408519e+01
<STATE> 14
<MEAN> 39
 -5.758521e+00 3.593384e+00 4.709496e+00 1.522381e+00 3.536607e+00 -2.721321e+00 1.155148e+00 -6.839731e+00 -2.110524e+00 -6.772153e+00 3.908369e-02 -9.711338e+00 6.232263e+01 -8.402969e-01 4.873007e-01 5.319976e-01 1.804280e-02 2.865250e-01 9.590836e-03 5.734351e-02 5.780355e-01 6.326694e-01 -1.178010e-01 -1.629177e-03 4.285051e-01 -7.034655e-01 -4.091785e-02 -1.972011e-01 -7.948421e-02 -4.432789e-02 -2.078001e-01 -1.566210e-01 -4.059080e-03 -4.619717e-03 -2.174112e-02 -1.715600e-01 -1.545959e-01 -8.780731e-03 2.029075e-02
<VARIANCE> 39
 4.599310e+00 1.394904e+01 1.693566e+01 2.757599e+01 3.231070e+01 4.433913e+01 5.089077e+01 4.718220e+01 3.209055e+01 3.101586e+01 2.020255e+01 1.616928e+01 3.099123e+00 1.283721e-01 5.436202e-01 7.432585e-01 6.275753e-01 1.186182e+00 1.522035e+00 1.196619e+00 1.310600e+00 9.012542e-01 1.458875e+00 8.789792e-01 8.562253e-01 4.451846e-02 1.686027e-02 3.408702e-02 7.041118e-02 1.263020e-01 9.855001e-02 1.741230e-01 1.881488e-01 2.783298e-01 2.255576e-01 2.069985e-01 1.851504e-01 1.056992e-01 4.626203e-03
<GCONST> 7.377967e+01
<STATE> 15
<MEAN> 39
 -7.931224e+00 5.865931e+00 6.997125e+00 -2.511331e+00 -5.267339e+00 -1.292161e+01 -8.239683e+00 -1.411909e+01 -8.831369e+00 -1.595884e+01 -8.082656e+00 -1.306142e+01 6.031507e+01 -7.827395e-01 -7.235875e-03 8.565482e-01 5.993662e-01 8.599260e-02 1.822172e-01 5.322704e-01 7.323088e-02 -4.320072e-01 -4.825201e-01 -3.413559e-02 1.430719e-01 -5.095137e-01 3.100418e-02 -3.363200e-03 -4.131621e-03 1.358567e-02 3.630051e-02 9.709056e-02 3.008928e-02 -1.010484e-01 -2.056185e-01 -4.009846e-02 7.190213e-02 4.888410e-02 2.727001e-02
<VARIANCE> 39
 6.036296e+00 7.758961e+00 1.563006e+01 1.990087e+01 3.725416e+01 1.980305e+01 2.384077e+01 2.047276e+01 3.116798e+01 3.700877e+01 3.053422e+01 1.907829e+01 1.602625e+00 8.641578e-02 2.207855e-01 5.098156e-01 5.469462e-01 7.910590e-01 9.970894e-01 1.466788e+00 1.574001e+00 1.613921e+00 1.778058e+00 1.450404e+00 9.159821e-01 4.122421e-02 2.167179e-02 4.573331e-02 1.516306e-01 1.219050e-01 1.694544e-01 2.003539e-01 3.464081e-01 3.379247e-01 2.658343e-01 3.771404e-01 2.578252e-01 2.215427e-01 9.455644e-03
<GCONST> 7.520098e+01
<STATE> 16
<MEAN> 39
 -1.152290e+01 4.352855e+00 7.526828e+00 -7.538071e-01 -2.294663e+00 -7.057024e+00 -3.248460e+00 -1.445183e+01 -1.070345e+01 -1.594158e+01 -6.418885e+00 -1.057282e+01 5.817021e+01 -5.871924e-01 -3.043338e-01 2.078899e-01 4.946800e-01 4.194799e-01 5.095323e-01 1.917738e-01 -1.884892e-02 -1.448461e-01 1.582510e-01 3.475880e-01 1.841772e-01 -2.924070e-01 -1.199459e-03 -8.227284e-02 7.648247e-03 1.263380e-01 7.255886e-02 -2.114949e-01 -2.095277e-01 7.311161e-02 1.591725e-01 5.164941e-02 7.830384e-02 1.711473e-02 2.953820e-02
<VARIANCE> 39
 2.391852e+00 8.883580e+00 1.684084e+01 1.204405e+01 2.125595e+01 2.316654e+01 2.068496e+01 3.974942e+01 4.465333e+01 4.700179e+01 3.257032e+01 2.253600e+01 7.310755e-01 2.422337e-01 7.897761e-01 1.747360e+00 1.007295e+00 1.585268e+00 1.561145e+00 1.236555e+00 1.997427e+00 1.955908e+00 2.252583e+00 1.917553e+00 2.547986e+00 7.258032e-02 4.169424e-02 1.597419e-01 2.664842e-01 1.245781e-01 2.543047e-01 3.028557e-01 2.285593e-01 3.004994e-01 3.448766e-01 4.651868e-01 3.258505e-01 4.333438e-01 9.469600e-03
<GCONST> 8.595374e+01
<STATE> 17
<MEAN> 39
 -1.519547e+01 5.179004e+00 1.417881e+01 4.128224e+00 -3.616919e+00 -1.099468e+01 -2.139149e+00 -8.464093e+00 -7.225548e+00 -1.431186e+01 -2.820403e+00 -7.558645e+00 5.612771e+01 -6.264336e-01 -5.846223e-01 -1.972700e-02 2.268320e-01 1.060452e-01 -1.537388e-01 1.374199e-01 7.397254e-01 7.537335e-01 3.937338e-01 2.226147e-01 1.992718e-01 -2.742738e-01 8.109798e-02 -7.026079e-02 -1.894305e-01 -6.679320e-02 1.472361e-01 2.356991e-01 3.773206e-02 -1.273839e-01 1.875889e-02 2.097822e-01 1.759948e-01 1.296720e-01 5.567123e-02
<VARIANCE> 39
 3.520025e+00 1.389161e+01 2.987272e+01 1.112574e+01 2.398978e+01 2.119119e+01 3.551609e+01 5.330714e+01 4.943871e+01 2.861511e+01 3.800629e+01 6.982270e+01 1.503739e+00 2.321534e-01 6.512334e-01 1.121115e+00 7.326192e-01 1.673839e+00 3.050221e+00 2.075956e+00 3.736635e+00 4.189806e+00 2.165153e+00 2.782563e+00 3.321015e+00 7.849277e-02 2.452656e-02 1.381412e-01 1.921848e-01 1.143022e-01 2.361692e-01 3.817075e-01 3.658663e-01 7.551548e-01 8.513703e-01 4.721482e-01 4.290643e-01 8.277577e-01 6.202142e-03
<GCONST> 9.394597e+01
<STATE> 18
<MEAN> 39
 -1.514306e+01 -3.616636e-01 7.121118e+00 4.232142e+00 4.943388e+00 -3.404438e+00 5.822443e-01 -5.732480e+00 -2.880747e-01 -8.389115e+00 1.100412e-01 -6.032010e+00 5.707736e+01 -1.706350e-01 -3.438377e-01 -2.543504e-01 6.808840e-02 2.179798e-01 1.659949e-01 -1.321720e-01 -1.825368e-01 -6.989056e-02 2.589201e-01 4.198359e-01 3.918020e-01 -4.631034e-02 1.564827e-02 3.587113e-02 -2.464350e-02 -1.099153e-01 -8.079792e-02 -6.479942e-02 5.109125e-02 4.411241e-03 1.173704e-02 5.190650e-02 -6.051913e-02 -2.615231e-02 1.484910e-04
<VARIANCE> 39
 3.308219e+00 5.514229e+00 1.339170e+01 1.564719e+01 2.000320e+01 2.489016e+01 3.686797e+01 3.197919e+01 2.384698e+01 2.359342e+01 2.633983e+01 2.575166e+01 8.960347e-01 2.464712e-01 3.914858e-01 8.341209e-01 1.298540e+00 2.063654e+00 1.975702e+00 1.893282e+00 2.482268e+00 1.327694e+00 1.721692e+00 1.718158e+00 1.920996e+00 5.864576e-02 3.582168e-02 4.751848e-02 1.370271e-01 2.433486e-01 3.961076e-01 3.263151e-01 2.636153e-01 4.161004e-01 2.530625e-01 2.839046e-01 2.946125e-01 2.643348e-01 1.240821e-02
<GCONST> 8.222215e+01
<STATE> 19
<MEAN> 39
 -1.809504e+01 -4.885404e-01 9.496830e+00 3.698303e+00 4.039780e-01 -9.386462e+00 -4.689105e+00 -1.154737e+01 -7.394415e+00 -1.124182e+01 2.508529e-01 -6.061293e+00 5.534488e+01 -4.750834e-01 -5.237058e-01 -3.082265e-01 -2.884046e-01 -1.564272e-01 -2.188395e-01 2.834853e-01 3.907035e-01 3.960862e-01 2.439928e-01 1.840689e-01 6.333895e-01 -1.892523e-01 3.459553e-02 -9.319329e-03 -6.462408e-02 -3.798740e-02 -5.531232e-02 2.786349e-02 -2.204072e-03 9.954209e-02 7.723053e-02 -2.149382e-01 -2.302179e-01 -6.128768e-02 5.685152e-03
<VARIANCE> 39
 8.832482e+00 8.964911e+00 5.752900e+01 4.731077e+01 2.572199e+01 4.557848e+01 3.087793e+01 3.216075e+01 3.088994e+01 4.348844e+01 5.914788e+01 2.903061e+01 2.721942e+00 1.490925e-01 4.062450e-01 8.013405e-01 9.001059e-01 1.104940e+00 9.953223e-01 1.612729e+00 1.135158e+00 1.027056e+00 1.350097e+00 1.419320e+00 1.548948e+00 2.097323e-02 3.488449e-02 5.419054e-02 1.081928e-01 1.988007e-01 2.335317e-01 2.066446e-01 2.575534e-01 2.303490e-01 1.541663e-01 2.542858e-01 3.121371e-01 2.376067e-01 4.393731e-03
<GCONST> 8.116325e+01
<TRANSP> 20
 0.000000e+00 1.000000e+00 0.000000e+00 0.000000e+00 0.000000e+00 0.000000e+00 0.000000e+00 0.000000e+00 0.000000e+00 0.000000e+00 0.000000e+00 0.000000e+00 0.000000e+00 0.000000e+00 0.000000e+00 0.000000e+00 0.000000e+00 0.000000e+00 0.000000e+00 0.000000e+00
 0.000000e+00 7.335956e-01 2.664044e-01 0.000000e+00 0.000000e+00 0.000000e+00 0.000000e+00 0.000000e+00 0.000000e+00 0.000000e+00 0.000000e+00 0.000000e+00 0.000000e+00 0.000000e+00 0.000000e+00 0.000000e+00 0.000000e+00 0.000000e+00 0.000000e+00 0.000000e+00
 0.000000e+00 0.000000e+00 7.875817e-01 2.124183e-01 0.000000e+00 0.000000e+00 0.000000e+00 0.000000e+00 0.000000e+00 0.000000e+00 0.000000e+00 0.000000e+00 0.000000e+00 0.000000e+00 0.000000e+00 0.000000e+00 0.000000e+00 0.000000e+00 0.000000e+00 0.000000e+00
 0.000000e+00 0.000000e+00 0.000000e+00 7.927977e-01 2.072023e-01 0.000000e+00 0.000000e+00 0.000000e+00 0.000000e+00 0.000000e+00 0.000000e+00 0.000000e+00 0.000000e+00 0.000000e+00 0.000000e+00 0.000000e+00 0.000000e+00 0.000000e+00 0.000000e+00 0.000000e+00
 0.000000e+00 0.000000e+00 0.000000e+00 0.000000e+00 8.093426e-01 1.906574e-01 0.000000e+00 0.000000e+00 0.000000e+00 0.000000e+00 0.000000e+00 0.000000e+00 0.000000e+00 0.000000e+00 0.000000e+00 0.000000e+00 0.000000e+00 0.000000e+00 0.000000e+00 0.000000e+00
 0.000000e+00 0.000000e+00 0.000000e+00 0.000000e+00 0.000000e+00 7.584532e-01 2.415468e-01 0.000000e+00 0.000000e+00 0.000000e+00 0.000000e+00 0.000000e+00 0.000000e+00 0.000000e+00 0.000000e+00 0.000000e+00 0.000000e+00 0.000000e+00 0.000000e+00 0.000000e+00
 0.000000e+00 0.000000e+00 0.000000e+00 0.000000e+00 0.000000e+00 0.000000e+00 7.700815e-01 2.299185e-01 0.000000e+00 0.000000e+00 0.000000e+00 0.000000e+00 0.000000e+00 0.000000e+00 0.000000e+00 0.000000e+00 0.000000e+00 0.000000e+00 0.000000e+00 0.000000e+00
 0.000000e+00 0.000000e+00 0.000000e+00 0.000000e+00 0.000000e+00 0.000000e+00 0.000000e+00 7.233769e-01 2.766231e-01 0.000000e+00 0.000000e+00 0.000000e+00 0.000000e+00 0.000000e+00 0.000000e+00 0.000000e+00 0.000000e+00 0.000000e+00 0.000000e+00 0.000000e+00
 0.000000e+00 0.000000e+00 0.000000e+00 0.000000e+00 0.000000e+00 0.000000e+00 0.000000e+00 0.000000e+00 6.396365e-01 3.603635e-01 0.000000e+00 0.000000e+00 0.000000e+00 0.000000e+00 0.000000e+00 0.000000e+00 0.000000e+00 0.000000e+00 0.000000e+00 0.000000e+00
 0.000000e+00 0.000000e+00 0.000000e+00 0.000000e+00 0.000000e+00 0.000000e+00 0.000000e+00 0.000000e+00 0.000000e+00 6.680508e-01 3.319492e-01 0.000000e+00 0.000000e+00 0.000000e+00 0.000000e+00 0.000000e+00 0.000000e+00 0.000000e+00 0.000000e+00 0.000000e+00
 0.000000e+00 0.000000e+00 0.000000e+00 0.000000e+00 0.000000e+00 0.000000e+00 0.000000e+00 0.000000e+00 0.000000e+00 0.000000e+00 7.782752e-01 2.217249e-01 0.000000e+00 0.000000e+00 0.000000e+00 0.000000e+00 0.000000e+00 0.000000e+00 0.000000e+00 0.000000e+00
 0.000000e+00 0.000000e+00 0.000000e+00 0.000000e+00 0.000000e+00 0.000000e+00 0.000000e+00 0.000000e+00 0.000000e+00 0.000000e+00 0.000000e+00 8.197072e-01 1.802928e-01 0.000000e+00 0.000000e+00 0.000000e+00 0.000000e+00 0.000000e+00 0.000000e+00 0.000000e+00
 0.000000e+00 0.000000e+00 0.000000e+00 0.000000e+00 0.000000e+00 0.000000e+00 0.000000e+00 0.000000e+00 0.000000e+00 0.000000e+00 0.000000e+00 0.000000e+00 7.700233e-01 2.299766e-01 0.000000e+00 0.000000e+00 0.000000e+00 0.000000e+00 0.000000e+00 0.000000e+00
 0.000000e+00 0.000000e+00 0.000000e+00 0.000000e+00 0.000000e+00 0.000000e+00 0.000000e+00 0.000000e+00 0.000000e+00 0.000000e+00 0.000000e+00 0.000000e+00 0.000000e+00 7.044076e-01 2.955925e-01 0.000000e+00 0.000000e+00 0.000000e+00 0.000000e+00 0.000000e+00
 0.000000e+00 0.000000e+00 0.000000e+00 0.000000e+00 0.000000e+00 0.000000e+00 0.000000e+00 0.000000e+00 0.000000e+00 0.000000e+00 0.000000e+00 0.000000e+00 0.000000e+00 0.000000e+00 7.940841e-01 2.059159e-01 0.000000e+00 0.000000e+00 0.000000e+00 0.000000e+00
 0.000000e+00 0.000000e+00 0.000000e+00 0.000000e+00 0.000000e+00 0.000000e+00 0.000000e+00 0.000000e+00 0.000000e+00 0.000000e+00 0.000000e+00 0.000000e+00 0.000000e+00 0.000000e+00 0.000000e+00 7.733998e-01 2.266003e-01 0.000000e+00 0.000000e+00 0.000000e+00
 0.000000e+00 0.000000e+00 0.000000e+00 0.000000e+00 0.000000e+00 0.000000e+00 0.000000e+00 0.000000e+00 0.000000e+00 0.000000e+00 0.000000e+00 0.000000e+00 0.000000e+00 0.000000e+00 0.000000e+00 0.000000e+00 7.344648e-01 2.655353e-01 0.000000e+00 0.000000e+00
 0.000000e+00 0.000000e+00 0.000000e+00 0.000000e+00 0.000000e+00 0.000000e+00 0.000000e+00 0.000000e+00 0.000000e+00 0.000000e+00 0.000000e+00 0.000000e+00 0.000000e+00 0.000000e+00 0.000000e+00 0.000000e+00 0.000000e+00 8.301142e-01 1.698858e-01 0.000000e+00
 0.000000e+00 0.000000e+00 0.000000e+00 0.000000e+00 0.000000e+00 0.000000e+00 0.000000e+00 0.000000e+00 0.000000e+00 0.000000e+00 0.000000e+00 0.000000e+00 0.000000e+00 0.000000e+00 0.000000e+00 0.000000e+00 0.000000e+00 0.000000e+00 7.833363e-01 2.166638e-01
 0.000000e+00 0.000000e+00 0.000000e+00 0.000000e+00 0.000000e+00 0.000000e+00 0.000000e+00 0.000000e+00 0.000000e+00 0.000000e+00 0.000000e+00 0.000000e+00 0.000000e+00 0.000000e+00 0.000000e+00 0.000000e+00 0.000000e+00 0.000000e+00 0.000000e+00 0.000000e+00
<ENDHMM>
