~o
<STREAMINFO> 1 39
<VECSIZE> 39<NULLD><MFCC_D_A_0><DIAGC>
~h "sembilan"
<BEGINHMM>
<NUMSTATES> 20
<STATE> 2
<MEAN> 39
 -1.760093e+01 -6.493800e+00 -2.389780e+00 -4.639394e+00 1.748648e-02 -5.606487e+00 5.912827e-01 -6.236199e+00 4.959933e-01 -6.081987e+00 5.550322e-01 -5.302051e+00 5.654912e+01 -4.363922e-01 5.358372e-01 -5.274913e-01 2.759507e-01 2.048687e-01 -5.771954e-01 5.732835e-01 -5.483440e-01 3.983946e-01 -5.690298e-01 -4.774962e-02 -1.108594e-02 2.957997e-01 -3.337847e-01 4.505262e-01 -3.581826e-01 2.632977e-01 7.701671e-02 -6.302306e-02 3.617147e-01 -1.804821e-01 3.236987e-01 -2.348963e-01 1.108962e-01 -6.072554e-02 1.760156e-01
<VARIANCE> 39
 8.448625e-01 1.706921e+00 5.350195e+00 8.413254e+00 7.181561e+00 8.004713e+00 9.474170e+00 1.705574e+01 1.247764e+01 8.254794e+00 1.123176e+01 1.499798e+01 3.205922e-01 5.463100e-01 1.176273e+00 9.181724e-01 8.897991e-01 8.103532e-01 1.168252e+00 2.360161e+00 1.805108e+00 2.756774e+00 1.351102e+00 1.488747e+00 1.740647e+00 1.301486e-01 9.702048e-02 2.736790e-01 1.738871e-01 1.452515e-01 1.734940e-01 2.664161e-01 4.464327e-01 4.094091e-01 4.909694e-01 2.266008e-01 2.987727e-01 4.013724e-01 2.008086e-02
<GCONST> 7.428305e+01
<STATE> 3
<MEAN> 39
 -2.376400e+01 1.975592e+00 -9.195349e+00 3.741589e-01 4.455811e-01 -7.469038e+00 7.714487e+00 -1.159895e+01 7.599833e+00 -1.236335e+01 2.859927e+00 -7.285089e+00 5.985987e+01 -2.096736e+00 3.121207e+00 -2.112701e+00 1.910551e+00 3.880528e-02 -7.615303e-01 1.909392e+00 -1.214224e+00 1.526991e+00 -6.025704e-01 8.715510e-01 5.132964e-01 1.167869e+00 6.887317e-02 -1.348734e-01 1.496193e-01 -3.911169e-02 7.711858e-02 -8.365622e-02 -2.638661e-01 3.425308e-01 -5.473516e-01 6.385702e-01 -1.252554e-01 4.304991e-01 7.195347e-03
<VARIANCE> 39
 6.778350e+00 1.664715e+01 1.220096e+01 1.411956e+01 1.909010e+01 1.527592e+01 2.203997e+01 2.820504e+01 2.339027e+01 3.071596e+01 3.849844e+01 2.605661e+01 2.376971e+00 6.016761e-01 1.351696e+00 1.289719e+00 6.455335e-01 2.012936e+00 1.320235e+00 3.005145e+00 3.013309e+00 2.517499e+00 2.726775e+00 3.191018e+00 2.760648e+00 2.308636e-01 1.341302e-01 3.768423e-01 2.081356e-01 2.758547e-01 3.086867e-01 2.382878e-01 6.248873e-01 6.478745e-01 5.486590e-01 3.429666e-01 5.830684e-01 3.701349e-01 4.992505e-02
<GCONST> 9.788376e+01
<STATE> 4
<MEAN> 39
 -2.867957e+01 9.229390e+00 -1.349265e+01 3.298316e+00 3.296571e+00 -1.201194e+01 1.134431e+01 -1.141494e+01 5.678792e+00 -7.930552e+00 2.301800e+00 -9.082156e-01 6.342382e+01 1.153594e+00 3.727572e-01 4.085765e-01 -3.721701e-01 2.273828e-03 -7.711740e-01 -9.860387e-01 -4.585391e-02 -6.062151e-01 5.129021e-01 -4.553055e-01 6.274684e-03 4.621598e-01 1.227696e+00 -3.530047e-01 6.125668e-01 -5.025146e-01 -3.095721e-01 1.408744e-02 -1.023986e+00 -1.915548e-01 -1.779203e-01 -9.801871e-02 -1.573323e-01 -5.814475e-01 3.901529e-02
<VARIANCE> 39
 8.269314e+00 1.419409e+01 9.477347e+00 1.867664e+01 2.226348e+01 1.163141e+01 1.279097e+01 1.794498e+01 2.890229e+01 4.133830e+01 3.340523e+01 2.827947e+01 2.788710e+00 6.158862e+00 1.733892e+00 2.222945e+00 1.219301e+00 1.779854e+00 1.534501e+00 4.773934e+00 3.075575e+00 2.927301e+00 2.583539e+00 3.561897e+00 2.859487e+00 5.637096e-01 2.151539e-01 5.475235e-01 2.500663e-01 1.335195e-01 3.496372e-01 3.246889e-01 5.848479e-01 6.398314e-01 7.736008e-01 4.334273e-01 7.943621e-01 3.979147e-01 2.080564e-01
<GCONST> 1.058900e+02
<STATE> 5
<MEAN> 39
 -9.500951e+00 1.000622e+01 -5.797091e+00 -1.902521e+00 -1.168707e+00 -1.491034e+01 -5.199334e+00 -1.593689e+01 2.498148e+00 -8.513788e+00 7.859592e-01 -8.412127e+00 6.792163e+01 3.891874e+00 4.427812e-01 1.326931e+00 -1.002950e+00 -6.226509e-01 1.227270e-02 -2.969058e+00 -1.363338e+00 -1.279161e+00 2.869871e-01 5.097349e-01 -7.725878e-01 1.195399e+00 -7.034263e-01 -1.060411e-01 -9.758249e-02 3.215210e-01 2.353483e-01 3.434184e-01 8.101902e-01 1.455288e-01 -1.335483e-01 -1.762361e-02 3.196714e-01 4.154432e-01 -2.869517e-01
<VARIANCE> 39
 3.963095e+01 1.999516e+01 4.334891e+01 2.710778e+01 5.473903e+01 3.459610e+01 6.903162e+01 6.008949e+01 4.182085e+01 1.540664e+02 4.081189e+01 3.822865e+01 2.349348e+01 3.118884e+00 2.349819e+00 2.426861e+00 2.412121e+00 4.225155e+00 4.764241e+00 7.890875e+00 4.909868e+00 4.000700e+00 5.279671e+00 5.700415e+00 4.900590e+00 1.369440e+00 4.783347e-01 4.020421e-01 4.066620e-01 3.641370e-01 5.658108e-01 7.663211e-01 1.023918e+00 9.115689e-01 8.230282e-01 8.486057e-01 5.352911e-01 6.277244e-01 2.901819e-01
<GCONST> 1.305409e+02
<STATE> 6
<MEAN> 39
 -1.074989e+00 9.255731e+00 1.724470e+00 -2.761080e+00 -3.426379e+00 -1.308529e+01 -6.935695e+00 -1.590611e+01 -4.585576e+00 -5.900044e+00 4.016315e+00 -7.815518e+00 6.748379e+01 3.868369e-01 -2.806890e-01 1.184439e+00 4.581855e-03 -4.412173e-01 -3.267023e-02 1.699204e-01 7.299880e-01 -7.990900e-01 3.638676e-02 -1.077750e-01 -2.440490e-01 -4.542042e-01 -1.922609e-01 -9.884816e-02 5.201041e-02 2.948530e-02 -1.502085e-01 -1.702358e-01 2.201859e-02 1.593859e-01 5.180039e-02 2.532061e-02 -9.523703e-02 -1.690801e-02 9.881103e-04
<VARIANCE> 39
 9.310760e+00 1.083304e+01 3.222380e+01 2.128601e+01 4.786524e+01 2.556230e+01 4.328826e+01 5.087589e+01 2.109167e+01 6.358973e+01 7.893353e+01 4.164028e+01 7.768939e+00 2.354079e-01 4.318928e-01 7.794943e-01 1.165190e+00 1.486153e+00 1.001589e+00 2.001015e+00 1.715620e+00 2.013154e+00 2.228290e+00 2.032800e+00 1.121889e+00 1.457744e-01 4.996389e-02 8.559860e-02 9.200277e-02 1.438071e-01 3.947966e-01 2.142694e-01 2.809954e-01 4.248977e-01 3.701341e-01 3.741223e-01 4.265210e-01 3.089460e-01 3.309213e-02
<GCONST> 9.283910e+01
<STATE> 7
<MEAN> 39
 -6.885324e-01 4.958972e+00 1.093969e+01 -1.766904e+00 -1.106773e+01 -1.526962e+01 -6.218217e+00 -1.234407e+01 -1.046807e+01 -4.350831e+00 2.778911e+00 -9.940222e+00 6.633894e+01 -5.228374e-01 -1.840397e+00 3.205243e+00 -1.146766e-01 -3.745165e+00 -6.776418e-01 -3.261515e-02 1.861139e-02 -2.112897e+00 1.703329e+00 1.083127e+00 3.381476e-01 9.014240e-01 -2.319449e-01 -1.590264e-01 3.237707e-01 -2.832011e-01 -4.144780e-01 1.829438e-01 -4.887971e-02 -2.360609e-01 -5.065448e-02 2.028003e-01 2.731998e-01 3.352475e-01 3.684837e-01
<VARIANCE> 39
 5.523567e+00 1.632119e+01 3.944596e+01 4.238681e+01 7.861210e+01 3.505449e+01 2.491193e+01 4.117325e+01 6.832119e+01 4.160344e+01 6.602849e+01 2.510349e+01 5.473067e+00 4.587828e-01 1.474266e+00 3.120056e+00 1.309741e+00 5.487416e+00 3.391185e+00 1.504343e+00 4.532154e+00 1.123011e+01 8.023013e+00 3.810692e+00 3.722933e+00 6.026089e-01 6.885271e-02 3.174735e-01 5.962187e-01 3.900093e-01 1.364294e+00 6.837843e-01 2.321500e-01 4.706649e-01 1.435364e+00 7.343828e-01 7.985336e-01 2.820409e-01 8.346172e-02
<GCONST> 1.165403e+02
<STATE> 8
<MEAN> 39
 -4.560708e+00 -9.054005e-01 2.472972e+01 -5.587834e+00 -2.106013e+01 -1.446065e+01 -7.131059e+00 -9.323844e+00 -1.998454e+01 -2.756103e-01 8.285153e+00 -4.906725e+00 7.190139e+01 -3.330628e-01 -6.963512e-01 1.623917e-01 1.205269e-01 -6.490011e-01 -3.268202e-01 2.291372e-02 5.310781e-01 2.585207e-01 -6.856927e-01 -8.798808e-02 1.414384e+00 4.551377e-01 2.369067e-01 1.738691e-01 -7.382370e-01 2.806013e-01 7.354954e-01 -8.015518e-02 -3.636110e-02 1.791480e-01 4.267376e-01 -4.519064e-01 -3.376153e-01 -6.896664e-02 -2.841085e-01
<VARIANCE> 39
 7.037594e+00 1.569893e+01 1.295754e+02 5.311776e+01 1.043587e+02 8.919946e+01 4.327021e+01 1.350817e+02 2.869887e+02 1.081644e+02 9.351558e+01 4.776149e+01 7.711560e+00 8.676301e-01 8.208426e-01 4.722174e+00 4.027429e+00 2.680651e+00 4.561325e+00 2.705201e+00 3.331123e+00 4.433667e+00 3.347108e+00 2.748141e+00 2.206468e+00 6.408812e-01 9.584903e-02 2.463734e-01 3.998478e-01 4.451499e-01 6.389968e-01 8.080188e-01 5.515653e-01 7.194673e-01 1.149213e+00 7.171387e-01 6.286259e-01 5.028046e-01 7.765136e-02
<GCONST> 1.242261e+02
<STATE> 9
<MEAN> 39
 -2.855909e+00 -3.565781e+00 1.568365e+01 -1.563381e+00 -1.754632e+01 -1.642395e+01 -8.833881e+00 -9.076087e+00 -8.418176e+00 -6.358064e+00 3.089518e+00 -1.001801e+00 7.001414e+01 6.561649e-01 -2.248088e-01 -2.310872e+00 -2.303396e-01 2.709934e+00 4.484469e-01 -1.344301e+00 -4.040706e-01 1.773449e+00 6.318977e-01 -1.034241e+00 -8.309422e-01 -3.174367e-01 6.276485e-02 -2.404023e-02 -2.954316e-01 -3.675911e-01 1.608350e-01 2.526658e-01 -6.983458e-02 -3.679306e-01 7.872928e-02 6.095868e-01 9.155669e-03 -3.867366e-01 1.164253e-01
<VARIANCE> 39
 4.789887e+00 7.225853e+00 9.175055e+01 2.735983e+01 1.231341e+02 4.395877e+01 3.001705e+01 1.149570e+02 1.316297e+02 7.945560e+01 7.888877e+01 3.233372e+01 4.515328e+00 2.679575e-01 1.027443e+00 1.498984e+00 2.102375e+00 1.089475e+00 2.589971e+00 1.854234e+00 2.929250e+00 4.675159e+00 5.264095e+00 2.929025e+00 2.954227e+00 2.063910e-01 2.633130e-02 1.719530e-01 1.362423e-01 2.271639e-01 2.788921e-01 5.714543e-01 4.190192e-01 5.360276e-01 2.938447e-01 6.006380e-01 5.404251e-01 4.729091e-01 3.977125e-02
<GCONST> 1.062437e+02
<STATE> 10
<MEAN> 39
 5.580018e-01 -4.028089e+00 1.377553e+00 -7.470509e+00 -3.359099e+00 -1.654721e+01 -1.449192e+01 -1.066933e+01 -2.965266e+00 2.692325e+00 -1.496295e+00 -7.201863e+00 7.082808e+01 3.565694e-01 -1.122636e+00 -2.134172e+00 -1.421355e+00 1.291716e+00 1.023454e+00 6.665954e-01 1.274001e+00 1.275471e+00 7.588310e-02 -1.911437e+00 -1.487232e+00 6.155107e-01 -1.698515e-01 -3.584704e-01 3.396395e-01 -1.396294e-02 -4.748167e-01 2.216279e-01 6.073821e-01 7.501526e-01 -2.687719e-01 -6.339751e-01 -3.108258e-01 1.171943e-01 1.891449e-01
<VARIANCE> 39
 4.294561e+00 3.085902e+01 6.133307e+01 4.446499e+01 7.766670e+01 7.145443e+01 2.416634e+01 6.976907e+01 4.957359e+01 9.587865e+01 1.480956e+02 3.687086e+01 7.510985e+00 3.160939e-01 2.176493e+00 1.593262e+00 1.853684e+00 2.237133e+00 3.585201e+00 2.812412e+00 5.411727e+00 2.194345e+00 4.594886e+00 3.870995e+00 2.445918e+00 4.197209e-01 3.966416e-02 1.996154e-01 1.430536e-01 3.587215e-01 3.145083e-01 2.002674e-01 3.783395e-01 3.526855e-01 3.300687e-01 6.409351e-01 6.378175e-01 5.592555e-01 2.742767e-02
<GCONST> 1.100513e+02
<STATE> 11
<MEAN> 39
 8.580410e-02 -1.438301e+01 -3.407985e+00 -1.201147e+01 -6.363297e+00 -2.119199e+00 -6.484549e+00 -2.108964e+00 3.744211e+00 -2.133362e+00 -1.024260e+01 -9.809300e+00 7.531011e+01 -2.295221e-01 -1.143770e+00 -2.461996e-01 1.111601e-02 -5.482414e-02 5.559714e-01 1.187754e+00 1.509655e+00 -8.607178e-02 -1.195772e+00 -9.030567e-01 1.092563e+00 5.194284e-01 -2.338472e-02 4.797304e-01 3.626434e-01 3.173763e-01 -1.135330e-02 -5.813550e-01 -2.249045e-01 -4.675230e-01 -1.817943e-01 1.996216e-01 6.229122e-01 3.616751e-01 -2.487345e-01
<VARIANCE> 39
 4.845737e+00 1.435156e+01 6.592143e+01 1.032406e+01 1.530736e+02 1.331974e+02 3.518933e+01 1.400574e+02 7.998402e+01 7.111177e+01 9.104048e+01 8.076947e+01 6.877090e+00 2.159318e-01 1.720203e+00 1.289132e+00 1.286037e+00 8.537300e-01 3.795301e+00 2.451363e+00 1.910866e+00 1.502319e+00 2.421022e+00 2.343698e+00 2.163621e+00 3.634466e-01 4.482902e-02 1.729653e-01 2.116277e-01 2.710326e-01 1.374819e-01 3.076361e-01 3.279209e-01 3.486433e-01 2.297427e-01 3.590019e-01 3.209549e-01 4.335232e-01 3.503854e-02
<GCONST> 1.036139e+02
<STATE> 12
<MEAN> 39
 -1.090856e+00 -1.431058e+01 -4.719217e+00 -8.951969e+00 -2.626852e+00 -1.593321e+01 -4.705994e-01 4.562730e+00 -4.210860e+00 -9.623232e+00 -1.066917e+01 -2.926883e+00 7.516396e+01 -8.387081e-02 7.626282e-01 7.734240e-01 7.232796e-01 -4.168137e-01 -3.156371e-01 1.673701e-01 -5.839115e-01 -2.663895e-01 -3.086763e-01 7.340374e-01 4.418459e-01 -5.605918e-01 1.068866e-02 4.555320e-01 1.856304e-01 1.341164e-01 3.564072e-02 1.307168e-01 -3.868650e-01 -4.688271e-01 -5.047787e-02 1.717649e-02 3.565038e-02 -2.113853e-01 -2.314889e-01
<VARIANCE> 39
 4.379428e+00 1.757409e+01 3.560197e+01 5.806434e+00 5.116245e+01 1.203909e+02 3.063268e+01 1.080704e+02 8.260613e+01 6.361136e+01 4.944894e+01 5.353477e+01 9.825095e+00 1.099512e-01 1.653610e+00 8.135930e-01 6.398914e-01 1.428987e+00 1.396428e+00 2.037591e+00 2.819916e+00 1.259595e+00 9.266507e-01 1.380563e+00 1.312663e+00 5.228303e-01 2.491872e-02 1.065054e-01 9.655740e-02 7.721499e-02 2.091320e-01 2.103142e-01 3.244339e-01 2.937476e-01 2.591791e-01 2.452121e-01 2.965624e-01 2.246304e-01 4.280791e-02
<GCONST> 9.217728e+01
<STATE> 13
<MEAN> 39
 -1.037699e+00 -5.474464e+00 3.299003e+00 -4.540893e+00 -4.914851e+00 -9.842365e+00 -6.361410e+00 -6.386649e+00 -1.560913e+00 -9.428337e+00 -7.413949e+00 -4.286014e+00 6.985970e+01 -5.491042e-02 2.355995e+00 1.133117e+00 7.550934e-01 2.081766e-01 -2.565765e-01 -1.036407e+00 -1.613856e+00 -4.864143e-01 -7.832744e-01 3.215508e-01 -4.017017e-01 -1.092517e+00 1.435433e-03 -2.008845e-01 -2.254642e-01 -2.239488e-01 4.279977e-02 1.119555e-01 2.557245e-01 3.704331e-01 1.314259e-01 -6.941282e-02 -1.462868e-01 -1.470984e-01 1.481266e-01
<VARIANCE> 39
 2.709267e+00 1.277649e+01 2.764217e+01 7.821435e+00 2.744912e+01 5.659177e+01 2.490810e+01 4.659730e+01 5.565795e+01 3.301024e+01 7.025719e+01 5.579675e+01 4.640286e+00 1.977863e-01 3.855203e-01 6.198403e-01 1.125072e+00 2.986017e+00 2.895676e+00 1.863303e+00 2.228795e+00 2.292256e+00 1.696405e+00 1.215213e+00 1.060266e+00 1.412910e-01 2.886337e-02 5.689559e-02 3.441124e-02 1.165690e-01 2.742961e-01 2.725346e-01 2.288297e-01 2.621378e-01 1.503686e-01 1.360638e-01 1.932826e-01 1.487231e-01 1.133569e-02
<GCONST> 8.337276e+01
<STATE> 14
<MEAN> 39
 -1.388208e+00 3.040831e+00 3.935139e+00 -4.413056e+00 -4.971446e+00 -1.250829e+01 -8.330775e+00 -1.001741e+01 -6.582480e+00 -1.645870e+01 -1.049857e+01 -9.716197e+00 6.575947e+01 -4.843533e-01 8.834348e-01 2.444165e-01 4.998296e-01 6.703693e-01 7.080480e-01 2.002513e-01 -7.070497e-01 -4.386684e-01 -5.893612e-01 2.191931e-01 -2.786271e-01 -6.871175e-01 -1.382162e-01 -2.583867e-01 -9.300817e-02 7.903540e-02 1.832209e-01 9.481600e-02 1.690762e-01 8.119710e-02 -2.418523e-02 1.190457e-01 9.517442e-02 7.975494e-02 -7.197077e-03
<VARIANCE> 39
 4.510842e+00 1.366513e+01 8.149605e+00 6.017743e+00 1.031565e+01 2.139109e+01 8.918777e+00 3.146513e+01 3.363575e+01 4.171481e+01 4.460090e+01 4.198958e+01 5.601706e+00 1.379921e-01 5.311304e-01 4.379900e-01 5.387394e-01 7.332812e-01 1.227646e+00 9.374551e-01 6.912071e-01 1.585782e+00 2.241405e+00 1.495378e+00 1.158055e+00 6.471186e-02 1.276661e-02 2.956462e-02 2.359715e-02 8.096486e-02 1.139913e-01 2.620555e-01 2.236466e-01 1.482123e-01 2.105252e-01 3.853433e-01 2.943230e-01 1.898595e-01 7.656747e-03
<GCONST> 7.038408e+01
<STATE> 15
<MEAN> 39
 -5.102161e+00 3.492051e+00 6.495728e+00 1.930403e+00 4.007710e+00 -3.794389e+00 -2.238240e+00 -5.749203e+00 6.032797e-01 -1.162906e+01 -3.717841e+00 -3.954798e+00 6.300871e+01 -7.766730e-01 2.890303e-01 -2.442322e-01 2.387920e-01 5.512829e-01 2.483372e-01 5.027197e-01 2.591124e-01 4.511021e-02 9.543870e-02 3.168692e-01 -7.763333e-02 -8.247215e-01 -6.263255e-02 -1.775489e-01 -9.452901e-02 -1.793547e-01 -2.705905e-01 -8.293387e-02 -1.394647e-02 -1.507498e-02 2.413635e-02 1.460724e-01 3.459170e-02 -3.601162e-03 3.103026e-02
<VARIANCE> 39
 6.154424e+00 5.906496e+00 9.089746e+00 8.598162e+00 2.016497e+01 2.304588e+01 2.313708e+01 5.414599e+01 3.205117e+01 2.974687e+01 1.960635e+01 1.657049e+01 5.415205e+00 1.764536e-01 7.223505e-01 4.599033e-01 7.375018e-01 1.180330e+00 5.169803e-01 1.029368e+00 1.930596e+00 8.485340e-01 1.643851e+00 1.369983e+00 1.752220e+00 4.349865e-02 1.443400e-02 5.126909e-02 7.579087e-02 1.137710e-01 7.242726e-02 1.111975e-01 1.691765e-01 3.168870e-01 1.576563e-01 2.672699e-01 1.774995e-01 3.426190e-01 5.634982e-03
<GCONST> 7.150617e+01
<STATE> 16
<MEAN> 39
 -9.765724e+00 3.583471e+00 3.965006e+00 -2.123994e+00 -3.846502e-01 -6.463690e+00 -3.144732e+00 -1.269135e+01 -8.558098e+00 -1.529399e+01 -4.578864e+00 -9.469330e+00 5.917774e+01 -8.257838e-01 -4.314375e-01 -1.021854e-01 -7.289038e-02 2.733001e-01 6.146237e-01 7.208592e-01 -2.112007e-01 -4.819642e-01 -6.294000e-02 2.460533e-01 -1.463875e-01 -4.157744e-01 7.187034e-02 -7.543974e-02 -1.609631e-02 9.655794e-02 1.726714e-01 9.911586e-02 4.549770e-02 1.172118e-01 4.526466e-02 -1.071300e-01 -1.565670e-01 1.221577e-01 8.008879e-02
<VARIANCE> 39
 3.907749e+00 9.940786e+00 1.567100e+01 1.225486e+01 1.057170e+01 1.741270e+01 1.538617e+01 1.963087e+01 7.706850e+01 3.485770e+01 2.648954e+01 3.037311e+01 1.166445e+00 1.135430e-01 4.199156e-01 8.126747e-01 5.680834e-01 9.245104e-01 9.269863e-01 1.577980e+00 1.405802e+00 2.090371e+00 1.729027e+00 1.419597e+00 2.641121e+00 4.325160e-02 2.170110e-02 8.720947e-02 1.530162e-01 8.485662e-02 1.322021e-01 2.111514e-01 2.990997e-01 2.200980e-01 4.088728e-01 3.166865e-01 2.500845e-01 4.740473e-01 8.202082e-03
<GCONST> 7.665969e+01
<STATE> 17
<MEAN> 39
 -1.411077e+01 -9.293171e-01 4.201762e+00 4.131866e+00 9.753942e+00 3.266690e+00 4.840933e+00 -8.312658e+00 -7.191905e+00 -1.524840e+01 -4.786427e+00 -6.653046e+00 5.750034e+01 -4.573871e-01 -7.441224e-01 -3.740902e-01 8.424406e-02 6.017525e-01 7.643237e-01 5.486445e-01 3.062979e-01 -8.953452e-02 -2.107384e-01 -3.726371e-01 -2.057667e-01 -1.396721e-01 8.425605e-03 1.267165e-03 -4.856038e-02 -7.456335e-02 -1.133477e-01 -1.206611e-01 -5.525218e-02 6.898275e-02 7.405324e-02 8.683461e-02 3.441629e-03 -8.940928e-02 2.546922e-03
<VARIANCE> 39
 4.564570e+00 5.426352e+00 5.788376e+00 1.711004e+01 2.079947e+01 2.109370e+01 2.601724e+01 2.397618e+01 4.465705e+01 3.167347e+01 3.481638e+01 2.440265e+01 7.193995e-01 2.167396e-01 4.392344e-01 5.608917e-01 8.534772e-01 1.243927e+00 1.183879e+00 1.168240e+00 1.542306e+00 2.650526e+00 1.671887e+00 1.306769e+00 1.459201e+00 3.716389e-02 3.249551e-02 6.307344e-02 7.263188e-02 1.258205e-01 1.972250e-01 1.752117e-01 2.411299e-01 2.898590e-01 4.968645e-01 3.344515e-01 2.700050e-01 2.694785e-01 5.268204e-03
<GCONST> 7.582845e+01
<STATE> 18
<MEAN> 39
 -1.608627e+01 -4.614316e+00 -1.093262e+00 -2.897010e+00 2.943088e+00 -1.826576e+00 2.517167e+00 -6.464887e+00 -3.611046e+00 -1.039799e+01 -2.681683e+00 -7.865137e+00 5.688930e+01 -5.066453e-01 -5.428528e-01 -3.329597e-01 -1.895124e-01 -4.369433e-01 -1.170809e-01 2.930112e-01 6.363876e-01 9.655911e-01 1.053536e+00 6.268498e-01 1.760127e-01 -1.807076e-01 4.778556e-02 1.007239e-01 1.260837e-01 5.879445e-03 -2.725543e-02 4.156389e-02 -1.302521e-02 2.154241e-02 9.574990e-02 8.393473e-02 1.367184e-01 8.748571e-03 1.773346e-02
<VARIANCE> 39
 2.356288e+00 2.937226e+00 7.476091e+00 1.772307e+01 3.629924e+01 4.999488e+01 3.357937e+01 3.120408e+01 3.315470e+01 3.148524e+01 1.236280e+01 7.572603e+00 5.972342e-01 1.117994e-01 2.410576e-01 3.862079e-01 5.258038e-01 8.965389e-01 2.357078e+00 1.377268e+00 1.556536e+00 2.467176e+00 1.952934e+00 1.568310e+00 8.869966e-01 3.885266e-02 1.221879e-02 4.032145e-02 7.816893e-02 9.078599e-02 1.940635e-01 4.686760e-01 2.174680e-01 2.725984e-01 4.621035e-01 3.427917e-01 2.988780e-01 1.805611e-01 6.709932e-03
<GCONST> 7.133549e+01
<STATE> 19
<MEAN> 39
 -1.885686e+01 -6.936687e+00 -8.722963e-01 -1.223107e+00 5.825381e+00 2.172401e+00 6.344552e+00 -3.920048e+00 1.532511e-01 -9.023796e+00 -2.243947e+00 -9.010898e+00 5.598089e+01 -2.996581e-01 -2.365439e-01 -2.870886e-02 1.198294e-01 5.760450e-01 4.863234e-01 4.514968e-02 -1.891450e-01 7.533914e-02 -5.714770e-02 -1.247639e-01 -2.778468e-01 -1.312294e-01 3.406812e-02 -3.381591e-02 -1.091258e-01 -1.360395e-02 1.049194e-01 2.081089e-01 6.252166e-02 -1.431157e-01 -2.893767e-01 -1.261012e-01 -1.306923e-01 -7.739702e-02 -1.421079e-02
<VARIANCE> 39
 4.979563e+00 5.639925e+00 1.239408e+01 2.917838e+01 4.370494e+01 3.551994e+01 4.192408e+01 4.277094e+01 5.212463e+01 6.978804e+01 5.326470e+01 2.022378e+01 8.229289e-01 2.386920e-01 3.892218e-01 6.669340e-01 9.892641e-01 1.475552e+00 2.726610e+00 2.831949e+00 4.074417e+00 2.723343e+00 1.888489e+00 1.695494e+00 1.288700e+00 7.082973e-02 4.564860e-02 9.570278e-02 2.154364e-01 2.821827e-01 2.795006e-01 2.322189e-01 3.109982e-01 8.120035e-01 5.423656e-01 4.825556e-01 4.050058e-01 2.263713e-01 1.199071e-02
<GCONST> 9.104803e+01
<TRANSP> 20
 0.000000e+00 1.000000e+00 0.000000e+00 0.000000e+00 0.000000e+00 0.000000e+00 0.000000e+00 0.000000e+00 0.000000e+00 0.000000e+00 0.000000e+00 0.000000e+00 0.000000e+00 0.000000e+00 0.000000e+00 0.000000e+00 0.000000e+00 0.000000e+00 0.000000e+00 0.000000e+00
 0.000000e+00 8.181682e-01 1.818319e-01 0.000000e+00 0.000000e+00 0.000000e+00 0.000000e+00 0.000000e+00 0.000000e+00 0.000000e+00 0.000000e+00 0.000000e+00 0.000000e+00 0.000000e+00 0.000000e+00 0.000000e+00 0.000000e+00 0.000000e+00 0.000000e+00 0.000000e+00
 0.000000e+00 0.000000e+00 6.933603e-01 3.066397e-01 0.000000e+00 0.000000e+00 0.000000e+00 0.000000e+00 0.000000e+00 0.000000e+00 0.000000e+00 0.000000e+00 0.000000e+00 0.000000e+00 0.000000e+00 0.000000e+00 0.000000e+00 0.000000e+00 0.000000e+00 0.000000e+00
 0.000000e+00 0.000000e+00 0.000000e+00 8.057175e-01 1.942825e-01 0.000000e+00 0.000000e+00 0.000000e+00 0.000000e+00 0.000000e+00 0.000000e+00 0.000000e+00 0.000000e+00 0.000000e+00 0.000000e+00 0.000000e+00 0.000000e+00 0.000000e+00 0.000000e+00 0.000000e+00
 0.000000e+00 0.000000e+00 0.000000e+00 0.000000e+00 7.747973e-01 2.252027e-01 0.000000e+00 0.000000e+00 0.000000e+00 0.000000e+00 0.000000e+00 0.000000e+00 0.000000e+00 0.000000e+00 0.000000e+00 0.000000e+00 0.000000e+00 0.000000e+00 0.000000e+00 0.000000e+00
 0.000000e+00 0.000000e+00 0.000000e+00 0.000000e+00 0.000000e+00 8.837854e-01 1.162147e-01 0.000000e+00 0.000000e+00 0.000000e+00 0.000000e+00 0.000000e+00 0.000000e+00 0.000000e+00 0.000000e+00 0.000000e+00 0.000000e+00 0.000000e+00 0.000000e+00 0.000000e+00
 0.000000e+00 0.000000e+00 0.000000e+00 0.000000e+00 0.000000e+00 0.000000e+00 7.291941e-01 2.708059e-01 0.000000e+00 0.000000e+00 0.000000e+00 0.000000e+00 0.000000e+00 0.000000e+00 0.000000e+00 0.000000e+00 0.000000e+00 0.000000e+00 0.000000e+00 0.000000e+00
 0.000000e+00 0.000000e+00 0.000000e+00 0.000000e+00 0.000000e+00 0.000000e+00 0.000000e+00 8.320027e-01 1.679973e-01 0.000000e+00 0.000000e+00 0.000000e+00 0.000000e+00 0.000000e+00 0.000000e+00 0.000000e+00 0.000000e+00 0.000000e+00 0.000000e+00 0.000000e+00
 0.000000e+00 0.000000e+00 0.000000e+00 0.000000e+00 0.000000e+00 0.000000e+00 0.000000e+00 0.000000e+00 8.005236e-01 1.994764e-01 0.000000e+00 0.000000e+00 0.000000e+00 0.000000e+00 0.000000e+00 0.000000e+00 0.000000e+00 0.000000e+00 0.000000e+00 0.000000e+00
 0.000000e+00 0.000000e+00 0.000000e+00 0.000000e+00 0.000000e+00 0.000000e+00 0.000000e+00 0.000000e+00 0.000000e+00 7.954569e-01 2.045432e-01 0.000000e+00 0.000000e+00 0.000000e+00 0.000000e+00 0.000000e+00 0.000000e+00 0.000000e+00 0.000000e+00 0.000000e+00
 0.000000e+00 0.000000e+00 0.000000e+00 0.000000e+00 0.000000e+00 0.000000e+00 0.000000e+00 0.000000e+00 0.000000e+00 0.000000e+00 7.886732e-01 2.113268e-01 0.000000e+00 0.000000e+00 0.000000e+00 0.000000e+00 0.000000e+00 0.000000e+00 0.000000e+00 0.000000e+00
 0.000000e+00 0.000000e+00 0.000000e+00 0.000000e+00 0.000000e+00 0.000000e+00 0.000000e+00 0.000000e+00 0.000000e+00 0.000000e+00 0.000000e+00 8.215762e-01 1.784238e-01 0.000000e+00 0.000000e+00 0.000000e+00 0.000000e+00 0.000000e+00 0.000000e+00 0.000000e+00
 0.000000e+00 0.000000e+00 0.000000e+00 0.000000e+00 0.000000e+00 0.000000e+00 0.000000e+00 0.000000e+00 0.000000e+00 0.000000e+00 0.000000e+00 0.000000e+00 7.324212e-01 2.675788e-01 0.000000e+00 0.000000e+00 0.000000e+00 0.000000e+00 0.000000e+00 0.000000e+00
 0.000000e+00 0.000000e+00 0.000000e+00 0.000000e+00 0.000000e+00 0.000000e+00 0.000000e+00 0.000000e+00 0.000000e+00 0.000000e+00 0.000000e+00 0.000000e+00 0.000000e+00 7.857581e-01 2.142419e-01 0.000000e+00 0.000000e+00 0.000000e+00 0.000000e+00 0.000000e+00
 0.000000e+00 0.000000e+00 0.000000e+00 0.000000e+00 0.000000e+00 0.000000e+00 0.000000e+00 0.000000e+00 0.000000e+00 0.000000e+00 0.000000e+00 0.000000e+00 0.000000e+00 0.000000e+00 8.201753e-01 1.798247e-01 0.000000e+00 0.000000e+00 0.000000e+00 0.000000e+00
 0.000000e+00 0.000000e+00 0.000000e+00 0.000000e+00 0.000000e+00 0.000000e+00 0.000000e+00 0.000000e+00 0.000000e+00 0.000000e+00 0.000000e+00 0.000000e+00 0.000000e+00 0.000000e+00 0.000000e+00 8.251019e-01 1.748982e-01 0.000000e+00 0.000000e+00 0.000000e+00
 0.000000e+00 0.000000e+00 0.000000e+00 0.000000e+00 0.000000e+00 0.000000e+00 0.000000e+00 0.000000e+00 0.000000e+00 0.000000e+00 0.000000e+00 0.000000e+00 0.000000e+00 0.000000e+00 0.000000e+00 0.000000e+00 8.481190e-01 1.518811e-01 0.000000e+00 0.000000e+00
 0.000000e+00 0.000000e+00 0.000000e+00 0.000000e+00 0.000000e+00 0.000000e+00 0.000000e+00 0.000000e+00 0.000000e+00 0.000000e+00 0.000000e+00 0.000000e+00 0.000000e+00 0.000000e+00 0.000000e+00 0.000000e+00 0.000000e+00 8.062369e-01 1.937631e-01 0.000000e+00
 0.000000e+00 0.000000e+00 0.000000e+00 0.000000e+00 0.000000e+00 0.000000e+00 0.000000e+00 0.000000e+00 0.000000e+00 0.000000e+00 0.000000e+00 0.000000e+00 0.000000e+00 0.000000e+00 0.000000e+00 0.000000e+00 0.000000e+00 0.000000e+00 7.541671e-01 2.458328e-01
 0.000000e+00 0.000000e+00 0.000000e+00 0.000000e+00 0.000000e+00 0.000000e+00 0.000000e+00 0.000000e+00 0.000000e+00 0.000000e+00 0.000000e+00 0.000000e+00 0.000000e+00 0.000000e+00 0.000000e+00 0.000000e+00 0.000000e+00 0.000000e+00 0.000000e+00 0.000000e+00
<ENDHMM>
