~o
<STREAMINFO> 1 39
<VECSIZE> 39<NULLD><MFCC_D_A_0><DIAGC>
~h "delapan"
<BEGINHMM>
<NUMSTATES> 20
<STATE> 2
<MEAN> 39
 -1.703361e+01 -6.066395e+00 -1.353896e+00 -2.534718e+00 2.483027e+00 -3.307010e+00 1.535664e+00 -5.501649e+00 8.105762e-02 -8.035426e+00 -1.473582e+00 -6.790432e+00 5.670864e+01 8.293709e-01 1.244325e+00 1.350821e+00 1.085601e+00 6.024784e-01 -5.165193e-02 -4.212732e-01 -3.387076e-01 -3.473905e-01 -8.381056e-01 -6.187012e-01 -2.974269e-01 3.783089e-01 5.485107e-01 5.307827e-01 5.292596e-01 2.323178e-01 -9.170811e-02 -2.863800e-01 -5.202463e-01 -4.086384e-01 -2.501878e-01 -1.107281e-01 -3.607385e-02 9.600444e-03 3.085785e-01
<VARIANCE> 39
 1.821848e+00 2.980156e+00 5.224425e+00 6.116093e+00 7.623256e+00 9.140742e+00 1.350936e+01 1.678628e+01 1.309624e+01 1.694135e+01 1.388141e+01 9.760677e+00 4.597301e-01 1.059350e+00 1.510816e+00 2.247231e+00 1.268565e+00 1.204934e+00 1.480963e+00 2.219100e+00 2.508884e+00 2.288203e+00 2.407302e+00 1.862576e+00 1.085086e+00 2.547217e-01 1.705849e-01 1.433865e-01 2.512606e-01 2.001976e-01 3.409255e-01 3.702490e-01 6.208870e-01 5.851407e-01 4.724237e-01 7.048618e-01 4.512541e-01 2.913614e-01 6.795076e-02
<GCONST> 8.529118e+01
<STATE> 3
<MEAN> 39
 -7.820454e+00 5.015637e+00 9.035579e+00 3.271080e+00 2.357349e+00 -6.819954e+00 -4.202164e+00 -1.206334e+01 -4.624324e+00 -1.057326e+01 -3.420106e+00 -7.902975e+00 6.116014e+01 2.149013e+00 1.220920e+00 1.053529e+00 -4.025181e-01 -1.947324e+00 -2.394835e+00 -2.328580e+00 -1.190629e+00 1.408794e-01 6.637154e-01 1.974613e-01 2.575666e-01 1.642775e+00 -8.010509e-02 -9.077505e-01 -7.091051e-01 -7.357790e-01 -6.077480e-01 -4.296618e-01 -2.488329e-01 4.535620e-01 7.569833e-01 6.613387e-01 2.513988e-01 2.557517e-01 2.760381e-01
<VARIANCE> 39
 1.695220e+01 1.779074e+01 1.084030e+01 1.114421e+01 2.161700e+01 2.628881e+01 2.449205e+01 3.040951e+01 3.030901e+01 3.608969e+01 2.414068e+01 1.845172e+01 5.181509e+00 2.118765e+00 3.478557e+00 3.155020e+00 2.537118e+00 5.937230e+00 4.094551e+00 7.478809e+00 8.037067e+00 5.468861e+00 7.647683e+00 2.416734e+00 2.402700e+00 8.207998e-01 3.163963e-01 2.669697e-01 4.582635e-01 3.022744e-01 1.366594e+00 8.377118e-01 7.604619e-01 1.006955e+00 1.000083e+00 8.335784e-01 5.757905e-01 5.466381e-01 1.373948e-01
<GCONST> 1.186348e+02
<STATE> 4
<MEAN> 39
 -1.293031e+00 -2.018219e+00 5.318236e+00 -5.357582e+00 -8.944081e+00 -1.611733e+01 -1.642438e+01 -1.231989e+01 5.136988e+00 -4.407239e+00 -4.330230e+00 -5.087409e+00 6.990388e+01 1.265364e+00 -2.017929e+00 -1.069518e+00 -1.337317e+00 -2.421717e-01 -1.545161e-02 -1.383395e+00 1.596712e-01 1.640640e+00 1.768146e+00 -3.992561e-01 1.540577e-01 1.672453e+00 -3.418724e-01 -1.145876e-01 -2.851156e-01 1.186697e-01 8.935709e-01 1.015912e+00 7.188287e-01 3.755733e-02 -4.448163e-01 -6.636851e-02 -1.038820e-01 -2.594067e-01 -3.272315e-01
<VARIANCE> 39
 7.018812e+00 2.973391e+01 6.853372e+01 3.006365e+01 1.296203e+02 6.305228e+01 8.262263e+01 8.669119e+01 8.584830e+01 1.274824e+02 6.612531e+01 5.272254e+01 8.959123e+00 1.029380e+00 2.033706e+00 4.372267e+00 3.250301e+00 1.145190e+01 9.024499e+00 4.766404e+00 5.618451e+00 7.472293e+00 3.678573e+00 4.394025e+00 4.544717e+00 1.114745e+00 1.896136e-01 5.369967e-01 8.724984e-01 4.209067e-01 8.412246e-01 1.015073e+00 9.313569e-01 1.069763e+00 7.873508e-01 9.823264e-01 4.606243e-01 6.936448e-01 9.783465e-02
<GCONST> 1.327487e+02
<STATE> 5
<MEAN> 39
 2.228303e+00 -7.445946e+00 -9.467120e-01 -1.101556e+01 1.990757e+00 -6.350620e+00 -1.669483e+01 -1.168742e+01 3.335303e+00 3.281743e+00 -1.711950e+00 -9.567923e+00 7.387881e+01 1.494141e-01 -5.103616e-01 -1.409227e+00 -1.335194e+00 1.038374e+00 1.888761e+00 7.668593e-01 2.247464e-01 -1.787358e-01 8.768102e-02 -8.611411e-01 -7.327328e-01 2.489166e-01 -1.049470e-01 4.927730e-02 4.696684e-02 8.280755e-02 -9.138438e-02 -5.685446e-02 2.171474e-01 1.802308e-01 -3.976331e-02 -4.196905e-01 -1.993796e-01 7.658070e-02 -6.225033e-02
<VARIANCE> 39
 1.854263e+00 1.960308e+01 6.187354e+01 3.904696e+01 1.586080e+02 8.686513e+01 3.770700e+01 1.338814e+02 9.288349e+01 6.421637e+01 2.054943e+02 4.348199e+01 4.589088e+00 1.990136e-01 1.276208e+00 1.547507e+00 8.983733e-01 1.080985e+00 1.398445e+00 2.229476e+00 3.962744e+00 2.630764e+00 3.438437e+00 3.153911e+00 2.088807e+00 1.964037e-01 3.187887e-02 2.527929e-01 1.548134e-01 2.297738e-01 1.755262e-01 3.091309e-01 1.930436e-01 5.892803e-01 4.308791e-01 2.450165e-01 4.881540e-01 3.184241e-01 4.849662e-02
<GCONST> 1.040628e+02
<STATE> 6
<MEAN> 39
 9.252418e-01 -1.171465e+01 -8.170015e+00 -1.679618e+01 3.623875e+00 3.097229e+00 -7.096960e+00 -8.662922e+00 2.619447e-01 -2.368194e-01 -1.018364e+01 -1.098188e+01 7.511568e+01 -9.705026e-02 -1.141310e-01 -3.490510e-01 -5.731976e-02 6.383133e-02 3.218879e-01 4.345022e-01 -2.122038e-01 -6.260825e-01 -2.064938e-01 1.844043e-01 -3.093875e-01 -1.131830e-01 3.495996e-02 3.845851e-01 2.396989e-01 1.052515e-01 -2.168182e-01 -3.530458e-01 -2.666834e-01 -2.522764e-01 7.123578e-02 2.744994e-01 4.327201e-01 -5.238946e-02 -1.863782e-01
<VARIANCE> 39
 1.490310e+00 8.866017e+00 4.940274e+01 1.110015e+01 1.501140e+02 1.161204e+02 4.221196e+01 1.729698e+02 1.245412e+02 4.252308e+01 7.472913e+01 3.799025e+01 9.297460e+00 1.338690e-01 1.056777e+00 7.840546e-01 8.938685e-01 1.676687e+00 1.249833e+00 1.547497e+00 9.783466e-01 1.264870e+00 2.468519e+00 1.560747e+00 1.519688e+00 1.937099e-01 3.365983e-02 9.059794e-02 1.645010e-01 2.006976e-01 2.570225e-01 1.935928e-01 2.218821e-01 3.275608e-01 2.326486e-01 4.540274e-01 2.169939e-01 3.227698e-01 2.237729e-02
<GCONST> 9.365509e+01
<STATE> 7
<MEAN> 39
 1.438441e+00 -7.942085e+00 -9.431436e+00 -1.696978e+01 9.247626e-01 1.283721e+00 -7.582632e+00 -1.202776e+01 1.493433e+00 1.839008e-01 -6.239278e+00 -1.289361e+01 7.217271e+01 -6.961985e-01 1.750055e+00 9.085782e-01 1.035730e+00 -5.403017e-01 -1.068296e+00 1.169275e-01 -7.058277e-02 -2.374158e-01 -6.404684e-01 1.066389e+00 4.714111e-01 -1.474667e+00 -4.630371e-01 -1.090155e-01 2.214323e-01 4.133289e-01 1.103797e-01 -2.625492e-02 1.571132e-01 1.206323e-01 -1.209308e-01 -5.187310e-01 -4.040873e-01 1.859853e-01 -2.729608e-01
<VARIANCE> 39
 1.190826e+00 1.258232e+01 3.713251e+01 9.340335e+00 6.885577e+01 9.993282e+01 5.263543e+01 1.367858e+02 7.557812e+01 2.607864e+01 8.880259e+01 5.284815e+01 9.310914e+00 5.205293e-01 4.043643e-01 1.241545e+00 8.801832e-01 1.356226e+00 8.861802e-01 6.929014e-01 3.113787e+00 2.590248e+00 3.068437e+00 2.566141e+00 1.783814e+00 2.689109e-01 1.780771e-02 1.531781e-01 1.567835e-01 1.200388e-01 2.141600e-01 2.043256e-01 1.870768e-01 2.688084e-01 2.504225e-01 3.450755e-01 2.593556e-01 3.572943e-01 3.184951e-02
<GCONST> 9.371627e+01
<STATE> 8
<MEAN> 39
 -5.587543e+00 -4.140827e+00 -6.068954e+00 -1.132204e+01 8.369567e-01 -2.508559e+00 -5.278862e+00 -1.023883e+01 -1.584009e+00 -6.830700e+00 -6.159651e+00 -1.250096e+01 6.469105e+01 -1.017763e+00 3.007912e-01 2.588984e-01 6.744050e-01 -5.302142e-02 -3.945787e-01 5.565665e-01 2.740774e-01 -3.537938e-01 -1.115014e+00 -4.011201e-02 -2.224218e-01 -9.867173e-01 1.230437e-01 -1.507593e-01 -1.204385e-01 -1.112137e-01 1.531437e-02 7.093301e-02 6.602373e-03 6.991566e-03 6.671071e-02 1.503793e-01 8.810392e-02 1.275780e-02 1.919346e-01
<VARIANCE> 39
 5.260186e+00 6.129609e+00 1.466525e+01 7.622873e+00 2.343305e+01 4.840802e+01 3.045027e+01 4.381546e+01 2.114712e+01 3.149415e+01 3.789343e+01 3.008158e+01 6.027503e+00 2.401599e-01 3.025236e-01 5.519333e-01 6.349180e-01 1.359714e+00 1.098015e+00 1.334675e+00 1.726846e+00 2.026168e+00 1.464490e+00 1.679888e+00 1.272360e+00 2.052658e-01 3.678164e-02 7.591013e-02 1.186183e-01 1.361841e-01 1.371893e-01 1.559915e-01 2.163007e-01 2.745974e-01 2.659776e-01 3.229029e-01 4.131538e-01 3.360707e-01 1.802211e-02
<GCONST> 8.214259e+01
<STATE> 9
<MEAN> 39
 -9.035096e+00 -3.879709e+00 -5.810331e+00 -8.293260e+00 -1.958043e-01 -4.892875e+00 -2.720432e+00 -9.368493e+00 -2.170135e+00 -9.905834e+00 -3.548006e+00 -1.178971e+01 6.202433e+01 1.277819e+00 -8.131979e-01 -1.345865e+00 -1.028427e+00 -1.245676e-01 9.512873e-01 -3.689056e-02 -7.446865e-01 9.629312e-01 2.198964e+00 1.204391e+00 8.004248e-02 1.340331e+00 8.837207e-01 -5.702221e-01 -6.262093e-01 -8.482310e-01 1.702328e-01 8.132371e-01 -4.416918e-01 -2.544896e-01 4.448830e-01 9.895676e-01 -3.508342e-01 -4.277444e-01 8.837670e-01
<VARIANCE> 39
 4.535385e+00 8.367970e+00 1.261901e+01 1.505725e+01 1.784129e+01 4.503518e+01 2.206272e+01 1.970033e+01 3.048002e+01 2.497651e+01 4.819959e+01 2.917075e+01 3.413074e+00 2.623074e+00 1.476613e+00 2.819433e+00 3.401259e+00 2.993305e+00 5.555811e+00 2.277645e+00 2.721750e+00 3.510706e+00 7.140490e+00 3.485654e+00 2.995119e+00 1.846289e+00 1.239907e-01 2.543584e-01 4.216547e-01 2.357119e-01 4.788495e-01 8.735859e-01 5.895619e-01 8.213052e-01 4.753512e-01 8.821340e-01 8.214390e-01 6.283826e-01 8.450871e-02
<GCONST> 1.115027e+02
<STATE> 10
<MEAN> 39
 9.000742e-01 -1.008486e+01 -1.424907e+01 -1.800870e+01 2.877059e-01 5.335096e+00 -5.124778e+00 -1.465335e+01 4.017580e+00 3.480909e+00 -4.326663e+00 -1.642997e+01 7.166647e+01 2.315536e+00 -2.766483e+00 -1.262788e+00 -1.949486e+00 6.042678e-01 2.379005e+00 -1.808137e+00 5.015685e-02 1.593027e+00 1.969181e+00 -2.051763e+00 -1.372331e+00 3.085676e+00 -7.292327e-01 7.236429e-02 1.091974e+00 1.030717e+00 9.774735e-02 -9.130439e-01 6.230962e-02 9.175534e-01 -4.053510e-01 -1.588132e+00 -6.215314e-01 6.422216e-01 -4.002905e-01
<VARIANCE> 39
 7.820527e+00 2.982400e+01 5.678555e+01 1.958404e+01 5.546935e+01 8.960462e+01 4.258280e+01 9.053944e+01 5.306295e+01 4.290333e+01 4.116760e+01 5.486513e+01 9.527916e+00 1.333048e+00 2.431854e+00 6.308265e+00 2.557200e+00 5.391590e+00 7.822057e+00 3.874920e+00 9.548257e+00 4.673404e+00 7.619034e+00 2.265968e+00 4.760251e+00 1.142504e+00 1.983656e-01 4.371013e-01 3.411214e-01 3.516945e-01 4.827763e-01 6.317399e-01 8.243762e-01 6.525630e-01 5.496785e-01 8.713654e-01 5.980740e-01 6.486336e-01 2.056808e-01
<GCONST> 1.263749e+02
<STATE> 11
<MEAN> 39
 1.445453e+00 -1.592887e+01 -8.755714e+00 -1.472910e+01 4.247559e+00 6.133052e-01 -7.366616e+00 -5.459439e+00 4.270824e+00 -2.384248e+00 -1.002480e+01 -1.585029e+01 7.685364e+01 -1.062713e-01 -1.589115e-01 9.893397e-01 1.062076e+00 3.391932e-01 -1.846886e+00 -1.867369e-01 1.620897e+00 -3.449035e-01 -1.850565e+00 -1.050133e+00 1.663056e+00 3.162767e-01 -2.864694e-01 5.682467e-01 1.879532e-01 3.701844e-01 -3.845066e-01 -4.894567e-01 1.697297e-01 -2.259427e-01 -4.327722e-01 -3.277070e-01 4.627074e-01 3.098497e-01 -5.530441e-01
<VARIANCE> 39
 1.362017e+00 1.851377e+01 1.459126e+02 1.196939e+01 5.552857e+01 1.213049e+02 3.770780e+01 1.280175e+02 8.254259e+01 5.391840e+01 6.698125e+01 4.804557e+01 9.385435e+00 1.708660e-01 2.443379e+00 2.021891e+00 1.121671e+00 1.181913e+00 2.106412e+00 2.247832e+00 3.173253e+00 1.576046e+00 4.625651e+00 1.412544e+00 1.377533e+00 8.966450e-01 1.556161e-01 2.665808e-01 5.897407e-01 3.270663e-01 3.697687e-01 6.858596e-01 6.748104e-01 1.121113e+00 3.066127e-01 8.212479e-01 2.025976e-01 5.950222e-01 8.650934e-02
<GCONST> 1.113278e+02
<STATE> 12
<MEAN> 39
 8.206035e-02 -1.605018e+01 -7.494720e+00 -9.413073e+00 -2.587897e-01 -5.176045e+00 -7.211795e+00 -3.715445e+00 -3.594193e-01 -7.444345e+00 -1.043402e+01 -3.757220e+00 7.648280e+01 -1.771160e-01 3.975857e-01 1.085821e+00 1.153298e+00 -8.098730e-01 -1.184289e+00 4.356594e-01 3.847612e-01 -5.016471e-01 -8.560835e-01 6.370702e-01 8.772901e-01 -3.491594e-01 1.277435e-02 3.845365e-01 1.596640e-03 -8.993001e-02 1.838421e-02 1.781859e-01 -6.501168e-02 -3.558314e-01 5.356445e-03 2.361717e-01 2.093919e-01 -2.333328e-01 -2.192626e-01
<VARIANCE> 39
 2.314242e+00 1.485316e+01 3.350241e+01 1.032711e+01 8.394629e+01 1.874412e+02 3.868347e+01 8.942302e+01 1.217521e+02 5.213984e+01 2.535513e+01 3.942862e+01 8.159914e+00 7.490514e-02 1.819101e+00 6.875142e-01 4.562891e-01 2.023438e+00 1.439613e+00 1.282884e+00 2.977600e+00 1.356691e+00 1.663742e+00 1.174589e+00 9.945062e-01 5.763091e-01 1.241593e-02 9.078439e-02 9.269767e-02 7.015193e-02 2.537788e-01 2.681087e-01 2.215934e-01 4.797603e-01 1.595792e-01 2.698544e-01 1.841299e-01 1.930157e-01 2.085690e-02
<GCONST> 8.920643e+01
<STATE> 13
<MEAN> 39
 -1.980339e-01 -5.590274e+00 -3.417952e-01 -5.740915e+00 -3.175699e+00 -8.747905e+00 -7.745509e+00 -7.869420e+00 -7.537723e-01 -1.009885e+01 -6.054634e+00 -5.246172e+00 7.058133e+01 -1.390290e-01 2.095162e+00 8.686831e-01 4.298187e-01 -6.921845e-02 3.339635e-01 -3.457378e-01 -1.159454e+00 -2.549647e-01 -3.839633e-01 2.353126e-01 -1.754884e-01 -1.086129e+00 1.261473e-02 -1.973168e-01 -1.486758e-01 -8.941224e-02 2.551208e-01 2.345895e-01 2.976780e-01 1.977308e-01 1.124263e-01 -5.370640e-02 -3.179776e-01 -1.649165e-01 1.517146e-01
<VARIANCE> 39
 1.654580e+00 1.284435e+01 3.421885e+01 1.008694e+01 2.699695e+01 6.708205e+01 2.228504e+01 4.279107e+01 8.038414e+01 4.346565e+01 4.496160e+01 4.795088e+01 4.717615e+00 1.633901e-01 6.133167e-01 8.565545e-01 5.495560e-01 2.136788e+00 1.685452e+00 1.345225e+00 3.253238e+00 3.593983e+00 1.227765e+00 1.226660e+00 1.315691e+00 1.456197e-01 2.175156e-02 7.683062e-02 1.165266e-01 9.627380e-02 1.133844e-01 2.598576e-01 1.886459e-01 4.315099e-01 3.599181e-01 2.430871e-01 1.777941e-01 1.642772e-01 1.519518e-02
<GCONST> 8.499187e+01
<STATE> 14
<MEAN> 39
 -5.471700e-01 1.895594e+00 2.233851e+00 -2.791233e+00 3.093480e-01 -5.896407e+00 -6.597199e+00 -1.049380e+01 -2.829278e+00 -1.394672e+01 -7.676466e+00 -7.640952e+00 6.675948e+01 -4.209304e-01 1.063708e+00 3.860971e-01 5.436105e-01 6.557716e-01 2.726014e-01 4.417900e-01 -6.327543e-01 -7.796010e-01 -5.306262e-01 -2.376421e-01 -3.918790e-01 -7.699937e-01 -1.742496e-01 -2.457727e-01 -1.189977e-01 -8.310390e-02 -4.289492e-02 -8.895574e-02 6.279373e-03 1.385535e-01 2.189145e-02 1.431559e-01 1.154530e-01 5.543674e-02 -2.134635e-02
<VARIANCE> 39
 3.488646e+00 9.820764e+00 1.863072e+01 1.622761e+01 3.634813e+01 5.163555e+01 2.179389e+01 2.262298e+01 4.949862e+01 4.622797e+01 4.513919e+01 3.754498e+01 2.687561e+00 1.405189e-01 2.971989e-01 7.278214e-01 3.406207e-01 1.171430e+00 1.302229e+00 1.466554e+00 1.286456e+00 1.254122e+00 1.491596e+00 8.393304e-01 6.355286e-01 4.856059e-02 1.277023e-02 3.506877e-02 7.345071e-02 9.094765e-02 1.655435e-01 2.288882e-01 2.240786e-01 2.124687e-01 2.497005e-01 2.019458e-01 8.396816e-02 1.079984e-01 6.386788e-03
<GCONST> 7.249852e+01
<STATE> 15
<MEAN> 39
 -6.335258e+00 2.928123e+00 1.328280e+00 -4.330217e+00 -9.313967e-01 -7.388110e+00 -5.393909e+00 -1.206965e+01 -6.533708e+00 -1.629412e+01 -7.767123e+00 -9.523684e+00 6.184443e+01 -1.127508e+00 -2.798165e-01 -1.972157e-01 -2.129591e-01 1.101980e-01 3.341612e-01 6.526033e-01 3.454101e-01 -1.479716e-02 2.249680e-01 5.681139e-01 7.568041e-02 -7.571824e-01 3.746227e-02 -9.364901e-02 -4.460973e-03 -1.283706e-02 2.816741e-02 1.082498e-01 7.025239e-02 5.563509e-02 2.886275e-03 4.120338e-02 4.983452e-02 -2.652309e-02 6.064191e-02
<VARIANCE> 39
 8.817822e+00 1.261639e+01 1.189200e+01 1.229331e+01 1.692731e+01 1.543148e+01 9.477450e+00 2.045427e+01 3.642609e+01 3.742984e+01 3.547890e+01 4.891438e+01 3.060458e+00 1.353576e-01 2.003836e-01 4.195571e-01 4.945078e-01 6.733422e-01 1.083760e+00 9.235077e-01 1.144844e+00 1.023546e+00 8.844869e-01 1.269903e+00 1.264502e+00 6.378993e-02 2.487875e-02 3.835743e-02 7.048570e-02 9.191242e-02 1.675045e-01 1.832513e-01 1.740245e-01 2.350432e-01 2.198203e-01 2.334486e-01 2.977079e-01 3.019187e-01 8.093971e-03
<GCONST> 7.131458e+01
<STATE> 16
<MEAN> 39
 -8.898795e+00 3.794642e+00 4.780109e+00 1.529835e+00 6.602901e+00 -4.129421e-01 2.905426e+00 -5.328382e+00 -4.668658e+00 -1.184812e+01 -3.366423e+00 -1.069390e+01 5.985578e+01 -6.702405e-01 -3.170438e-01 4.458084e-02 3.000493e-01 2.939525e-01 2.635421e-01 4.977295e-01 3.371496e-01 -4.641151e-01 -3.002619e-01 -2.213013e-02 -5.826479e-01 -3.943243e-01 -7.987402e-03 -1.165461e-01 -6.276746e-02 -6.854973e-03 -2.740760e-02 -2.892327e-02 -1.652524e-01 -1.606852e-01 5.724981e-02 4.630574e-02 -3.712099e-02 2.860443e-02 3.236440e-02
<VARIANCE> 39
 5.991106e+00 5.754595e+00 1.268790e+01 2.274727e+01 2.144943e+01 1.777969e+01 3.109518e+01 3.403834e+01 2.747498e+01 2.598380e+01 1.827908e+01 1.766315e+01 2.521872e+00 1.511514e-01 5.072513e-01 9.812065e-01 5.599339e-01 1.112123e+00 1.576893e+00 1.426601e+00 1.249603e+00 1.454514e+00 2.067518e+00 1.278532e+00 1.155791e+00 6.216973e-02 2.642840e-02 6.613957e-02 1.593058e-01 9.272210e-02 1.944484e-01 2.086860e-01 2.127103e-01 1.437792e-01 2.112221e-01 3.986253e-01 3.050078e-01 1.847091e-01 8.643449e-03
<GCONST> 7.639209e+01
<STATE> 17
<MEAN> 39
 -1.374691e+01 -1.140578e+00 2.838257e+00 9.468313e-01 6.708597e+00 -1.588351e-01 -3.696545e-01 -1.195634e+01 -1.119644e+01 -1.872272e+01 -9.517335e+00 -1.418285e+01 5.778927e+01 -4.796551e-01 -5.974339e-01 -2.278006e-01 -2.996603e-03 1.126661e-01 6.437312e-01 6.640717e-01 1.454054e-01 2.508224e-01 3.976420e-02 -7.759274e-02 -5.046597e-02 -1.847343e-01 6.869068e-02 5.814213e-02 -4.451192e-02 -1.505968e-01 -1.941302e-01 -5.969697e-02 1.258747e-01 2.116971e-01 1.390449e-01 -3.274243e-02 -5.796508e-02 2.981949e-02 4.024037e-02
<VARIANCE> 39
 2.775239e+00 3.460838e+00 6.599048e+00 1.785884e+01 2.330859e+01 2.291046e+01 2.638604e+01 3.956854e+01 3.506274e+01 3.516939e+01 3.839813e+01 1.178662e+01 8.491320e-01 1.714529e-01 2.313907e-01 7.276710e-01 1.097538e+00 1.421406e+00 1.741179e+00 2.348614e+00 2.183686e+00 1.738641e+00 1.935480e+00 1.845132e+00 1.030739e+00 4.874348e-02 3.842046e-02 4.823439e-02 7.043840e-02 1.749698e-01 2.300402e-01 4.013101e-01 3.909782e-01 3.249295e-01 2.188681e-01 3.141799e-01 2.696063e-01 1.100115e-01 8.482748e-03
<GCONST> 7.683559e+01
<STATE> 18
<MEAN> 39
 -1.468175e+01 -3.128208e+00 -7.139052e-01 -3.200912e+00 2.724922e+00 2.013854e-01 5.372837e+00 -3.802810e+00 -2.553370e+00 -1.137022e+01 -2.785388e+00 -1.003359e+01 5.761464e+01 -3.936520e-01 -5.595000e-01 -4.080383e-01 -2.297959e-01 -1.428183e-01 -1.808999e-01 -1.021559e-01 1.359041e-01 1.930184e-01 3.348761e-01 2.313862e-01 8.334683e-02 -1.445885e-01 -1.883125e-02 -2.460529e-02 7.737994e-02 1.479010e-01 1.776099e-01 -1.561666e-02 -1.989535e-01 -1.707039e-01 -1.257670e-01 3.983848e-02 6.393204e-02 -6.166312e-03 -1.917760e-02
<VARIANCE> 39
 1.722670e+00 4.446496e+00 5.131951e+00 1.228718e+01 1.815894e+01 1.875112e+01 1.778462e+01 2.902729e+01 5.255017e+01 7.041621e+01 3.867683e+01 3.193486e+01 4.832405e-01 2.125075e-01 4.684377e-01 5.802740e-01 1.025406e+00 1.313201e+00 1.569395e+00 8.720071e-01 1.699101e+00 1.713604e+00 2.044570e+00 1.288781e+00 9.364195e-01 5.982791e-02 2.766515e-02 7.903853e-02 1.129243e-01 1.213413e-01 1.287844e-01 2.088723e-01 1.624937e-01 3.729697e-01 3.665981e-01 3.901785e-01 3.231440e-01 2.260820e-01 8.182378e-03
<GCONST> 7.525610e+01
<STATE> 19
<MEAN> 39
 -1.784627e+01 -6.576559e+00 -2.323794e+00 -1.936190e+00 6.452520e+00 2.635831e+00 4.426021e+00 -6.452306e+00 -3.391536e+00 -9.630048e+00 -1.187743e+00 -1.036205e+01 5.602827e+01 -3.986029e-01 -3.219780e-01 7.248359e-03 4.911066e-02 2.956883e-01 4.301173e-01 3.452758e-01 7.677507e-02 -4.867804e-02 1.254066e-01 7.622962e-02 7.877119e-02 -1.747078e-01 9.170283e-02 9.591729e-02 5.142460e-02 2.440676e-02 -1.589014e-01 -1.346409e-01 6.039336e-02 5.291195e-02 2.624847e-02 -5.371583e-02 -4.574832e-02 1.101241e-01 4.556357e-02
<VARIANCE> 39
 2.125929e+00 3.447109e+00 9.945086e+00 2.349876e+01 3.893972e+01 2.944940e+01 3.177771e+01 4.290449e+01 3.890248e+01 5.064227e+01 4.108554e+01 1.670721e+01 4.929404e-01 1.560334e-01 2.372465e-01 7.560142e-01 1.041914e+00 1.831044e+00 2.393781e+00 1.487560e+00 1.806502e+00 1.326296e+00 2.492030e+00 1.364091e+00 2.364895e+00 4.939798e-02 2.248604e-02 4.134830e-02 1.626479e-01 1.788299e-01 2.459283e-01 3.277801e-01 2.130318e-01 2.751071e-01 1.751273e-01 3.469729e-01 2.380107e-01 4.195391e-01 4.925377e-03
<GCONST> 7.879433e+01
<TRANSP> 20
 0.000000e+00 1.000000e+00 0.000000e+00 0.000000e+00 0.000000e+00 0.000000e+00 0.000000e+00 0.000000e+00 0.000000e+00 0.000000e+00 0.000000e+00 0.000000e+00 0.000000e+00 0.000000e+00 0.000000e+00 0.000000e+00 0.000000e+00 0.000000e+00 0.000000e+00 0.000000e+00
 0.000000e+00 7.497790e-01 2.502211e-01 0.000000e+00 0.000000e+00 0.000000e+00 0.000000e+00 0.000000e+00 0.000000e+00 0.000000e+00 0.000000e+00 0.000000e+00 0.000000e+00 0.000000e+00 0.000000e+00 0.000000e+00 0.000000e+00 0.000000e+00 0.000000e+00 0.000000e+00
 0.000000e+00 0.000000e+00 7.501801e-01 2.498199e-01 0.000000e+00 0.000000e+00 0.000000e+00 0.000000e+00 0.000000e+00 0.000000e+00 0.000000e+00 0.000000e+00 0.000000e+00 0.000000e+00 0.000000e+00 0.000000e+00 0.000000e+00 0.000000e+00 0.000000e+00 0.000000e+00
 0.000000e+00 0.000000e+00 0.000000e+00 7.915544e-01 2.084456e-01 0.000000e+00 0.000000e+00 0.000000e+00 0.000000e+00 0.000000e+00 0.000000e+00 0.000000e+00 0.000000e+00 0.000000e+00 0.000000e+00 0.000000e+00 0.000000e+00 0.000000e+00 0.000000e+00 0.000000e+00
 0.000000e+00 0.000000e+00 0.000000e+00 0.000000e+00 8.601308e-01 1.398691e-01 0.000000e+00 0.000000e+00 0.000000e+00 0.000000e+00 0.000000e+00 0.000000e+00 0.000000e+00 0.000000e+00 0.000000e+00 0.000000e+00 0.000000e+00 0.000000e+00 0.000000e+00 0.000000e+00
 0.000000e+00 0.000000e+00 0.000000e+00 0.000000e+00 0.000000e+00 8.536673e-01 1.463327e-01 0.000000e+00 0.000000e+00 0.000000e+00 0.000000e+00 0.000000e+00 0.000000e+00 0.000000e+00 0.000000e+00 0.000000e+00 0.000000e+00 0.000000e+00 0.000000e+00 0.000000e+00
 0.000000e+00 0.000000e+00 0.000000e+00 0.000000e+00 0.000000e+00 0.000000e+00 6.633042e-01 3.366958e-01 0.000000e+00 0.000000e+00 0.000000e+00 0.000000e+00 0.000000e+00 0.000000e+00 0.000000e+00 0.000000e+00 0.000000e+00 0.000000e+00 0.000000e+00 0.000000e+00
 0.000000e+00 0.000000e+00 0.000000e+00 0.000000e+00 0.000000e+00 0.000000e+00 0.000000e+00 8.679094e-01 1.320905e-01 0.000000e+00 0.000000e+00 0.000000e+00 0.000000e+00 0.000000e+00 0.000000e+00 0.000000e+00 0.000000e+00 0.000000e+00 0.000000e+00 0.000000e+00
 0.000000e+00 0.000000e+00 0.000000e+00 0.000000e+00 0.000000e+00 0.000000e+00 0.000000e+00 0.000000e+00 7.218990e-01 2.781010e-01 0.000000e+00 0.000000e+00 0.000000e+00 0.000000e+00 0.000000e+00 0.000000e+00 0.000000e+00 0.000000e+00 0.000000e+00 0.000000e+00
 0.000000e+00 0.000000e+00 0.000000e+00 0.000000e+00 0.000000e+00 0.000000e+00 0.000000e+00 0.000000e+00 0.000000e+00 5.959555e-01 4.040445e-01 0.000000e+00 0.000000e+00 0.000000e+00 0.000000e+00 0.000000e+00 0.000000e+00 0.000000e+00 0.000000e+00 0.000000e+00
 0.000000e+00 0.000000e+00 0.000000e+00 0.000000e+00 0.000000e+00 0.000000e+00 0.000000e+00 0.000000e+00 0.000000e+00 0.000000e+00 7.409765e-01 2.590235e-01 0.000000e+00 0.000000e+00 0.000000e+00 0.000000e+00 0.000000e+00 0.000000e+00 0.000000e+00 0.000000e+00
 0.000000e+00 0.000000e+00 0.000000e+00 0.000000e+00 0.000000e+00 0.000000e+00 0.000000e+00 0.000000e+00 0.000000e+00 0.000000e+00 0.000000e+00 8.286482e-01 1.713518e-01 0.000000e+00 0.000000e+00 0.000000e+00 0.000000e+00 0.000000e+00 0.000000e+00 0.000000e+00
 0.000000e+00 0.000000e+00 0.000000e+00 0.000000e+00 0.000000e+00 0.000000e+00 0.000000e+00 0.000000e+00 0.000000e+00 0.000000e+00 0.000000e+00 0.000000e+00 7.846218e-01 2.153782e-01 0.000000e+00 0.000000e+00 0.000000e+00 0.000000e+00 0.000000e+00 0.000000e+00
 0.000000e+00 0.000000e+00 0.000000e+00 0.000000e+00 0.000000e+00 0.000000e+00 0.000000e+00 0.000000e+00 0.000000e+00 0.000000e+00 0.000000e+00 0.000000e+00 0.000000e+00 8.025244e-01 1.974756e-01 0.000000e+00 0.000000e+00 0.000000e+00 0.000000e+00 0.000000e+00
 0.000000e+00 0.000000e+00 0.000000e+00 0.000000e+00 0.000000e+00 0.000000e+00 0.000000e+00 0.000000e+00 0.000000e+00 0.000000e+00 0.000000e+00 0.000000e+00 0.000000e+00 0.000000e+00 8.077741e-01 1.922259e-01 0.000000e+00 0.000000e+00 0.000000e+00 0.000000e+00
 0.000000e+00 0.000000e+00 0.000000e+00 0.000000e+00 0.000000e+00 0.000000e+00 0.000000e+00 0.000000e+00 0.000000e+00 0.000000e+00 0.000000e+00 0.000000e+00 0.000000e+00 0.000000e+00 0.000000e+00 8.195715e-01 1.804285e-01 0.000000e+00 0.000000e+00 0.000000e+00
 0.000000e+00 0.000000e+00 0.000000e+00 0.000000e+00 0.000000e+00 0.000000e+00 0.000000e+00 0.000000e+00 0.000000e+00 0.000000e+00 0.000000e+00 0.000000e+00 0.000000e+00 0.000000e+00 0.000000e+00 0.000000e+00 7.808282e-01 2.191719e-01 0.000000e+00 0.000000e+00
 0.000000e+00 0.000000e+00 0.000000e+00 0.000000e+00 0.000000e+00 0.000000e+00 0.000000e+00 0.000000e+00 0.000000e+00 0.000000e+00 0.000000e+00 0.000000e+00 0.000000e+00 0.000000e+00 0.000000e+00 0.000000e+00 0.000000e+00 8.130079e-01 1.869921e-01 0.000000e+00
 0.000000e+00 0.000000e+00 0.000000e+00 0.000000e+00 0.000000e+00 0.000000e+00 0.000000e+00 0.000000e+00 0.000000e+00 0.000000e+00 0.000000e+00 0.000000e+00 0.000000e+00 0.000000e+00 0.000000e+00 0.000000e+00 0.000000e+00 0.000000e+00 7.879776e-01 2.120224e-01
 0.000000e+00 0.000000e+00 0.000000e+00 0.000000e+00 0.000000e+00 0.000000e+00 0.000000e+00 0.000000e+00 0.000000e+00 0.000000e+00 0.000000e+00 0.000000e+00 0.000000e+00 0.000000e+00 0.000000e+00 0.000000e+00 0.000000e+00 0.000000e+00 0.000000e+00 0.000000e+00
<ENDHMM>
