~o
<STREAMINFO> 1 39
<VECSIZE> 39<NULLD><MFCC_D_A_0><DIAGC>
~h "empat"
<BEGINHMM>
<NUMSTATES> 20
<STATE> 2
<MEAN> 39
 -1.715607e+01 -6.274420e+00 -2.789510e+00 -5.162467e+00 1.391123e+00 -2.486757e+00 -1.895693e-02 -7.100529e+00 -2.985188e-01 -6.273951e+00 7.952648e-01 -6.043690e+00 5.682415e+01 2.048999e+00 6.525491e-01 2.705598e-01 -5.918922e-01 -3.835678e-02 6.441900e-01 -1.113912e+00 -1.622317e+00 -4.868467e-01 2.191364e-01 -2.018041e-02 -2.159864e-01 1.433362e+00 9.088091e-01 2.230948e-01 8.458860e-02 -3.499512e-01 -2.339079e-01 1.767698e-01 -2.974578e-01 -6.100422e-01 -1.632736e-01 2.872704e-01 -9.151664e-02 -2.615625e-01 6.296980e-01
<VARIANCE> 39
 3.647411e+00 6.016367e+00 5.794414e+00 1.084506e+01 1.047688e+01 1.240287e+01 1.629455e+01 1.492276e+01 1.893809e+01 1.368826e+01 9.279162e+00 9.542564e+00 1.622823e+00 2.818632e+00 1.818190e+00 1.253186e+00 4.465687e+00 3.515198e+00 3.473740e+00 5.183233e+00 7.093811e+00 6.306603e+00 3.817084e+00 1.092411e+00 2.956405e+00 1.627624e+00 1.646275e-01 3.594133e-01 2.196272e-01 4.731816e-01 6.482858e-01 7.196668e-01 6.782068e-01 8.409539e-01 6.146778e-01 4.844089e-01 2.171067e-01 3.626876e-01 1.374100e-01
<GCONST> 1.019431e+02
<STATE> 3
<MEAN> 39
 -3.025246e+00 -5.346217e+00 -1.950034e+00 -1.192780e+01 -4.660344e-01 3.547210e+00 -5.272271e+00 -1.512327e+01 -1.623941e-01 5.733275e-01 1.343000e+00 -9.526041e+00 6.821023e+01 3.135151e+00 8.549065e-01 3.156384e-01 -5.940074e-01 -1.683924e-01 8.069372e-01 -1.059490e+00 -2.100983e+00 -1.080014e+00 6.764109e-01 6.678837e-01 3.256278e-01 2.103444e+00 -6.120259e-01 1.541388e-01 -6.311459e-02 4.759471e-01 5.137513e-02 -3.981997e-01 3.929923e-01 3.851257e-01 -2.359193e-01 -4.602455e-01 2.369107e-01 6.411779e-01 -6.197020e-01
<VARIANCE> 39
 2.419630e+01 3.425908e+01 3.178323e+01 9.399106e+01 1.224235e+02 1.238863e+02 7.642561e+01 1.403190e+02 7.567712e+01 6.832465e+01 1.921604e+01 3.403002e+01 3.467846e+01 2.158609e+00 2.291095e+00 1.395438e+00 3.508035e+00 4.943208e+00 6.773927e+00 3.619671e+00 8.833621e+00 5.000435e+00 5.835277e+00 3.693159e+00 6.472959e+00 2.333797e+00 2.693245e-01 4.860923e-01 3.104657e-01 6.438771e-01 7.962808e-01 1.154511e+00 5.666106e-01 1.212434e+00 6.971774e-01 5.765238e-01 4.908208e-01 4.667249e-01 2.875846e-01
<GCONST> 1.337102e+02
<STATE> 4
<MEAN> 39
 -1.667510e-01 1.391287e+00 -2.346340e+00 -5.639879e+00 3.259561e+00 -2.171702e+00 -1.151807e+01 -2.510749e+01 -1.205464e+01 -9.867382e+00 5.280429e-01 -5.069375e+00 6.660625e+01 7.421061e-01 7.014034e-01 -7.577649e-02 9.085961e-02 7.452728e-02 4.047975e-02 -5.884879e-02 -6.318821e-01 -5.566308e-01 -7.928334e-02 6.071261e-01 6.600755e-01 2.268291e-01 -5.705083e-01 -1.721101e-01 1.835146e-01 1.621931e-01 -3.114574e-02 -8.484320e-02 3.069373e-01 5.578956e-01 3.906354e-01 7.822771e-02 3.899823e-02 -9.945077e-02 -3.505977e-01
<VARIANCE> 39
 7.730823e+00 1.272441e+01 1.429055e+01 2.385491e+01 3.767797e+01 3.112619e+01 4.839320e+01 5.394308e+01 5.138334e+01 7.526003e+01 3.952416e+01 7.884811e+01 8.978732e+00 8.099217e-01 1.114960e+00 8.983252e-01 9.843607e-01 1.500307e+00 2.000746e+00 1.543383e+00 2.119735e+00 2.054708e+00 1.202929e+00 2.336739e+00 2.328757e+00 4.862474e-01 8.625612e-02 1.365734e-01 1.595706e-01 1.684771e-01 2.097932e-01 2.671735e-01 3.313293e-01 3.521044e-01 4.504845e-01 4.181425e-01 5.151403e-01 5.733195e-01 2.410351e-02
<GCONST> 9.976703e+01
<STATE> 5
<MEAN> 39
 1.463599e+00 1.280795e+00 1.169981e-01 -8.742443e+00 -2.445430e+00 1.448172e+00 -1.554089e+00 -1.636182e+01 -6.455854e+00 -2.796855e+00 7.434907e+00 -2.870484e+00 6.834529e+01 -4.941924e-01 1.051551e+00 7.994722e-01 1.323923e+00 6.250142e-01 -9.919204e-01 -1.649374e-01 2.879506e-01 -7.369772e-01 -1.457284e+00 -4.685504e-01 7.676987e-02 -7.683239e-01 -1.446059e-01 -1.432245e-01 1.457448e-02 -5.467560e-03 1.520484e-01 1.230062e-01 -1.322859e-01 -1.769055e-02 1.352900e-01 -2.596376e-02 -3.997754e-01 -2.762223e-01 -1.924386e-02
<VARIANCE> 39
 3.766021e+00 2.025456e+01 1.431532e+01 2.771079e+01 7.386964e+01 4.304177e+01 5.212151e+01 5.822609e+01 2.969825e+01 4.278913e+01 1.546245e+01 2.154369e+01 6.869449e+00 1.144089e-01 4.218322e-01 4.898382e-01 5.220500e-01 1.357802e+00 1.157933e+00 1.719348e+00 1.452126e+00 1.289531e+00 1.818060e+00 1.269490e+00 1.973324e+00 9.099047e-02 3.698595e-02 5.414447e-02 7.180345e-02 1.527337e-01 1.802339e-01 1.611483e-01 2.162511e-01 1.570845e-01 1.761068e-01 3.288219e-01 1.618424e-01 2.895326e-01 1.768140e-02
<GCONST> 8.171399e+01
<STATE> 6
<MEAN> 39
 -2.249381e+00 6.616195e+00 5.241628e+00 -6.347783e-01 3.753455e+00 -3.729885e+00 -6.731431e+00 -1.841019e+01 -9.498584e+00 -8.670767e+00 3.229459e+00 -1.714724e+00 6.397582e+01 -9.195189e-01 -6.145309e-02 4.840645e-01 4.804653e-01 -5.899192e-02 -4.327630e-01 -1.651835e-01 4.897198e-02 -1.171759e-01 -4.545935e-01 -5.766692e-01 -4.166467e-01 -6.092209e-01 -1.835492e-01 -2.353574e-01 -2.026884e-01 -1.486437e-01 -1.250335e-01 2.127150e-02 2.325000e-01 1.749047e-01 4.517207e-02 5.335188e-02 1.254959e-01 1.712034e-02 -5.315903e-02
<VARIANCE> 39
 4.738956e+00 8.810054e+00 2.161164e+01 1.376556e+01 1.302272e+01 1.431929e+01 1.861980e+01 4.531344e+01 4.301505e+01 2.985757e+01 2.608797e+01 4.752908e+01 2.233896e+00 3.714814e-01 4.514826e-01 5.668911e-01 5.318132e-01 9.233908e-01 1.237319e+00 1.602490e+00 1.616137e+00 1.371380e+00 1.349417e+00 1.062464e+00 1.427458e+00 1.124516e-01 1.591488e-02 4.400721e-02 9.118450e-02 5.426570e-02 1.661235e-01 1.845123e-01 2.400357e-01 1.483471e-01 1.876419e-01 2.317625e-01 2.307698e-01 3.228030e-01 6.228406e-03
<GCONST> 7.489825e+01
<STATE> 7
<MEAN> 39
 -8.368463e+00 2.214790e+00 3.216246e+00 -8.909385e-01 3.121392e+00 -4.313472e+00 -5.151955e+00 -1.637219e+01 -9.391607e+00 -1.106910e+01 -1.027817e+00 -6.622408e+00 6.081390e+01 -1.094629e+00 -6.897779e-01 -2.974074e-01 -6.129511e-02 -1.164576e-01 -8.854595e-02 1.004868e+00 1.285438e+00 5.206478e-01 -2.790824e-01 -6.137714e-01 -1.381751e-01 -5.493613e-01 2.412865e-01 -3.806388e-03 -1.543376e-01 -1.044755e-01 -7.364021e-03 -3.029199e-03 -8.568618e-02 -2.155006e-02 1.271731e-01 1.251683e-01 8.587134e-02 5.588955e-02 1.931496e-01
<VARIANCE> 39
 5.991364e+00 4.541583e+00 9.533283e+00 1.188269e+01 1.065297e+01 1.062007e+01 1.625359e+01 3.281863e+01 2.248654e+01 1.417594e+01 2.263689e+01 3.262612e+01 1.601424e+00 1.860955e-01 4.101979e-01 7.590733e-01 4.463181e-01 4.680199e-01 7.893313e-01 8.908920e-01 1.513782e+00 1.034197e+00 9.596415e-01 1.798005e+00 1.735856e+00 5.068893e-02 5.527129e-02 7.474715e-02 1.945143e-01 1.317503e-01 1.668683e-01 2.471957e-01 1.683436e-01 3.605342e-01 2.375458e-01 2.455063e-01 3.316871e-01 2.764317e-01 2.888434e-02
<GCONST> 7.343652e+01
<STATE> 8
<MEAN> 39
 -1.079745e+01 8.711641e-01 2.897590e+00 -6.496350e-01 3.067532e+00 -4.626711e+00 -2.350162e+00 -1.261833e+01 -7.273883e+00 -1.271633e+01 -3.053559e+00 -6.153958e+00 5.974501e+01 3.459185e-01 -1.066028e+00 -1.700133e+00 -9.288737e-01 -4.012691e-01 -5.665266e-02 4.349558e-01 1.952320e-01 1.094534e+00 1.051515e+00 6.380011e-01 -8.556985e-02 7.422360e-01 1.184733e+00 -4.728920e-01 -1.293444e+00 -1.266426e+00 -2.524369e-01 7.682045e-01 -2.347189e-01 -7.192266e-01 2.345628e-01 8.497354e-01 2.241850e-01 -5.913122e-01 9.094885e-01
<VARIANCE> 39
 4.876625e+00 6.097913e+00 8.382197e+00 1.202023e+01 1.573157e+01 9.316264e+00 2.561049e+01 2.531077e+01 1.148851e+01 2.358649e+01 2.756321e+01 2.457512e+01 1.138774e+00 1.124369e+00 7.579535e-01 2.222074e+00 2.167666e+00 1.731802e+00 2.626544e+00 1.780767e+00 3.266030e+00 1.280500e+00 2.378970e+00 2.004175e+00 1.072236e+00 6.067368e-01 9.649041e-02 1.707745e-01 3.343608e-01 2.987510e-01 3.702616e-01 3.036174e-01 9.796574e-01 4.938674e-01 2.063752e-01 5.446980e-01 4.974979e-01 4.375009e-01 5.907557e-02
<GCONST> 9.360070e+01
<STATE> 9
<MEAN> 39
 -6.436001e+00 -2.446339e+00 -5.956049e+00 -7.085279e+00 1.577829e-01 -4.624206e+00 -2.386224e+00 -1.361176e+01 -4.969669e+00 -7.076499e+00 7.056927e-01 -8.016965e+00 6.396180e+01 3.668068e+00 -2.209970e+00 -4.769876e+00 -4.562325e+00 -7.141113e-01 2.994907e+00 -4.322995e-01 -1.377022e+00 1.953185e+00 2.804001e+00 -1.166363e-01 -2.419450e+00 3.065598e+00 4.495140e-01 -4.705969e-01 1.574409e-02 -2.592835e-01 2.174900e-01 6.910823e-01 -3.567015e-01 -5.887696e-02 4.754736e-01 1.550195e-01 -6.113932e-01 -5.147039e-01 4.899040e-01
<VARIANCE> 39
 1.935596e+01 8.492246e+00 3.352332e+01 3.883569e+01 3.123092e+01 3.467445e+01 2.483464e+01 3.001022e+01 2.872521e+01 2.941614e+01 2.062134e+01 1.821657e+01 8.127123e+00 8.850245e-01 2.287686e+00 3.917377e+00 2.241815e+00 4.011874e+00 3.408423e+00 9.171466e+00 3.048862e+00 3.016055e+00 6.449169e+00 3.618752e+00 2.991339e+00 1.017942e+00 4.318927e-01 2.150915e-01 1.053853e+00 8.855615e-01 8.226795e-01 5.916695e-01 6.029603e-01 5.493258e-01 6.033050e-01 6.894473e-01 5.061406e-01 5.054460e-01 1.961142e-01
<GCONST> 1.183675e+02
<STATE> 10
<MEAN> 39
 3.196340e+00 -9.580958e+00 -1.625517e+01 -1.866568e+01 -1.266819e+00 6.987236e+00 -3.603496e+00 -1.890569e+01 1.638671e+00 1.061061e+00 -2.967011e+00 -1.506113e+01 7.225101e+01 1.700037e+00 -2.733335e+00 -1.212055e+00 -1.101385e+00 1.632565e-01 1.869365e+00 -8.671793e-01 7.261277e-02 2.580920e+00 1.519349e+00 -2.026918e+00 -1.808219e+00 2.334475e+00 -1.098974e+00 1.694346e-01 1.531501e+00 1.771559e+00 2.140542e-01 -1.172999e+00 -5.563536e-02 7.985653e-01 -3.178407e-01 -1.166546e+00 -4.480228e-01 7.558615e-01 -5.919524e-01
<VARIANCE> 39
 1.860203e+00 2.047285e+01 5.739845e+01 1.597757e+01 4.777912e+01 4.177494e+01 7.334738e+01 5.676611e+01 4.078175e+01 7.505119e+01 3.662492e+01 3.711325e+01 7.522059e+00 1.867845e+00 1.998656e+00 7.219223e+00 6.926429e+00 4.626513e+00 4.799741e+00 3.577523e+00 5.689178e+00 3.127480e+00 6.993809e+00 2.443568e+00 2.942299e+00 1.273173e+00 7.857177e-02 2.724609e-01 3.166653e-01 2.423492e-01 2.701663e-01 3.126005e-01 1.098768e+00 4.636649e-01 8.638907e-01 7.276319e-01 5.734333e-01 3.543756e-01 6.559197e-02
<GCONST> 1.176332e+02
<STATE> 11
<MEAN> 39
 1.897786e+00 -1.755164e+01 -7.050976e+00 -1.530977e+01 7.582271e-01 6.680746e+00 -8.415842e+00 -8.492519e+00 6.504076e+00 -1.519848e+00 -7.541430e+00 -1.723164e+01 7.739574e+01 -3.419039e-01 -1.397871e+00 7.428764e-01 1.103276e+00 -2.549905e-01 -1.678235e+00 -2.489212e-01 1.115229e+00 -1.068059e-01 -9.292340e-01 -1.567853e+00 5.965052e-01 6.860036e-01 -2.663198e-01 6.784115e-01 -4.723751e-02 3.222830e-01 -1.702741e-01 -7.007466e-01 2.982684e-01 -1.899904e-01 -5.422432e-01 -3.951966e-01 4.908806e-01 6.578698e-01 -5.375766e-01
<VARIANCE> 39
 3.509889e+00 3.060569e+01 1.487289e+02 6.729289e+00 5.672426e+01 5.522979e+01 8.019398e+01 1.957796e+02 6.264571e+01 8.486149e+01 3.888978e+01 3.926050e+01 1.810010e+01 1.234687e-01 1.368294e+00 1.564859e+00 2.855475e+00 5.819655e-01 2.584203e+00 2.016698e+00 2.493311e+00 4.877383e+00 2.580884e+00 1.655423e+00 9.184643e-01 3.549342e-01 1.214175e-01 2.716838e-01 4.233994e-01 2.734590e-01 3.097002e-01 4.281760e-01 4.038284e-01 7.176669e-01 5.757501e-01 8.303116e-01 2.863628e-01 5.083608e-01 9.719943e-02
<GCONST> 1.096144e+02
<STATE> 12
<MEAN> 39
 1.300515e+00 -1.577383e+01 -1.643796e+01 -8.168199e+00 -1.782670e+00 -2.841666e+00 -3.635101e+00 -1.226925e+01 4.633188e+00 -8.765773e+00 -1.151760e+01 -8.232574e+00 7.458233e+01 -3.175912e-01 -6.677734e-02 4.317181e-01 7.500976e-01 -6.888289e-01 -1.699634e+00 1.056827e-01 1.472982e+00 1.111787e-01 -1.485978e+00 -1.708541e-01 1.312742e+00 -1.832557e-01 -4.826984e-02 4.342769e-01 1.292571e-01 -2.414963e-01 -2.623959e-02 5.629554e-02 -9.002268e-02 -1.175823e-01 -1.030367e-01 2.054901e-01 2.219737e-01 -1.458995e-01 -2.987199e-01
<VARIANCE> 39
 4.041358e+00 1.539622e+01 4.713665e+01 4.071378e+01 9.319612e+01 6.807117e+01 3.562674e+01 7.102431e+01 2.800515e+01 1.022099e+02 3.790035e+01 5.938451e+01 6.121054e+00 1.501745e-01 1.208760e+00 6.589187e-01 1.064158e+00 1.388820e+00 8.891521e-01 1.007608e+00 1.370547e+00 1.253701e+00 1.985920e+00 1.193642e+00 1.270175e+00 3.333489e-01 4.561365e-02 9.263635e-02 1.059681e-01 2.294036e-01 3.463989e-01 2.654030e-01 2.162016e-01 3.302848e-01 3.814001e-01 4.266539e-01 1.787823e-01 2.395153e-01 1.926913e-02
<GCONST> 9.302606e+01
<STATE> 13
<MEAN> 39
 -9.596779e-01 -1.362350e+01 -5.758718e+00 -9.148372e+00 -3.301005e+00 -6.708906e+00 -7.692708e+00 -5.122816e+00 4.021615e+00 -8.687066e+00 -8.925562e+00 -9.989100e+00 7.294550e+01 -8.052354e-01 1.828697e+00 7.498097e-01 9.105130e-01 3.664901e-01 3.853013e-02 3.541017e-01 -3.606139e-01 -4.091058e-01 -3.094984e-01 1.056291e-01 -3.717020e-01 -1.734449e+00 -1.711686e-01 -3.822592e-02 -1.055187e-02 -8.045222e-02 2.471673e-01 6.416749e-01 4.132040e-01 -8.294876e-02 -2.888754e-01 -5.751649e-04 6.158415e-02 -2.252030e-01 -9.847475e-02
<VARIANCE> 39
 7.853106e+00 9.810919e+00 7.743555e+01 2.417794e+01 5.491425e+01 4.876091e+01 5.183462e+01 6.337579e+01 4.745712e+01 3.701008e+01 6.148380e+01 4.236583e+01 8.746779e+00 3.005576e-01 7.583008e-01 1.362930e+00 1.184266e+00 2.327530e+00 1.653024e+00 1.854241e+00 2.644125e+00 1.936427e+00 2.490127e+00 1.054642e+00 1.335540e+00 1.678147e-01 7.664324e-02 2.063872e-01 1.640378e-01 1.857889e-01 2.145864e-01 2.606201e-01 2.100641e-01 6.170083e-01 3.442690e-01 3.095239e-01 4.168651e-01 2.704699e-01 6.630681e-02
<GCONST> 9.941975e+01
<STATE> 14
<MEAN> 39
 -3.511809e+00 -8.408402e+00 -7.343219e+00 -6.187189e+00 -1.170472e+00 -6.547001e+00 -4.494223e+00 -6.204368e+00 1.148110e+00 -1.295389e+01 -7.463458e+00 -8.309345e+00 6.717438e+01 -1.076927e+00 1.068654e+00 5.083729e-01 -6.411161e-02 2.248682e-01 3.889340e-01 4.911759e-01 -4.181518e-01 -1.108450e+00 -2.479250e-01 7.887443e-01 -1.637582e-01 -1.354493e+00 1.362701e-02 -2.384387e-01 -2.017553e-01 -9.185540e-02 -4.998744e-02 -1.049396e-01 -7.556075e-02 6.863309e-02 2.165659e-01 1.142395e-01 -1.384094e-01 -3.021070e-02 1.705765e-01
<VARIANCE> 39
 1.981017e+00 5.036761e+00 3.958453e+01 1.350279e+01 2.210182e+01 4.960057e+01 2.574756e+01 4.037617e+01 1.964212e+01 2.529985e+01 4.854645e+01 4.497856e+01 2.573570e+00 2.821369e-01 2.487455e-01 1.252166e+00 4.515181e-01 1.176680e+00 1.290734e+00 1.840315e+00 1.106552e+00 8.634411e-01 1.376494e+00 2.373194e+00 7.724457e-01 1.141670e-01 1.936996e-02 1.769063e-02 4.214448e-02 6.446968e-02 1.730760e-01 2.055079e-01 1.367667e-01 1.827434e-01 1.870960e-01 2.516634e-01 2.332909e-01 1.923540e-01 9.527059e-03
<GCONST> 7.383273e+01
<STATE> 15
<MEAN> 39
 -5.872635e+00 -6.603339e+00 -5.636127e+00 -7.318631e+00 -2.092699e+00 -2.793708e+00 -9.758035e-01 -8.096536e+00 1.034535e+00 -1.016885e+01 -9.942926e+00 -1.150362e+01 6.470685e+01 -9.085982e-01 7.582720e-01 1.049137e-01 -1.436113e-02 4.234065e-01 -7.827833e-02 1.416409e-01 3.436567e-01 -1.153308e-01 -9.626204e-02 -1.119919e-01 -4.662588e-01 -9.806105e-01 -1.622008e-02 -1.033213e-01 4.707555e-02 7.163139e-02 2.325246e-02 -1.425513e-02 -1.373450e-02 2.568538e-02 7.860477e-02 7.707501e-02 3.781594e-02 4.346877e-02 6.617766e-02
<VARIANCE> 39
 1.739925e+00 1.111437e+01 1.625076e+01 1.031430e+01 2.399297e+01 4.623630e+01 2.193678e+01 4.095157e+01 1.060752e+01 2.316963e+01 2.484602e+01 1.509248e+01 2.759552e+00 5.971652e-02 1.628222e-01 7.783546e-01 6.973637e-01 5.975334e-01 8.474703e-01 8.503332e-01 1.670527e+00 1.113493e+00 1.204685e+00 6.099579e-01 1.045007e+00 2.958452e-02 1.950042e-02 1.930159e-02 6.131560e-02 7.437800e-02 1.031038e-01 2.027155e-01 2.110162e-01 2.593026e-01 1.823130e-01 1.764409e-01 1.169960e-01 9.476631e-02 1.089308e-02
<GCONST> 6.426145e+01
<STATE> 16
<MEAN> 39
 -9.705957e+00 -5.052160e+00 -6.106365e+00 -7.360538e+00 -6.744390e-01 -5.404092e+00 -2.278655e+00 -6.796167e+00 -7.970113e-01 -1.167017e+01 -7.273152e+00 -1.092957e+01 6.132008e+01 -8.463482e-01 4.040124e-01 4.012912e-01 1.966391e-01 3.038759e-01 3.098405e-01 4.381133e-01 4.162681e-02 -3.194737e-01 1.218221e-01 4.435833e-01 1.730945e-01 -7.160826e-01 6.371190e-02 -7.990629e-02 6.297034e-03 6.141188e-02 -3.755805e-03 -6.817353e-02 9.050448e-03 -4.996410e-03 5.954248e-02 9.794732e-03 5.627775e-02 1.789764e-01 5.539978e-02
<VARIANCE> 39
 1.568991e+00 5.865877e+00 9.926168e+00 8.027670e+00 1.205850e+01 2.721853e+01 1.810631e+01 1.319039e+01 1.477941e+01 1.519305e+01 2.559274e+01 3.868349e+01 1.073244e+00 8.710615e-02 1.675608e-01 4.943843e-01 5.540941e-01 7.523397e-01 1.424732e+00 1.748338e+00 1.760604e+00 1.058070e+00 6.937354e-01 9.856323e-01 7.760504e-01 2.649519e-02 1.230215e-02 3.074489e-02 5.436832e-02 9.247065e-02 1.005628e-01 1.615981e-01 1.903274e-01 1.872531e-01 2.191083e-01 8.391304e-02 1.086963e-01 1.458172e-01 3.236722e-03
<GCONST> 5.888985e+01
<STATE> 17
<MEAN> 39
 -1.293519e+01 -4.508874e+00 -3.844126e+00 -5.149234e+00 1.728070e+00 -5.352462e+00 3.256040e-01 -4.405722e+00 -2.513075e-01 -1.043541e+01 -5.078776e+00 -9.918555e+00 5.876283e+01 -6.933877e-01 -3.197765e-02 4.726852e-01 4.339792e-01 7.428378e-02 -2.205325e-01 1.150285e-01 3.629138e-01 2.181237e-01 3.671926e-01 4.173565e-01 2.757750e-01 -4.997246e-01 -2.736819e-02 -6.649039e-02 -4.322410e-02 -7.682716e-02 -1.301075e-01 8.982927e-02 -3.106815e-02 -9.177222e-04 -1.031562e-01 -1.061460e-01 -1.117176e-01 -2.888889e-02 2.116026e-02
<VARIANCE> 39
 2.404592e+00 4.104299e+00 9.844018e+00 1.045474e+01 8.685425e+00 1.015027e+01 1.813243e+01 2.357213e+01 1.466017e+01 1.382213e+01 2.675216e+01 4.113540e+01 7.750960e-01 6.239030e-02 1.050263e-01 4.402239e-01 7.569811e-01 5.895675e-01 6.109756e-01 7.808179e-01 6.841083e-01 1.157645e+00 8.914218e-01 9.008102e-01 9.572332e-01 2.293091e-02 1.360348e-02 3.560142e-02 5.412095e-02 1.507585e-01 1.167962e-01 1.391211e-01 1.425548e-01 1.273264e-01 2.388118e-01 1.961367e-01 1.960079e-01 1.495695e-01 3.295506e-03
<GCONST> 5.665468e+01
<STATE> 18
<MEAN> 39
 -1.486762e+01 -4.883806e+00 -3.884313e+00 -4.910135e+00 -4.799191e-01 -4.201792e+00 2.622380e+00 -6.186735e+00 -3.781648e+00 -1.171990e+01 -3.354829e+00 -4.961592e+00 5.739971e+01 -8.042577e-01 -5.113903e-01 2.906669e-01 4.366103e-01 -2.561308e-01 4.629443e-01 1.537438e+00 7.815504e-01 -7.877995e-01 -7.435085e-01 2.350502e-01 3.458163e-01 -3.477639e-01 -1.841957e-03 2.700625e-02 1.404343e-01 1.370032e-01 1.005102e-01 2.811914e-02 1.665955e-01 1.565660e-01 5.013153e-02 -1.043748e-01 -1.349466e-02 -3.538300e-02 2.876846e-02
<VARIANCE> 39
 2.430360e+00 8.188774e+00 1.015178e+01 3.528289e+01 2.252935e+01 1.725458e+01 9.250796e+01 5.062180e+01 4.749525e+01 2.507605e+01 4.394554e+01 2.638979e+01 5.392520e-01 1.338195e-01 6.157755e-01 5.511990e-01 1.940926e+00 1.705632e+00 1.753883e+00 2.716866e+00 1.408070e+00 3.122640e+00 1.344069e+00 1.241907e+00 8.692257e-01 9.116353e-02 1.515494e-02 1.380448e-01 1.022066e-01 2.648063e-01 2.761328e-01 2.045222e-01 4.891406e-01 2.832336e-01 6.807609e-01 3.314751e-01 3.288608e-01 1.507099e-01 2.004038e-02
<GCONST> 8.457622e+01
<STATE> 19
<MEAN> 39
 -1.761252e+01 -4.788940e+00 -4.366699e-01 -1.485926e+00 1.112108e+00 -4.979070e+00 3.867437e+00 -2.841314e+00 -2.861212e+00 -1.252506e+01 -4.025139e+00 -7.689164e+00 5.594380e+01 -6.075326e-01 6.664585e-03 6.433882e-01 4.664129e-01 2.501544e-01 1.179111e-01 4.524650e-01 4.648084e-01 1.692240e-01 1.493474e-01 7.286312e-01 7.972162e-01 -3.597957e-01 1.068732e-01 -2.916891e-02 -2.251718e-02 5.331995e-02 1.443588e-01 1.601174e-01 3.135804e-02 2.384539e-02 1.201557e-01 2.338685e-01 1.216825e-01 1.806619e-01 5.884454e-02
<VARIANCE> 39
 2.865967e+00 2.822126e+00 1.246805e+01 3.396782e+01 1.651913e+01 1.474755e+01 9.787630e+01 4.081167e+01 1.686910e+01 2.090394e+01 3.436184e+01 2.969687e+01 9.924302e-01 2.531488e-01 1.891534e-01 3.656616e-01 6.822053e-01 6.444609e-01 1.221469e+00 7.809254e-01 9.642390e-01 1.033608e+00 2.329292e+00 1.979756e+00 8.506232e-01 8.708426e-02 3.335430e-02 4.377524e-02 6.777713e-02 1.586676e-01 1.638054e-01 2.795334e-01 2.702132e-01 2.421696e-01 2.208101e-01 4.044802e-01 3.590339e-01 1.706210e-01 8.598384e-03
<GCONST> 7.356225e+01
<TRANSP> 20
 0.000000e+00 1.000000e+00 0.000000e+00 0.000000e+00 0.000000e+00 0.000000e+00 0.000000e+00 0.000000e+00 0.000000e+00 0.000000e+00 0.000000e+00 0.000000e+00 0.000000e+00 0.000000e+00 0.000000e+00 0.000000e+00 0.000000e+00 0.000000e+00 0.000000e+00 0.000000e+00
 0.000000e+00 7.068194e-01 2.931806e-01 0.000000e+00 0.000000e+00 0.000000e+00 0.000000e+00 0.000000e+00 0.000000e+00 0.000000e+00 0.000000e+00 0.000000e+00 0.000000e+00 0.000000e+00 0.000000e+00 0.000000e+00 0.000000e+00 0.000000e+00 0.000000e+00 0.000000e+00
 0.000000e+00 0.000000e+00 6.765186e-01 3.234814e-01 0.000000e+00 0.000000e+00 0.000000e+00 0.000000e+00 0.000000e+00 0.000000e+00 0.000000e+00 0.000000e+00 0.000000e+00 0.000000e+00 0.000000e+00 0.000000e+00 0.000000e+00 0.000000e+00 0.000000e+00 0.000000e+00
 0.000000e+00 0.000000e+00 0.000000e+00 7.073781e-01 2.926218e-01 0.000000e+00 0.000000e+00 0.000000e+00 0.000000e+00 0.000000e+00 0.000000e+00 0.000000e+00 0.000000e+00 0.000000e+00 0.000000e+00 0.000000e+00 0.000000e+00 0.000000e+00 0.000000e+00 0.000000e+00
 0.000000e+00 0.000000e+00 0.000000e+00 0.000000e+00 7.492462e-01 2.507538e-01 0.000000e+00 0.000000e+00 0.000000e+00 0.000000e+00 0.000000e+00 0.000000e+00 0.000000e+00 0.000000e+00 0.000000e+00 0.000000e+00 0.000000e+00 0.000000e+00 0.000000e+00 0.000000e+00
 0.000000e+00 0.000000e+00 0.000000e+00 0.000000e+00 0.000000e+00 7.687032e-01 2.312968e-01 0.000000e+00 0.000000e+00 0.000000e+00 0.000000e+00 0.000000e+00 0.000000e+00 0.000000e+00 0.000000e+00 0.000000e+00 0.000000e+00 0.000000e+00 0.000000e+00 0.000000e+00
 0.000000e+00 0.000000e+00 0.000000e+00 0.000000e+00 0.000000e+00 0.000000e+00 7.744907e-01 2.255093e-01 0.000000e+00 0.000000e+00 0.000000e+00 0.000000e+00 0.000000e+00 0.000000e+00 0.000000e+00 0.000000e+00 0.000000e+00 0.000000e+00 0.000000e+00 0.000000e+00
 0.000000e+00 0.000000e+00 0.000000e+00 0.000000e+00 0.000000e+00 0.000000e+00 0.000000e+00 5.204638e-01 4.795363e-01 0.000000e+00 0.000000e+00 0.000000e+00 0.000000e+00 0.000000e+00 0.000000e+00 0.000000e+00 0.000000e+00 0.000000e+00 0.000000e+00 0.000000e+00
 0.000000e+00 0.000000e+00 0.000000e+00 0.000000e+00 0.000000e+00 0.000000e+00 0.000000e+00 0.000000e+00 5.384055e-01 4.615946e-01 0.000000e+00 0.000000e+00 0.000000e+00 0.000000e+00 0.000000e+00 0.000000e+00 0.000000e+00 0.000000e+00 0.000000e+00 0.000000e+00
 0.000000e+00 0.000000e+00 0.000000e+00 0.000000e+00 0.000000e+00 0.000000e+00 0.000000e+00 0.000000e+00 0.000000e+00 5.861459e-01 4.138541e-01 0.000000e+00 0.000000e+00 0.000000e+00 0.000000e+00 0.000000e+00 0.000000e+00 0.000000e+00 0.000000e+00 0.000000e+00
 0.000000e+00 0.000000e+00 0.000000e+00 0.000000e+00 0.000000e+00 0.000000e+00 0.000000e+00 0.000000e+00 0.000000e+00 0.000000e+00 5.887527e-01 4.112473e-01 0.000000e+00 0.000000e+00 0.000000e+00 0.000000e+00 0.000000e+00 0.000000e+00 0.000000e+00 0.000000e+00
 0.000000e+00 0.000000e+00 0.000000e+00 0.000000e+00 0.000000e+00 0.000000e+00 0.000000e+00 0.000000e+00 0.000000e+00 0.000000e+00 0.000000e+00 8.027829e-01 1.972171e-01 0.000000e+00 0.000000e+00 0.000000e+00 0.000000e+00 0.000000e+00 0.000000e+00 0.000000e+00
 0.000000e+00 0.000000e+00 0.000000e+00 0.000000e+00 0.000000e+00 0.000000e+00 0.000000e+00 0.000000e+00 0.000000e+00 0.000000e+00 0.000000e+00 0.000000e+00 6.573898e-01 3.426102e-01 0.000000e+00 0.000000e+00 0.000000e+00 0.000000e+00 0.000000e+00 0.000000e+00
 0.000000e+00 0.000000e+00 0.000000e+00 0.000000e+00 0.000000e+00 0.000000e+00 0.000000e+00 0.000000e+00 0.000000e+00 0.000000e+00 0.000000e+00 0.000000e+00 0.000000e+00 6.355096e-01 3.644904e-01 0.000000e+00 0.000000e+00 0.000000e+00 0.000000e+00 0.000000e+00
 0.000000e+00 0.000000e+00 0.000000e+00 0.000000e+00 0.000000e+00 0.000000e+00 0.000000e+00 0.000000e+00 0.000000e+00 0.000000e+00 0.000000e+00 0.000000e+00 0.000000e+00 0.000000e+00 6.843682e-01 3.156318e-01 0.000000e+00 0.000000e+00 0.000000e+00 0.000000e+00
 0.000000e+00 0.000000e+00 0.000000e+00 0.000000e+00 0.000000e+00 0.000000e+00 0.000000e+00 0.000000e+00 0.000000e+00 0.000000e+00 0.000000e+00 0.000000e+00 0.000000e+00 0.000000e+00 0.000000e+00 7.659821e-01 2.340179e-01 0.000000e+00 0.000000e+00 0.000000e+00
 0.000000e+00 0.000000e+00 0.000000e+00 0.000000e+00 0.000000e+00 0.000000e+00 0.000000e+00 0.000000e+00 0.000000e+00 0.000000e+00 0.000000e+00 0.000000e+00 0.000000e+00 0.000000e+00 0.000000e+00 0.000000e+00 7.376834e-01 2.623167e-01 0.000000e+00 0.000000e+00
 0.000000e+00 0.000000e+00 0.000000e+00 0.000000e+00 0.000000e+00 0.000000e+00 0.000000e+00 0.000000e+00 0.000000e+00 0.000000e+00 0.000000e+00 0.000000e+00 0.000000e+00 0.000000e+00 0.000000e+00 0.000000e+00 0.000000e+00 6.071354e-01 3.928647e-01 0.000000e+00
 0.000000e+00 0.000000e+00 0.000000e+00 0.000000e+00 0.000000e+00 0.000000e+00 0.000000e+00 0.000000e+00 0.000000e+00 0.000000e+00 0.000000e+00 0.000000e+00 0.000000e+00 0.000000e+00 0.000000e+00 0.000000e+00 0.000000e+00 0.000000e+00 6.794484e-01 3.205516e-01
 0.000000e+00 0.000000e+00 0.000000e+00 0.000000e+00 0.000000e+00 0.000000e+00 0.000000e+00 0.000000e+00 0.000000e+00 0.000000e+00 0.000000e+00 0.000000e+00 0.000000e+00 0.000000e+00 0.000000e+00 0.000000e+00 0.000000e+00 0.000000e+00 0.000000e+00 0.000000e+00
<ENDHMM>
