~o
<STREAMINFO> 1 39
<VECSIZE> 39<NULLD><MFCC_D_A_0><DIAGC>
~h "hapus"
<BEGINHMM>
<NUMSTATES> 20
<STATE> 2
<MEAN> 39
 -1.745758e+01 -1.119423e+01 -5.624444e+00 -1.285606e+00 5.693730e+00 -4.241537e+00 3.137156e-01 -3.890903e+00 1.689686e+00 -9.121573e+00 1.321193e-01 -2.175049e+00 5.820620e+01 6.325421e-01 -7.939288e-01 -1.069307e+00 3.352814e-01 1.406036e+00 -8.634861e-02 -7.550893e-01 -8.778173e-01 -2.070346e-01 -5.716953e-01 -4.931918e-01 7.424688e-02 7.629257e-01 5.160919e-01 1.489095e-01 -1.781675e-01 -1.493023e-01 1.200735e-01 2.224832e-01 -2.354561e-01 -4.624920e-01 -1.279891e-01 1.173178e-01 -1.450343e-01 -3.002524e-01 2.917876e-01
<VARIANCE> 39
 1.633895e+00 1.353296e+01 1.048602e+01 9.812910e+00 2.335216e+01 1.350221e+01 2.306837e+01 1.546993e+01 1.876079e+01 2.765255e+01 1.993209e+01 3.475165e+01 1.638962e+00 8.945970e-01 1.655801e+00 1.720077e+00 1.028183e+00 1.644960e+00 1.882351e+00 2.074425e+00 2.676073e+00 1.888579e+00 3.446165e+00 2.291049e+00 3.307678e+00 3.359959e-01 1.954733e-01 1.968367e-01 3.344798e-01 2.627579e-01 3.673678e-01 2.114105e-01 2.518839e-01 2.603193e-01 2.990896e-01 4.372792e-01 1.681928e-01 3.768548e-01 8.681581e-02
<GCONST> 9.273298e+01
<STATE> 3
<MEAN> 39
 -1.041839e+01 -1.246629e+01 -1.087078e+01 -1.847932e+00 1.280365e+01 -4.275415e+00 -1.564529e+00 -1.011471e+01 -6.836152e-01 -1.122311e+01 -3.078212e+00 -2.586538e+00 6.440237e+01 2.988278e+00 5.550498e-01 -1.062941e+00 -1.446023e+00 4.743626e-01 6.276142e-01 -6.698145e-01 -1.730893e+00 -8.918015e-01 9.307930e-02 -7.996745e-01 -1.282736e+00 2.160283e+00 1.933739e-01 1.411817e-02 9.822586e-02 -5.314342e-01 -5.283434e-01 1.103486e-01 3.767298e-02 9.859965e-02 3.812263e-02 2.703058e-01 -1.101966e-02 -2.446984e-01 1.854719e-01
<VARIANCE> 39
 2.617438e+01 4.311535e+01 2.650718e+01 2.337897e+01 4.141732e+01 5.683708e+01 6.620882e+01 4.706901e+01 3.565780e+01 7.186292e+01 3.486488e+01 9.279286e+01 1.735803e+01 1.946644e+00 2.456239e+00 5.051772e+00 2.231411e+00 2.227227e+00 3.191040e+00 2.806220e+00 4.636388e+00 3.914615e+00 3.634777e+00 2.081565e+00 3.791182e+00 9.697659e-01 4.043068e-01 6.478317e-01 6.630321e-01 3.111819e-01 3.071739e-01 2.886147e-01 3.774435e-01 8.020213e-01 5.738889e-01 6.122768e-01 4.378382e-01 5.875404e-01 1.626561e-01
<GCONST> 1.221767e+02
<STATE> 4
<MEAN> 39
 6.367754e-01 -9.521347e+00 -1.531295e+01 -1.140535e+01 5.606437e+00 1.645556e+00 -6.346262e+00 -1.859343e+01 -1.281924e+00 -6.253554e+00 -7.037115e+00 -1.115130e+01 7.054363e+01 1.232179e+00 2.745449e-01 -8.747537e-02 -1.587410e+00 -1.316252e+00 3.972790e-01 -1.041304e-01 -5.403648e-01 -1.059045e-01 7.860167e-01 -4.711525e-01 -9.703797e-01 7.929577e-01 -8.654761e-01 2.179310e-01 7.335172e-01 5.926322e-01 -3.027628e-02 -3.267761e-01 3.118920e-01 6.492776e-01 -4.545105e-02 -1.923445e-01 3.156880e-01 3.220418e-01 -6.833277e-01
<VARIANCE> 39
 3.724079e+00 1.544829e+01 2.993738e+01 2.210309e+01 7.327955e+01 9.958194e+01 7.339117e+01 7.375476e+01 5.681739e+01 7.465342e+01 4.253207e+01 1.442722e+01 8.885266e+00 1.369667e+00 1.332958e+00 3.230397e+00 1.971261e+00 1.814245e+00 2.126744e+00 2.075152e+00 5.516258e+00 2.474623e+00 2.695996e+00 2.186979e+00 2.563439e+00 1.281116e+00 8.271696e-02 1.509451e-01 3.103733e-01 3.719827e-01 4.262158e-01 5.027768e-01 3.703128e-01 6.831412e-01 7.063274e-01 4.863101e-01 1.957395e-01 1.874434e-01 3.670036e-02
<GCONST> 1.096476e+02
<STATE> 5
<MEAN> 39
 1.030969e+00 -1.191006e+01 -2.644974e+00 -1.131421e+01 8.148778e+00 -6.204112e-01 -4.619070e+00 -5.652124e+00 -1.210220e+00 -4.369546e+00 1.278016e-01 -1.353051e+01 7.573491e+01 -4.068740e-01 9.755369e-01 9.839065e-01 6.450257e-01 -4.744299e-01 3.909609e-01 -1.079696e-01 4.448118e-03 -9.644044e-02 1.690782e-01 7.056789e-01 1.194319e-02 -8.280506e-01 -3.035428e-01 6.340759e-02 -1.023795e-01 3.635553e-01 2.135917e-01 -5.768808e-02 8.237243e-02 -8.779947e-02 -2.692124e-02 -2.952548e-01 -8.973522e-02 1.671472e-01 -3.264839e-01
<VARIANCE> 39
 1.610353e+00 3.625471e+01 7.742796e+01 9.389413e+00 4.977158e+01 3.442092e+01 2.183703e+01 1.141097e+02 2.590111e+01 3.532057e+01 7.290250e+01 1.196675e+01 2.568617e+01 6.430883e-01 1.069418e+00 1.438534e+00 1.134397e+00 9.167103e-01 1.776585e+00 1.885334e+00 1.666489e+00 1.276674e+00 1.614923e+00 1.052588e+00 1.001083e+00 7.613686e-01 1.030606e-01 1.544239e-01 1.916412e-01 1.205869e-01 1.167472e-01 9.070723e-02 1.567790e-01 2.539696e-01 1.946070e-01 2.269332e-01 3.149133e-01 2.379058e-01 3.691491e-02
<GCONST> 9.199749e+01
<STATE> 6
<MEAN> 39
 -4.773817e+00 -3.552487e+00 -5.002651e+00 -6.802411e+00 4.145652e+00 1.273846e+00 -3.184895e+00 -1.183780e+01 -3.222830e+00 -8.334712e+00 -4.004947e+00 -1.215742e+01 6.466947e+01 -1.141081e+00 4.721854e-01 5.648527e-01 5.402531e-01 -1.070751e-01 -1.926571e-01 6.504653e-01 6.496907e-01 -6.960956e-02 -5.698465e-01 -4.612468e-02 1.740111e-01 -1.024573e+00 6.649093e-02 -1.148301e-01 -8.784793e-02 -7.301819e-02 1.947712e-03 4.603693e-03 8.430468e-03 -2.287496e-02 1.030425e-01 1.136807e-01 1.508908e-02 1.521191e-02 1.093374e-01
<VARIANCE> 39
 4.747775e+00 6.496555e+00 3.870560e+01 2.751248e+01 3.975245e+01 2.357493e+01 2.782584e+01 4.426410e+01 2.511594e+01 5.671057e+01 4.837428e+01 1.706532e+01 5.937132e+00 2.433295e-01 2.911983e-01 1.037787e+00 6.576982e-01 7.112103e-01 1.368537e+00 1.190020e+00 1.501975e+00 1.388588e+00 1.556342e+00 1.462637e+00 1.031059e+00 1.084619e-01 2.241280e-02 3.804525e-02 1.103583e-01 1.329528e-01 1.060014e-01 1.450018e-01 1.774537e-01 1.739846e-01 2.417164e-01 2.783353e-01 1.829584e-01 1.978648e-01 7.195274e-03
<GCONST> 7.838534e+01
<STATE> 7
<MEAN> 39
 -1.088362e+01 -2.738055e+00 -3.379859e+00 -6.176863e+00 7.126961e-01 -2.997123e+00 -9.643642e-01 -1.102305e+01 -4.205269e+00 -1.006362e+01 -2.938892e+00 -9.437292e+00 5.983106e+01 -6.623614e-01 -1.106454e-01 8.475193e-01 8.674915e-01 -1.566622e-01 -7.023277e-01 2.116086e-01 3.285983e-01 -1.015073e-01 -3.439224e-01 4.470283e-02 1.681286e-01 -2.792802e-01 2.369683e-01 2.942532e-02 -1.201162e-01 -9.402181e-02 -1.533257e-01 -1.950147e-01 -2.656834e-01 -6.797186e-02 -2.242481e-02 1.610499e-01 1.778339e-01 2.440690e-01 2.249762e-01
<VARIANCE> 39
 4.846917e+00 3.463353e+00 1.234873e+01 1.609207e+01 1.485526e+01 1.967142e+01 1.512881e+01 1.435752e+01 1.198437e+01 1.731354e+01 1.994743e+01 1.245773e+01 1.517469e+00 1.763764e-01 3.840613e-01 5.678644e-01 6.050975e-01 1.032860e+00 1.202994e+00 1.342603e+00 1.158377e+00 1.262983e+00 1.162043e+00 1.434328e+00 8.101825e-01 1.606514e-01 6.652433e-02 1.210904e-01 1.361166e-01 1.797892e-01 2.212182e-01 2.524492e-01 2.971495e-01 2.134583e-01 2.938840e-01 2.508633e-01 3.262908e-01 2.448004e-01 3.150769e-02
<GCONST> 7.495259e+01
<STATE> 8
<MEAN> 39
 -1.067475e+01 -1.851441e+00 -1.251654e+00 -2.841434e+00 1.437773e-01 -5.952870e+00 -1.950351e+00 -9.075158e+00 -4.174277e+00 -9.530684e+00 -1.146614e+00 -6.398528e+00 6.141179e+01 2.023088e+00 1.547963e+00 -6.533955e-01 -1.879732e+00 -2.366143e+00 -1.994447e+00 -1.875544e+00 -5.800294e-01 -5.791608e-01 9.513214e-01 1.949527e+00 2.545488e+00 1.178886e+00 9.433885e-01 5.230237e-01 -4.021417e-01 -1.119919e+00 -5.656802e-01 -7.735546e-02 -3.130011e-01 -4.488841e-01 -4.248443e-01 -1.786038e-02 1.584463e-01 2.274183e-01 3.404512e-01
<VARIANCE> 39
 9.522738e+00 1.882668e+01 1.606743e+01 2.461575e+01 4.169193e+01 4.638842e+01 4.167957e+01 1.467602e+01 2.487449e+01 2.334535e+01 3.615772e+01 3.384840e+01 4.861469e+00 2.729389e+00 2.648165e+00 1.500285e+00 4.178268e+00 2.943329e+00 2.718095e+00 1.942982e+00 2.523078e+00 4.310639e+00 3.184076e+00 2.000705e+00 3.348234e+00 4.973977e-01 1.618172e-01 3.295891e-01 1.910066e-01 4.276992e-01 5.663047e-01 5.250775e-01 7.040381e-01 4.254403e-01 7.315084e-01 3.942116e-01 5.986286e-01 8.989000e-01 8.106751e-02
<GCONST> 1.109607e+02
<STATE> 9
<MEAN> 39
 1.500337e+00 6.492595e+00 -4.649276e+00 -1.514471e+01 -1.109574e+01 -1.030709e+01 -6.001457e+00 -1.319704e+01 -9.809960e+00 -9.488386e+00 5.315555e+00 1.526119e+00 6.659031e+01 1.894166e+00 4.936936e-01 -1.366855e+00 -2.200165e+00 -4.318387e-01 5.572070e-01 -1.003439e+00 -1.758378e+00 -1.304576e+00 8.748248e-01 1.296435e+00 8.065673e-01 1.123325e+00 -7.311165e-01 -7.019602e-01 7.394141e-02 7.440538e-01 1.105359e+00 4.755412e-01 -8.802681e-02 -3.580058e-02 5.363680e-01 4.221897e-01 -3.497531e-01 -8.419643e-01 -2.377757e-01
<VARIANCE> 39
 4.241496e+00 1.616319e+01 3.296948e+01 3.578870e+01 3.696498e+01 3.140842e+01 2.258282e+01 2.560646e+01 3.746508e+01 3.812209e+01 5.540069e+01 2.529686e+01 2.390254e+00 2.632857e+00 2.431405e+00 1.332536e+00 5.756131e+00 5.875686e+00 3.795403e+00 3.945917e+00 2.450544e+00 3.645298e+00 4.162515e+00 4.953825e+00 4.156227e+00 3.634229e-01 1.587850e-01 2.697647e-01 1.992792e-01 4.668284e-01 4.342469e-01 7.313141e-01 5.779404e-01 6.318440e-01 9.114769e-01 4.567307e-01 9.877244e-01 6.521506e-01 3.558392e-02
<GCONST> 1.134439e+02
<STATE> 10
<MEAN> 39
 2.194103e+00 2.733058e+00 -7.700979e+00 -1.797478e+01 -3.296533e+00 -9.167620e+00 -1.485193e+01 -1.701069e+01 -7.757053e+00 -2.090379e+00 4.796222e+00 -2.563072e+00 6.947513e+01 -2.927123e-01 -3.938011e-01 5.233673e-01 9.368718e-01 1.222029e+00 -1.307498e+00 -1.426369e+00 4.560849e-01 1.596948e+00 3.280830e-01 -1.709019e+00 -1.426414e+00 1.199430e-01 -4.603952e-01 2.405102e-01 5.198284e-01 6.742691e-01 -4.706958e-02 -5.219882e-01 6.067013e-01 4.054553e-01 8.260608e-02 -7.741042e-01 -4.421277e-01 2.001953e-01 -2.490217e-01
<VARIANCE> 39
 1.411942e+00 8.325230e+00 5.901293e+01 5.846428e+01 2.620614e+01 6.771655e+01 4.337472e+01 2.546336e+01 5.894650e+01 8.136417e+01 1.357993e+02 6.408102e+01 4.009685e+00 3.004449e-01 8.911368e-01 1.634816e+00 2.604917e+00 2.272558e+00 3.160901e+00 2.645802e+00 3.387294e+00 2.606344e+00 4.233517e+00 4.174407e+00 3.421020e+00 2.701579e-01 1.310762e-01 1.264919e-01 3.565458e-01 2.612503e-01 3.916967e-01 4.209389e-01 5.756393e-01 7.101272e-01 7.126989e-01 5.563366e-01 9.202728e-01 9.148791e-01 1.498440e-02
<GCONST> 1.092907e+02
<STATE> 11
<MEAN> 39
 -2.343450e+00 4.103944e+00 -3.877436e+00 -9.254887e+00 6.237620e-01 -1.643632e+01 -1.200881e+01 -1.604337e+01 -3.783380e+00 -6.219234e+00 -1.506573e+00 -4.229725e+00 6.775032e+01 -3.131312e+00 1.902807e+00 1.984607e-01 1.703395e+00 2.024375e+00 -2.790452e+00 2.687295e+00 -9.698833e-02 4.779572e-01 -7.041720e-01 -5.924705e-01 4.711627e-01 8.105488e-02 -8.686761e-01 7.076862e-01 -6.032799e-01 -2.719285e-01 1.687914e-01 -3.964447e-01 6.710518e-01 -3.272269e-02 -1.615231e-01 2.954892e-01 3.442449e-01 3.548174e-01 3.224808e-01
<VARIANCE> 39
 1.284469e+01 1.256459e+01 2.144375e+01 4.887002e+01 2.880032e+01 1.014180e+02 4.699622e+01 4.953220e+01 3.801596e+01 6.921459e+01 1.296282e+02 2.853186e+01 4.184828e+00 2.134793e+00 2.103514e+00 2.306714e+00 2.176852e+00 3.115870e+00 2.669642e+00 3.279681e+00 3.136238e+00 1.662923e+00 4.417001e+00 4.843800e+00 2.351808e+00 4.977186e-01 1.303294e-01 1.557506e-01 1.268879e-01 2.108188e-01 5.207573e-01 5.507489e-01 7.345504e-01 6.882125e-01 2.668026e-01 5.317535e-01 8.471164e-01 3.892173e-01 5.404808e-02
<GCONST> 1.128347e+02
<STATE> 12
<MEAN> 39
 -1.863624e+01 1.448200e+01 -7.966737e+00 -4.207007e+00 6.542974e+00 -2.851461e+01 -1.224962e+00 -1.572095e+01 -1.713258e+00 -5.909542e+00 -2.220922e+00 1.231937e-01 7.065314e+01 -3.272308e+00 1.817701e+00 -8.168022e-01 9.146379e-01 5.793647e-01 -1.655062e+00 1.538746e+00 9.238828e-01 1.205615e-01 2.229646e-02 3.864852e-02 8.436396e-01 5.883844e-01 7.448900e-01 -5.298940e-01 2.906630e-01 -3.330120e-02 -3.829679e-01 9.178870e-01 -5.770489e-01 1.983300e-01 -1.230375e-01 -1.319654e-01 5.436846e-02 -4.140160e-01 -1.702347e-01
<VARIANCE> 39
 1.780169e+01 2.739059e+01 9.864799e+00 8.962928e+01 3.084304e+01 5.872424e+01 5.672843e+01 3.352515e+01 5.441964e+01 5.224653e+01 4.545272e+01 4.612759e+01 2.663825e+00 1.922233e+00 1.592626e+00 1.471974e+00 1.269896e+00 3.276346e+00 4.667014e+00 2.987846e+00 2.599991e+00 1.232987e+00 1.647003e+00 2.710839e+00 2.988319e+00 4.384263e-01 1.236331e-01 1.511259e-01 2.396166e-01 2.759216e-01 4.373975e-01 4.379202e-01 3.919818e-01 4.975850e-01 3.015302e-01 4.426688e-01 4.817891e-01 5.244788e-01 3.068477e-02
<GCONST> 1.079248e+02
<STATE> 13
<MEAN> 39
 -2.684972e+01 1.957642e+01 -7.354544e+00 -5.238863e+00 1.100965e+01 -2.566087e+01 3.484783e+00 -1.108512e+01 -4.688299e+00 -5.409062e+00 9.456835e-02 -2.195019e+00 7.185506e+01 -5.312754e-01 1.227648e-01 1.071474e-01 6.904010e-01 1.924445e-01 6.730644e-01 2.571945e-01 5.440138e-01 4.944308e-02 -1.712332e-01 -8.747420e-02 -4.520710e-01 -2.436611e-01 2.076114e-01 -1.322747e-01 1.287650e-02 -5.310231e-02 -4.750319e-02 1.879665e-01 -8.686516e-03 -3.361803e-02 2.702723e-02 3.790216e-02 5.033572e-02 1.074517e-02 -1.116547e-01
<VARIANCE> 39
 6.761303e+00 1.119046e+01 1.855564e+01 2.806798e+01 2.482460e+01 3.115516e+01 6.760773e+01 3.546169e+01 3.874343e+01 9.262676e+01 2.181346e+01 3.146516e+01 3.951885e+00 2.992570e-01 4.923106e-01 5.699160e-01 6.638917e-01 9.496715e-01 2.178592e+00 1.738255e+00 1.448775e+00 2.577856e+00 1.841404e+00 6.425150e-01 1.363579e+00 2.255330e-01 1.016237e-01 8.426519e-02 8.359792e-02 1.067955e-01 1.446979e-01 4.048082e-01 2.914319e-01 3.223169e-01 3.771439e-01 3.778864e-01 1.118692e-01 2.595983e-01 2.970086e-02
<GCONST> 8.779726e+01
<STATE> 14
<MEAN> 39
 -2.345510e+01 1.536549e+01 -7.709550e+00 7.737412e+00 2.472070e+00 -2.386504e+01 1.159609e+00 -1.183100e+01 6.365784e-01 -1.503116e+01 -5.517374e+00 -1.950677e+00 6.786351e+01 -3.018213e-01 -2.026569e-01 1.849601e-01 1.840161e-01 -1.795330e-02 1.472468e+00 5.718538e-01 1.788298e-01 -2.442499e-01 -2.758346e-01 3.197187e-01 -2.347734e-01 -4.949341e-01 3.595552e-02 -1.958726e-01 -8.806038e-02 -1.535378e-01 -2.151554e-02 -1.011669e-01 -6.569918e-02 -1.175399e-01 8.640448e-02 2.315475e-01 1.297780e-01 8.866447e-02 -3.847772e-02
<VARIANCE> 39
 1.014855e+01 2.044711e+01 1.285399e+01 4.406719e+01 5.630021e+01 6.228277e+01 4.679086e+01 1.825019e+01 1.953756e+01 5.118227e+01 2.751297e+01 2.300973e+01 6.126569e+00 1.007845e-01 3.788448e-01 5.904113e-01 6.699026e-01 6.233941e-01 6.767324e-01 1.138702e+00 1.111132e+00 1.052259e+00 2.037501e+00 1.786284e+00 1.903944e+00 6.356282e-02 1.518380e-02 4.780347e-02 1.025962e-01 1.016249e-01 1.009005e-01 1.790225e-01 1.909917e-01 1.799294e-01 3.006211e-01 2.312481e-01 2.727446e-01 2.453002e-01 8.827661e-03
<GCONST> 7.856849e+01
<STATE> 15
<MEAN> 39
 -2.832110e+01 1.444839e+01 -6.548584e+00 -2.250603e+00 9.798844e+00 -1.969787e+01 3.041118e+00 -6.476421e+00 -5.145323e+00 -2.748258e+00 5.298544e-01 -3.000855e+00 6.677731e+01 -5.572890e-02 -8.718591e-01 -1.174165e-02 4.621602e-02 -1.110119e-01 3.766121e-01 4.004011e-01 1.222087e-01 4.521920e-01 1.596309e-01 4.012729e-01 -2.284086e-01 -6.447457e-01 1.189527e-01 -1.109282e-01 4.609263e-02 -1.107659e-01 -2.387868e-02 -9.554179e-02 8.211078e-03 1.099865e-02 1.145180e-01 -4.048878e-02 -9.884948e-02 -9.821285e-02 -2.391619e-02
<VARIANCE> 39
 9.947855e+00 1.909477e+01 1.516317e+01 4.812460e+01 5.199003e+01 3.611229e+01 3.295170e+01 3.519932e+01 3.156078e+01 5.731189e+01 1.350112e+01 2.014216e+01 6.530766e+00 1.796312e-01 2.147201e-01 1.682510e-01 5.857699e-01 3.505240e-01 1.405835e+00 1.164030e+00 1.858592e+00 1.299944e+00 1.511913e+00 5.582924e-01 1.097253e+00 5.476033e-02 2.111791e-02 4.777454e-02 4.238205e-02 1.035870e-01 1.093928e-01 2.775194e-01 1.697171e-01 2.417949e-01 1.807292e-01 1.823912e-01 1.646191e-01 2.100639e-01 9.856362e-03
<GCONST> 7.445371e+01
<STATE> 16
<MEAN> 39
 -2.755358e+01 1.236615e+01 -6.460687e+00 -9.648544e-01 9.223831e+00 -1.759737e+01 7.415503e+00 -8.426351e+00 1.622518e+00 -6.888180e+00 2.606232e+00 -6.887872e+00 6.426590e+01 5.128266e-01 -1.392375e+00 5.089945e-01 -2.509373e-01 -5.003849e-01 3.357859e-01 -4.259847e-01 4.189741e-01 4.986623e-01 7.740839e-02 -1.938151e-01 -3.125753e-01 -8.572814e-01 1.114932e-01 -1.516674e-01 4.685878e-02 6.543731e-02 -6.445507e-02 2.505715e-01 -1.529845e-01 -3.388078e-02 -1.443241e-01 -1.003444e-01 -1.926930e-01 1.064231e-01 -2.290715e-02
<VARIANCE> 39
 5.826316e+00 1.594378e+01 1.694891e+01 2.301678e+01 2.753635e+01 4.667068e+01 2.930120e+01 4.257702e+01 1.841142e+01 4.408944e+01 3.997197e+01 3.464539e+01 4.123806e+00 2.028635e-01 2.929592e-01 6.983051e-01 1.159692e+00 1.068908e+00 1.190482e+00 1.928321e+00 1.220128e+00 7.323911e-01 2.489023e+00 1.091926e+00 1.666370e+00 8.845498e-02 2.421479e-02 2.787669e-02 1.571621e-01 1.301832e-01 1.190068e-01 3.439667e-01 4.918105e-01 3.831403e-01 2.066510e-01 5.796483e-01 1.956951e-01 3.119252e-01 7.195905e-03
<GCONST> 8.274111e+01
<STATE> 17
<MEAN> 39
 -2.344958e+01 3.412901e+00 -4.843727e+00 -1.360715e-01 5.575803e+00 -1.238338e+01 4.414960e+00 -6.071200e+00 7.819179e-01 -7.468968e+00 -6.598938e-01 -4.864616e+00 6.029155e+01 6.288515e-01 -1.547708e+00 2.672576e-01 -4.002788e-02 -2.079845e-01 1.560557e+00 1.924422e-01 -1.678712e-02 1.011379e-01 -3.766502e-01 -5.256083e-01 -2.379612e-02 -6.334749e-01 -3.179682e-02 6.540653e-02 -6.694598e-03 -2.985943e-02 -3.837663e-02 -3.762106e-03 3.270674e-02 3.704730e-02 8.783052e-02 1.188435e-01 1.641054e-01 -4.795550e-02 5.137250e-02
<VARIANCE> 39
 6.720129e+00 9.825558e+00 1.005974e+01 2.451787e+01 3.770717e+01 4.736023e+01 2.295641e+01 3.094839e+01 3.319439e+01 3.045180e+01 2.831843e+01 2.177344e+01 9.787636e-01 1.960167e-01 3.301621e-01 6.941275e-01 6.607419e-01 1.196988e+00 1.082443e+00 1.289878e+00 1.488029e+00 1.611073e+00 2.280500e+00 1.418229e+00 1.107220e+00 5.847320e-02 2.479135e-02 5.682166e-02 1.265057e-01 1.477075e-01 1.721782e-01 1.467286e-01 1.896696e-01 3.036821e-01 3.204640e-01 3.831422e-01 2.587298e-01 2.224821e-01 1.104425e-02
<GCONST> 7.852147e+01
<STATE> 18
<MEAN> 39
 -2.037894e+01 -2.857231e+00 -3.334811e+00 -2.630972e+00 3.551515e+00 -7.357043e+00 5.328095e+00 -7.216149e+00 2.990455e+00 -6.940114e+00 -5.411811e-01 -5.884998e+00 5.773073e+01 5.258865e-01 -1.051994e+00 2.912825e-01 -4.592495e-01 -2.938808e-01 1.197274e+00 -3.603487e-01 3.350212e-01 2.457146e-01 1.874810e-01 -4.209584e-02 -6.965938e-01 -4.287905e-01 1.183360e-03 8.674394e-02 3.594988e-02 5.979514e-02 5.042233e-02 -7.162693e-02 -6.440450e-02 9.378625e-02 -6.748904e-02 -7.217930e-02 -3.266321e-02 -3.555493e-02 2.665951e-02
<VARIANCE> 39
 7.273137e+00 7.803091e+00 8.339006e+00 1.335406e+01 8.344679e+00 2.626121e+01 1.365241e+01 2.536747e+01 8.595142e+00 2.656069e+01 1.580184e+01 1.742407e+01 8.653827e-01 1.831431e-01 3.827222e-01 4.411946e-01 7.232922e-01 1.041101e+00 8.915155e-01 8.431094e-01 1.562351e+00 1.124202e+00 1.435718e+00 1.155834e+00 1.446517e+00 2.979035e-02 3.100059e-02 5.835256e-02 6.791813e-02 8.306700e-02 1.313762e-01 1.439393e-01 1.729136e-01 2.441753e-01 2.102850e-01 2.483846e-01 2.740299e-01 2.816914e-01 7.209756e-03
<GCONST> 6.737846e+01
<STATE> 19
<MEAN> 39
 -1.915352e+01 -5.833035e+00 -1.406883e+00 -1.070367e+00 3.833025e+00 -9.375930e-01 3.117919e+00 -5.072960e+00 6.373728e-01 -8.812188e+00 -2.044141e+00 -9.441849e+00 5.625527e+01 6.054355e-01 -7.269272e-01 3.163606e-01 -2.255356e-01 -1.669439e-01 6.659796e-01 -2.680476e-01 3.571689e-01 -6.865577e-02 5.809382e-03 5.210880e-01 1.540841e-01 -2.372891e-01 5.704131e-02 1.084356e-01 -4.339006e-02 -1.064390e-02 -5.455929e-02 -1.137873e-01 -8.241715e-02 -7.631292e-02 -7.635152e-02 -1.208233e-01 8.153744e-02 1.445104e-01 7.358193e-02
<VARIANCE> 39
 1.042470e+01 6.203883e+00 1.387002e+01 1.914295e+01 5.090049e+01 2.179213e+01 2.884996e+01 1.793015e+01 2.674770e+01 5.160988e+01 5.208889e+01 3.103987e+01 9.451779e-01 3.820363e-01 3.565675e-01 7.826039e-01 1.408832e+00 1.494636e+00 2.073006e+00 1.994110e+00 1.150843e+00 2.684992e+00 2.499227e+00 1.708889e+00 1.280076e+00 7.322535e-02 5.884087e-02 6.886753e-02 1.226828e-01 3.160369e-01 3.469697e-01 2.993055e-01 2.066931e-01 2.104626e-01 4.188011e-01 3.651119e-01 3.315727e-01 3.138201e-01 1.166768e-02
<GCONST> 8.663818e+01
<TRANSP> 20
 0.000000e+00 1.000000e+00 0.000000e+00 0.000000e+00 0.000000e+00 0.000000e+00 0.000000e+00 0.000000e+00 0.000000e+00 0.000000e+00 0.000000e+00 0.000000e+00 0.000000e+00 0.000000e+00 0.000000e+00 0.000000e+00 0.000000e+00 0.000000e+00 0.000000e+00 0.000000e+00
 0.000000e+00 7.366791e-01 2.633209e-01 0.000000e+00 0.000000e+00 0.000000e+00 0.000000e+00 0.000000e+00 0.000000e+00 0.000000e+00 0.000000e+00 0.000000e+00 0.000000e+00 0.000000e+00 0.000000e+00 0.000000e+00 0.000000e+00 0.000000e+00 0.000000e+00 0.000000e+00
 0.000000e+00 0.000000e+00 7.477840e-01 2.522161e-01 0.000000e+00 0.000000e+00 0.000000e+00 0.000000e+00 0.000000e+00 0.000000e+00 0.000000e+00 0.000000e+00 0.000000e+00 0.000000e+00 0.000000e+00 0.000000e+00 0.000000e+00 0.000000e+00 0.000000e+00 0.000000e+00
 0.000000e+00 0.000000e+00 0.000000e+00 7.304136e-01 2.695864e-01 0.000000e+00 0.000000e+00 0.000000e+00 0.000000e+00 0.000000e+00 0.000000e+00 0.000000e+00 0.000000e+00 0.000000e+00 0.000000e+00 0.000000e+00 0.000000e+00 0.000000e+00 0.000000e+00 0.000000e+00
 0.000000e+00 0.000000e+00 0.000000e+00 0.000000e+00 7.235885e-01 2.764116e-01 0.000000e+00 0.000000e+00 0.000000e+00 0.000000e+00 0.000000e+00 0.000000e+00 0.000000e+00 0.000000e+00 0.000000e+00 0.000000e+00 0.000000e+00 0.000000e+00 0.000000e+00 0.000000e+00
 0.000000e+00 0.000000e+00 0.000000e+00 0.000000e+00 0.000000e+00 8.559007e-01 1.440993e-01 0.000000e+00 0.000000e+00 0.000000e+00 0.000000e+00 0.000000e+00 0.000000e+00 0.000000e+00 0.000000e+00 0.000000e+00 0.000000e+00 0.000000e+00 0.000000e+00 0.000000e+00
 0.000000e+00 0.000000e+00 0.000000e+00 0.000000e+00 0.000000e+00 0.000000e+00 7.915725e-01 2.084275e-01 0.000000e+00 0.000000e+00 0.000000e+00 0.000000e+00 0.000000e+00 0.000000e+00 0.000000e+00 0.000000e+00 0.000000e+00 0.000000e+00 0.000000e+00 0.000000e+00
 0.000000e+00 0.000000e+00 0.000000e+00 0.000000e+00 0.000000e+00 0.000000e+00 0.000000e+00 6.925041e-01 3.074959e-01 0.000000e+00 0.000000e+00 0.000000e+00 0.000000e+00 0.000000e+00 0.000000e+00 0.000000e+00 0.000000e+00 0.000000e+00 0.000000e+00 0.000000e+00
 0.000000e+00 0.000000e+00 0.000000e+00 0.000000e+00 0.000000e+00 0.000000e+00 0.000000e+00 0.000000e+00 7.277133e-01 2.722867e-01 0.000000e+00 0.000000e+00 0.000000e+00 0.000000e+00 0.000000e+00 0.000000e+00 0.000000e+00 0.000000e+00 0.000000e+00 0.000000e+00
 0.000000e+00 0.000000e+00 0.000000e+00 0.000000e+00 0.000000e+00 0.000000e+00 0.000000e+00 0.000000e+00 0.000000e+00 7.544327e-01 2.455673e-01 0.000000e+00 0.000000e+00 0.000000e+00 0.000000e+00 0.000000e+00 0.000000e+00 0.000000e+00 0.000000e+00 0.000000e+00
 0.000000e+00 0.000000e+00 0.000000e+00 0.000000e+00 0.000000e+00 0.000000e+00 0.000000e+00 0.000000e+00 0.000000e+00 0.000000e+00 7.216632e-01 2.783368e-01 0.000000e+00 0.000000e+00 0.000000e+00 0.000000e+00 0.000000e+00 0.000000e+00 0.000000e+00 0.000000e+00
 0.000000e+00 0.000000e+00 0.000000e+00 0.000000e+00 0.000000e+00 0.000000e+00 0.000000e+00 0.000000e+00 0.000000e+00 0.000000e+00 0.000000e+00 7.425963e-01 2.574037e-01 0.000000e+00 0.000000e+00 0.000000e+00 0.000000e+00 0.000000e+00 0.000000e+00 0.000000e+00
 0.000000e+00 0.000000e+00 0.000000e+00 0.000000e+00 0.000000e+00 0.000000e+00 0.000000e+00 0.000000e+00 0.000000e+00 0.000000e+00 0.000000e+00 0.000000e+00 8.046660e-01 1.953340e-01 0.000000e+00 0.000000e+00 0.000000e+00 0.000000e+00 0.000000e+00 0.000000e+00
 0.000000e+00 0.000000e+00 0.000000e+00 0.000000e+00 0.000000e+00 0.000000e+00 0.000000e+00 0.000000e+00 0.000000e+00 0.000000e+00 0.000000e+00 0.000000e+00 0.000000e+00 7.639986e-01 2.360014e-01 0.000000e+00 0.000000e+00 0.000000e+00 0.000000e+00 0.000000e+00
 0.000000e+00 0.000000e+00 0.000000e+00 0.000000e+00 0.000000e+00 0.000000e+00 0.000000e+00 0.000000e+00 0.000000e+00 0.000000e+00 0.000000e+00 0.000000e+00 0.000000e+00 0.000000e+00 7.773787e-01 2.226212e-01 0.000000e+00 0.000000e+00 0.000000e+00 0.000000e+00
 0.000000e+00 0.000000e+00 0.000000e+00 0.000000e+00 0.000000e+00 0.000000e+00 0.000000e+00 0.000000e+00 0.000000e+00 0.000000e+00 0.000000e+00 0.000000e+00 0.000000e+00 0.000000e+00 0.000000e+00 7.335429e-01 2.664572e-01 0.000000e+00 0.000000e+00 0.000000e+00
 0.000000e+00 0.000000e+00 0.000000e+00 0.000000e+00 0.000000e+00 0.000000e+00 0.000000e+00 0.000000e+00 0.000000e+00 0.000000e+00 0.000000e+00 0.000000e+00 0.000000e+00 0.000000e+00 0.000000e+00 0.000000e+00 7.806955e-01 2.193046e-01 0.000000e+00 0.000000e+00
 0.000000e+00 0.000000e+00 0.000000e+00 0.000000e+00 0.000000e+00 0.000000e+00 0.000000e+00 0.000000e+00 0.000000e+00 0.000000e+00 0.000000e+00 0.000000e+00 0.000000e+00 0.000000e+00 0.000000e+00 0.000000e+00 0.000000e+00 7.938958e-01 2.061042e-01 0.000000e+00
 0.000000e+00 0.000000e+00 0.000000e+00 0.000000e+00 0.000000e+00 0.000000e+00 0.000000e+00 0.000000e+00 0.000000e+00 0.000000e+00 0.000000e+00 0.000000e+00 0.000000e+00 0.000000e+00 0.000000e+00 0.000000e+00 0.000000e+00 0.000000e+00 7.458711e-01 2.541289e-01
 0.000000e+00 0.000000e+00 0.000000e+00 0.000000e+00 0.000000e+00 0.000000e+00 0.000000e+00 0.000000e+00 0.000000e+00 0.000000e+00 0.000000e+00 0.000000e+00 0.000000e+00 0.000000e+00 0.000000e+00 0.000000e+00 0.000000e+00 0.000000e+00 0.000000e+00 0.000000e+00
<ENDHMM>
