~o
<STREAMINFO> 1 39
<VECSIZE> 39<NULLD><MFCC_D_A_0><DIAGC>
~h "kurang"
<BEGINHMM>
<NUMSTATES> 5
<STATE> 2
<MEAN> 39
 -2.908750e+00 -3.072547e+00 -7.979217e+00 -1.005523e+01 -3.331080e+00 -5.053229e+00 -5.628973e+00 -1.168400e+01 -4.150268e+00 -4.044062e+00 6.124652e+00 -3.691752e+00 6.617882e+01 8.042598e-01 -3.916742e-01 -3.725130e-01 8.570521e-02 -1.406345e-01 -1.487593e-01 -2.279527e-01 7.423957e-02 1.431861e-01 2.220102e-01 -1.369801e-02 -3.203983e-01 7.089716e-01 -1.511110e-02 -3.758794e-02 1.105862e-03 -2.385673e-03 -1.455142e-02 3.451369e-02 4.217593e-02 2.795493e-02 1.766271e-02 -1.728545e-02 -6.705063e-02 -1.623841e-02 1.323265e-02
<VARIANCE> 39
 7.181670e+01 6.696432e+01 4.315061e+01 6.352953e+01 6.466163e+01 7.418325e+01 8.382195e+01 1.003470e+02 6.715978e+01 6.949177e+01 7.072065e+01 6.934980e+01 3.482257e+01 2.386264e+00 4.678311e+00 3.298267e+00 4.366305e+00 3.416832e+00 4.657938e+00 4.458203e+00 6.551718e+00 5.219997e+00 5.571107e+00 4.147836e+00 4.829833e+00 7.332047e-01 3.395140e-01 5.779644e-01 7.100220e-01 5.885555e-01 5.478179e-01 7.897676e-01 7.045538e-01 7.917269e-01 8.480464e-01 1.066568e+00 6.328165e-01 7.207476e-01 1.370179e-01
<GCONST> 1.365644e+02
<STATE> 3
<MEAN> 39
 1.328111e+00 -8.430168e+00 -8.020547e+00 -6.171649e+00 3.203222e-01 -4.471360e+00 -4.624735e+00 -5.934355e+00 8.617455e-01 -5.737081e+00 -4.151622e+00 -1.203022e+01 7.117914e+01 -2.910852e-01 1.006085e+00 6.359581e-01 -7.445972e-02 4.108227e-01 2.943127e-01 7.209697e-02 -2.370141e-01 -3.661910e-01 -5.502498e-01 -2.515079e-01 6.813883e-02 -5.281314e-01 -4.682678e-02 6.978711e-02 4.836976e-02 6.659460e-02 3.061772e-02 -7.107079e-02 -1.471326e-02 -2.502089e-02 -1.886312e-03 6.002027e-03 6.549355e-02 3.758825e-03 -6.578483e-02
<VARIANCE> 39
 5.232286e+00 6.847229e+01 6.665347e+01 2.011489e+01 7.157269e+01 5.260548e+01 2.375052e+01 7.865851e+01 5.370133e+01 7.557904e+01 6.638256e+01 4.823092e+01 1.710076e+01 2.138390e-01 6.822324e-01 1.105036e+00 1.150589e+00 1.548322e+00 1.427770e+00 1.185023e+00 2.171167e+00 3.240649e+00 1.646267e+00 1.579103e+00 1.812123e+00 1.857579e-01 3.678419e-02 8.666486e-02 1.425209e-01 1.551738e-01 1.749023e-01 1.871459e-01 1.921992e-01 2.891271e-01 4.768853e-01 2.839711e-01 2.221741e-01 3.067282e-01 2.009021e-02
<GCONST> 9.637840e+01
<STATE> 4
<MEAN> 39
 -1.238985e+01 -3.082556e-02 3.395429e+00 8.881674e-01 5.945967e+00 -7.844847e-02 3.452854e+00 -4.259850e+00 -1.713825e+00 -1.156943e+01 -5.408901e+00 -1.060674e+01 5.868987e+01 -6.959767e-01 -4.079142e-01 2.541303e-02 1.977527e-01 4.814250e-02 1.916914e-01 4.602776e-01 3.145580e-01 1.791579e-01 9.402978e-02 3.811456e-02 7.151806e-02 -3.720608e-01 2.576779e-02 -3.908202e-02 -5.013524e-02 -3.727919e-02 -2.947521e-03 8.700372e-03 -2.839403e-02 1.211908e-02 -2.203917e-04 8.324313e-03 1.353673e-02 1.834802e-02 2.582038e-02
<VARIANCE> 39
 2.660433e+01 1.943562e+01 1.629268e+01 1.772837e+01 2.466653e+01 2.916343e+01 5.232947e+01 7.574323e+01 6.219284e+01 6.175663e+01 4.363939e+01 3.063936e+01 7.517027e+00 2.828675e-01 5.495031e-01 8.347735e-01 8.925359e-01 1.141115e+00 1.372967e+00 1.708322e+00 1.399777e+00 1.350973e+00 1.362319e+00 1.276408e+00 1.085953e+00 1.029556e-01 3.504141e-02 8.252116e-02 1.087293e-01 1.473969e-01 1.971353e-01 2.094330e-01 2.880771e-01 2.603585e-01 2.594357e-01 2.445741e-01 2.157236e-01 1.964651e-01 1.030253e-02
<GCONST> 8.750071e+01
<TRANSP> 5
 0.000000e+00 1.000000e+00 0.000000e+00 0.000000e+00 0.000000e+00
 0.000000e+00 9.606336e-01 3.936644e-02 0.000000e+00 0.000000e+00
 0.000000e+00 0.000000e+00 9.487286e-01 5.127145e-02 0.000000e+00
 0.000000e+00 0.000000e+00 0.000000e+00 9.584950e-01 4.150500e-02
 0.000000e+00 0.000000e+00 0.000000e+00 0.000000e+00 0.000000e+00
<ENDHMM>
