~o
<STREAMINFO> 1 39
<VECSIZE> 39<NULLD><MFCC_D_A_0><DIAGC>
~h "pasang"
<BEGINHMM>
<NUMSTATES> 5
<STATE> 2
<MEAN> 39
 -1.009540e+01 8.851954e-01 -1.148532e+01 -3.147260e+00 4.462934e+00 -7.005721e+00 -8.516110e-01 -9.075557e+00 1.715019e+00 -8.620670e+00 -3.320922e+00 -9.748528e+00 6.913044e+01 4.266369e-01 -4.353764e-02 -4.210689e-01 -3.162092e-02 4.141256e-02 -1.301835e-01 -2.094133e-01 -5.478920e-02 1.045758e-01 -7.292203e-03 -1.620491e-01 -9.712471e-02 5.667123e-01 -1.661376e-03 -5.109132e-02 3.063499e-02 1.708771e-02 3.674974e-02 3.270452e-02 -1.256000e-02 -5.052417e-03 -1.845928e-02 -2.798258e-02 6.508148e-03 1.092732e-02 -1.667258e-02
<VARIANCE> 39
 1.054876e+02 9.987704e+01 5.075817e+01 6.131853e+01 6.589017e+01 4.976606e+01 6.039613e+01 6.743337e+01 3.156568e+01 7.621886e+01 8.365173e+01 2.489254e+01 3.373189e+01 7.437734e+00 4.975131e+00 3.267634e+00 3.622226e+00 2.630416e+00 3.333872e+00 3.917016e+00 3.523280e+00 2.646070e+00 3.684672e+00 3.110183e+00 2.078643e+00 1.612578e+00 8.102410e-01 3.990679e-01 5.884637e-01 5.353957e-01 4.071805e-01 5.307842e-01 5.878445e-01 5.847007e-01 5.252202e-01 5.388454e-01 5.181904e-01 3.376469e-01 2.423178e-01
<GCONST> 1.305285e+02
<STATE> 3
<MEAN> 39
 2.037983e-01 -5.528671e+00 -4.068463e+00 -1.031344e+01 3.297284e+00 -7.932569e+00 -1.005958e+01 -9.097706e+00 -3.576820e+00 -9.954873e+00 -5.674779e+00 -1.004881e+01 6.944400e+01 4.384959e-03 3.924703e-01 1.191628e+00 -4.095096e-02 1.304708e-01 1.535566e-01 7.903629e-02 -2.235962e-01 -6.257213e-01 -3.151685e-01 -7.424119e-02 -8.059901e-02 -7.397893e-01 -7.031898e-02 8.846727e-02 1.062325e-02 3.937158e-02 -4.803198e-02 -4.543956e-02 7.022234e-02 4.689070e-03 2.081994e-02 3.831637e-02 -2.848061e-02 -2.355765e-02 -3.140552e-02
<VARIANCE> 39
 8.886735e+00 2.028614e+01 1.032440e+02 3.802957e+01 4.526873e+01 7.302486e+01 4.894193e+01 1.292316e+02 8.519600e+01 8.389012e+01 6.858627e+01 3.018771e+01 3.186386e+01 3.868848e-01 7.032979e-01 7.732408e-01 1.283390e+00 1.635085e+00 1.780337e+00 1.873466e+00 2.028562e+00 3.535902e+00 1.608874e+00 2.301881e+00 1.547519e+00 1.157085e-01 3.563723e-02 1.122815e-01 1.047184e-01 1.155672e-01 2.025642e-01 2.231198e-01 2.636399e-01 3.164569e-01 5.370968e-01 2.941699e-01 3.439831e-01 2.216740e-01 1.688765e-02
<GCONST> 9.990482e+01
<STATE> 4
<MEAN> 39
 -1.160588e+01 -1.263962e+00 7.974596e+00 -8.886529e-01 2.266078e+00 -6.308027e+00 -2.027256e+00 -8.987199e+00 -9.565254e+00 -1.492431e+01 -7.955708e+00 -7.319011e+00 5.756316e+01 -6.286899e-01 -1.587172e-01 -9.160537e-02 3.051010e-01 -1.172273e-01 3.317192e-03 2.173921e-01 2.612980e-01 1.267437e-01 2.040850e-03 1.009613e-01 2.338833e-01 -2.327285e-01 1.609829e-02 -1.983722e-02 -5.021674e-02 -2.587723e-02 4.421402e-03 -1.122108e-02 -4.094762e-02 5.588111e-04 3.515610e-02 -4.198915e-03 2.393950e-02 -7.285776e-03 2.295088e-02
<VARIANCE> 39
 2.278785e+01 1.062534e+01 2.903684e+01 2.211485e+01 4.526581e+01 4.167416e+01 4.909592e+01 8.273273e+01 5.973512e+01 6.520284e+01 4.199904e+01 6.435645e+01 4.218504e+00 2.216073e-01 4.576837e-01 7.900999e-01 1.079644e+00 1.393882e+00 1.716891e+00 2.120641e+00 1.665682e+00 2.315280e+00 2.165811e+00 2.090084e+00 1.844750e+00 7.671777e-02 2.810700e-02 7.609416e-02 1.128262e-01 1.695977e-01 2.366517e-01 2.886286e-01 3.939778e-01 2.368670e-01 4.095244e-01 3.723866e-01 3.838599e-01 3.539899e-01 1.014059e-02
<GCONST> 9.354672e+01
<TRANSP> 5
 0.000000e+00 1.000000e+00 0.000000e+00 0.000000e+00 0.000000e+00
 0.000000e+00 9.698187e-01 3.018135e-02 0.000000e+00 0.000000e+00
 0.000000e+00 0.000000e+00 9.490538e-01 5.094625e-02 0.000000e+00
 0.000000e+00 0.000000e+00 0.000000e+00 9.583140e-01 4.168600e-02
 0.000000e+00 0.000000e+00 0.000000e+00 0.000000e+00 0.000000e+00
<ENDHMM>
