~o
<STREAMINFO> 1 39
<VECSIZE> 39<NULLD><MFCC_D_A_0><DIAGC>
~h "pukul"
<BEGINHMM>
<NUMSTATES> 5
<STATE> 2
<MEAN> 39
 -4.630764e+00 2.605021e+00 -3.194402e+00 -1.294655e+01 -5.427470e+00 -5.174878e+00 -1.492236e+00 -9.101525e+00 -6.282811e+00 -1.083092e+01 1.962802e+00 -3.953551e+00 6.354143e+01 6.522972e-01 3.818045e-01 -1.561756e-01 -4.838291e-01 -2.271495e-01 6.901801e-02 -2.664091e-01 -4.051284e-01 -4.518234e-01 -6.542046e-02 3.332358e-01 1.233538e-01 3.917705e-01 1.287054e-03 -2.496974e-02 -6.008984e-03 -1.278535e-02 1.710459e-02 4.068492e-02 -2.380648e-02 -1.945036e-02 7.492026e-03 7.688328e-02 4.233231e-02 -2.453905e-02 1.182598e-02
<VARIANCE> 39
 5.000792e+01 3.290168e+01 2.541783e+01 5.615962e+01 4.850644e+01 4.077119e+01 3.591352e+01 5.083212e+01 4.201671e+01 2.476331e+01 5.859311e+01 3.239285e+01 1.640487e+01 3.674465e+00 2.397938e+00 2.032872e+00 4.819735e+00 3.243886e+00 2.913795e+00 4.042280e+00 4.059449e+00 2.671570e+00 2.100349e+00 3.373260e+00 2.150983e+00 1.165707e+00 4.692834e-01 3.651752e-01 3.941335e-01 7.072265e-01 5.581433e-01 5.360041e-01 7.553528e-01 7.052335e-01 4.493766e-01 3.697820e-01 5.151454e-01 4.016717e-01 1.326426e-01
<GCONST> 1.218334e+02
<STATE> 3
<MEAN> 39
 1.348151e+00 2.308888e+00 -5.371520e+00 -1.814317e+01 -2.940010e+00 -2.138620e+00 -1.349160e+01 -2.040123e+01 -9.502806e+00 -5.848535e-01 6.734929e+00 -8.805980e+00 6.938129e+01 -3.888731e-01 -2.201312e-01 2.917454e-01 6.355479e-01 3.149547e-01 -1.593954e-01 -8.723535e-02 -1.635708e-01 3.637134e-01 1.515905e-01 -5.767979e-01 -4.269237e-01 -2.787274e-01 -6.181158e-02 2.525345e-02 3.094083e-02 8.713342e-02 4.283321e-03 -7.908170e-02 5.244214e-02 7.229307e-02 -1.195516e-02 -1.299413e-01 -8.399195e-02 2.854879e-02 -6.424539e-02
<VARIANCE> 39
 8.604183e+00 1.243956e+01 5.261977e+01 5.141153e+01 4.833365e+01 6.529704e+01 9.416578e+01 8.566099e+01 6.116570e+01 4.704306e+01 9.715016e+01 5.730561e+01 1.174895e+01 2.433152e-01 5.450023e-01 8.977088e-01 1.065627e+00 1.332301e+00 1.538617e+00 2.069492e+00 3.177339e+00 1.994423e+00 4.061354e+00 1.807691e+00 1.903503e+00 2.422634e-01 3.150235e-02 7.001061e-02 1.075299e-01 1.378108e-01 1.889133e-01 2.445057e-01 2.864754e-01 3.773125e-01 3.726652e-01 4.888242e-01 3.166848e-01 3.281535e-01 1.242541e-02
<GCONST> 9.882183e+01
<STATE> 4
<MEAN> 39
 -1.245194e+01 -2.279676e+00 4.331586e-01 -1.271714e+00 3.662431e+00 -3.534345e+00 -3.298837e+00 -1.259882e+01 -4.758338e+00 -9.160615e+00 -3.471817e+00 -1.127017e+01 5.890948e+01 -6.310617e-01 -4.049920e-01 -1.966209e-02 2.994231e-01 2.599150e-01 2.614286e-01 6.273403e-01 7.228789e-01 1.630875e-01 -2.084659e-01 -2.366160e-01 -8.146352e-02 -3.353774e-01 3.071529e-02 -8.374748e-03 -2.170914e-02 -5.231420e-02 -2.195160e-02 4.525436e-02 3.806342e-02 4.842924e-02 4.135963e-02 3.059231e-02 1.531669e-02 -1.174016e-02 2.684707e-02
<VARIANCE> 39
 1.812519e+01 1.382786e+01 8.442260e+00 1.627786e+01 3.100120e+01 4.832402e+01 5.261199e+01 5.150920e+01 2.820958e+01 2.581603e+01 3.807726e+01 3.188927e+01 4.666453e+00 1.709806e-01 3.426906e-01 6.553508e-01 8.677121e-01 9.547190e-01 1.220750e+00 1.171416e+00 1.714854e+00 1.521718e+00 1.317042e+00 1.680606e+00 1.722313e+00 5.683275e-02 2.409770e-02 5.908459e-02 1.126154e-01 1.515301e-01 1.746991e-01 2.003296e-01 2.140172e-01 3.012246e-01 3.014455e-01 2.458999e-01 2.904716e-01 3.086566e-01 6.021084e-03
<GCONST> 8.206779e+01
<TRANSP> 5
 0.000000e+00 1.000000e+00 0.000000e+00 0.000000e+00 0.000000e+00
 0.000000e+00 9.692627e-01 3.073737e-02 0.000000e+00 0.000000e+00
 0.000000e+00 0.000000e+00 9.525000e-01 4.750002e-02 0.000000e+00
 0.000000e+00 0.000000e+00 0.000000e+00 9.553841e-01 4.461590e-02
 0.000000e+00 0.000000e+00 0.000000e+00 0.000000e+00 0.000000e+00
<ENDHMM>
