~o
<STREAMINFO> 1 39
<VECSIZE> 39<NULLD><MFCC_D_A_0><DIAGC>
~h "satu"
<BEGINHMM>
<NUMSTATES> 5
<STATE> 2
<MEAN> 39
 -1.399674e+01 -5.986759e-02 -1.007505e+01 -4.769931e+00 1.347680e+00 -9.184303e+00 1.496088e+00 -1.122456e+01 4.221826e+00 -7.734846e+00 -2.627984e+00 -6.219207e+00 6.344728e+01 2.366676e-01 1.923877e-01 -1.062204e-01 -1.126360e-01 9.130856e-02 -5.291647e-02 -9.181145e-02 -1.239068e-02 -2.279328e-02 2.583678e-03 -9.796727e-02 -2.628651e-01 2.343313e-01 9.825526e-02 -3.808029e-02 3.974617e-02 -4.295740e-02 -1.215238e-02 -2.211789e-02 -5.472738e-02 2.561723e-02 -2.140040e-02 4.577127e-02 -1.526527e-02 -4.304322e-02 4.361147e-02
<VARIANCE> 39
 1.102552e+02 3.954224e+01 4.858420e+01 3.421268e+01 1.760582e+01 3.694793e+01 7.247197e+01 2.711905e+01 3.807697e+01 4.031099e+01 9.890423e+01 2.763072e+01 2.596014e+01 5.049771e+00 2.336974e+00 2.716455e+00 2.201145e+00 1.510445e+00 1.979416e+00 4.277318e+00 2.198144e+00 2.504052e+00 2.244107e+00 4.165051e+00 1.860663e+00 1.314253e+00 5.405289e-01 3.057228e-01 3.329581e-01 3.222389e-01 3.015810e-01 3.686564e-01 6.306874e-01 3.972486e-01 3.941652e-01 3.746966e-01 5.596474e-01 3.538999e-01 1.493196e-01
<GCONST> 1.186334e+02
<STATE> 3
<MEAN> 39
 -2.984002e+00 -3.289406e+00 -2.390610e+00 -1.119388e+01 3.985916e+00 -1.095288e+01 -8.947430e+00 -8.254768e+00 -5.465004e+00 -4.215772e-02 1.120961e+00 -8.221977e+00 7.012990e+01 6.945777e-01 2.299785e-01 -7.529332e-02 -5.513326e-01 -1.196354e-01 -4.632278e-02 -5.067111e-01 -6.152094e-01 -7.041128e-01 2.344005e-01 4.802029e-01 5.985169e-01 2.805576e-01 -9.264430e-02 5.120201e-02 -3.416770e-02 3.315015e-02 -5.349544e-02 9.005016e-02 8.811953e-02 1.881684e-02 -2.776115e-02 -1.118058e-01 -3.769429e-02 3.120118e-02 -9.608054e-02
<VARIANCE> 39
 2.409259e+01 4.476037e+01 5.294621e+01 4.558814e+01 6.027288e+01 6.544341e+01 1.446043e+02 1.821786e+02 8.063812e+01 5.921847e+01 6.258870e+01 6.270068e+01 4.524322e+01 2.653208e+00 2.648121e+00 2.437796e+00 1.777756e+00 3.175313e+00 6.346478e+00 5.134983e+00 5.910425e+00 3.543244e+00 5.223699e+00 2.825395e+00 3.223055e+00 2.609014e+00 4.319323e-01 2.536878e-01 3.868060e-01 3.348930e-01 4.661331e-01 1.092075e+00 8.450168e-01 9.323697e-01 5.905402e-01 7.998157e-01 4.863317e-01 5.246280e-01 2.777060e-01
<GCONST> 1.328192e+02
<STATE> 4
<MEAN> 39
 -7.397349e+00 2.211624e+00 1.634922e-01 -8.121728e+00 -3.979786e+00 -8.184476e+00 -4.352157e+00 -1.371724e+01 -8.411834e+00 -9.287810e+00 2.500901e+00 -1.174877e+00 6.133033e+01 -5.885848e-01 -2.578886e-01 2.515011e-01 4.983647e-01 3.652678e-02 1.557788e-01 3.671774e-01 3.880578e-01 2.891679e-01 -2.764404e-01 -2.617518e-01 -1.631266e-01 -3.745061e-01 -1.011851e-02 -2.749502e-02 -9.745667e-03 1.419093e-02 3.543985e-02 -1.413365e-02 -3.239762e-02 -1.010535e-02 2.969656e-02 4.063060e-02 4.915529e-03 -2.227308e-02 1.287788e-02
<VARIANCE> 39
 4.512033e+01 1.897009e+01 3.068393e+01 5.377455e+01 3.231929e+01 1.754619e+01 3.480783e+01 4.328445e+01 4.184558e+01 3.305085e+01 2.600287e+01 4.209772e+01 1.488566e+01 2.349135e-01 4.055892e-01 7.662488e-01 1.034573e+00 1.300881e+00 1.146848e+00 1.547763e+00 1.585026e+00 1.643285e+00 1.705584e+00 1.602752e+00 1.759130e+00 9.040314e-02 3.314465e-02 5.221287e-02 1.076609e-01 1.592807e-01 1.706275e-01 2.174806e-01 2.722615e-01 2.518188e-01 3.188255e-01 3.094618e-01 3.008960e-01 3.519058e-01 8.948107e-03
<GCONST> 8.912780e+01
<TRANSP> 5
 0.000000e+00 1.000000e+00 0.000000e+00 0.000000e+00 0.000000e+00
 0.000000e+00 9.615673e-01 3.843269e-02 0.000000e+00 0.000000e+00
 0.000000e+00 0.000000e+00 9.498513e-01 5.014871e-02 0.000000e+00
 0.000000e+00 0.000000e+00 0.000000e+00 9.684608e-01 3.153921e-02
 0.000000e+00 0.000000e+00 0.000000e+00 0.000000e+00 0.000000e+00
<ENDHMM>
