~o
<STREAMINFO> 1 39
<VECSIZE> 39<NULLD><MFCC_D_A_0><DIAGC>
~h "sepuluh"
<BEGINHMM>
<NUMSTATES> 5
<STATE> 2
<MEAN> 39
 -1.292374e+01 2.084444e+00 -5.445649e+00 -5.684763e+00 1.417797e+00 -8.977435e+00 3.351207e-01 -9.948200e+00 4.669820e-01 -6.450697e+00 1.375104e+00 -6.001482e+00 6.345254e+01 7.043020e-01 3.929121e-01 -2.859422e-03 -4.603813e-01 -3.862929e-01 -8.150826e-02 -3.232581e-01 -3.129020e-01 -4.230058e-01 -1.250139e-01 1.577290e-01 2.025188e-01 3.514782e-01 2.300831e-02 -1.201109e-02 6.609756e-03 -8.561707e-03 2.597686e-02 5.551098e-02 -2.650400e-03 -4.168980e-02 -7.547067e-02 3.028475e-02 4.046360e-02 7.041780e-03 9.626637e-03
<VARIANCE> 39
 1.147948e+02 3.882812e+01 3.135459e+01 4.613077e+01 7.552892e+01 5.242105e+01 8.074833e+01 6.696107e+01 4.640930e+01 6.886094e+01 3.234072e+01 2.705969e+01 2.798689e+01 5.228989e+00 3.287305e+00 2.007661e+00 3.455053e+00 3.431019e+00 3.737415e+00 5.126093e+00 4.283385e+00 3.365143e+00 4.148107e+00 3.018845e+00 2.743538e+00 1.512794e+00 7.568961e-01 4.820421e-01 3.025106e-01 5.823850e-01 6.017825e-01 5.725763e-01 8.720315e-01 7.051736e-01 5.328698e-01 6.947047e-01 5.261678e-01 4.723130e-01 2.007516e-01
<GCONST> 1.297090e+02
<STATE> 3
<MEAN> 39
 2.744002e+00 3.627045e+00 -3.220170e+00 -1.267971e+01 -2.862725e+00 -3.693779e+00 -1.208412e+01 -2.054947e+01 -1.442028e+01 -3.613892e+00 1.016071e+01 -3.139983e+00 6.799615e+01 -2.674714e-01 -5.469054e-02 7.050865e-02 3.940844e-01 3.797288e-01 -2.379343e-04 -3.552924e-02 -1.371702e-01 3.356218e-02 8.856586e-02 6.796756e-02 -9.511482e-02 -1.343898e-01 -5.956526e-02 -1.531279e-02 2.471423e-02 5.337451e-02 -1.012487e-02 -6.852432e-02 9.992576e-03 8.644371e-02 1.060260e-01 -5.540359e-02 -9.998506e-02 -2.428101e-02 -4.110517e-02
<VARIANCE> 39
 6.396373e+00 1.535020e+01 4.681124e+01 4.102398e+01 6.225779e+01 4.199857e+01 6.583225e+01 5.911499e+01 5.277478e+01 6.015294e+01 5.299263e+01 4.867686e+01 5.386662e+00 2.943654e-01 6.507136e-01 1.139718e+00 2.318312e+00 1.351922e+00 1.907987e+00 2.131380e+00 2.763066e+00 2.757271e+00 3.124807e+00 2.211247e+00 2.741850e+00 2.230071e-01 3.553677e-02 9.328675e-02 1.819197e-01 3.242662e-01 2.337191e-01 3.361256e-01 3.461275e-01 3.559685e-01 4.489744e-01 4.722374e-01 3.111017e-01 4.816343e-01 2.081697e-02
<GCONST> 1.015583e+02
<STATE> 4
<MEAN> 39
 -1.270266e+01 -2.419152e+00 5.410675e-01 -1.163068e+00 4.346788e+00 -2.440819e+00 -1.980407e+00 -1.177379e+01 -6.760454e+00 -1.151335e+01 -1.471431e+00 -6.151639e+00 5.880059e+01 -6.743392e-01 -4.634756e-01 2.842368e-03 3.058275e-01 2.552297e-01 2.641690e-01 4.764417e-01 4.964019e-01 3.658623e-01 -1.717575e-01 -5.509551e-01 -3.624064e-01 -3.482513e-01 3.969443e-02 1.475352e-02 -2.956616e-02 -5.094286e-02 -1.497423e-02 2.598478e-02 1.437898e-03 -6.046018e-03 -1.914248e-02 5.748230e-03 1.446836e-02 -1.746622e-03 2.601358e-02
<VARIANCE> 39
 2.544374e+01 1.748013e+01 1.142714e+01 1.912657e+01 3.287871e+01 3.527485e+01 4.087696e+01 4.466146e+01 3.203867e+01 3.513659e+01 4.554867e+01 4.252387e+01 6.457364e+00 1.907384e-01 2.745387e-01 5.333629e-01 8.344655e-01 1.078569e+00 1.250801e+00 1.257737e+00 1.636491e+00 1.381439e+00 1.391747e+00 1.282721e+00 1.508086e+00 6.006133e-02 2.399990e-02 4.769888e-02 9.027945e-02 1.448194e-01 1.825118e-01 2.004858e-01 2.213505e-01 2.952043e-01 2.353156e-01 2.418346e-01 2.108197e-01 3.118131e-01 7.361916e-03
<GCONST> 8.230553e+01
<TRANSP> 5
 0.000000e+00 1.000000e+00 0.000000e+00 0.000000e+00 0.000000e+00
 0.000000e+00 9.691088e-01 3.089124e-02 0.000000e+00 0.000000e+00
 0.000000e+00 0.000000e+00 9.641603e-01 3.583977e-02 0.000000e+00
 0.000000e+00 0.000000e+00 0.000000e+00 9.585795e-01 4.142045e-02
 0.000000e+00 0.000000e+00 0.000000e+00 0.000000e+00 0.000000e+00
<ENDHMM>
