~o
<STREAMINFO> 1 39
<VECSIZE> 39<NULLD><MFCC_D_A_0><DIAGC>
~h "sil"
<BEGINHMM>
<NUMSTATES> 20
<STATE> 2
<MEAN> 39
 -1.530765e+01 -4.889415e+00 -5.628776e-01 -3.212500e+00 2.384577e+00 -1.094455e+00 3.417742e+00 -4.803732e+00 -1.063122e+00 -7.936917e+00 -1.167309e+00 -6.697186e+00 5.752630e+01 -3.921445e-01 -3.214604e-01 -3.419165e-02 -1.286501e-01 -1.204915e-01 -1.273212e-02 1.420250e-01 3.637164e-01 2.620770e-01 -1.727893e-02 -9.579926e-02 -5.026852e-02 1.363281e-01 -2.614601e-02 3.460476e-02 -3.125918e-02 6.385368e-02 2.405339e-02 5.142561e-03 -6.849732e-02 6.964432e-02 4.508090e-02 1.150015e-01 1.610140e-02 3.590230e-02 -3.965874e-01
<VARIANCE> 39
 3.883118e+01 2.077481e+01 3.228618e+01 4.242543e+01 3.554515e+01 4.912563e+01 4.124277e+01 3.304042e+01 3.829528e+01 3.999417e+01 4.455153e+01 3.035798e+01 2.380796e+01 4.652390e-01 4.875150e-01 8.998721e-01 1.232439e+00 1.651543e+00 1.702011e+00 1.940210e+00 2.219535e+00 1.921158e+00 2.495840e+00 1.543697e+00 1.838792e+00 3.794566e+00 6.149820e-02 9.484866e-02 1.635303e-01 2.358075e-01 2.603727e-01 2.846333e-01 3.312394e-01 3.897941e-01 3.758808e-01 4.264282e-01 3.583907e-01 3.441243e-01 8.694296e-01
<GCONST> 1.059341e+02
<STATE> 3
<MEAN> 39
 -1.498934e+01 -5.614296e+00 8.061141e-01 -3.239110e+00 2.187238e+00 -2.533661e+00 9.588120e-01 -5.210049e+00 -1.723018e+00 -8.702977e+00 -1.414295e+00 -6.839857e+00 5.684610e+01 -3.164085e-01 -3.158255e-01 -3.250609e-02 2.074864e-02 1.324864e-01 -3.644689e-02 -2.893682e-02 1.963082e-01 1.742045e-01 1.799851e-01 2.319154e-02 2.715550e-02 -1.967712e-01 5.196787e-03 -7.584891e-03 -6.274519e-02 -2.758568e-02 1.833833e-02 3.234953e-02 2.511577e-02 -3.087587e-02 4.949315e-04 3.546619e-02 1.612144e-02 -1.164854e-02 2.520883e-02
<VARIANCE> 39
 1.764821e+01 2.997063e+01 2.353562e+01 3.106271e+01 3.675095e+01 4.789124e+01 4.934199e+01 4.134448e+01 4.291523e+01 3.951678e+01 3.976452e+01 3.115751e+01 6.441754e+00 4.447855e-01 4.917206e-01 7.925322e-01 1.009110e+00 1.416600e+00 1.616548e+00 1.900162e+00 1.989304e+00 1.921436e+00 2.059555e+00 1.948963e+00 1.572966e+00 1.063951e-01 3.896217e-02 7.716522e-02 1.281172e-01 1.588459e-01 2.506851e-01 2.580003e-01 3.319188e-01 3.595922e-01 3.580587e-01 3.576428e-01 3.127736e-01 2.810535e-01 1.018187e-02
<GCONST> 9.308769e+01
<STATE> 4
<MEAN> 39
 -2.089498e+01 -9.494466e+00 -3.857287e+00 -3.619773e+00 6.424644e+00 4.746648e+00 8.951809e+00 5.034316e-01 2.909772e+00 -7.074476e+00 -1.988055e+00 -8.236687e+00 5.450177e+01 -1.370004e-01 -2.153053e-01 -1.851644e-01 -2.088981e-01 -1.875270e-01 -1.016078e-01 1.253299e-01 3.190172e-01 3.700948e-01 3.584962e-01 2.750484e-01 8.233537e-02 -2.862896e-02 7.739864e-02 8.447055e-02 7.088725e-02 3.549300e-02 -4.920926e-02 -9.132151e-02 -1.270060e-01 -1.494545e-01 -1.257768e-01 -8.280613e-02 -1.452134e-02 -5.207355e-03 3.997524e-02
<VARIANCE> 39
 1.131010e+01 2.203113e+01 2.529237e+01 3.493212e+01 4.079070e+01 5.478910e+01 5.730835e+01 5.401804e+01 7.673132e+01 6.958085e+01 4.472503e+01 3.492226e+01 2.564836e+00 2.626580e-01 5.141528e-01 7.774810e-01 1.498972e+00 2.058608e+00 2.373092e+00 2.334706e+00 2.623316e+00 2.742400e+00 2.846342e+00 2.469528e+00 1.972226e+00 6.916802e-02 3.554653e-02 8.522478e-02 1.357668e-01 2.665681e-01 3.482636e-01 3.876804e-01 4.358340e-01 5.024251e-01 5.347118e-01 5.819605e-01 4.301525e-01 3.908109e-01 1.001361e-02
<GCONST> 9.892984e+01
<STATE> 5
<MEAN> 39
 -1.842051e+01 -8.016802e+00 -2.875798e+00 -4.941656e+00 1.771763e+00 -1.233508e+00 3.616261e+00 -3.020035e+00 5.350881e-01 -7.019438e+00 -4.380577e-02 -6.653830e+00 5.577111e+01 1.149754e-01 1.314511e-01 2.163139e-01 2.285981e-01 9.880253e-02 4.581012e-02 -7.700569e-02 -2.759106e-01 -4.093731e-01 -3.552170e-01 -2.468137e-01 -1.536911e-01 5.923439e-02 2.373062e-02 4.973571e-02 8.032338e-02 1.571756e-01 1.798533e-01 1.572965e-01 7.744025e-02 -1.841981e-02 -6.920170e-02 -1.042462e-01 -1.188161e-01 -4.992890e-02 6.119221e-03
<VARIANCE> 39
 7.230533e+00 1.329810e+01 2.019625e+01 2.227987e+01 2.528602e+01 3.854333e+01 4.328716e+01 3.753198e+01 3.876124e+01 3.165072e+01 3.161251e+01 2.743670e+01 1.660482e+00 2.996022e-01 5.340585e-01 8.016751e-01 1.233067e+00 1.741685e+00 2.287563e+00 2.893099e+00 2.887062e+00 2.758647e+00 2.490492e+00 2.006816e+00 1.962468e+00 8.919424e-02 3.545974e-02 7.789860e-02 1.359084e-01 1.933943e-01 3.026752e-01 4.044622e-01 4.411412e-01 4.299320e-01 3.892392e-01 3.811691e-01 3.555468e-01 3.230807e-01 1.189520e-02
<GCONST> 9.175703e+01
<STATE> 6
<MEAN> 39
 -1.880535e+01 -7.532194e+00 -7.151128e-01 -5.404145e-01 6.734436e+00 2.966622e+00 6.256617e+00 -3.162713e+00 -1.879745e+00 -1.147897e+01 -4.821019e+00 -9.254480e+00 5.566945e+01 -1.006552e-02 -1.717993e-02 5.789108e-02 2.078271e-01 2.016583e-01 7.333291e-02 -8.030441e-02 -1.595141e-01 -8.757441e-02 9.516248e-03 -1.199467e-02 1.180924e-02 3.646905e-03 -1.900234e-02 -6.694405e-02 -1.334968e-01 -1.917433e-01 -2.099397e-01 -1.669969e-01 -8.508369e-02 4.445799e-02 1.738437e-01 2.257751e-01 2.040616e-01 1.335531e-01 -8.883949e-04
<VARIANCE> 39
 5.170259e+00 7.899308e+00 1.180147e+01 2.367042e+01 3.381223e+01 4.082021e+01 3.453534e+01 3.237305e+01 3.698697e+01 4.035603e+01 3.526777e+01 2.954639e+01 1.156480e+00 2.025501e-01 4.281101e-01 6.773281e-01 1.047661e+00 1.432950e+00 1.765546e+00 1.959975e+00 2.070585e+00 2.609576e+00 2.361230e+00 1.870871e+00 1.779013e+00 5.095623e-02 3.425264e-02 5.972276e-02 1.033933e-01 1.899676e-01 2.729749e-01 2.972460e-01 3.420348e-01 3.697055e-01 4.502938e-01 4.272645e-01 3.444724e-01 3.088710e-01 8.633344e-03
<GCONST> 8.591357e+01
<STATE> 7
<MEAN> 39
 -1.790998e+01 -6.905606e+00 -7.304044e-01 -2.103415e+00 3.967685e+00 -1.125872e-01 3.540074e+00 -4.165665e+00 -2.004620e-01 -7.003556e+00 -3.808004e-01 -6.307001e+00 5.595595e+01 -5.965311e-02 -2.220842e-01 -3.860754e-01 -5.391300e-01 -6.525447e-01 -4.621898e-01 -3.605145e-01 -6.438281e-02 3.315195e-01 6.117386e-01 6.024702e-01 4.107721e-01 1.336053e-02 -6.092757e-02 -1.268992e-01 -1.926984e-01 -2.150429e-01 -1.802329e-01 -1.249378e-01 -1.672420e-02 7.860962e-02 6.729440e-02 2.857086e-02 6.993978e-02 3.861181e-02 -1.326941e-02
<VARIANCE> 39
 6.889203e+00 1.038442e+01 1.424502e+01 2.013395e+01 2.532863e+01 3.785086e+01 4.833583e+01 4.220404e+01 2.799301e+01 2.581513e+01 3.061304e+01 3.039470e+01 1.599452e+00 2.244839e-01 3.656672e-01 5.440995e-01 1.150941e+00 1.757820e+00 1.964295e+00 1.803057e+00 1.964736e+00 2.249801e+00 2.267652e+00 2.039129e+00 1.773815e+00 5.485275e-02 3.435118e-02 6.604488e-02 1.265474e-01 1.808470e-01 2.603537e-01 3.259741e-01 3.859081e-01 3.877678e-01 3.591497e-01 3.744193e-01 3.889076e-01 3.503674e-01 9.751474e-03
<GCONST> 8.666714e+01
<STATE> 8
<MEAN> 39
 -1.817771e+01 -7.816764e+00 -2.920001e+00 -4.668092e+00 1.456459e+00 -1.957659e+00 2.865363e+00 -3.633282e+00 8.290806e-01 -6.501122e+00 3.117427e-01 -6.238869e+00 5.612078e+01 -2.304529e-01 -4.058672e-01 -4.942135e-01 -4.221099e-01 -3.341771e-01 -2.460674e-01 -1.302299e-01 1.393626e-01 2.305575e-01 1.700469e-01 2.366979e-01 1.465494e-01 -6.353325e-02 1.616147e-03 7.281186e-03 2.830240e-02 6.958035e-02 6.854628e-02 3.263016e-02 4.409421e-02 7.299418e-03 -3.263409e-03 -5.123158e-02 -6.364731e-02 -2.066682e-02 -3.709821e-03
<VARIANCE> 39
 4.155922e+00 5.781308e+00 9.238077e+00 1.297668e+01 1.941088e+01 2.892986e+01 3.207262e+01 2.716977e+01 2.373678e+01 2.494020e+01 2.593927e+01 2.448157e+01 9.681396e-01 1.577134e-01 2.697310e-01 5.606421e-01 9.091297e-01 1.240080e+00 1.469509e+00 1.679812e+00 1.794988e+00 1.908676e+00 1.978239e+00 1.844668e+00 1.533345e+00 4.053443e-02 2.821059e-02 4.332913e-02 9.218070e-02 1.488498e-01 2.135827e-01 2.471018e-01 3.058529e-01 3.537472e-01 3.670667e-01 3.902613e-01 3.397004e-01 3.240325e-01 7.820309e-03
<GCONST> 7.742168e+01
<STATE> 9
<MEAN> 39
 -1.894078e+01 -8.975630e+00 -3.540290e+00 -5.166716e+00 1.761253e+00 -1.253741e+00 3.644376e+00 -3.000204e+00 9.443035e-01 -6.194993e+00 4.558341e-01 -5.995677e+00 5.568215e+01 -1.570075e-01 -3.278193e-01 -4.106666e-01 -3.428579e-01 -3.861715e-01 -3.984952e-01 -1.523284e-01 4.622151e-02 3.118468e-01 3.150569e-01 2.323469e-01 2.615254e-01 -3.587952e-02 1.248302e-01 2.233551e-01 2.699143e-01 2.709853e-01 2.025706e-01 4.183327e-02 -1.091991e-02 -1.330699e-01 -1.744082e-01 -1.978581e-01 -1.597411e-01 -4.909289e-02 4.141070e-02
<VARIANCE> 39
 5.902131e+00 7.798103e+00 1.132422e+01 1.811305e+01 2.606993e+01 3.432830e+01 4.119248e+01 3.350490e+01 2.933470e+01 2.772196e+01 2.881863e+01 2.419502e+01 1.108974e+00 1.626755e-01 2.372326e-01 5.697104e-01 7.631581e-01 1.301696e+00 1.707675e+00 1.776836e+00 1.438560e+00 1.644100e+00 1.744797e+00 2.127960e+00 1.757830e+00 4.594848e-02 2.267645e-02 4.103575e-02 9.056690e-02 1.915710e-01 2.451214e-01 3.049242e-01 3.558166e-01 3.974443e-01 4.248717e-01 4.015251e-01 3.499402e-01 2.903763e-01 5.947578e-03
<GCONST> 8.038733e+01
<STATE> 10
<MEAN> 39
 -1.909023e+01 -9.423911e+00 -3.930093e+00 -5.182621e+00 1.488531e+00 -1.730910e+00 3.153589e+00 -3.035167e+00 1.386332e+00 -5.800118e+00 6.794578e-01 -5.899655e+00 5.564803e+01 7.591405e-02 7.077542e-02 4.228511e-02 1.265075e-01 -2.616437e-02 -2.695640e-01 -1.802391e-01 -1.859995e-01 -2.853142e-02 -8.136036e-02 -2.348637e-02 1.563322e-01 3.954443e-02 1.601589e-01 3.007028e-01 3.417156e-01 3.014422e-01 2.508964e-01 1.195982e-01 5.887769e-03 -1.569322e-01 -2.476165e-01 -2.624169e-01 -1.943072e-01 -1.039341e-01 5.851573e-02
<VARIANCE> 39
 5.895122e+00 7.423004e+00 1.290914e+01 1.735649e+01 2.273424e+01 3.350781e+01 3.791539e+01 2.834516e+01 2.442299e+01 2.790441e+01 2.693899e+01 2.475407e+01 1.162880e+00 1.275803e-01 1.914083e-01 4.393915e-01 6.863968e-01 1.110224e+00 1.547134e+00 1.908403e+00 1.827828e+00 1.795117e+00 2.002399e+00 1.741138e+00 1.576132e+00 3.662067e-02 2.790242e-02 4.904734e-02 1.082651e-01 1.747104e-01 2.538561e-01 3.162564e-01 3.594370e-01 3.563859e-01 3.878686e-01 3.473929e-01 3.827718e-01 3.161605e-01 7.492467e-03
<GCONST> 7.937315e+01
<STATE> 11
<MEAN> 39
 -1.892666e+01 -8.995537e+00 -3.834345e+00 -5.058268e+00 1.369920e+00 -2.150432e+00 2.940678e+00 -3.277844e+00 1.596201e+00 -6.103484e+00 1.397828e-01 -5.802782e+00 5.576915e+01 3.126431e-01 5.391629e-01 6.200852e-01 6.250892e-01 4.470968e-01 2.035677e-02 -1.429265e-01 -3.641893e-01 -4.979485e-01 -5.784224e-01 -3.516635e-01 -1.384349e-01 1.375301e-01 9.674995e-02 1.937564e-01 2.014915e-01 1.368069e-01 1.265117e-01 1.059467e-01 2.513860e-02 -8.954572e-02 -1.915438e-01 -1.662930e-01 -9.745128e-02 -1.164224e-01 3.504653e-02
<VARIANCE> 39
 4.795241e+00 6.752624e+00 1.156018e+01 1.713548e+01 2.259418e+01 3.277544e+01 3.319103e+01 2.611709e+01 2.514123e+01 2.978363e+01 3.062491e+01 2.610659e+01 1.012899e+00 1.495954e-01 2.636754e-01 5.469881e-01 8.448463e-01 1.398413e+00 1.734073e+00 2.039981e+00 2.154772e+00 2.073650e+00 2.045280e+00 1.955407e+00 1.466193e+00 3.426186e-02 2.876724e-02 4.434686e-02 9.214716e-02 1.431902e-01 2.257988e-01 2.904406e-01 3.382010e-01 2.969328e-01 3.081694e-01 3.633758e-01 4.013353e-01 3.124708e-01 8.019480e-03
<GCONST> 7.951051e+01
<STATE> 12
<MEAN> 39
 -1.804737e+01 -7.347668e+00 -2.029328e+00 -3.552763e+00 2.517905e+00 -1.822616e+00 2.998741e+00 -4.255373e+00 -2.539960e-01 -7.873549e+00 -4.835356e-01 -6.140484e+00 5.612139e+01 3.316534e-01 5.960650e-01 6.335522e-01 5.652724e-01 4.614857e-01 1.596621e-01 -3.515710e-02 -3.910460e-01 -5.332952e-01 -4.834755e-01 -3.051116e-01 -1.942516e-01 1.390229e-01 -4.797355e-02 -8.334594e-02 -1.111589e-01 -1.285704e-01 -1.064817e-01 -1.601831e-02 -2.065967e-02 4.514447e-02 1.270022e-01 1.730647e-01 8.484747e-02 -1.980536e-02 -1.675597e-02
<VARIANCE> 39
 4.021765e+00 6.429959e+00 9.957003e+00 1.556309e+01 1.995731e+01 2.766888e+01 2.813251e+01 2.597027e+01 2.359722e+01 2.289769e+01 2.024129e+01 1.932165e+01 9.043834e-01 1.726699e-01 2.933460e-01 5.866923e-01 9.180784e-01 1.417966e+00 1.752347e+00 1.872963e+00 2.156478e+00 2.204151e+00 2.055883e+00 1.866297e+00 1.599259e+00 4.904223e-02 2.869115e-02 4.720826e-02 9.307302e-02 1.663034e-01 2.404489e-01 2.931748e-01 3.269303e-01 3.822239e-01 3.394378e-01 3.596058e-01 3.176218e-01 2.889023e-01 8.444439e-03
<GCONST> 7.856494e+01
<STATE> 13
<MEAN> 39
 -1.767752e+01 -6.491192e+00 -4.860209e-01 -1.652616e+00 4.145839e+00 -1.217865e+00 2.478710e+00 -5.630826e+00 -2.266692e+00 -9.374912e+00 -1.827410e+00 -6.816049e+00 5.625536e+01 8.340333e-02 1.392003e-01 -6.511122e-03 -1.282329e-01 -1.820518e-01 -1.094208e-01 -1.053936e-01 -3.943472e-02 1.535613e-01 2.998547e-01 1.665810e-01 -1.224247e-01 4.273213e-02 -1.006770e-01 -2.124038e-01 -2.904534e-01 -3.193591e-01 -2.924415e-01 -1.435585e-01 -2.163707e-02 1.740310e-01 3.237346e-01 3.239764e-01 2.212092e-01 9.502608e-02 -4.039504e-02
<VARIANCE> 39
 4.058355e+00 7.159811e+00 9.835703e+00 1.726646e+01 2.078134e+01 2.374374e+01 2.560153e+01 3.023490e+01 3.012325e+01 2.737220e+01 2.682276e+01 2.522245e+01 9.551649e-01 1.599326e-01 2.827383e-01 5.321695e-01 8.155242e-01 1.149416e+00 1.537324e+00 1.772252e+00 2.007657e+00 2.006561e+00 1.867533e+00 1.493359e+00 1.421857e+00 4.131013e-02 3.263133e-02 6.181370e-02 1.187048e-01 1.661289e-01 2.474884e-01 3.167700e-01 3.084114e-01 3.790581e-01 4.010329e-01 3.744537e-01 3.164639e-01 2.696239e-01 7.425085e-03
<GCONST> 7.893043e+01
<STATE> 14
<MEAN> 39
 -1.807143e+01 -7.498646e+00 -2.443314e+00 -3.552587e+00 2.960770e+00 -3.904274e-01 4.525548e+00 -2.103007e+00 2.060944e+00 -5.769662e+00 1.078303e-01 -6.824189e+00 5.615189e+01 -2.104161e-02 -1.247778e-01 -2.920598e-01 -3.954447e-01 -5.420251e-01 -5.120527e-01 -3.837283e-01 -5.769848e-02 2.661890e-01 3.139281e-01 2.840680e-01 2.175574e-01 7.254855e-03 -2.096540e-02 -2.988505e-02 -2.498637e-03 1.576462e-02 -4.039067e-02 -1.363900e-01 -1.575546e-01 -1.661958e-01 -1.645520e-01 -1.390900e-01 -4.958253e-02 2.456419e-02 -7.525185e-03
<VARIANCE> 39
 2.939282e+00 4.910707e+00 7.159733e+00 1.096206e+01 1.447923e+01 1.907207e+01 2.189144e+01 2.688672e+01 2.741665e+01 2.281171e+01 2.170645e+01 1.815677e+01 5.856047e-01 1.789004e-01 3.154865e-01 4.498913e-01 7.368657e-01 1.002413e+00 1.493374e+00 1.544391e+00 1.871828e+00 1.959034e+00 1.961453e+00 1.564149e+00 1.559189e+00 4.047503e-02 2.956783e-02 5.425647e-02 7.896747e-02 1.238279e-01 1.967281e-01 2.773264e-01 3.010474e-01 3.647605e-01 3.972081e-01 3.922461e-01 3.264675e-01 2.773056e-01 7.381468e-03
<GCONST> 7.375507e+01
<STATE> 15
<MEAN> 39
 -1.764648e+01 -7.087025e+00 -2.771636e+00 -4.615077e+00 3.940141e-01 -4.394611e+00 5.340210e-01 -5.678480e+00 2.162187e-02 -6.871555e+00 3.293097e-01 -5.848869e+00 5.652886e+01 -2.765426e-02 -5.261394e-02 -6.164161e-02 -8.244742e-02 -1.153809e-01 -1.596285e-01 -1.390326e-01 -1.259382e-01 -6.793940e-02 -1.078022e-02 1.398939e-02 3.897372e-02 -8.940916e-03 -4.612835e-03 -1.262391e-03 4.578256e-03 1.211417e-02 2.954847e-02 3.506066e-02 2.937323e-02 1.806320e-02 -1.982605e-03 -1.446238e-02 -1.656365e-02 -1.126189e-02 -9.500809e-04
<VARIANCE> 39
 1.211478e+00 2.519106e+00 4.401998e+00 6.461808e+00 8.399219e+00 1.021228e+01 1.234402e+01 1.353244e+01 1.415956e+01 1.275542e+01 1.197210e+01 1.216900e+01 3.351805e-01 1.182219e-01 2.492837e-01 4.369426e-01 6.245340e-01 8.368171e-01 1.065109e+00 1.317117e+00 1.499430e+00 1.592488e+00 1.396168e+00 1.253093e+00 1.292836e+00 3.200685e-02 2.203567e-02 4.571136e-02 8.784265e-02 1.286569e-01 1.635579e-01 2.122343e-01 2.624016e-01 2.913938e-01 3.177578e-01 2.848399e-01 2.496477e-01 2.574955e-01 6.396525e-03
<GCONST> 6.086404e+01
<STATE> 16
<MEAN> 39
 -1.839749e+01 -8.258783e+00 -3.962418e+00 -6.091790e+00 -1.033901e+00 -5.913039e+00 -9.664392e-01 -6.825318e+00 -6.041512e-01 -7.183473e+00 1.352389e-01 -5.677393e+00 5.616430e+01 1.510477e-01 2.301617e-01 2.245486e-01 2.676645e-01 3.088049e-01 2.864865e-01 2.262715e-01 1.321343e-01 5.067168e-02 -6.050834e-02 -2.721341e-02 -1.053156e-01 7.437275e-02 1.060165e-01 1.614520e-01 2.034335e-01 2.458211e-01 2.873976e-01 3.226482e-01 2.868280e-01 2.023845e-01 1.002354e-01 5.308455e-02 1.604745e-02 -1.168625e-02 3.896541e-02
<VARIANCE> 39
 1.818325e+00 3.284858e+00 6.542324e+00 9.147153e+00 1.426668e+01 1.649756e+01 1.952620e+01 1.837741e+01 1.914592e+01 1.687052e+01 1.710373e+01 1.683981e+01 4.809047e-01 1.469860e-01 3.255497e-01 5.750690e-01 8.233498e-01 1.113720e+00 1.364260e+00 1.656691e+00 1.710685e+00 1.714811e+00 1.730351e+00 1.438897e+00 1.345794e+00 3.562146e-02 2.637831e-02 6.288075e-02 9.732905e-02 1.383969e-01 2.044944e-01 2.420942e-01 2.848383e-01 3.287024e-01 3.585235e-01 3.444826e-01 2.941060e-01 3.040511e-01 6.631491e-03
<GCONST> 7.009035e+01
<STATE> 17
<MEAN> 39
 -1.688740e+01 -5.919921e+00 -9.628129e-01 -2.430356e+00 2.985856e+00 -1.650431e+00 2.834086e+00 -4.245809e+00 7.182863e-01 -6.549706e+00 3.926421e-01 -6.073123e+00 5.677071e+01 8.424596e-02 1.008259e-01 1.170494e-01 1.531987e-01 1.717724e-01 2.169750e-01 2.376385e-01 2.174654e-01 1.027413e-01 3.311634e-02 1.186251e-02 3.950529e-02 3.659517e-02 -8.472980e-02 -1.274140e-01 -1.716268e-01 -1.999759e-01 -2.248962e-01 -2.322643e-01 -1.983987e-01 -1.279470e-01 -3.629290e-02 -3.416324e-03 -1.458291e-02 1.973733e-02 -2.987110e-02
<VARIANCE> 39
 2.021398e+00 3.936986e+00 5.758458e+00 9.125751e+00 1.090472e+01 1.309923e+01 1.415964e+01 1.463583e+01 1.554902e+01 1.648126e+01 1.490223e+01 1.189198e+01 5.586587e-01 1.571248e-01 3.397600e-01 5.949700e-01 9.075319e-01 1.257272e+00 1.500157e+00 1.402882e+00 1.377510e+00 1.460931e+00 1.534368e+00 1.359434e+00 1.156215e+00 4.111034e-02 2.829179e-02 5.614109e-02 8.570911e-02 1.386619e-01 2.086210e-01 2.509225e-01 2.633998e-01 2.704835e-01 2.930258e-01 3.268536e-01 2.704210e-01 2.122072e-01 7.665934e-03
<GCONST> 6.742117e+01
<STATE> 18
<MEAN> 39
 -1.755992e+01 -7.002970e+00 -2.848796e+00 -4.622832e+00 3.880430e-01 -4.393047e+00 4.866193e-01 -5.727600e+00 3.406967e-01 -6.535172e+00 3.751304e-01 -5.849056e+00 5.657835e+01 -1.082917e-02 -1.714874e-02 -3.121488e-02 -3.736244e-02 -5.461525e-02 -6.189803e-02 -6.086219e-02 -3.278724e-02 -1.128471e-03 1.764629e-02 -6.766499e-03 -4.099252e-05 -2.169586e-03 5.599582e-03 6.331862e-03 1.115378e-02 1.514144e-02 1.012178e-02 7.886814e-03 4.690793e-03 3.738163e-03 3.245433e-03 -1.427004e-03 -4.892394e-03 -4.557172e-03 1.910155e-03
<VARIANCE> 39
 9.936613e-01 2.182980e+00 3.870522e+00 5.311821e+00 7.141256e+00 9.233291e+00 1.094398e+01 1.190809e+01 1.239154e+01 1.189974e+01 1.166214e+01 1.058270e+01 2.640724e-01 1.082646e-01 2.431537e-01 4.255428e-01 5.514600e-01 7.382699e-01 9.908377e-01 1.207451e+00 1.286336e+00 1.349501e+00 1.302529e+00 1.294431e+00 1.082710e+00 2.763360e-02 2.202412e-02 4.881077e-02 8.546136e-02 1.096470e-01 1.471258e-01 2.036261e-01 2.495386e-01 2.662147e-01 2.780633e-01 2.656358e-01 2.626764e-01 2.254561e-01 5.524711e-03
<GCONST> 5.700920e+01
<STATE> 19
<MEAN> 39
 -1.671819e+01 -6.074172e+00 -1.709492e+00 -3.831098e+00 5.686808e-01 -5.337624e+00 4.994627e-01 -6.004558e+00 -3.971487e-01 -7.835221e+00 -7.026154e-01 -6.074991e+00 5.699289e+01 4.158132e-02 2.868333e-02 7.555198e-03 1.794254e-02 -7.544650e-02 -1.413378e-01 -1.515242e-01 -6.521779e-02 1.793403e-02 -8.572794e-02 -1.230388e-01 -6.584856e-02 3.407292e-02 1.942763e-02 2.717718e-02 5.959729e-03 -6.225121e-03 -2.144717e-02 8.050564e-03 1.276182e-03 -4.250536e-02 -1.684206e-02 -3.195127e-03 1.787106e-02 -2.097591e-02 1.622892e-02
<VARIANCE> 39
 6.184061e+00 8.447117e+00 7.776915e+00 1.391959e+01 1.915263e+01 2.491542e+01 2.740433e+01 2.919844e+01 2.746646e+01 2.398732e+01 2.073713e+01 1.871432e+01 1.814844e+00 2.072712e-01 4.098509e-01 5.043503e-01 8.461427e-01 1.142132e+00 1.540321e+00 1.730460e+00 1.871040e+00 1.730534e+00 1.663472e+00 1.559146e+00 1.513612e+00 5.367151e-02 4.456212e-02 9.018134e-02 1.130404e-01 1.749862e-01 2.230416e-01 2.879024e-01 3.271764e-01 3.856214e-01 3.476940e-01 3.072138e-01 3.110806e-01 2.877760e-01 1.302602e-02
<GCONST> 8.038528e+01
<TRANSP> 20
 0.000000e+00 1.000000e+00 0.000000e+00 0.000000e+00 0.000000e+00 0.000000e+00 0.000000e+00 0.000000e+00 0.000000e+00 0.000000e+00 0.000000e+00 0.000000e+00 0.000000e+00 0.000000e+00 0.000000e+00 0.000000e+00 0.000000e+00 0.000000e+00 0.000000e+00 0.000000e+00
 0.000000e+00 2.422157e-01 7.577843e-01 0.000000e+00 0.000000e+00 0.000000e+00 0.000000e+00 0.000000e+00 0.000000e+00 0.000000e+00 0.000000e+00 0.000000e+00 0.000000e+00 0.000000e+00 0.000000e+00 0.000000e+00 0.000000e+00 0.000000e+00 0.000000e+00 0.000000e+00
 0.000000e+00 0.000000e+00 7.013334e-01 2.986666e-01 0.000000e+00 0.000000e+00 0.000000e+00 0.000000e+00 0.000000e+00 0.000000e+00 0.000000e+00 0.000000e+00 0.000000e+00 0.000000e+00 0.000000e+00 0.000000e+00 0.000000e+00 0.000000e+00 0.000000e+00 0.000000e+00
 0.000000e+00 0.000000e+00 0.000000e+00 6.730700e-01 3.269300e-01 0.000000e+00 0.000000e+00 0.000000e+00 0.000000e+00 0.000000e+00 0.000000e+00 0.000000e+00 0.000000e+00 0.000000e+00 0.000000e+00 0.000000e+00 0.000000e+00 0.000000e+00 0.000000e+00 0.000000e+00
 0.000000e+00 0.000000e+00 0.000000e+00 0.000000e+00 4.606165e-01 5.393835e-01 0.000000e+00 0.000000e+00 0.000000e+00 0.000000e+00 0.000000e+00 0.000000e+00 0.000000e+00 0.000000e+00 0.000000e+00 0.000000e+00 0.000000e+00 0.000000e+00 0.000000e+00 0.000000e+00
 0.000000e+00 0.000000e+00 0.000000e+00 0.000000e+00 0.000000e+00 5.813828e-01 4.186172e-01 0.000000e+00 0.000000e+00 0.000000e+00 0.000000e+00 0.000000e+00 0.000000e+00 0.000000e+00 0.000000e+00 0.000000e+00 0.000000e+00 0.000000e+00 0.000000e+00 0.000000e+00
 0.000000e+00 0.000000e+00 0.000000e+00 0.000000e+00 0.000000e+00 0.000000e+00 2.444122e-01 7.555878e-01 0.000000e+00 0.000000e+00 0.000000e+00 0.000000e+00 0.000000e+00 0.000000e+00 0.000000e+00 0.000000e+00 0.000000e+00 0.000000e+00 0.000000e+00 0.000000e+00
 0.000000e+00 0.000000e+00 0.000000e+00 0.000000e+00 0.000000e+00 0.000000e+00 0.000000e+00 5.762610e-01 4.237390e-01 0.000000e+00 0.000000e+00 0.000000e+00 0.000000e+00 0.000000e+00 0.000000e+00 0.000000e+00 0.000000e+00 0.000000e+00 0.000000e+00 0.000000e+00
 0.000000e+00 0.000000e+00 0.000000e+00 0.000000e+00 0.000000e+00 0.000000e+00 0.000000e+00 0.000000e+00 0.000000e+00 1.000000e+00 0.000000e+00 0.000000e+00 0.000000e+00 0.000000e+00 0.000000e+00 0.000000e+00 0.000000e+00 0.000000e+00 0.000000e+00 0.000000e+00
 0.000000e+00 0.000000e+00 0.000000e+00 0.000000e+00 0.000000e+00 0.000000e+00 0.000000e+00 0.000000e+00 0.000000e+00 0.000000e+00 1.000000e+00 0.000000e+00 0.000000e+00 0.000000e+00 0.000000e+00 0.000000e+00 0.000000e+00 0.000000e+00 0.000000e+00 0.000000e+00
 0.000000e+00 0.000000e+00 0.000000e+00 0.000000e+00 0.000000e+00 0.000000e+00 0.000000e+00 0.000000e+00 0.000000e+00 0.000000e+00 2.140608e-01 7.859392e-01 0.000000e+00 0.000000e+00 0.000000e+00 0.000000e+00 0.000000e+00 0.000000e+00 0.000000e+00 0.000000e+00
 0.000000e+00 0.000000e+00 0.000000e+00 0.000000e+00 0.000000e+00 0.000000e+00 0.000000e+00 0.000000e+00 0.000000e+00 0.000000e+00 0.000000e+00 2.817388e-01 7.182612e-01 0.000000e+00 0.000000e+00 0.000000e+00 0.000000e+00 0.000000e+00 0.000000e+00 0.000000e+00
 0.000000e+00 0.000000e+00 0.000000e+00 0.000000e+00 0.000000e+00 0.000000e+00 0.000000e+00 0.000000e+00 0.000000e+00 0.000000e+00 0.000000e+00 0.000000e+00 3.871964e-01 6.128036e-01 0.000000e+00 0.000000e+00 0.000000e+00 0.000000e+00 0.000000e+00 0.000000e+00
 0.000000e+00 0.000000e+00 0.000000e+00 0.000000e+00 0.000000e+00 0.000000e+00 0.000000e+00 0.000000e+00 0.000000e+00 0.000000e+00 0.000000e+00 0.000000e+00 0.000000e+00 5.726662e-01 4.273338e-01 0.000000e+00 0.000000e+00 0.000000e+00 0.000000e+00 0.000000e+00
 0.000000e+00 0.000000e+00 0.000000e+00 0.000000e+00 0.000000e+00 0.000000e+00 0.000000e+00 0.000000e+00 0.000000e+00 0.000000e+00 0.000000e+00 0.000000e+00 0.000000e+00 0.000000e+00 8.833389e-01 1.166611e-01 0.000000e+00 0.000000e+00 0.000000e+00 0.000000e+00
 0.000000e+00 0.000000e+00 0.000000e+00 0.000000e+00 0.000000e+00 0.000000e+00 0.000000e+00 0.000000e+00 0.000000e+00 0.000000e+00 0.000000e+00 0.000000e+00 0.000000e+00 0.000000e+00 0.000000e+00 5.769877e-01 4.230123e-01 0.000000e+00 0.000000e+00 0.000000e+00
 0.000000e+00 0.000000e+00 0.000000e+00 0.000000e+00 0.000000e+00 0.000000e+00 0.000000e+00 0.000000e+00 0.000000e+00 0.000000e+00 0.000000e+00 0.000000e+00 0.000000e+00 0.000000e+00 0.000000e+00 0.000000e+00 6.673777e-01 3.326224e-01 0.000000e+00 0.000000e+00
 0.000000e+00 0.000000e+00 0.000000e+00 0.000000e+00 0.000000e+00 0.000000e+00 0.000000e+00 0.000000e+00 0.000000e+00 0.000000e+00 0.000000e+00 0.000000e+00 0.000000e+00 0.000000e+00 0.000000e+00 0.000000e+00 0.000000e+00 9.209387e-01 7.906125e-02 0.000000e+00
 0.000000e+00 0.000000e+00 0.000000e+00 0.000000e+00 0.000000e+00 0.000000e+00 0.000000e+00 0.000000e+00 0.000000e+00 0.000000e+00 0.000000e+00 0.000000e+00 0.000000e+00 0.000000e+00 0.000000e+00 0.000000e+00 0.000000e+00 0.000000e+00 5.016694e-01 4.983306e-01
 0.000000e+00 0.000000e+00 0.000000e+00 0.000000e+00 0.000000e+00 0.000000e+00 0.000000e+00 0.000000e+00 0.000000e+00 0.000000e+00 0.000000e+00 0.000000e+00 0.000000e+00 0.000000e+00 0.000000e+00 0.000000e+00 0.000000e+00 0.000000e+00 0.000000e+00 0.000000e+00
<ENDHMM>
