~o
<STREAMINFO> 1 39
<VECSIZE> 39<NULLD><MFCC_D_A_0><DIAGC>
~h "tiga"
<BEGINHMM>
<NUMSTATES> 5
<STATE> 2
<MEAN> 39
 -9.266374e+00 8.982661e-01 1.434406e+01 -3.085135e+00 -9.192601e+00 -1.176190e+01 -4.291306e+00 -1.346231e+01 -7.752892e+00 -6.538565e+00 1.760986e+00 -8.159858e+00 6.563303e+01 5.282454e-01 -1.067916e-01 4.481063e-01 1.989951e-01 -8.234539e-01 -7.432255e-01 -1.509519e-02 1.912664e-01 -1.404660e-01 -1.206018e-01 2.104810e-01 7.330874e-02 6.260576e-01 2.813971e-02 -7.132056e-02 -9.551334e-02 -1.944358e-02 6.287797e-02 5.526083e-02 -6.098568e-03 1.403052e-01 9.423807e-02 -3.623119e-02 -1.142630e-01 -1.402521e-02 8.463170e-03
<VARIANCE> 39
 2.356762e+01 4.378508e+01 1.368484e+02 7.082258e+01 1.553803e+02 9.728951e+01 7.696590e+01 1.110979e+02 4.311990e+01 5.213735e+01 7.944710e+01 5.149699e+01 2.801553e+01 1.979312e+00 3.402926e+00 8.245999e+00 3.397327e+00 9.226373e+00 5.989425e+00 5.793238e+00 7.589036e+00 4.841959e+00 3.403027e+00 5.636897e+00 3.235282e+00 1.748147e+00 3.349157e-01 4.298478e-01 1.151905e+00 5.234795e-01 1.610622e+00 1.092955e+00 9.651170e-01 1.028427e+00 8.190171e-01 6.380202e-01 1.057785e+00 5.030569e-01 2.071365e-01
<GCONST> 1.403993e+02
<STATE> 3
<MEAN> 39
 -1.437794e+00 -1.398737e+01 -2.474426e-01 -4.444214e+00 -1.033801e+01 -1.635665e+01 -2.340622e+00 3.200125e+00 -1.133995e-02 -1.026392e+01 -6.599209e+00 -8.559709e+00 7.470809e+01 -9.275226e-02 -7.628578e-02 -1.081452e+00 -5.358233e-01 1.250474e+00 1.061783e+00 -4.379061e-01 1.615521e-02 4.255785e-01 -2.512507e-01 -1.490582e+00 -4.987051e-01 -3.940377e-01 -1.206753e-01 2.393803e-01 2.142665e-01 5.669901e-02 -9.355365e-02 -1.002252e-01 4.616877e-03 -3.298517e-01 -1.938683e-01 2.332399e-02 2.368107e-01 5.674400e-02 -1.605359e-01
<VARIANCE> 39
 3.694015e+00 1.563883e+01 6.761389e+01 3.368338e+01 1.692505e+02 1.139680e+02 5.013977e+01 1.264250e+02 6.325986e+01 3.721099e+01 1.401378e+02 5.007695e+01 9.077475e+00 2.717167e-01 1.443285e+00 1.724339e+00 1.359286e+00 2.164968e+00 2.393305e+00 1.634966e+00 3.482623e+00 2.301048e+00 2.237871e+00 2.509737e+00 1.559839e+00 5.020874e-01 2.830790e-02 1.011702e-01 1.616600e-01 1.882209e-01 3.014795e-01 2.371793e-01 2.989343e-01 4.555324e-01 3.019148e-01 3.134363e-01 2.437268e-01 2.401095e-01 2.352947e-02
<GCONST> 1.036016e+02
<STATE> 4
<MEAN> 39
 -1.105504e+01 -4.610887e+00 -4.187220e+00 -5.950893e+00 5.268897e-01 -5.238070e+00 -1.435429e+00 -3.169439e+00 2.580067e+00 -1.156304e+01 -7.737639e+00 -9.044540e+00 6.054723e+01 -6.695417e-01 3.514801e-01 -1.153211e-01 -8.747314e-02 6.819435e-01 7.821081e-01 3.912961e-01 -1.316935e-01 2.416311e-01 2.584445e-01 3.246094e-01 4.527192e-03 -7.153504e-01 2.625206e-02 -6.991976e-02 -3.040880e-02 -2.673881e-02 4.137314e-04 1.985835e-02 6.271922e-03 7.710535e-02 4.590674e-02 5.567421e-02 -8.346012e-03 -1.045766e-02 6.263518e-02
<VARIANCE> 39
 2.068704e+01 1.419512e+01 1.538795e+01 2.110365e+01 5.832330e+01 5.420283e+01 2.210468e+01 4.239385e+01 3.170609e+01 4.108421e+01 3.944999e+01 3.432264e+01 1.974390e+01 1.341741e-01 4.555233e-01 5.663580e-01 9.706015e-01 1.095128e+00 1.414478e+00 1.306751e+00 1.720177e+00 1.650092e+00 1.383823e+00 1.507881e+00 1.922164e+00 1.570703e-01 1.708228e-02 4.517958e-02 8.045025e-02 1.257610e-01 1.612238e-01 1.674467e-01 2.707798e-01 2.764611e-01 2.364569e-01 2.063424e-01 1.991329e-01 2.868238e-01 6.358561e-03
<GCONST> 8.439777e+01
<TRANSP> 5
 0.000000e+00 1.000000e+00 0.000000e+00 0.000000e+00 0.000000e+00
 0.000000e+00 9.656451e-01 3.435495e-02 0.000000e+00 0.000000e+00
 0.000000e+00 0.000000e+00 9.244812e-01 7.551890e-02 0.000000e+00
 0.000000e+00 0.000000e+00 0.000000e+00 9.509813e-01 4.901866e-02
 0.000000e+00 0.000000e+00 0.000000e+00 0.000000e+00 0.000000e+00
<ENDHMM>
