~o
<STREAMINFO> 1 39
<VECSIZE> 39<NULLD><MFCC_D_A_0><DIAGC>
~h "tujuh"
<BEGINHMM>
<NUMSTATES> 20
<STATE> 2
<MEAN> 39
 -1.745015e+01 -6.652551e+00 -2.928073e+00 -4.817939e+00 -2.491210e-01 -5.072798e+00 -6.955235e-01 -7.800375e+00 -9.780195e-01 -6.471220e+00 1.924298e+00 -4.681193e+00 5.666188e+01 -3.595680e-02 8.637347e-02 1.495278e-01 -3.009111e-02 3.847384e-01 -7.663082e-01 -2.722189e-01 -3.036778e-01 3.565258e-02 2.652868e-01 -2.055850e-01 1.168325e-01 3.392817e-01 1.535487e-01 1.505074e-01 2.173529e-01 5.695302e-02 1.004866e-01 -6.398711e-01 -1.317102e-01 1.280462e-01 6.885231e-02 7.187974e-02 -2.146331e-01 1.618607e-01 3.038490e-01
<VARIANCE> 39
 1.190602e+00 2.010841e+00 5.106432e+00 8.020444e+00 1.026442e+01 1.489283e+01 1.260370e+01 1.828746e+01 1.054768e+01 1.331304e+01 1.381671e+01 1.320757e+01 2.782816e-01 1.398958e-01 3.099035e-01 6.627570e-01 1.323821e+00 2.150218e+00 4.567601e+00 1.552280e+00 3.095390e+00 1.917832e+00 3.144530e+00 2.188342e+00 2.971796e+00 4.877177e-01 1.552472e-01 1.432073e-01 1.169457e-01 3.668777e-01 6.356636e-01 1.029126e+00 4.862829e-01 4.289953e-01 3.530250e-01 5.831541e-01 4.887965e-01 5.926842e-01 1.062021e-01
<GCONST> 8.513241e+01
<STATE> 3
<MEAN> 39
 -1.708487e+01 -5.333731e+00 5.530521e-01 -5.196782e+00 3.671632e+00 -1.609684e+01 -4.036916e+00 -6.675860e+00 8.961015e-01 -5.911140e+00 -5.319913e-01 -2.185743e+00 6.177874e+01 2.380799e+00 1.977689e+00 1.363287e+00 2.749955e-01 -3.830363e-01 -5.060619e+00 -2.409855e+00 -1.220384e+00 -1.154713e-01 6.290923e-01 -8.371941e-01 1.182066e+00 2.125239e+00 9.700899e-01 5.234991e-01 1.276263e-01 7.378232e-02 -5.152785e-01 3.203802e-01 -4.938347e-01 -3.457457e-01 -3.419728e-01 8.789957e-02 2.681802e-01 -3.860712e-01 1.251697e-01
<VARIANCE> 39
 1.658253e+01 1.266511e+01 1.582688e+01 5.516498e+01 5.430735e+01 1.627844e+02 3.972049e+01 6.527115e+01 3.073437e+01 8.294878e+01 4.316259e+01 5.315572e+01 1.113267e+01 4.731550e+00 3.049407e+00 1.436713e+00 4.030857e+00 6.021095e+00 1.125588e+01 5.904163e+00 4.496425e+00 4.095507e+00 5.407097e+00 8.680094e+00 2.495949e+00 6.334915e-01 3.231530e-01 4.034601e-01 3.392045e-01 7.442371e-01 9.527438e-01 2.686204e+00 8.533975e-01 7.262070e-01 8.221124e-01 8.493667e-01 1.059626e+00 6.342120e-01 1.498635e-01
<GCONST> 1.307659e+02
<STATE> 4
<MEAN> 39
 -2.351474e+00 4.238013e+00 3.914826e+00 -3.219013e+00 -1.817454e+00 -2.656496e+01 -1.419220e+01 -1.342472e+01 -2.728650e+00 -2.044711e+00 -1.251774e-01 -2.536504e+00 6.801730e+01 2.977066e+00 1.016618e+00 3.591391e-01 -1.065849e-01 -1.312550e+00 2.517393e-01 -1.752124e+00 -2.798832e-01 -1.303396e+00 7.211902e-01 9.507151e-01 -1.627518e+00 1.379508e+00 -9.265324e-01 -9.065605e-01 -2.980680e-01 -5.985080e-02 1.578517e-01 1.267304e+00 9.662892e-01 7.771930e-01 -1.437297e-01 -2.324341e-01 1.734504e-01 -4.082043e-01 -4.180208e-01
<VARIANCE> 39
 7.164529e+00 1.225132e+01 1.878720e+01 5.177366e+01 8.209581e+01 4.841042e+01 6.509397e+01 6.283179e+01 4.181622e+01 7.836319e+01 1.621462e+02 5.837523e+01 5.914327e+00 2.248415e+00 2.920776e+00 2.427604e+00 3.761063e+00 5.398532e+00 4.041126e+00 3.472318e+00 4.952978e+00 6.818674e+00 2.782434e+00 7.766949e+00 1.546269e+00 4.455579e-01 1.566225e-01 1.557098e-01 3.208668e-01 4.874706e-01 5.268083e-01 1.027555e+00 4.072746e-01 8.021544e-01 8.891441e-01 5.639328e-01 6.407691e-01 3.209787e-01 3.903736e-02
<GCONST> 1.204884e+02
<STATE> 5
<MEAN> 39
 4.926987e-01 2.451348e+00 6.658069e+00 -1.786780e+00 -2.754172e+00 -2.125524e+01 -1.456450e+01 -6.954791e+00 -9.228618e+00 -2.619944e+00 5.753927e+00 -7.859414e+00 7.059241e+01 -1.585615e-01 -2.712518e-01 1.232205e+00 6.470302e-01 -1.033569e+00 4.261461e-01 1.020693e+00 1.086865e+00 -1.199719e+00 -9.306704e-01 3.008317e-01 -5.647454e-01 3.855295e-02 -3.366831e-01 1.371635e-01 1.359500e-01 2.008735e-02 2.151145e-01 1.105088e-01 2.508156e-01 -1.695949e-01 1.692490e-01 -1.308341e-01 -1.628502e-01 1.637260e-01 -2.719924e-01
<VARIANCE> 39
 4.186693e+00 1.289188e+01 4.234062e+01 6.812756e+01 1.596810e+02 9.134356e+01 6.869892e+01 6.523544e+01 1.099039e+02 8.305097e+01 2.552842e+02 6.650760e+01 5.485042e+00 3.515767e-01 4.732072e-01 1.382006e+00 2.413524e+00 2.534187e+00 3.767464e+00 2.206826e+00 3.362104e+00 5.611912e+00 3.447093e+00 1.599458e+00 2.038738e+00 2.558978e-01 6.408520e-02 1.337892e-01 4.124252e-01 4.152177e-01 5.547396e-01 7.380559e-01 4.554583e-01 8.452018e-01 9.202849e-01 6.634878e-01 4.749823e-01 2.398044e-01 4.504325e-02
<GCONST> 1.145049e+02
<STATE> 6
<MEAN> 39
 -2.887138e+00 3.665985e+00 1.045560e+01 -1.480419e-03 -5.450258e+00 -1.739561e+01 -5.886946e+00 -6.931903e+00 -9.836983e+00 -6.775050e+00 1.351782e+00 -9.019453e+00 6.704812e+01 -5.665165e-01 6.199000e-01 -1.041367e-01 3.310814e-01 1.094876e+00 1.568167e+00 6.450910e-01 -8.026716e-01 6.942339e-01 -4.366691e-01 -5.596530e-01 -1.488820e-01 -1.054211e+00 -4.765800e-03 4.918320e-03 -2.720336e-01 -5.529599e-02 1.416243e-01 -2.018148e-02 -2.904646e-01 -1.602444e-01 1.638225e-01 -7.476634e-03 -6.004830e-03 1.194755e-01 1.239301e-02
<VARIANCE> 39
 2.996193e+00 8.207059e+00 2.243636e+01 5.281951e+01 7.018318e+01 2.430142e+01 2.453480e+01 7.429332e+01 7.680876e+01 4.123693e+01 1.986629e+02 4.778565e+01 7.182752e+00 1.920244e-01 3.359978e-01 8.943716e-01 1.294652e+00 2.068230e+00 1.091472e+00 2.146314e+00 1.687997e+00 2.708711e+00 2.346898e+00 2.857450e+00 1.441254e+00 1.107320e-01 5.075614e-02 7.472608e-02 1.789961e-01 2.620333e-01 4.507827e-01 1.936489e-01 2.402487e-01 3.039942e-01 6.506707e-01 4.333548e-01 2.283084e-01 2.549391e-01 5.473218e-02
<GCONST> 9.596457e+01
<STATE> 7
<MEAN> 39
 -5.787684e+00 5.781614e+00 9.156380e+00 1.455400e+00 -1.192924e+00 -1.104726e+01 -5.153570e+00 -1.124786e+01 -6.011862e+00 -9.168124e+00 -1.438599e+00 -8.450697e+00 6.315498e+01 -1.602107e+00 4.398900e-02 5.586325e-02 -7.807189e-01 1.096924e+00 1.637859e+00 -6.543776e-01 6.088972e-02 5.178631e-01 -6.036778e-01 5.263479e-01 1.344248e-01 1.291797e-01 -5.086464e-01 -1.020222e-01 3.312093e-01 -3.549939e-01 -2.039175e-01 -3.100712e-02 -3.251769e-01 2.400304e-01 -4.017847e-02 -9.863222e-02 4.970782e-01 1.169978e-01 5.277734e-01
<VARIANCE> 39
 4.128543e+00 5.093065e+00 1.160573e+01 1.849530e+01 2.898536e+01 1.886691e+01 1.677516e+01 3.707792e+01 3.407907e+01 1.502392e+01 6.313389e+01 5.519716e+01 2.143373e+00 1.437874e+00 1.266624e+00 8.777847e-01 1.138121e+00 1.977700e+00 2.524043e+00 5.098012e+00 3.115467e+00 2.845199e+00 2.812591e+00 3.546240e+00 2.199185e+00 6.709408e-01 2.068566e-01 1.841920e-01 1.763826e-01 2.873360e-01 5.409127e-01 5.450751e-01 6.424761e-01 4.559350e-01 5.277984e-01 3.897331e-01 3.707525e-01 4.773163e-01 9.173280e-02
<GCONST> 1.022914e+02
<STATE> 8
<MEAN> 39
 -1.669362e+01 6.426106e+00 1.219126e+01 -5.332039e+00 9.178871e-02 -4.630512e+00 -1.197329e+01 -1.067299e+01 -4.594440e+00 -1.332085e+01 3.818693e+00 -8.134310e+00 6.893328e+01 -1.211899e+00 2.153635e-01 1.730915e+00 -2.894879e-01 -2.854641e+00 -8.271059e-01 -2.345701e-01 -2.118929e-01 -8.905269e-01 -7.096686e-01 1.393794e+00 8.750501e-01 1.881098e+00 1.243330e+00 -3.226225e-01 1.175341e-01 7.661080e-01 -1.245633e+00 -1.486284e+00 6.487796e-01 3.561999e-01 -5.721174e-01 1.534372e-01 -7.409257e-02 1.576685e-01 -2.060016e-02
<VARIANCE> 39
 2.900204e+01 3.567091e+01 2.523976e+01 4.062571e+01 7.692397e+01 7.011200e+01 8.105880e+01 1.220033e+02 4.995129e+01 2.826558e+01 6.928582e+01 7.125434e+01 1.231931e+01 6.229059e+00 1.916597e+00 2.433157e+00 4.456928e+00 5.647001e+00 1.100711e+01 6.649084e+00 6.175390e+00 3.909985e+00 2.866264e+00 2.930578e+00 3.576628e+00 5.775083e-01 6.414326e-01 5.735041e-01 5.014354e-01 4.208515e-01 5.311990e-01 1.416869e+00 1.142655e+00 1.565145e+00 5.654005e-01 6.574625e-01 6.980224e-01 5.537907e-01 1.750380e-01
<GCONST> 1.325961e+02
<STATE> 9
<MEAN> 39
 -9.473538e+00 2.077185e+00 1.853586e+01 -3.876585e-01 -1.584027e+01 -1.987250e+01 -7.421970e+00 -4.198950e+00 -1.284326e+01 -1.489122e+01 9.261960e+00 -3.524859e+00 7.432988e+01 2.363501e+00 -1.646557e+00 -4.055670e-01 1.047132e+00 -1.815161e+00 -3.203562e+00 -6.036108e-01 2.435082e+00 -1.720098e-01 -8.486136e-02 3.605927e-02 2.827599e-01 6.586689e-01 -6.033650e-03 7.781088e-02 -8.742326e-01 -3.194515e-01 1.364244e+00 8.523923e-01 -6.090019e-01 -2.475031e-01 8.074772e-01 3.019414e-01 -6.163992e-01 -4.138827e-01 -3.727875e-01
<VARIANCE> 39
 1.953970e+01 2.279882e+01 8.275234e+01 6.911262e+01 6.760825e+01 4.314238e+01 5.685052e+01 8.479045e+01 8.346155e+01 3.850314e+01 9.859537e+01 7.709399e+01 1.465823e+01 1.161390e+00 1.882206e+00 3.742219e+00 1.884475e+00 6.472992e+00 7.051698e+00 5.187729e+00 2.908125e+00 6.275735e+00 2.078549e+00 5.619692e+00 1.554453e+00 4.322245e-01 3.323304e-01 2.718802e-01 3.476174e-01 4.851013e-01 4.245748e-01 1.074621e+00 6.088231e-01 1.186325e+00 6.053838e-01 4.410868e-01 3.954076e-01 4.315092e-01 2.639205e-02
<GCONST> 1.237325e+02
<STATE> 10
<MEAN> 39
 -2.208398e+00 -2.552556e+00 1.030882e+01 -1.240190e+00 -1.073426e+01 -2.197231e+01 -1.539625e+01 -3.113586e+00 -6.415422e+00 -1.049763e+01 2.930668e+00 -8.545191e+00 7.364982e+01 8.247432e-01 2.321399e-02 -2.019006e+00 -6.526415e-01 1.795551e+00 1.228904e+00 -9.597385e-01 -2.090604e+00 8.923669e-01 1.424215e+00 -4.985541e-01 -6.766968e-01 -7.094501e-01 -3.303075e-01 1.816369e-01 9.052695e-02 -1.232573e-01 1.796954e-01 5.743151e-01 3.116272e-01 -5.496297e-01 -2.956097e-01 2.027173e-01 4.878268e-01 2.341760e-01 -1.689853e-01
<VARIANCE> 39
 6.583171e+00 2.655240e+01 7.018198e+01 3.605567e+01 5.817656e+01 1.664140e+01 4.033144e+01 6.294468e+01 5.240012e+01 4.348247e+01 1.582932e+02 5.993541e+01 1.388720e+01 6.442848e-01 1.103346e+00 1.227787e+00 1.018619e+00 2.391609e+00 2.408635e+00 1.556896e+00 2.343844e+00 1.790480e+00 2.809206e+00 3.525162e+00 2.990495e+00 1.364454e-01 2.980942e-02 1.902552e-01 2.770725e-01 2.622653e-01 4.619565e-01 4.644932e-01 2.894450e-01 8.375076e-01 3.803277e-01 4.502164e-01 6.409115e-01 3.597378e-01 1.331246e-02
<GCONST> 1.055171e+02
<STATE> 11
<MEAN> 39
 4.357357e-01 3.557309e+00 1.547124e-01 -4.024655e+00 -5.681983e+00 -1.178284e+01 -1.316554e+01 -1.777991e+01 -8.915097e+00 -2.762817e+00 9.524586e+00 -4.063642e+00 6.917458e+01 1.478171e-01 1.915160e-01 -7.459131e-01 -3.357512e-01 1.049250e+00 1.175322e+00 4.488966e-01 -1.183284e+00 -3.131704e-01 8.374240e-01 3.895945e-01 4.385977e-01 -6.736522e-01 -1.979770e-01 -4.974953e-02 2.195974e-01 2.210264e-01 -5.771937e-02 -2.565214e-01 1.711225e-01 4.155730e-01 1.081009e-01 -2.301256e-01 -1.814528e-01 1.155260e-01 -1.216171e-02
<VARIANCE> 39
 7.093934e+00 1.760092e+01 4.838643e+01 2.469925e+01 1.970791e+01 5.036021e+01 3.741381e+01 3.504873e+01 6.423072e+01 2.254487e+01 6.837798e+01 1.685289e+01 8.312864e+00 4.930866e-01 3.538823e-01 1.276842e+00 9.806519e-01 1.915605e+00 1.380020e+00 8.158472e-01 1.624850e+00 2.103583e+00 1.320516e+00 2.049841e+00 1.213311e+00 1.335604e-01 1.889537e-02 6.281868e-02 1.314900e-01 1.307125e-01 2.202106e-01 1.949838e-01 9.154508e-02 3.067124e-01 3.014808e-01 2.023209e-01 1.847035e-01 2.627122e-01 5.768456e-03
<GCONST> 8.526867e+01
<STATE> 12
<MEAN> 39
 -2.301345e+00 8.215273e-01 1.564188e+00 -1.976029e+00 -8.880809e-01 -1.096037e+01 -1.241145e+01 -1.329538e+01 -5.852656e+00 -4.915686e+00 4.276660e+00 -5.360226e+00 6.647704e+01 -5.559786e-01 -1.301626e-01 -5.845681e-01 4.541786e-01 9.875972e-01 3.312189e-01 1.764283e-01 -6.313629e-01 1.058272e+00 5.337666e-01 -7.665052e-02 1.377045e-02 -8.064021e-01 2.035233e-02 1.790368e-02 1.543222e-01 5.455627e-02 -5.787484e-02 -6.973901e-02 -2.656063e-02 -8.284781e-02 -2.597026e-02 -2.046138e-01 -1.883432e-01 -2.950137e-01 7.338068e-02
<VARIANCE> 39
 4.099025e+00 3.017750e+01 2.687338e+01 1.805326e+01 3.524306e+01 7.847635e+01 7.232144e+01 5.046996e+01 8.914462e+01 3.484864e+01 4.002459e+01 3.051970e+01 3.242215e+00 2.361312e-01 6.460879e-01 4.732566e-01 5.709532e-01 1.281229e+00 1.877033e+00 1.929909e+00 2.315537e+00 1.508501e+00 1.947801e+00 2.006243e+00 2.022418e+00 1.058102e-01 2.733970e-02 9.737585e-02 8.272779e-02 9.160185e-02 2.646441e-01 3.743621e-01 4.128667e-01 3.496472e-01 4.853397e-01 3.535549e-01 3.027156e-01 3.181556e-01 8.184107e-03
<GCONST> 9.058380e+01
<STATE> 13
<MEAN> 39
 -5.309730e+00 -1.701485e+00 -1.772825e+00 1.066278e-01 2.380177e+00 -1.440157e+01 -1.672226e+01 -2.099849e+01 -2.705637e+00 -4.979712e+00 -1.635964e+00 -1.116928e+01 6.366070e+01 -4.444196e-01 2.709025e-01 2.413134e-01 6.188720e-01 9.923177e-01 6.291527e-01 8.283510e-01 -1.782430e-01 -7.087194e-01 -8.773605e-01 -6.172441e-01 -2.973519e-01 -5.449033e-01 -4.385416e-02 -2.869839e-02 4.221288e-02 -2.217009e-01 -2.443143e-01 9.184812e-02 1.243225e-01 2.589952e-01 -6.723406e-02 -1.234620e-01 -3.457305e-02 2.019479e-01 1.627770e-02
<VARIANCE> 39
 3.637290e+00 2.308622e+01 2.414374e+01 2.970465e+01 4.205447e+01 2.288268e+01 3.787496e+01 1.686678e+01 4.334451e+01 3.148360e+01 7.249290e+01 4.630441e+01 1.782676e+00 2.070589e-01 5.526200e-01 4.460250e-01 8.492877e-01 1.362227e+00 9.046323e-01 1.541299e+00 1.783555e+00 3.335028e+00 2.416930e+00 1.897555e+00 2.196504e+00 2.888775e-02 4.671349e-02 6.145945e-02 9.331570e-02 1.193889e-01 2.061723e-01 1.476183e-01 2.518567e-01 2.939564e-01 5.758891e-01 6.481104e-01 3.655614e-01 3.641582e-01 7.959664e-03
<GCONST> 8.569810e+01
<STATE> 14
<MEAN> 39
 -5.964540e+00 2.214539e+00 1.443049e+00 1.922656e-01 6.679893e+00 -4.142803e+00 -4.349477e+00 -1.817459e+01 -2.562437e+00 -4.554838e+00 3.121095e+00 -3.100240e+00 6.141758e+01 -7.569652e-01 -2.319570e-01 -1.508438e-01 -2.946655e-01 2.563242e-01 4.732434e-01 4.393285e-01 1.354573e-01 -9.596378e-02 -5.811531e-01 -6.895670e-01 5.161300e-02 -4.807745e-01 -1.778051e-02 -4.109095e-02 -4.807688e-02 -1.803046e-02 -1.046368e-01 -1.089345e-01 -1.758917e-01 5.698223e-02 -1.537544e-02 1.204643e-02 -3.701366e-03 -8.899798e-02 2.246909e-02
<VARIANCE> 39
 5.583192e+00 1.246498e+01 1.955760e+01 3.348703e+01 1.053004e+01 2.073796e+01 2.678339e+01 4.276999e+01 2.901386e+01 3.358519e+01 8.788770e+01 3.171037e+01 2.271417e+00 1.281543e-01 4.613496e-01 7.376481e-01 7.369325e-01 8.125247e-01 1.862952e+00 1.420829e+00 1.289321e+00 1.287697e+00 1.319683e+00 1.337376e+00 9.809027e-01 2.616184e-02 2.181900e-02 5.814183e-02 1.236802e-01 1.826342e-01 1.571134e-01 3.234841e-01 1.478265e-01 2.669802e-01 2.992243e-01 1.867308e-01 2.123968e-01 1.420306e-01 5.552940e-03
<GCONST> 7.695871e+01
<STATE> 15
<MEAN> 39
 -1.081838e+01 -1.697490e+00 -1.667094e-01 -1.027246e+00 4.838654e+00 -4.673177e+00 -6.492239e+00 -1.703275e+01 -8.106490e+00 -1.092380e+01 -1.278723e+00 -7.533200e+00 5.951186e+01 -7.445713e-01 -3.696174e-01 -1.003822e-01 -2.952912e-01 -6.345880e-01 9.006350e-02 4.166910e-01 1.420228e+00 7.333213e-01 -3.950694e-01 -6.510534e-01 -2.369809e-01 -3.810501e-01 5.324537e-02 3.284860e-02 -5.224971e-02 -6.854382e-02 -7.198925e-02 -6.846465e-02 1.618496e-01 2.210197e-01 2.204659e-01 1.722662e-01 3.188388e-02 -5.234463e-02 3.700805e-02
<VARIANCE> 39
 2.804904e+00 5.414100e+00 8.711063e+00 7.949829e+00 1.322140e+01 2.813367e+01 2.182271e+01 2.435413e+01 4.148061e+01 4.156326e+01 4.401991e+01 3.718962e+01 9.959229e-01 8.565169e-02 2.386385e-01 5.424552e-01 1.122941e+00 5.840561e-01 6.214258e-01 1.047188e+00 2.204907e+00 1.846554e+00 2.172913e+00 9.985995e-01 1.225165e+00 2.663041e-02 1.499029e-02 3.998251e-02 8.200825e-02 1.660352e-01 1.084112e-01 1.350381e-01 9.903405e-02 3.614041e-01 3.417059e-01 3.022187e-01 1.793298e-01 1.914183e-01 3.651869e-03
<GCONST> 6.855652e+01
<STATE> 16
<MEAN> 39
 -1.383322e+01 -4.017938e+00 -2.695620e+00 -4.662401e+00 -2.028766e-02 -8.268042e+00 -5.491347e+00 -1.078671e+01 -2.176272e+00 -7.728641e+00 -6.133507e-01 -6.105848e+00 5.812479e+01 -5.491379e-01 -2.189372e-01 -1.300293e-01 -2.038295e-01 -5.722792e-02 7.146763e-01 9.890189e-01 9.981677e-01 5.108770e-01 3.061756e-01 -6.284460e-02 1.911768e-01 -2.734818e-01 7.249393e-02 7.619028e-02 1.696112e-01 1.919022e-01 2.461552e-01 2.703640e-01 1.675085e-01 -2.067918e-01 -8.869199e-02 6.272776e-02 4.515943e-02 3.027895e-02 1.940005e-02
<VARIANCE> 39
 3.959445e+00 6.631737e+00 1.026283e+01 5.947454e+00 1.137403e+01 2.954625e+01 2.687662e+01 3.015118e+01 1.696033e+01 2.211916e+01 2.248178e+01 2.920622e+01 8.118973e-01 8.439560e-02 3.055143e-01 5.042890e-01 5.513747e-01 8.862025e-01 1.693673e+00 1.261829e+00 1.356969e+00 1.298874e+00 1.385829e+00 1.021659e+00 1.031291e+00 3.125629e-02 1.799078e-02 3.374485e-02 1.046256e-01 1.565592e-01 1.092285e-01 2.083266e-01 2.445725e-01 2.423712e-01 1.250041e-01 3.976721e-01 1.660618e-01 1.770841e-01 8.988340e-03
<GCONST> 6.759103e+01
<STATE> 17
<MEAN> 39
 -1.331342e+01 8.363743e-03 2.040581e+00 9.053968e-01 7.789052e+00 2.450098e+00 3.379876e+00 -7.196434e+00 6.813139e-01 -6.589056e+00 -4.239366e+00 -8.190519e+00 5.758334e+01 -2.299207e-01 -1.471860e-01 4.650739e-01 5.468284e-01 1.838736e-01 4.322859e-01 1.074955e+00 1.050570e+00 1.478824e-01 2.286307e-01 2.371385e-01 -4.081125e-01 -7.028414e-02 -4.215549e-02 -9.935405e-02 -9.603526e-02 -9.239326e-02 -1.513156e-01 -2.044495e-01 -2.096431e-01 -1.082633e-01 -1.708538e-02 -7.933032e-02 -6.570948e-02 -2.678647e-02 2.472697e-03
<VARIANCE> 39
 4.114204e+00 1.118685e+01 1.332453e+01 1.962324e+01 2.388860e+01 2.494616e+01 2.291354e+01 2.894482e+01 1.982855e+01 1.729797e+01 2.598723e+01 2.042513e+01 4.836559e-01 1.767224e-01 4.418949e-01 7.384543e-01 6.985007e-01 1.170123e+00 1.719145e+00 1.630836e+00 2.143500e+00 2.046583e+00 1.650686e+00 2.073466e+00 1.271264e+00 4.651498e-02 3.438902e-02 8.931239e-02 1.422750e-01 1.859472e-01 1.664046e-01 3.459212e-01 2.773913e-01 4.303923e-01 5.214100e-01 2.600347e-01 3.446898e-01 2.539820e-01 4.538965e-03
<GCONST> 7.897588e+01
<STATE> 18
<MEAN> 39
 -1.633039e+01 -4.343416e+00 3.580828e-01 -4.452775e-01 5.639394e+00 2.264539e+00 6.178825e+00 -3.242204e+00 6.771827e-01 -8.055095e+00 -4.542386e+00 -1.042473e+01 5.681164e+01 -5.419492e-01 -7.481619e-01 -4.899044e-01 -4.862227e-01 -4.365290e-01 -1.457800e-01 2.003127e-01 1.569788e-01 3.257537e-01 4.371395e-02 -9.838355e-02 5.947527e-02 -2.142005e-01 2.394902e-02 -4.684865e-02 -1.162354e-01 -9.030864e-02 -6.502195e-02 -1.018837e-01 -1.382929e-01 -4.758781e-02 -5.508510e-02 -5.346261e-02 2.894703e-01 1.119163e-01 1.837141e-02
<VARIANCE> 39
 5.037732e+00 6.197747e+00 4.409387e+00 1.487802e+01 3.463125e+01 4.822618e+01 4.051077e+01 2.166260e+01 1.532032e+01 2.614418e+01 1.560788e+01 1.334291e+01 8.788304e-01 2.248140e-01 1.549934e-01 3.274684e-01 7.713147e-01 1.345803e+00 1.948334e+00 1.778162e+00 1.713309e+00 1.477067e+00 2.276093e+00 1.471596e+00 1.120375e+00 2.649751e-02 3.812641e-02 4.336960e-02 1.034040e-01 1.758894e-01 2.852206e-01 3.329174e-01 3.544517e-01 3.166003e-01 3.322383e-01 4.762730e-01 2.085629e-01 2.139660e-01 5.509281e-03
<GCONST> 7.502115e+01
<STATE> 19
<MEAN> 39
 -1.837082e+01 -7.662487e+00 -3.080848e+00 -3.765797e+00 1.734878e+00 -2.157596e+00 3.221955e+00 -3.816536e+00 2.024227e+00 -6.492826e+00 -6.253889e-01 -6.613645e+00 5.610098e+01 -2.073157e-01 -3.499713e-01 -2.590982e-01 -4.282191e-02 2.285283e-01 3.267328e-01 3.670371e-01 2.486225e-01 1.450844e-01 -2.523793e-01 2.063561e-01 -4.205354e-02 -7.715612e-02 7.849439e-02 9.809864e-02 6.999031e-02 5.729301e-02 9.845296e-02 5.932973e-02 3.741977e-02 -5.348305e-02 -1.025099e-01 -1.746987e-02 -5.559080e-02 1.560476e-02 3.923440e-02
<VARIANCE> 39
 2.293413e+00 4.643266e+00 5.741055e+00 1.265220e+01 1.466819e+01 2.537805e+01 2.975950e+01 2.464552e+01 1.654337e+01 1.508151e+01 1.434718e+01 2.416912e+01 4.530252e-01 1.200885e-01 3.543689e-01 6.430584e-01 1.415937e+00 1.051117e+00 8.512519e-01 1.760404e+00 2.074872e+00 1.324703e+00 1.627333e+00 1.921021e+00 1.958654e+00 2.597890e-02 1.274520e-02 4.108920e-02 8.506902e-02 2.590442e-01 1.763530e-01 2.218981e-01 4.128320e-01 4.303281e-01 2.141110e-01 3.145105e-01 2.724242e-01 2.467484e-01 3.105191e-03
<GCONST> 7.028722e+01
<TRANSP> 20
 0.000000e+00 1.000000e+00 0.000000e+00 0.000000e+00 0.000000e+00 0.000000e+00 0.000000e+00 0.000000e+00 0.000000e+00 0.000000e+00 0.000000e+00 0.000000e+00 0.000000e+00 0.000000e+00 0.000000e+00 0.000000e+00 0.000000e+00 0.000000e+00 0.000000e+00 0.000000e+00
 0.000000e+00 8.062330e-01 1.937671e-01 0.000000e+00 0.000000e+00 0.000000e+00 0.000000e+00 0.000000e+00 0.000000e+00 0.000000e+00 0.000000e+00 0.000000e+00 0.000000e+00 0.000000e+00 0.000000e+00 0.000000e+00 0.000000e+00 0.000000e+00 0.000000e+00 0.000000e+00
 0.000000e+00 0.000000e+00 6.931092e-01 3.068909e-01 0.000000e+00 0.000000e+00 0.000000e+00 0.000000e+00 0.000000e+00 0.000000e+00 0.000000e+00 0.000000e+00 0.000000e+00 0.000000e+00 0.000000e+00 0.000000e+00 0.000000e+00 0.000000e+00 0.000000e+00 0.000000e+00
 0.000000e+00 0.000000e+00 0.000000e+00 6.757998e-01 3.242002e-01 0.000000e+00 0.000000e+00 0.000000e+00 0.000000e+00 0.000000e+00 0.000000e+00 0.000000e+00 0.000000e+00 0.000000e+00 0.000000e+00 0.000000e+00 0.000000e+00 0.000000e+00 0.000000e+00 0.000000e+00
 0.000000e+00 0.000000e+00 0.000000e+00 0.000000e+00 8.150043e-01 1.849958e-01 0.000000e+00 0.000000e+00 0.000000e+00 0.000000e+00 0.000000e+00 0.000000e+00 0.000000e+00 0.000000e+00 0.000000e+00 0.000000e+00 0.000000e+00 0.000000e+00 0.000000e+00 0.000000e+00
 0.000000e+00 0.000000e+00 0.000000e+00 0.000000e+00 0.000000e+00 8.097125e-01 1.902876e-01 0.000000e+00 0.000000e+00 0.000000e+00 0.000000e+00 0.000000e+00 0.000000e+00 0.000000e+00 0.000000e+00 0.000000e+00 0.000000e+00 0.000000e+00 0.000000e+00 0.000000e+00
 0.000000e+00 0.000000e+00 0.000000e+00 0.000000e+00 0.000000e+00 0.000000e+00 7.448196e-01 2.551804e-01 0.000000e+00 0.000000e+00 0.000000e+00 0.000000e+00 0.000000e+00 0.000000e+00 0.000000e+00 0.000000e+00 0.000000e+00 0.000000e+00 0.000000e+00 0.000000e+00
 0.000000e+00 0.000000e+00 0.000000e+00 0.000000e+00 0.000000e+00 0.000000e+00 0.000000e+00 7.209304e-01 2.790696e-01 0.000000e+00 0.000000e+00 0.000000e+00 0.000000e+00 0.000000e+00 0.000000e+00 0.000000e+00 0.000000e+00 0.000000e+00 0.000000e+00 0.000000e+00
 0.000000e+00 0.000000e+00 0.000000e+00 0.000000e+00 0.000000e+00 0.000000e+00 0.000000e+00 0.000000e+00 7.448432e-01 2.551569e-01 0.000000e+00 0.000000e+00 0.000000e+00 0.000000e+00 0.000000e+00 0.000000e+00 0.000000e+00 0.000000e+00 0.000000e+00 0.000000e+00
 0.000000e+00 0.000000e+00 0.000000e+00 0.000000e+00 0.000000e+00 0.000000e+00 0.000000e+00 0.000000e+00 0.000000e+00 7.809892e-01 2.190108e-01 0.000000e+00 0.000000e+00 0.000000e+00 0.000000e+00 0.000000e+00 0.000000e+00 0.000000e+00 0.000000e+00 0.000000e+00
 0.000000e+00 0.000000e+00 0.000000e+00 0.000000e+00 0.000000e+00 0.000000e+00 0.000000e+00 0.000000e+00 0.000000e+00 0.000000e+00 7.825180e-01 2.174821e-01 0.000000e+00 0.000000e+00 0.000000e+00 0.000000e+00 0.000000e+00 0.000000e+00 0.000000e+00 0.000000e+00
 0.000000e+00 0.000000e+00 0.000000e+00 0.000000e+00 0.000000e+00 0.000000e+00 0.000000e+00 0.000000e+00 0.000000e+00 0.000000e+00 0.000000e+00 7.393659e-01 2.606341e-01 0.000000e+00 0.000000e+00 0.000000e+00 0.000000e+00 0.000000e+00 0.000000e+00 0.000000e+00
 0.000000e+00 0.000000e+00 0.000000e+00 0.000000e+00 0.000000e+00 0.000000e+00 0.000000e+00 0.000000e+00 0.000000e+00 0.000000e+00 0.000000e+00 0.000000e+00 7.205064e-01 2.794936e-01 0.000000e+00 0.000000e+00 0.000000e+00 0.000000e+00 0.000000e+00 0.000000e+00
 0.000000e+00 0.000000e+00 0.000000e+00 0.000000e+00 0.000000e+00 0.000000e+00 0.000000e+00 0.000000e+00 0.000000e+00 0.000000e+00 0.000000e+00 0.000000e+00 0.000000e+00 8.196430e-01 1.803570e-01 0.000000e+00 0.000000e+00 0.000000e+00 0.000000e+00 0.000000e+00
 0.000000e+00 0.000000e+00 0.000000e+00 0.000000e+00 0.000000e+00 0.000000e+00 0.000000e+00 0.000000e+00 0.000000e+00 0.000000e+00 0.000000e+00 0.000000e+00 0.000000e+00 0.000000e+00 7.461338e-01 2.538662e-01 0.000000e+00 0.000000e+00 0.000000e+00 0.000000e+00
 0.000000e+00 0.000000e+00 0.000000e+00 0.000000e+00 0.000000e+00 0.000000e+00 0.000000e+00 0.000000e+00 0.000000e+00 0.000000e+00 0.000000e+00 0.000000e+00 0.000000e+00 0.000000e+00 0.000000e+00 7.511674e-01 2.488326e-01 0.000000e+00 0.000000e+00 0.000000e+00
 0.000000e+00 0.000000e+00 0.000000e+00 0.000000e+00 0.000000e+00 0.000000e+00 0.000000e+00 0.000000e+00 0.000000e+00 0.000000e+00 0.000000e+00 0.000000e+00 0.000000e+00 0.000000e+00 0.000000e+00 0.000000e+00 7.444938e-01 2.555063e-01 0.000000e+00 0.000000e+00
 0.000000e+00 0.000000e+00 0.000000e+00 0.000000e+00 0.000000e+00 0.000000e+00 0.000000e+00 0.000000e+00 0.000000e+00 0.000000e+00 0.000000e+00 0.000000e+00 0.000000e+00 0.000000e+00 0.000000e+00 0.000000e+00 0.000000e+00 7.030225e-01 2.969775e-01 0.000000e+00
 0.000000e+00 0.000000e+00 0.000000e+00 0.000000e+00 0.000000e+00 0.000000e+00 0.000000e+00 0.000000e+00 0.000000e+00 0.000000e+00 0.000000e+00 0.000000e+00 0.000000e+00 0.000000e+00 0.000000e+00 0.000000e+00 0.000000e+00 0.000000e+00 7.842644e-01 2.157356e-01
 0.000000e+00 0.000000e+00 0.000000e+00 0.000000e+00 0.000000e+00 0.000000e+00 0.000000e+00 0.000000e+00 0.000000e+00 0.000000e+00 0.000000e+00 0.000000e+00 0.000000e+00 0.000000e+00 0.000000e+00 0.000000e+00 0.000000e+00 0.000000e+00 0.000000e+00 0.000000e+00
<ENDHMM>
