~o
<STREAMINFO> 1 39
<VECSIZE> 39<NULLD><MFCC_D_A_0><DIAGC>
~h "alarm"
<BEGINHMM>
<NUMSTATES> 20
<STATE> 2
<MEAN> 39
 -1.629394e+01 -7.371074e+00 -3.272297e+00 -4.379153e+00 3.990921e-01 -4.821392e+00 4.906113e-01 -6.300691e+00 -1.888661e-01 -6.333423e+00 -9.528671e-01 -6.935177e+00 5.740952e+01 1.904888e+00 -9.016845e-01 -1.687611e+00 -7.882738e-01 6.535300e-01 6.956092e-01 -3.393362e-01 -7.093569e-01 5.814659e-01 -8.643487e-02 -1.423958e+00 -1.008864e+00 1.717585e+00 6.805664e-01 -5.378584e-01 -6.014817e-01 -1.443180e-01 3.410105e-01 1.780168e-01 -3.331243e-01 -3.147878e-01 1.121937e-01 -1.221620e-01 -3.501481e-01 -3.807398e-01 7.781087e-01
<VARIANCE> 39
 6.901707e+00 4.513744e+00 1.484297e+01 1.352714e+01 1.162604e+01 2.212503e+01 2.434968e+01 1.330344e+01 2.587858e+01 2.004103e+01 1.433601e+01 1.123607e+01 3.428570e+00 3.106686e+00 1.787766e+00 2.778484e+00 1.976313e+00 4.092999e+00 3.136204e+00 5.060245e+00 4.551466e+00 3.792430e+00 3.707031e+00 2.796369e+00 2.278120e+00 2.274526e+00 2.288681e-01 2.203937e-01 4.304123e-01 3.484807e-01 5.554235e-01 4.520593e-01 5.365338e-01 8.173912e-01 5.543346e-01 4.533281e-01 4.700545e-01 3.064973e-01 2.137133e-01
<GCONST> 1.067855e+02
<STATE> 3
<MEAN> 39
 -3.270341e+00 -1.610067e+01 -1.397429e+01 -7.516957e+00 4.751345e+00 -1.374009e+00 -3.772792e+00 -1.283200e+01 2.233145e+00 -9.264653e+00 -8.462912e+00 -1.235534e+01 7.143993e+01 2.414537e+00 -1.253532e+00 -9.318559e-01 -3.311321e-01 -1.988855e-01 2.162775e-01 -1.072279e+00 -3.662713e-01 -4.016682e-01 -3.854755e-01 -6.566636e-01 -4.980384e-01 2.728726e+00 -6.072863e-01 5.452232e-01 7.552173e-01 1.345057e-01 -5.215602e-01 -1.995067e-01 1.283658e-01 3.954535e-01 -2.608703e-01 2.456976e-01 4.296086e-01 4.415707e-01 -6.131913e-01
<VARIANCE> 39
 2.181442e+01 1.989220e+01 4.500105e+01 2.360550e+01 8.367960e+01 5.543312e+01 1.031615e+02 1.157267e+02 8.023347e+01 9.488912e+01 4.760203e+01 2.394642e+01 2.458513e+01 2.230407e+00 4.085530e+00 5.483524e+00 3.340887e+00 5.594692e+00 3.561979e+00 3.273941e+00 1.044364e+01 3.723101e+00 5.792094e+00 4.884471e+00 3.110089e+00 3.085701e+00 3.339223e-01 5.417413e-01 3.856908e-01 4.274771e-01 6.002708e-01 5.341558e-01 6.644060e-01 1.143810e+00 7.147892e-01 8.883507e-01 4.890214e-01 5.177829e-01 3.381591e-01
<GCONST> 1.324505e+02
<STATE> 4
<MEAN> 39
 9.427030e-01 -1.541248e+01 -8.578794e+00 -1.011741e+01 7.825393e-01 -1.602483e+00 -4.180628e+00 -5.840115e+00 -2.791068e+00 -3.869461e+00 -1.787916e+00 -1.075956e+01 7.697546e+01 2.225183e-01 1.334299e+00 3.670975e-01 -5.849495e-01 -4.259140e-01 -4.965925e-01 -1.507761e-01 -1.500036e-01 1.898717e-01 6.668091e-01 4.201560e-01 3.725496e-01 -2.755853e-01 -3.812039e-02 2.826465e-01 2.301145e-02 -1.264431e-01 9.317181e-02 -1.795754e-01 -1.211242e-02 -2.535754e-01 1.406178e-01 1.440507e-01 -1.846470e-02 -7.250154e-02 -2.801293e-01
<VARIANCE> 39
 3.042109e+00 1.521106e+01 1.086394e+02 5.445730e+01 1.231699e+02 6.038791e+01 9.015830e+01 1.275980e+02 3.819124e+01 6.593932e+01 8.452643e+01 1.731976e+01 1.136268e+01 1.288509e-01 6.763956e-01 1.317659e+00 7.099859e-01 1.137156e+00 1.316181e+00 1.176742e+00 1.699010e+00 1.151717e+00 2.008104e+00 1.476471e+00 1.482161e+00 3.053339e-01 4.953847e-02 1.508240e-01 2.304393e-01 2.542325e-01 1.981461e-01 2.620732e-01 1.979955e-01 3.865131e-01 2.341074e-01 2.682535e-01 2.412225e-01 2.280343e-01 6.331859e-02
<GCONST> 9.734763e+01
<STATE> 5
<MEAN> 39
 2.111350e+00 -6.726561e+00 -9.318444e+00 -1.326456e+01 -3.666953e+00 -2.167609e+00 -6.043706e+00 -1.500204e+01 1.420034e+00 -1.330758e+00 -4.895656e+00 -1.052563e+01 7.257941e+01 1.459823e-01 9.065778e-01 1.521295e-01 -5.879933e-01 -4.646526e-02 1.327261e-01 -3.117996e-01 -4.166243e-01 1.345999e-01 6.344779e-01 8.591698e-02 -9.080312e-02 -3.478981e-01 -6.415498e-02 -3.891829e-01 -3.592185e-01 1.815274e-01 2.784639e-01 3.273721e-01 6.513499e-02 1.865027e-01 4.470667e-02 -3.562021e-01 -1.173581e-01 -7.314323e-02 1.386243e-01
<VARIANCE> 39
 2.750569e+00 8.798098e+00 4.021117e+01 2.546772e+01 9.747604e+01 9.746175e+01 6.987820e+01 1.076052e+02 4.489325e+01 5.978819e+01 1.210207e+02 1.852936e+01 5.845028e+00 1.054114e-01 5.054442e-01 1.248585e+00 8.829631e-01 1.050046e+00 1.361721e+00 7.034451e-01 1.345244e+00 1.169894e+00 1.384516e+00 1.037200e+00 6.965674e-01 1.032690e-01 1.181132e-02 4.545708e-02 1.181239e-01 1.010296e-01 1.336843e-01 1.936269e-01 1.234752e-01 3.183409e-01 2.107062e-01 2.944845e-01 2.012847e-01 2.016660e-01 1.134481e-02
<GCONST> 8.329842e+01
<STATE> 6
<MEAN> 39
 2.596334e+00 -7.598607e+00 -1.415472e+01 -1.228486e+01 2.191905e+00 -3.623994e+00 -9.480078e+00 -1.258715e+01 1.301134e+00 -7.011241e+00 -9.503689e+00 -1.015398e+01 7.227598e+01 -3.427954e-02 -8.143190e-01 -9.030892e-01 3.485702e-01 1.002174e+00 3.856936e-01 4.029138e-01 8.620287e-01 1.010238e-01 -8.516434e-01 -9.359849e-01 -3.750943e-01 2.994237e-01 -1.036468e-01 -1.094988e-01 1.760471e-01 7.714625e-02 1.551409e-02 -1.623712e-01 1.546035e-03 1.699220e-01 3.752302e-02 -4.156989e-02 -2.440744e-02 -8.341163e-02 6.178665e-02
<VARIANCE> 39
 2.201854e+00 1.339164e+01 3.828922e+01 2.196837e+01 5.460600e+01 3.383114e+01 5.444582e+01 9.126888e+01 4.314143e+01 7.360683e+01 1.528277e+02 2.807634e+01 4.253186e+00 1.790107e-01 5.884845e-01 8.120924e-01 7.412721e-01 6.292190e-01 1.480218e+00 1.875557e+00 1.952055e+00 2.996658e+00 2.294586e+00 1.034923e+00 2.297257e+00 8.385807e-02 2.931479e-02 1.483732e-01 1.428702e-01 1.111306e-01 1.470985e-01 2.274378e-01 2.330735e-01 2.076065e-01 3.308777e-01 4.328519e-01 2.797133e-01 3.367455e-01 2.122627e-02
<GCONST> 9.032283e+01
<STATE> 7
<MEAN> 39
 1.849733e+00 -1.232508e+01 -3.929712e+00 -1.242477e+01 1.241562e+01 -1.456091e+00 -1.105007e+01 4.404488e+00 -9.667019e-02 -4.141263e+00 -1.635487e+00 -1.588021e+01 7.721835e+01 -2.805564e-01 -6.622717e-01 4.398899e-01 4.352218e-01 -4.012728e-01 1.525373e-01 8.371263e-02 9.063760e-02 1.071018e-01 -2.181110e-01 -1.463819e-01 -1.433970e-01 1.919650e-01 6.380156e-03 1.234584e-01 -2.404750e-03 1.291805e-02 -3.046883e-01 -1.166498e-01 2.396046e-02 -1.741851e-01 -8.307797e-03 8.973265e-02 1.505398e-01 1.803711e-01 -8.493028e-02
<VARIANCE> 39
 1.588122e+00 9.836538e+00 7.486863e+01 1.993278e+01 6.244132e+01 2.187130e+01 4.027364e+01 1.450317e+02 2.227171e+01 3.414836e+01 6.998574e+01 3.794603e+01 6.943009e+00 1.302674e-01 3.326958e-01 4.969496e-01 6.323902e-01 1.490229e+00 1.468568e+00 1.318451e+00 1.786386e+00 8.272992e-01 2.213454e+00 9.124073e-01 9.335649e-01 9.276711e-02 2.395361e-02 5.023057e-02 6.708337e-02 8.980379e-02 1.074549e-01 2.062961e-01 2.112368e-01 3.049450e-01 1.551045e-01 1.496958e-01 1.888170e-01 1.648620e-01 1.106628e-02
<GCONST> 7.937025e+01
<STATE> 8
<MEAN> 39
 -5.479048e-01 -1.011848e+01 -1.597156e+01 -5.941471e+00 -3.724197e+00 2.320632e+00 -4.249251e+00 -1.408466e+01 3.454384e+00 -5.995581e+00 -7.897240e+00 -1.059426e+01 7.399559e+01 -1.791968e-01 -3.578644e-02 6.839227e-02 4.163132e-01 -4.672609e-01 -1.068817e+00 5.780565e-02 3.006762e-01 -1.021463e-01 -1.815965e-01 2.819983e-01 5.655166e-01 -2.324194e-01 8.793762e-02 1.437682e-01 2.190668e-01 -1.211833e-01 1.910185e-02 -3.047796e-01 9.371133e-02 1.964194e-02 -1.744732e-01 2.333038e-01 7.697114e-02 2.465368e-02 -1.296784e-01
<VARIANCE> 39
 2.242864e+00 1.785113e+01 4.520384e+01 3.825925e+01 6.416222e+01 8.751729e+01 6.889594e+01 8.468455e+01 4.890605e+01 1.656362e+02 5.336514e+01 7.130064e+01 5.286785e+00 2.138934e-01 1.677789e-01 7.946203e-01 1.048559e+00 8.925936e-01 1.742546e+00 7.073331e-01 2.919526e-01 1.549536e+00 2.344928e+00 8.445888e-01 1.187662e+00 9.740692e-02 3.494051e-02 6.888076e-02 2.292322e-01 1.804890e-01 1.665562e-01 2.165712e-01 1.499837e-01 1.468222e-01 3.140884e-01 6.609027e-01 1.599679e-01 2.858050e-01 1.359281e-02
<GCONST> 8.804694e+01
<STATE> 9
<MEAN> 39
 9.337809e-02 -9.463627e+00 -8.250964e+00 -8.076928e+00 1.240415e+00 -7.897016e+00 -7.247332e+00 -5.357695e+00 -2.101126e+00 -5.892221e+00 -2.225511e+00 -1.197739e+01 7.277644e+01 2.059014e-01 2.760103e-01 6.450604e-01 2.928645e-01 -5.719633e-01 -1.277358e+00 4.500439e-01 3.928787e-01 -6.513935e-01 1.609688e+00 8.249144e-01 -5.219087e-01 -3.832725e-01 7.801618e-02 -1.595098e-01 -8.538014e-02 2.638785e-01 3.891882e-02 1.566617e-01 -9.228350e-02 1.207151e-01 1.110765e-01 -2.551993e-02 -9.636871e-02 -1.270481e-01 1.169864e-01
<VARIANCE> 39
 3.342683e+00 1.928504e+01 9.271243e+01 2.714981e+01 4.136127e+01 1.778603e+01 3.434678e+01 1.418710e+02 4.001557e+01 9.183173e+01 9.753400e+01 5.227719e+01 9.823567e+00 1.627938e-01 1.158772e+00 1.414747e+00 1.241382e+00 1.757454e+00 1.496550e+00 5.377963e-01 2.401844e+00 2.659863e+00 2.615462e+00 1.067241e+00 1.881007e+00 3.042840e-01 2.150901e-02 3.198029e-01 2.344393e-01 1.727795e-01 4.860607e-01 2.640472e-01 2.235638e-01 4.403166e-01 4.606988e-01 6.883723e-01 2.408190e-01 2.868028e-01 9.839893e-02
<GCONST> 1.006653e+02
<STATE> 10
<MEAN> 39
 3.848596e-01 -1.172202e+01 -4.820598e+00 -4.772007e+00 -1.586735e+00 -8.178518e+00 -3.102573e+00 -3.036807e+00 2.119218e+00 1.588973e+00 -1.642999e+00 -1.357124e+01 7.241890e+01 8.399305e-02 1.231365e-01 5.233944e-01 1.275541e+00 -2.798166e-01 -1.006274e+00 3.038663e-01 4.820063e-01 1.774702e-01 -2.998084e-01 3.111444e-02 -6.245304e-01 -2.437337e-01 1.601518e-02 3.150111e-02 9.443285e-02 4.325582e-02 1.294574e-01 1.127060e-01 -1.731298e-01 1.335040e-03 -2.085644e-01 -5.211200e-01 -4.252234e-02 -7.286163e-02 1.002310e-01
<VARIANCE> 39
 7.890884e+00 1.326265e+01 8.019836e+01 3.154895e+01 3.774368e+01 3.616266e+01 6.520268e+01 8.279794e+01 1.964950e+01 4.196053e+01 7.583624e+01 2.899762e+01 1.056771e+01 8.882479e-01 3.051406e+00 9.009243e-01 7.084164e-01 3.061865e+00 2.983417e+00 2.170676e+00 2.384882e+00 2.210765e+00 2.440544e+00 1.426890e+00 2.994874e+00 1.373067e+00 1.595544e-01 4.273772e-01 1.114919e-01 1.437173e-01 4.991633e-01 7.242298e-01 3.297619e-01 1.951990e-01 2.696223e-01 4.772204e-01 3.380286e-01 5.827977e-01 1.766848e-01
<GCONST> 1.086162e+02
<STATE> 11
<MEAN> 39
 2.777057e+00 -1.353230e+01 -7.302073e+00 -4.367850e+00 -9.068060e-01 -1.259546e+01 -8.064419e+00 -1.334797e+00 -1.231065e+00 -4.483137e+00 -1.249608e+00 -1.582806e+01 7.464722e+01 -2.573163e-02 4.341995e-01 9.477962e-02 -5.075872e-01 8.667204e-02 4.909604e-01 -4.406570e-01 -5.257890e-01 -7.292203e-02 -6.123704e-01 1.933935e-01 4.089773e-01 -2.673068e-01 -7.945433e-02 4.396321e-01 1.709680e-01 -9.334963e-02 -2.677790e-02 1.185916e-01 2.106794e-02 -2.673766e-01 -7.751266e-02 6.534463e-02 1.295205e-01 1.282981e-01 -2.007852e-01
<VARIANCE> 39
 3.932455e+00 1.038700e+01 1.105523e+02 2.327657e+01 2.810078e+01 1.057767e+01 3.465412e+01 1.085101e+02 5.313159e+01 5.139313e+01 1.407229e+02 5.046082e+01 9.475399e+00 1.460803e-01 2.170578e+00 1.372874e+00 1.476568e+00 1.322690e+00 6.689270e-01 1.879141e+00 2.081612e+00 1.819830e+00 1.319417e+00 2.242451e+00 2.098265e+00 3.394308e-01 4.347548e-02 8.276308e-02 2.156051e-01 3.288471e-01 2.505091e-01 1.989686e-01 3.232576e-01 2.358332e-01 3.635381e-01 3.155325e-01 4.206935e-01 4.186858e-01 1.877582e-02
<GCONST> 9.661578e+01
<STATE> 12
<MEAN> 39
 4.707020e-01 -2.240374e+00 -5.209922e+00 -7.610078e+00 -3.481949e+00 -1.223138e+01 -1.021532e+01 -1.202552e+01 -3.294072e+00 -1.213004e+01 -8.926964e+00 -1.369835e+01 6.802949e+01 -2.898594e-01 1.612478e+00 1.502008e+00 3.928632e-01 -3.867771e-01 -3.032933e-01 -2.240746e-01 -6.778620e-01 -1.213350e+00 -8.147764e-01 2.655008e-01 -2.888585e-01 -6.706341e-01 -5.095611e-02 -1.089617e-01 -3.606055e-02 5.178308e-02 9.463298e-02 5.751593e-02 5.706048e-02 4.921693e-03 1.152282e-02 2.769562e-02 -9.355365e-02 6.323132e-02 2.818187e-02
<VARIANCE> 39
 4.057699e+00 2.539033e+01 3.585941e+01 1.380607e+01 1.649117e+01 1.445535e+01 2.742433e+01 4.263074e+01 2.018641e+01 4.567741e+01 1.060807e+02 1.400197e+01 8.565903e+00 1.522979e-01 4.487388e-01 1.043269e+00 1.046301e+00 1.546699e+00 7.242854e-01 8.308374e-01 1.932897e+00 1.169760e+00 1.816159e+00 2.438290e+00 1.526572e+00 1.081710e-01 2.476828e-02 6.542783e-02 1.722467e-01 2.154478e-01 1.734975e-01 1.397564e-01 1.412167e-01 3.068127e-01 2.481596e-01 3.134774e-01 2.693739e-01 1.949206e-01 1.211530e-02
<GCONST> 8.267695e+01
<STATE> 13
<MEAN> 39
 -8.530259e-01 3.788767e+00 2.948448e+00 -2.403518e+00 -2.366604e+00 -1.141109e+01 -9.572643e+00 -1.531431e+01 -8.328571e+00 -1.147155e+01 -2.448341e+00 -9.982398e+00 6.578482e+01 -6.570676e-01 8.516138e-01 6.033331e-01 4.093487e-01 1.936292e-01 2.887409e-01 1.456895e-01 -4.230887e-01 -1.397360e-01 -6.628040e-02 -1.962254e-02 4.914933e-01 -7.225198e-01 -9.414376e-02 -1.729501e-01 -8.920790e-02 -9.940808e-02 -1.656123e-02 3.481697e-02 1.233625e-01 2.343380e-01 2.161858e-01 2.210993e-01 7.250876e-02 -9.976073e-02 -1.411114e-02
<VARIANCE> 39
 3.925402e+00 1.262971e+01 1.011177e+01 1.553980e+01 7.118197e+00 1.290062e+01 2.297924e+01 2.460728e+01 1.041429e+01 3.136319e+01 5.086352e+01 2.209261e+01 4.118049e+00 1.386253e-01 3.816863e-01 5.564647e-01 8.370855e-01 8.889381e-01 5.436422e-01 9.848039e-01 1.913435e+00 6.770925e-01 1.006474e+00 1.314731e+00 1.182916e+00 3.154594e-02 1.370959e-02 2.507521e-02 8.077116e-02 1.858767e-01 6.188287e-02 7.964209e-02 1.576672e-01 9.042468e-02 1.100537e-01 1.429833e-01 1.362956e-01 2.694608e-01 5.241975e-03
<GCONST> 6.408437e+01
<STATE> 14
<MEAN> 39
 -5.758441e+00 3.593427e+00 4.709640e+00 1.522686e+00 3.536909e+00 -2.721016e+00 1.155481e+00 -6.839439e+00 -2.110412e+00 -6.772215e+00 3.890193e-02 -9.711492e+00 6.232269e+01 -8.402745e-01 4.873224e-01 5.320070e-01 1.808946e-02 2.865535e-01 9.552586e-03 5.725671e-02 5.779690e-01 6.327063e-01 -1.178007e-01 -1.625260e-03 4.285409e-01 -7.034560e-01 -4.092385e-02 -1.972152e-01 -7.949290e-02 -4.432609e-02 -2.077961e-01 -1.566119e-01 -4.032237e-03 -4.609601e-03 -2.173186e-02 -1.715332e-01 -1.545793e-01 -8.795991e-03 2.028719e-02
<VARIANCE> 39
 4.599402e+00 1.394844e+01 1.693409e+01 2.757885e+01 3.231305e+01 4.434157e+01 5.089454e+01 4.718123e+01 3.208989e+01 3.101487e+01 2.020260e+01 1.616880e+01 3.099199e+00 1.283801e-01 5.436629e-01 7.432721e-01 6.275938e-01 1.186217e+00 1.522085e+00 1.196647e+00 1.310693e+00 9.013470e-01 1.458913e+00 8.789597e-01 8.562836e-01 4.451932e-02 1.686084e-02 3.408450e-02 7.040957e-02 1.263020e-01 9.854915e-02 1.741301e-01 1.881541e-01 2.783327e-01 2.255763e-01 2.069955e-01 1.851547e-01 1.057107e-01 4.626172e-03
<GCONST> 7.378054e+01
<STATE> 15
<MEAN> 39
 -7.931180e+00 5.865885e+00 6.996980e+00 -2.511227e+00 -5.267005e+00 -1.292155e+01 -8.239834e+00 -1.411910e+01 -8.831083e+00 -1.595837e+01 -8.082126e+00 -1.306122e+01 6.031509e+01 -7.827501e-01 -7.246691e-03 8.565290e-01 5.993788e-01 8.602071e-02 1.822688e-01 5.323195e-01 7.324543e-02 -4.319469e-01 -4.824044e-01 -3.408016e-02 1.430816e-01 -5.095246e-01 3.099868e-02 -3.359780e-03 -4.125669e-03 1.357081e-02 3.628410e-02 9.708973e-02 3.009539e-02 -1.010532e-01 -2.056230e-01 -4.009513e-02 7.190163e-02 4.888701e-02 2.726722e-02
<VARIANCE> 39
 6.036174e+00 7.758808e+00 1.563001e+01 1.990045e+01 3.725252e+01 1.980215e+01 2.383826e+01 2.047310e+01 3.116726e+01 3.700698e+01 3.053324e+01 1.907837e+01 1.602567e+00 8.641358e-02 2.207861e-01 5.098491e-01 5.469539e-01 7.910463e-01 9.970940e-01 1.466838e+00 1.574074e+00 1.613881e+00 1.778092e+00 1.450469e+00 9.159649e-01 4.122435e-02 2.167072e-02 4.573152e-02 1.516347e-01 1.219064e-01 1.694584e-01 2.003547e-01 3.464032e-01 3.379610e-01 2.658362e-01 3.771442e-01 2.578240e-01 2.215442e-01 9.454755e-03
<GCONST> 7.520077e+01
<STATE> 16
<MEAN> 39
 -1.152289e+01 4.353057e+00 7.526968e+00 -7.537279e-01 -2.294780e+00 -7.057075e+00 -3.248508e+00 -1.445219e+01 -1.070331e+01 -1.594101e+01 -6.418553e+00 -1.057262e+01 5.817015e+01 -5.872130e-01 -3.042790e-01 2.079947e-01 4.947144e-01 4.194601e-01 5.095298e-01 1.917706e-01 -1.890837e-02 -1.449345e-01 1.581815e-01 3.475381e-01 1.840659e-01 -2.924241e-01 -1.195807e-03 -8.227289e-02 7.650542e-03 1.263470e-01 7.257725e-02 -2.114948e-01 -2.095424e-01 7.310911e-02 1.591592e-01 5.161937e-02 7.829352e-02 1.709368e-02 2.954202e-02
<VARIANCE> 39
 2.391732e+00 8.883442e+00 1.684085e+01 1.204445e+01 2.125655e+01 2.316523e+01 2.068528e+01 3.974951e+01 4.465049e+01 4.700216e+01 3.257168e+01 2.253591e+01 7.310986e-01 2.422341e-01 7.897508e-01 1.747409e+00 1.007317e+00 1.585186e+00 1.561088e+00 1.236526e+00 1.997395e+00 1.956017e+00 2.252729e+00 1.917583e+00 2.548002e+00 7.258115e-02 4.169607e-02 1.597421e-01 2.664899e-01 1.245790e-01 2.542923e-01 3.028457e-01 2.285584e-01 3.004819e-01 3.448833e-01 4.652133e-01 3.258704e-01 4.333475e-01 9.469768e-03
<GCONST> 8.595387e+01
<STATE> 17
<MEAN> 39
 -1.519551e+01 5.179014e+00 1.417872e+01 4.128219e+00 -3.616868e+00 -1.099480e+01 -2.139649e+00 -8.464629e+00 -7.225421e+00 -1.431131e+01 -2.820287e+00 -7.560006e+00 5.612765e+01 -6.264384e-01 -5.845995e-01 -1.968216e-02 2.268767e-01 1.060967e-01 -1.536949e-01 1.374565e-01 7.398381e-01 7.538318e-01 3.938248e-01 2.227153e-01 1.992647e-01 -2.742765e-01 8.109592e-02 -7.026242e-02 -1.894363e-01 -6.680774e-02 1.472189e-01 2.356977e-01 3.774304e-02 -1.273772e-01 1.876550e-02 2.098248e-01 1.760194e-01 1.297119e-01 5.567176e-02
<VARIANCE> 39
 3.519694e+00 1.389104e+01 2.987143e+01 1.112538e+01 2.398849e+01 2.119108e+01 3.551641e+01 5.331091e+01 4.944323e+01 2.861661e+01 3.800799e+01 6.981637e+01 1.503684e+00 2.321594e-01 6.512405e-01 1.121142e+00 7.326260e-01 1.673526e+00 3.050115e+00 2.075942e+00 3.736869e+00 4.189953e+00 2.165204e+00 2.782811e+00 3.320757e+00 7.849432e-02 2.452696e-02 1.381415e-01 1.922016e-01 1.142966e-01 2.361378e-01 3.816741e-01 3.658462e-01 7.552296e-01 8.514416e-01 4.721722e-01 4.290983e-01 8.276773e-01 6.202116e-03
<GCONST> 9.394583e+01
<STATE> 18
<MEAN> 39
 -1.514302e+01 -3.615164e-01 7.121289e+00 4.232221e+00 4.943538e+00 -3.404310e+00 5.824168e-01 -5.732460e+00 -2.878841e-01 -8.388835e+00 1.101247e-01 -6.032292e+00 5.707736e+01 -1.706393e-01 -3.438228e-01 -2.543472e-01 6.803184e-02 2.179080e-01 1.659374e-01 -1.321578e-01 -1.825159e-01 -6.989668e-02 2.589247e-01 4.198294e-01 3.917904e-01 -4.630756e-02 1.564660e-02 3.585913e-02 -2.464947e-02 -1.099036e-01 -8.078784e-02 -6.480268e-02 5.107749e-02 4.406132e-03 1.173990e-02 5.189861e-02 -6.051777e-02 -2.613773e-02 1.502170e-04
<VARIANCE> 39
 3.308326e+00 5.514542e+00 1.339244e+01 1.564796e+01 2.000414e+01 2.489157e+01 3.687011e+01 3.198104e+01 2.384610e+01 2.359217e+01 2.634056e+01 2.575093e+01 8.960721e-01 2.464782e-01 3.914679e-01 8.340791e-01 1.298555e+00 2.063583e+00 1.975670e+00 1.893354e+00 2.482357e+00 1.327731e+00 1.721720e+00 1.718266e+00 1.920964e+00 5.864780e-02 3.582115e-02 4.751719e-02 1.370278e-01 2.433534e-01 3.961063e-01 3.263209e-01 2.636213e-01 4.161146e-01 2.530758e-01 2.838989e-01 2.946135e-01 2.643250e-01 1.240842e-02
<GCONST> 8.222268e+01
<STATE> 19
<MEAN> 39
 -1.809523e+01 -4.884212e-01 9.497302e+00 3.698715e+00 4.041409e-01 -9.386582e+00 -4.689280e+00 -1.154771e+01 -7.394434e+00 -1.124136e+01 2.511930e-01 -6.061574e+00 5.534478e+01 -4.750845e-01 -5.237422e-01 -3.082373e-01 -2.883632e-01 -1.563935e-01 -2.188389e-01 2.834404e-01 3.906606e-01 3.960649e-01 2.439940e-01 1.840725e-01 6.334484e-01 -1.892532e-01 3.460149e-02 -9.309967e-03 -6.461889e-02 -3.797927e-02 -5.531413e-02 2.786132e-02 -2.211594e-03 9.954630e-02 7.723031e-02 -2.149596e-01 -2.302231e-01 -6.128433e-02 5.683548e-03
<VARIANCE> 39
 8.832320e+00 8.965440e+00 5.753064e+01 4.731113e+01 2.572254e+01 4.557905e+01 3.087887e+01 3.216404e+01 3.089214e+01 4.349234e+01 5.915244e+01 2.902980e+01 2.721973e+00 1.490957e-01 4.062543e-01 8.013958e-01 9.001561e-01 1.105016e+00 9.953715e-01 1.612765e+00 1.135158e+00 1.027042e+00 1.350207e+00 1.419299e+00 1.548763e+00 2.097308e-02 3.488676e-02 5.419322e-02 1.082025e-01 1.988158e-01 2.335500e-01 2.066490e-01 2.575485e-01 2.303360e-01 1.541647e-01 2.543051e-01 3.121383e-01 2.375824e-01 4.393658e-03
<GCONST> 8.116420e+01
<TRANSP> 20
 0.000000e+00 1.000000e+00 0.000000e+00 0.000000e+00 0.000000e+00 0.000000e+00 0.000000e+00 0.000000e+00 0.000000e+00 0.000000e+00 0.000000e+00 0.000000e+00 0.000000e+00 0.000000e+00 0.000000e+00 0.000000e+00 0.000000e+00 0.000000e+00 0.000000e+00 0.000000e+00
 0.000000e+00 7.335893e-01 2.664107e-01 0.000000e+00 0.000000e+00 0.000000e+00 0.000000e+00 0.000000e+00 0.000000e+00 0.000000e+00 0.000000e+00 0.000000e+00 0.000000e+00 0.000000e+00 0.000000e+00 0.000000e+00 0.000000e+00 0.000000e+00 0.000000e+00 0.000000e+00
 0.000000e+00 0.000000e+00 7.875834e-01 2.124166e-01 0.000000e+00 0.000000e+00 0.000000e+00 0.000000e+00 0.000000e+00 0.000000e+00 0.000000e+00 0.000000e+00 0.000000e+00 0.000000e+00 0.000000e+00 0.000000e+00 0.000000e+00 0.000000e+00 0.000000e+00 0.000000e+00
 0.000000e+00 0.000000e+00 0.000000e+00 7.927921e-01 2.072079e-01 0.000000e+00 0.000000e+00 0.000000e+00 0.000000e+00 0.000000e+00 0.000000e+00 0.000000e+00 0.000000e+00 0.000000e+00 0.000000e+00 0.000000e+00 0.000000e+00 0.000000e+00 0.000000e+00 0.000000e+00
 0.000000e+00 0.000000e+00 0.000000e+00 0.000000e+00 8.093155e-01 1.906845e-01 0.000000e+00 0.000000e+00 0.000000e+00 0.000000e+00 0.000000e+00 0.000000e+00 0.000000e+00 0.000000e+00 0.000000e+00 0.000000e+00 0.000000e+00 0.000000e+00 0.000000e+00 0.000000e+00
 0.000000e+00 0.000000e+00 0.000000e+00 0.000000e+00 0.000000e+00 7.584903e-01 2.415097e-01 0.000000e+00 0.000000e+00 0.000000e+00 0.000000e+00 0.000000e+00 0.000000e+00 0.000000e+00 0.000000e+00 0.000000e+00 0.000000e+00 0.000000e+00 0.000000e+00 0.000000e+00
 0.000000e+00 0.000000e+00 0.000000e+00 0.000000e+00 0.000000e+00 0.000000e+00 7.701061e-01 2.298940e-01 0.000000e+00 0.000000e+00 0.000000e+00 0.000000e+00 0.000000e+00 0.000000e+00 0.000000e+00 0.000000e+00 0.000000e+00 0.000000e+00 0.000000e+00 0.000000e+00
 0.000000e+00 0.000000e+00 0.000000e+00 0.000000e+00 0.000000e+00 0.000000e+00 0.000000e+00 7.233828e-01 2.766172e-01 0.000000e+00 0.000000e+00 0.000000e+00 0.000000e+00 0.000000e+00 0.000000e+00 0.000000e+00 0.000000e+00 0.000000e+00 0.000000e+00 0.000000e+00
 0.000000e+00 0.000000e+00 0.000000e+00 0.000000e+00 0.000000e+00 0.000000e+00 0.000000e+00 0.000000e+00 6.396122e-01 3.603878e-01 0.000000e+00 0.000000e+00 0.000000e+00 0.000000e+00 0.000000e+00 0.000000e+00 0.000000e+00 0.000000e+00 0.000000e+00 0.000000e+00
 0.000000e+00 0.000000e+00 0.000000e+00 0.000000e+00 0.000000e+00 0.000000e+00 0.000000e+00 0.000000e+00 0.000000e+00 6.680811e-01 3.319189e-01 0.000000e+00 0.000000e+00 0.000000e+00 0.000000e+00 0.000000e+00 0.000000e+00 0.000000e+00 0.000000e+00 0.000000e+00
 0.000000e+00 0.000000e+00 0.000000e+00 0.000000e+00 0.000000e+00 0.000000e+00 0.000000e+00 0.000000e+00 0.000000e+00 0.000000e+00 7.782735e-01 2.217265e-01 0.000000e+00 0.000000e+00 0.000000e+00 0.000000e+00 0.000000e+00 0.000000e+00 0.000000e+00 0.000000e+00
 0.000000e+00 0.000000e+00 0.000000e+00 0.000000e+00 0.000000e+00 0.000000e+00 0.000000e+00 0.000000e+00 0.000000e+00 0.000000e+00 0.000000e+00 8.197112e-01 1.802888e-01 0.000000e+00 0.000000e+00 0.000000e+00 0.000000e+00 0.000000e+00 0.000000e+00 0.000000e+00
 0.000000e+00 0.000000e+00 0.000000e+00 0.000000e+00 0.000000e+00 0.000000e+00 0.000000e+00 0.000000e+00 0.000000e+00 0.000000e+00 0.000000e+00 0.000000e+00 7.700222e-01 2.299778e-01 0.000000e+00 0.000000e+00 0.000000e+00 0.000000e+00 0.000000e+00 0.000000e+00
 0.000000e+00 0.000000e+00 0.000000e+00 0.000000e+00 0.000000e+00 0.000000e+00 0.000000e+00 0.000000e+00 0.000000e+00 0.000000e+00 0.000000e+00 0.000000e+00 0.000000e+00 7.043983e-01 2.956017e-01 0.000000e+00 0.000000e+00 0.000000e+00 0.000000e+00 0.000000e+00
 0.000000e+00 0.000000e+00 0.000000e+00 0.000000e+00 0.000000e+00 0.000000e+00 0.000000e+00 0.000000e+00 0.000000e+00 0.000000e+00 0.000000e+00 0.000000e+00 0.000000e+00 0.000000e+00 7.940896e-01 2.059105e-01 0.000000e+00 0.000000e+00 0.000000e+00 0.000000e+00
 0.000000e+00 0.000000e+00 0.000000e+00 0.000000e+00 0.000000e+00 0.000000e+00 0.000000e+00 0.000000e+00 0.000000e+00 0.000000e+00 0.000000e+00 0.000000e+00 0.000000e+00 0.000000e+00 0.000000e+00 7.734007e-01 2.265993e-01 0.000000e+00 0.000000e+00 0.000000e+00
 0.000000e+00 0.000000e+00 0.000000e+00 0.000000e+00 0.000000e+00 0.000000e+00 0.000000e+00 0.000000e+00 0.000000e+00 0.000000e+00 0.000000e+00 0.000000e+00 0.000000e+00 0.000000e+00 0.000000e+00 0.000000e+00 7.344581e-01 2.655420e-01 0.000000e+00 0.000000e+00
 0.000000e+00 0.000000e+00 0.000000e+00 0.000000e+00 0.000000e+00 0.000000e+00 0.000000e+00 0.000000e+00 0.000000e+00 0.000000e+00 0.000000e+00 0.000000e+00 0.000000e+00 0.000000e+00 0.000000e+00 0.000000e+00 0.000000e+00 8.301219e-01 1.698781e-01 0.000000e+00
 0.000000e+00 0.000000e+00 0.000000e+00 0.000000e+00 0.000000e+00 0.000000e+00 0.000000e+00 0.000000e+00 0.000000e+00 0.000000e+00 0.000000e+00 0.000000e+00 0.000000e+00 0.000000e+00 0.000000e+00 0.000000e+00 0.000000e+00 0.000000e+00 7.833392e-01 2.166607e-01
 0.000000e+00 0.000000e+00 0.000000e+00 0.000000e+00 0.000000e+00 0.000000e+00 0.000000e+00 0.000000e+00 0.000000e+00 0.000000e+00 0.000000e+00 0.000000e+00 0.000000e+00 0.000000e+00 0.000000e+00 0.000000e+00 0.000000e+00 0.000000e+00 0.000000e+00 0.000000e+00
<ENDHMM>
