~o
<STREAMINFO> 1 39
<VECSIZE> 39<NULLD><MFCC_D_A_0><DIAGC>
~h "pasang"
<BEGINHMM>
<NUMSTATES> 20
<STATE> 2
<MEAN> 39
 -1.540943e+01 -5.796709e+00 -2.566331e+00 -5.060221e+00 -3.186249e-01 -5.358080e+00 -1.676716e-01 -6.815974e+00 -4.158482e-01 -7.315632e+00 -5.530100e-01 -7.059767e+00 5.824584e+01 2.117541e+00 3.859327e-01 -1.075934e+00 -1.288316e+00 -3.480116e-02 4.066905e-01 -3.360830e-01 -9.132555e-01 -1.352924e-01 5.781034e-01 4.617110e-01 -8.832134e-01 1.530344e+00 8.366753e-01 -4.495243e-02 -5.586202e-01 -3.704625e-01 2.305567e-01 3.213157e-01 -2.583538e-01 -5.106772e-01 -8.778701e-03 1.314453e-01 2.714883e-02 -2.885048e-01 5.747824e-01
<VARIANCE> 39
 6.379932e+00 6.211581e+00 8.612243e+00 1.875771e+01 1.565692e+01 1.308065e+01 1.940012e+01 2.363190e+01 1.773239e+01 1.581468e+01 1.493503e+01 8.514933e+00 3.887454e+00 3.897694e+00 1.001279e+00 3.527447e+00 3.676952e+00 2.950289e+00 2.459328e+00 3.384287e+00 4.128984e+00 1.263873e+00 2.357033e+00 2.236924e+00 1.699832e+00 1.899443e+00 2.891475e-01 2.125804e-01 4.372576e-01 4.039053e-01 3.628550e-01 4.406338e-01 5.177851e-01 4.914666e-01 3.138958e-01 4.171698e-01 4.702166e-01 2.136527e-01 1.379273e-01
<GCONST> 1.013063e+02
<STATE> 3
<MEAN> 39
 3.253806e-01 -6.250074e+00 -1.358294e+01 -1.369447e+01 2.132191e+00 1.905109e-01 -4.242564e+00 -1.553504e+01 -1.568792e+00 -3.881222e+00 -1.029008e+00 -1.362254e+01 6.918118e+01 2.574506e+00 -7.667778e-01 -1.558296e+00 2.578551e-02 1.252558e+00 1.654043e-01 -1.065997e+00 -8.377329e-01 7.903566e-01 -2.809310e-01 -1.578960e+00 -8.354180e-01 2.023589e+00 -1.042130e+00 -9.704020e-02 8.095912e-01 9.695653e-01 4.707987e-02 -6.814986e-01 2.284037e-01 8.418893e-01 4.118497e-01 -5.722018e-01 -4.403578e-01 5.510978e-01 -6.178749e-01
<VARIANCE> 39
 1.211928e+01 2.066100e+01 4.097526e+01 2.587453e+01 6.755761e+01 4.250338e+01 7.045967e+01 6.153659e+01 2.087349e+01 6.040747e+01 5.134079e+01 1.985422e+01 1.237397e+01 3.835446e+00 1.192408e+00 5.082128e+00 3.900153e+00 2.002894e+00 4.640387e+00 2.955957e+00 6.741982e+00 3.093312e+00 4.843684e+00 4.100461e+00 2.824040e+00 1.779445e+00 2.104146e-01 2.146070e-01 4.914228e-01 4.599243e-01 4.401249e-01 3.098971e-01 6.951900e-01 5.675404e-01 4.875593e-01 3.514035e-01 6.843200e-01 3.910201e-01 1.050612e-01
<GCONST> 1.197042e+02
<STATE> 4
<MEAN> 39
 2.035498e+00 -7.553756e+00 -9.280729e+00 -6.871861e+00 8.734862e+00 -5.165990e+00 -5.206234e+00 -6.018156e+00 3.789583e+00 -6.195948e+00 -3.755948e+00 -1.164930e+01 7.292928e+01 -4.187232e-01 3.883372e-01 8.058330e-01 6.882072e-01 5.675792e-01 -8.560504e-01 9.063055e-02 1.159613e+00 -5.022313e-02 -8.402281e-01 -3.658992e-01 4.077038e-01 -1.088843e-01 -3.734331e-01 3.185925e-01 1.148285e-01 1.625651e-02 -1.212811e-01 8.049485e-02 2.415535e-01 -7.482993e-02 -2.414412e-01 -8.918450e-02 2.382606e-01 9.863976e-02 -2.367119e-01
<VARIANCE> 39
 4.250379e+00 3.291944e+01 5.945523e+01 2.403805e+01 8.120724e+01 4.734758e+01 3.605703e+01 1.111852e+02 2.216420e+01 1.143630e+02 4.987442e+01 1.944042e+01 1.605084e+01 2.720518e-01 6.988766e-01 1.069893e+00 1.447992e+00 1.691777e+00 9.602507e-01 1.866479e+00 1.392057e+00 2.386626e+00 2.480006e+00 1.749077e+00 7.378830e-01 2.083069e-01 1.108547e-01 1.108000e-01 3.269434e-01 2.953857e-01 2.627245e-01 2.107590e-01 2.474811e-01 3.475064e-01 4.017914e-01 4.268807e-01 2.350354e-01 1.889844e-01 4.042733e-02
<GCONST> 9.843719e+01
<STATE> 5
<MEAN> 39
 -5.861027e+00 -2.141229e+00 -9.154688e+00 -2.793485e+00 8.792736e+00 -8.462610e+00 -2.780936e+00 -8.859187e+00 1.139854e+00 -1.451800e+01 -9.303034e+00 -8.562867e+00 6.965433e+01 -3.421427e+00 2.881692e+00 -8.720672e-01 2.002900e+00 3.074646e-02 -2.010073e-01 1.607078e+00 -5.156934e-01 5.359470e-02 -4.644803e-01 2.975712e-01 7.604021e-01 -1.251830e-01 -5.039111e-01 5.632101e-01 -6.679469e-01 9.935561e-02 -2.165477e-01 2.104288e-01 1.646138e-01 -3.358779e-01 -1.084737e-02 3.990648e-01 3.293009e-01 -1.943288e-01 1.772640e-01
<VARIANCE> 39
 3.263755e+01 3.291649e+01 3.551378e+01 3.581636e+01 3.763639e+01 4.211169e+01 2.638863e+01 7.602272e+01 3.517510e+01 1.315072e+02 1.051793e+02 3.026907e+01 9.017105e+00 1.570518e+00 2.934214e+00 4.125066e+00 1.818249e+00 1.528196e+00 3.255601e+00 1.455491e+00 2.812289e+00 2.465748e+00 6.916977e+00 2.472556e+00 2.640455e+00 2.769394e-01 3.325426e-01 3.301165e-01 3.425985e-01 3.491223e-01 2.457235e-01 3.992231e-01 1.944361e-01 4.834254e-01 5.388100e-01 8.031430e-01 3.885919e-01 3.613796e-01 2.736740e-02
<GCONST> 1.140487e+02
<STATE> 6
<MEAN> 39
 -2.161938e+01 1.333595e+01 -1.486160e+01 5.666123e+00 5.993014e+00 -7.203176e+00 4.969433e+00 -1.001345e+01 2.114922e+00 -1.254745e+01 -2.152041e+00 -8.942626e+00 6.971637e+01 -1.656238e+00 1.336243e+00 -1.214050e-01 5.564893e-01 1.372971e-03 -1.982249e-01 7.865405e-01 1.137703e-01 -2.656882e-01 1.559336e-01 5.694758e-01 3.320075e-02 -3.131202e-01 5.675210e-01 -6.320469e-01 4.232365e-01 -4.296984e-01 5.510829e-02 -1.178355e-01 -2.582496e-01 1.711305e-01 -6.796884e-02 1.453247e-01 -7.971101e-02 -2.942312e-02 -1.174842e-01
<VARIANCE> 39
 1.010724e+01 2.166014e+01 2.183027e+01 3.007901e+01 5.752828e+01 1.516112e+01 3.330690e+01 4.337711e+01 3.313641e+01 4.249966e+01 7.261199e+01 2.347924e+01 9.252327e+00 1.309954e+00 1.945276e+00 1.692664e+00 1.707234e+00 1.224955e+00 1.480205e+00 1.180711e+00 1.506621e+00 2.084865e+00 1.881036e+00 2.127631e+00 1.063567e+00 1.607196e-01 1.099655e-01 1.093505e-01 1.826603e-01 2.006852e-01 2.247468e-01 2.234659e-01 2.588528e-01 2.289152e-01 4.285002e-01 3.353485e-01 2.810311e-01 1.739139e-01 2.189773e-02
<GCONST> 9.571473e+01
<STATE> 7
<MEAN> 39
 -2.495142e+01 1.309275e+01 -1.204187e+01 4.162637e+00 7.701825e+00 -1.027110e+01 6.232514e+00 -8.228053e+00 -1.059148e+00 -1.080115e+01 -1.907174e+00 -8.077484e+00 6.721057e+01 1.907160e+00 -1.351045e+00 5.846559e-01 -1.636163e+00 -1.265924e+00 -1.154849e+00 -1.407887e+00 2.755033e-01 4.719063e-01 1.143691e+00 1.687307e-01 -2.447108e-01 -1.516309e-01 1.430530e+00 -5.202044e-01 -4.807855e-01 -6.120294e-01 -5.642058e-01 -1.588575e-01 -9.821519e-01 -1.550270e-01 6.023909e-01 1.628580e-01 -3.853215e-01 -1.629494e-01 5.901487e-01
<VARIANCE> 39
 6.600357e+00 1.735753e+01 2.416348e+01 1.774991e+01 5.972864e+01 1.928973e+01 2.395087e+01 4.652271e+01 2.277365e+01 2.246522e+01 8.559125e+01 1.964076e+01 8.244421e+00 3.435275e+00 1.092845e+00 1.048384e+00 9.936332e-01 1.340839e+00 2.557098e+00 3.036889e+00 1.830486e+00 2.221662e+00 2.281219e+00 1.902988e+00 1.506406e+00 5.371843e-01 9.587804e-02 1.260531e-01 3.239114e-01 1.349160e-01 1.721437e-01 6.836142e-01 3.577357e-01 4.934693e-01 3.269838e-01 4.868204e-01 7.264901e-01 3.048426e-01 1.133804e-01
<GCONST> 1.017429e+02
<STATE> 8
<MEAN> 39
 -1.131751e+01 7.869089e+00 -1.400088e+01 -4.564663e+00 -1.349565e-02 -1.507584e+01 -4.391947e+00 -9.028192e+00 5.092894e+00 -5.572002e+00 -3.905254e+00 -9.899719e+00 7.046549e+01 4.813185e+00 -3.034679e+00 -1.792543e+00 -2.424069e+00 -1.339541e+00 -4.977029e-01 -3.260797e+00 -1.264260e-01 1.354045e+00 4.912965e-01 -1.831679e+00 -6.443725e-01 2.235662e+00 -4.624830e-01 -5.684297e-01 -2.225553e-01 6.075516e-01 7.077771e-01 8.007148e-01 6.186274e-01 3.480697e-02 -5.494288e-01 -6.110684e-01 -1.149623e-01 1.390063e-01 1.812269e-01
<VARIANCE> 39
 3.128193e+01 1.758561e+01 2.299058e+01 2.458021e+01 4.139240e+01 4.499469e+01 5.814778e+01 3.495349e+01 1.708421e+01 1.669866e+01 1.181707e+02 2.346374e+01 1.449714e+01 1.029612e+00 2.132815e+00 2.590385e+00 1.702245e+00 3.118885e+00 8.460136e+00 4.512303e+00 3.396660e+00 3.136941e+00 4.410196e+00 4.233972e+00 2.795008e+00 4.798635e-01 6.001541e-01 1.803307e-01 3.737333e-01 2.913902e-01 4.250319e-01 7.152383e-01 7.505893e-01 7.451429e-01 4.068725e-01 3.689972e-01 5.872386e-01 4.017310e-01 2.396052e-01
<GCONST> 1.173808e+02
<STATE> 9
<MEAN> 39
 -3.573390e+00 -4.053218e+00 -1.767589e+01 -5.837363e+00 1.513047e+00 -1.029781e+01 -6.503746e+00 -8.598082e+00 4.253796e+00 -8.519165e+00 -7.666298e+00 -1.012580e+01 7.550212e+01 1.098853e+00 -3.137394e+00 -1.629544e-01 4.018725e-01 7.019659e-01 1.691552e+00 7.521350e-02 -2.589678e-01 -1.088122e+00 -5.818205e-01 1.155595e-01 1.264095e-01 6.135597e-01 -7.709491e-01 5.492786e-01 5.950800e-01 2.712046e-01 1.098080e-01 5.687555e-02 4.038001e-01 -1.304363e-01 -2.820936e-01 7.603033e-02 4.422120e-01 5.684840e-02 -5.400451e-01
<VARIANCE> 39
 5.532942e+00 1.631666e+01 3.631060e+01 2.145051e+01 3.211071e+01 6.825389e+01 8.378000e+01 8.653685e+01 3.467532e+01 6.756964e+01 1.525154e+02 2.753327e+01 1.451178e+01 5.733995e-01 1.656926e+00 1.491712e+00 6.708035e-01 3.927518e+00 2.147664e+00 1.381950e+00 4.995288e+00 2.360773e+00 2.580058e+00 1.516089e+00 1.885672e+00 5.362435e-01 1.870067e-01 2.088598e-01 1.950600e-01 3.267215e-01 5.545461e-01 5.940737e-01 5.286102e-01 5.527655e-01 5.105537e-01 3.838964e-01 3.969851e-01 3.857183e-01 4.369482e-02
<GCONST> 1.094707e+02
<STATE> 10
<MEAN> 39
 -9.621506e-01 -1.112395e+01 -1.414742e+01 -5.683984e+00 2.579964e+00 -9.992333e+00 -7.634908e+00 -5.484143e+00 1.112438e+00 -5.278336e+00 -2.257218e+00 -1.226576e+01 7.606010e+01 3.857244e-01 -4.312778e-01 1.061629e+00 -6.296567e-01 2.349626e-02 2.738267e-01 -9.289051e-01 -4.362045e-02 4.405506e-01 6.170614e-02 -4.129779e-01 -1.335362e-01 -4.010256e-01 -1.774955e-02 5.121624e-01 2.007643e-01 -1.728695e-01 -4.796915e-02 -7.222828e-02 -9.842328e-02 6.261652e-02 1.107540e-01 -9.188194e-02 -9.995275e-02 -1.920789e-02 -1.552452e-01
<VARIANCE> 39
 3.167090e+00 1.387073e+01 8.157671e+01 3.121584e+01 6.965284e+01 8.713343e+01 7.877044e+01 1.451281e+02 5.747263e+01 6.401086e+01 1.224642e+02 3.494840e+01 1.364929e+01 8.691879e-02 1.096794e+00 4.751338e-01 5.986935e-01 1.360865e+00 2.032420e+00 1.668292e+00 1.970997e+00 4.265214e+00 1.608654e+00 1.772845e+00 1.386874e+00 1.105030e-01 1.766082e-02 5.883034e-02 7.458838e-02 8.383473e-02 2.902467e-01 2.303215e-01 3.598659e-01 3.219927e-01 6.882162e-01 2.676351e-01 3.179069e-01 2.463925e-01 7.834543e-03
<GCONST> 9.387352e+01
<STATE> 11
<MEAN> 39
 4.225571e-03 -7.242020e+00 -9.024752e+00 -9.926208e+00 -2.470564e-01 -2.615295e+00 -1.008706e+01 -1.289467e+01 4.065942e+00 -1.094254e+01 -7.068709e+00 -8.434233e+00 7.035677e+01 1.431280e-01 1.004641e+00 1.720849e+00 -7.604955e-01 4.024052e-01 2.753055e-01 -2.200540e-01 -2.399240e-01 -1.335485e+00 -4.394158e-01 1.008883e+00 5.909838e-02 -8.907364e-01 -6.710177e-02 8.219816e-02 2.789983e-02 1.162611e-01 4.086490e-02 -2.774804e-01 1.054737e-01 -7.085834e-02 -2.962050e-01 1.408330e-02 -1.560674e-02 -5.542861e-02 -5.784540e-03
<VARIANCE> 39
 5.145087e+00 6.742465e+00 3.294484e+01 2.349356e+01 4.386695e+01 7.808105e+01 5.550108e+01 1.007533e+02 5.795147e+01 6.275809e+01 6.493835e+01 2.263264e+01 9.112287e+00 1.894777e-01 3.214784e-01 5.529750e-01 1.355043e+00 1.958456e+00 1.745575e+00 1.987062e+00 2.305630e+00 2.025709e+00 1.992932e+00 3.304045e+00 1.734656e+00 6.388051e-02 2.571024e-02 5.927753e-02 1.123813e-01 1.417401e-01 2.013079e-01 2.791975e-01 3.334912e-01 3.422955e-01 4.746612e-01 3.544227e-01 5.830654e-01 2.041296e-01 1.378555e-02
<GCONST> 9.252966e+01
<STATE> 12
<MEAN> 39
 3.262529e+00 -4.338784e+00 3.574411e+00 -1.656848e+01 6.473804e+00 -1.235567e+01 -1.247317e+01 -2.870053e+00 -1.005927e+01 -5.487631e+00 -3.988509e+00 -8.395030e+00 6.944159e+01 1.867637e-01 6.600762e-01 8.952351e-01 1.400705e-01 -1.396698e-01 -8.257113e-02 4.229944e-01 -7.784914e-01 -1.273089e+00 -6.720677e-01 -5.901912e-01 2.152379e-01 -8.959406e-01 -8.522573e-02 -6.361635e-02 -8.685002e-02 1.825490e-01 -3.727094e-02 7.984177e-02 9.475254e-02 -1.962446e-02 1.637028e-01 -7.180387e-02 -3.956335e-02 -6.509541e-02 -1.742476e-05
<VARIANCE> 39
 7.451141e+00 8.051554e+00 4.375122e+01 1.623060e+01 1.731519e+01 3.992556e+01 3.446727e+01 6.451553e+01 4.055587e+01 6.788527e+01 3.557480e+01 3.005003e+01 1.852483e+01 2.256284e-01 2.093681e-01 9.453844e-01 1.126773e+00 2.076401e+00 1.809960e+00 7.785792e-01 1.378526e+00 3.355894e+00 6.809121e-01 1.261520e+00 1.554768e+00 9.071839e-02 3.026612e-02 3.794532e-02 9.352891e-02 6.319319e-02 1.419918e-01 2.024186e-01 1.585725e-01 2.160009e-01 4.350724e-01 1.072936e-01 1.761546e-01 1.693450e-01 8.146659e-03
<GCONST> 8.169128e+01
<STATE> 13
<MEAN> 39
 -3.762052e-01 -8.914129e-01 4.113295e-01 -1.023499e+01 1.983805e+00 -6.935284e+00 -1.160268e+01 -1.852969e+01 -1.170809e+01 -1.878919e+01 -9.372862e+00 -1.235449e+01 6.428082e+01 -5.226658e-01 4.085886e-01 1.187216e+00 5.335602e-01 -8.470047e-02 6.830142e-02 8.504677e-01 1.802567e-01 -4.277366e-01 -2.352276e-01 -4.388895e-02 -3.030706e-01 -7.575363e-01 -1.656677e-01 -2.253574e-01 -1.456182e-01 8.239336e-02 -5.495552e-02 8.133943e-02 1.672993e-01 3.415425e-01 4.217261e-01 4.328336e-01 1.012419e-01 1.985063e-01 -3.221753e-03
<VARIANCE> 39
 8.210839e+00 5.380936e+00 2.996275e+01 2.267357e+01 2.104754e+01 2.543319e+01 2.365465e+01 7.158542e+01 5.276353e+01 8.415669e+01 4.382194e+01 2.375649e+01 1.745774e+00 3.429304e-01 2.299303e-01 9.482963e-01 3.460753e-01 1.078633e+00 9.179795e-01 1.126580e+00 1.750709e+00 2.704325e+00 1.637586e+00 1.236495e+00 1.046176e+00 4.686076e-02 4.516142e-02 4.493099e-02 7.608214e-02 6.760229e-02 1.591763e-01 1.284290e-01 2.060030e-01 2.124891e-01 2.429496e-01 2.169491e-01 3.105940e-01 2.190313e-01 1.193037e-02
<GCONST> 7.875899e+01
<STATE> 14
<MEAN> 39
 -3.109030e+00 -3.532635e-01 8.473414e+00 -4.550122e+00 7.239352e+00 -2.239197e+00 2.552787e-01 -3.149106e+00 -5.026339e+00 -7.688270e+00 -6.850035e+00 -5.957144e+00 6.067756e+01 -9.409634e-01 1.593037e-02 6.188435e-01 7.802269e-01 -3.834537e-01 -1.168752e-01 5.279565e-01 3.555917e-01 -3.680371e-02 -1.430654e-01 -3.941951e-01 3.958229e-01 -6.769746e-01 -1.837811e-02 -2.041938e-03 -9.084654e-04 8.340335e-03 -2.413090e-02 -1.016992e-01 -1.223700e-01 -1.359506e-01 -2.041714e-01 -1.561958e-01 2.848768e-02 -4.433445e-02 5.076292e-02
<VARIANCE> 39
 1.189458e+01 6.956571e+00 4.267971e+01 2.973196e+01 4.457846e+01 6.173613e+01 5.066580e+01 7.149733e+01 3.189789e+01 5.515661e+01 1.933318e+01 2.915849e+01 6.447666e+00 2.407527e-01 4.899029e-01 4.410999e-01 7.010043e-01 8.845502e-01 1.017158e+00 1.805380e+00 1.650616e+00 2.258523e+00 2.180776e+00 1.477753e+00 1.077923e+00 8.005747e-02 2.749536e-02 4.467563e-02 8.371406e-02 1.590508e-01 1.448635e-01 1.008242e-01 2.256747e-01 2.173490e-01 3.488022e-01 2.134643e-01 2.514068e-01 2.041555e-01 7.110971e-03
<GCONST> 8.345950e+01
<STATE> 15
<MEAN> 39
 -6.477165e+00 -5.480945e-01 7.173308e+00 -4.537620e+00 1.419947e+00 -9.679540e+00 -7.754903e+00 -1.760372e+01 -1.347883e+01 -1.787153e+01 -8.425946e+00 -1.275399e+01 5.964388e+01 -7.231526e-01 1.289463e-01 6.780090e-01 9.889235e-01 2.263829e-01 -3.240072e-01 1.270784e-01 -6.775202e-02 -5.474952e-01 -3.923606e-01 -2.261882e-01 -1.893135e-01 -3.502048e-01 -2.565903e-03 2.046175e-02 -1.066812e-01 -1.859636e-02 -3.544097e-02 8.204100e-02 -6.026396e-03 7.810524e-02 7.343082e-02 -7.240970e-02 -7.215399e-02 6.254835e-02 4.970554e-02
<VARIANCE> 39
 5.621141e+00 7.993843e+00 1.738289e+01 2.027326e+01 1.794868e+01 2.188431e+01 2.269510e+01 5.522681e+01 5.797825e+01 2.761080e+01 2.747077e+01 3.456067e+01 2.756517e+00 2.322988e-01 5.166731e-01 3.971746e-01 5.994264e-01 9.306031e-01 1.557604e+00 8.088143e-01 1.298702e+00 1.308807e+00 1.354557e+00 1.568278e+00 2.488014e+00 7.084799e-02 5.455384e-02 9.449701e-02 8.792655e-02 1.335687e-01 2.168420e-01 2.256759e-01 1.827263e-01 2.902196e-01 4.013556e-01 3.224949e-01 2.678999e-01 4.900509e-01 1.578437e-02
<GCONST> 8.196421e+01
<STATE> 16
<MEAN> 39
 -1.178137e+01 4.236293e-01 9.528152e+00 -1.553435e+00 -1.659555e-01 -8.646715e+00 -3.558448e+00 -1.259582e+01 -1.364834e+01 -2.022176e+01 -1.034437e+01 -1.119130e+01 5.745807e+01 -7.674532e-01 7.965788e-02 -1.583499e-01 7.470700e-02 -6.555760e-01 2.608206e-01 8.572338e-01 1.362852e+00 5.346605e-01 -5.741434e-02 -2.814378e-01 3.710510e-01 -2.643657e-01 8.968268e-02 -6.554354e-02 -1.458810e-01 -6.369901e-02 4.651955e-02 -1.400119e-02 -2.823451e-03 4.722475e-02 2.160929e-01 2.214405e-01 1.696654e-01 6.747226e-02 3.195840e-02
<VARIANCE> 39
 7.172630e+00 9.933454e+00 2.535092e+01 1.383248e+01 2.190862e+01 2.808515e+01 6.130914e+01 5.105374e+01 3.650565e+01 4.699369e+01 2.785527e+01 4.352648e+01 2.348305e+00 1.860833e-01 2.293434e-01 3.443061e-01 8.484245e-01 5.358704e-01 1.699928e+00 2.376069e+00 1.133118e+00 1.760894e+00 1.783654e+00 1.880214e+00 1.091673e+00 4.085644e-02 2.187031e-02 6.882990e-02 6.391487e-02 1.589826e-01 9.838766e-02 2.720945e-01 3.080241e-01 2.008698e-01 1.830296e-01 2.518170e-01 4.232552e-01 2.751470e-01 7.872730e-03
<GCONST> 7.929129e+01
<STATE> 17
<MEAN> 39
 -1.292702e+01 -3.497816e-01 8.406410e+00 7.772391e-01 8.147109e-01 -5.379640e+00 -6.705127e-01 -4.617900e+00 -9.805255e+00 -1.418952e+01 -8.387994e+00 -6.155684e+00 5.706953e+01 -4.932241e-01 -5.738117e-01 -7.273955e-01 7.342722e-02 2.753896e-01 -1.560599e-01 -6.898301e-01 -2.628751e-01 9.989973e-01 1.223710e+00 1.213240e+00 5.442814e-01 -7.265283e-02 8.373661e-03 -8.794290e-02 -5.175031e-02 -5.756285e-02 1.139845e-01 1.008929e-01 -1.298681e-01 -1.114354e-01 3.681416e-02 1.839639e-01 2.074447e-01 1.214595e-01 2.026479e-02
<VARIANCE> 39
 4.133142e+00 1.344660e+01 1.802338e+01 1.651394e+01 5.060699e+01 4.732135e+01 3.484924e+01 4.609290e+01 2.347298e+01 5.559449e+01 2.018800e+01 5.329850e+01 8.433160e-01 1.846521e-01 5.906862e-01 6.620416e-01 1.355172e+00 2.735807e+00 2.136409e+00 2.644454e+00 1.080433e+00 2.225836e+00 1.816139e+00 1.578106e+00 1.326619e+00 7.094944e-02 3.661246e-02 1.153065e-01 1.416146e-01 2.033289e-01 4.559587e-01 4.583446e-01 7.683743e-01 1.794838e-01 4.035665e-01 4.462309e-01 3.659526e-01 3.572594e-01 1.545996e-02
<GCONST> 9.003901e+01
<STATE> 18
<MEAN> 39
 -1.525210e+01 -3.674595e+00 3.375391e+00 -1.111187e+00 2.123605e+00 -3.673838e+00 2.309854e-01 -4.508847e+00 -2.230156e+00 -9.012544e+00 -3.759288e+00 -5.326820e+00 5.701880e+01 -2.907837e-01 -3.418597e-01 -5.810870e-01 -2.153567e-01 -1.104942e-01 3.896464e-01 6.677376e-01 3.290915e-01 3.136002e-01 5.859750e-02 2.348234e-01 3.060991e-01 -6.705203e-02 2.414460e-02 2.180902e-02 3.613984e-02 -8.396053e-04 -2.607704e-02 -4.697393e-02 1.515264e-01 -3.756222e-02 -2.339501e-01 -3.116746e-01 -2.625998e-01 -2.297257e-01 -2.147347e-03
<VARIANCE> 39
 1.866514e+00 3.268137e+00 1.242265e+01 1.088953e+01 2.859924e+01 2.806750e+01 3.326057e+01 4.249252e+01 2.929864e+01 3.086563e+01 2.777380e+01 3.271117e+01 6.760400e-01 1.074965e-01 3.463014e-01 7.829037e-01 1.287322e+00 1.558224e+00 1.994354e+00 1.718876e+00 1.770009e+00 2.583714e+00 2.018964e+00 2.304623e+00 2.082452e+00 2.989250e-02 1.636938e-02 6.536368e-02 1.393632e-01 2.164477e-01 2.977069e-01 3.109434e-01 4.234842e-01 2.852204e-01 5.906466e-01 4.152737e-01 3.392009e-01 2.617829e-01 6.881927e-03
<GCONST> 8.059538e+01
<STATE> 19
<MEAN> 39
 -1.727841e+01 -3.613637e+00 1.004759e+01 3.490592e+00 3.482606e+00 -6.771801e+00 7.387640e-01 -7.943208e+00 -9.638793e+00 -1.715081e+01 -7.502629e+00 -4.226823e-01 5.482204e+01 -5.526025e-01 -2.260686e-01 -7.923123e-02 4.130946e-01 5.930935e-02 1.572498e-02 3.028676e-02 -1.286573e-01 -3.838228e-01 -5.605606e-01 -2.819965e-01 -2.889445e-01 -1.762221e-01 -1.247372e-02 8.675469e-03 1.398200e-02 2.138664e-02 -9.188564e-03 -1.214223e-01 -1.771829e-01 9.400929e-03 2.008985e-01 6.560408e-02 1.713467e-02 -1.668079e-01 -1.716025e-03
<VARIANCE> 39
 6.111149e+00 6.203981e+00 4.565036e+01 2.923908e+01 1.014065e+02 3.242733e+01 2.376596e+01 3.962904e+01 4.756443e+01 5.782118e+01 1.180859e+02 7.766393e+01 2.178226e+00 1.718642e-01 2.887527e-01 6.608320e-01 5.626054e-01 1.054689e+00 1.340733e+00 2.287647e+00 1.349286e+00 2.072908e+00 2.095870e+00 1.977896e+00 2.554306e+00 5.055805e-02 1.463325e-02 5.636368e-02 1.279879e-01 1.294894e-01 1.942744e-01 2.530939e-01 3.716494e-01 2.325994e-01 3.793957e-01 4.060269e-01 5.294801e-01 3.362312e-01 7.342127e-03
<GCONST> 8.769020e+01
<TRANSP> 20
 0.000000e+00 1.000000e+00 0.000000e+00 0.000000e+00 0.000000e+00 0.000000e+00 0.000000e+00 0.000000e+00 0.000000e+00 0.000000e+00 0.000000e+00 0.000000e+00 0.000000e+00 0.000000e+00 0.000000e+00 0.000000e+00 0.000000e+00 0.000000e+00 0.000000e+00 0.000000e+00
 0.000000e+00 7.692713e-01 2.307287e-01 0.000000e+00 0.000000e+00 0.000000e+00 0.000000e+00 0.000000e+00 0.000000e+00 0.000000e+00 0.000000e+00 0.000000e+00 0.000000e+00 0.000000e+00 0.000000e+00 0.000000e+00 0.000000e+00 0.000000e+00 0.000000e+00 0.000000e+00
 0.000000e+00 0.000000e+00 7.331127e-01 2.668873e-01 0.000000e+00 0.000000e+00 0.000000e+00 0.000000e+00 0.000000e+00 0.000000e+00 0.000000e+00 0.000000e+00 0.000000e+00 0.000000e+00 0.000000e+00 0.000000e+00 0.000000e+00 0.000000e+00 0.000000e+00 0.000000e+00
 0.000000e+00 0.000000e+00 0.000000e+00 8.096294e-01 1.903706e-01 0.000000e+00 0.000000e+00 0.000000e+00 0.000000e+00 0.000000e+00 0.000000e+00 0.000000e+00 0.000000e+00 0.000000e+00 0.000000e+00 0.000000e+00 0.000000e+00 0.000000e+00 0.000000e+00 0.000000e+00
 0.000000e+00 0.000000e+00 0.000000e+00 0.000000e+00 7.598863e-01 2.401138e-01 0.000000e+00 0.000000e+00 0.000000e+00 0.000000e+00 0.000000e+00 0.000000e+00 0.000000e+00 0.000000e+00 0.000000e+00 0.000000e+00 0.000000e+00 0.000000e+00 0.000000e+00 0.000000e+00
 0.000000e+00 0.000000e+00 0.000000e+00 0.000000e+00 0.000000e+00 8.437529e-01 1.562471e-01 0.000000e+00 0.000000e+00 0.000000e+00 0.000000e+00 0.000000e+00 0.000000e+00 0.000000e+00 0.000000e+00 0.000000e+00 0.000000e+00 0.000000e+00 0.000000e+00 0.000000e+00
 0.000000e+00 0.000000e+00 0.000000e+00 0.000000e+00 0.000000e+00 0.000000e+00 6.688551e-01 3.311450e-01 0.000000e+00 0.000000e+00 0.000000e+00 0.000000e+00 0.000000e+00 0.000000e+00 0.000000e+00 0.000000e+00 0.000000e+00 0.000000e+00 0.000000e+00 0.000000e+00
 0.000000e+00 0.000000e+00 0.000000e+00 0.000000e+00 0.000000e+00 0.000000e+00 0.000000e+00 6.361173e-01 3.638827e-01 0.000000e+00 0.000000e+00 0.000000e+00 0.000000e+00 0.000000e+00 0.000000e+00 0.000000e+00 0.000000e+00 0.000000e+00 0.000000e+00 0.000000e+00
 0.000000e+00 0.000000e+00 0.000000e+00 0.000000e+00 0.000000e+00 0.000000e+00 0.000000e+00 0.000000e+00 6.840201e-01 3.159799e-01 0.000000e+00 0.000000e+00 0.000000e+00 0.000000e+00 0.000000e+00 0.000000e+00 0.000000e+00 0.000000e+00 0.000000e+00 0.000000e+00
 0.000000e+00 0.000000e+00 0.000000e+00 0.000000e+00 0.000000e+00 0.000000e+00 0.000000e+00 0.000000e+00 0.000000e+00 8.009921e-01 1.990079e-01 0.000000e+00 0.000000e+00 0.000000e+00 0.000000e+00 0.000000e+00 0.000000e+00 0.000000e+00 0.000000e+00 0.000000e+00
 0.000000e+00 0.000000e+00 0.000000e+00 0.000000e+00 0.000000e+00 0.000000e+00 0.000000e+00 0.000000e+00 0.000000e+00 0.000000e+00 7.916164e-01 2.083836e-01 0.000000e+00 0.000000e+00 0.000000e+00 0.000000e+00 0.000000e+00 0.000000e+00 0.000000e+00 0.000000e+00
 0.000000e+00 0.000000e+00 0.000000e+00 0.000000e+00 0.000000e+00 0.000000e+00 0.000000e+00 0.000000e+00 0.000000e+00 0.000000e+00 0.000000e+00 7.705274e-01 2.294727e-01 0.000000e+00 0.000000e+00 0.000000e+00 0.000000e+00 0.000000e+00 0.000000e+00 0.000000e+00
 0.000000e+00 0.000000e+00 0.000000e+00 0.000000e+00 0.000000e+00 0.000000e+00 0.000000e+00 0.000000e+00 0.000000e+00 0.000000e+00 0.000000e+00 0.000000e+00 6.996445e-01 3.003555e-01 0.000000e+00 0.000000e+00 0.000000e+00 0.000000e+00 0.000000e+00 0.000000e+00
 0.000000e+00 0.000000e+00 0.000000e+00 0.000000e+00 0.000000e+00 0.000000e+00 0.000000e+00 0.000000e+00 0.000000e+00 0.000000e+00 0.000000e+00 0.000000e+00 0.000000e+00 7.771670e-01 2.228330e-01 0.000000e+00 0.000000e+00 0.000000e+00 0.000000e+00 0.000000e+00
 0.000000e+00 0.000000e+00 0.000000e+00 0.000000e+00 0.000000e+00 0.000000e+00 0.000000e+00 0.000000e+00 0.000000e+00 0.000000e+00 0.000000e+00 0.000000e+00 0.000000e+00 0.000000e+00 8.235385e-01 1.764615e-01 0.000000e+00 0.000000e+00 0.000000e+00 0.000000e+00
 0.000000e+00 0.000000e+00 0.000000e+00 0.000000e+00 0.000000e+00 0.000000e+00 0.000000e+00 0.000000e+00 0.000000e+00 0.000000e+00 0.000000e+00 0.000000e+00 0.000000e+00 0.000000e+00 0.000000e+00 7.646521e-01 2.353480e-01 0.000000e+00 0.000000e+00 0.000000e+00
 0.000000e+00 0.000000e+00 0.000000e+00 0.000000e+00 0.000000e+00 0.000000e+00 0.000000e+00 0.000000e+00 0.000000e+00 0.000000e+00 0.000000e+00 0.000000e+00 0.000000e+00 0.000000e+00 0.000000e+00 0.000000e+00 7.491488e-01 2.508512e-01 0.000000e+00 0.000000e+00
 0.000000e+00 0.000000e+00 0.000000e+00 0.000000e+00 0.000000e+00 0.000000e+00 0.000000e+00 0.000000e+00 0.000000e+00 0.000000e+00 0.000000e+00 0.000000e+00 0.000000e+00 0.000000e+00 0.000000e+00 0.000000e+00 0.000000e+00 7.782359e-01 2.217641e-01 0.000000e+00
 0.000000e+00 0.000000e+00 0.000000e+00 0.000000e+00 0.000000e+00 0.000000e+00 0.000000e+00 0.000000e+00 0.000000e+00 0.000000e+00 0.000000e+00 0.000000e+00 0.000000e+00 0.000000e+00 0.000000e+00 0.000000e+00 0.000000e+00 0.000000e+00 7.149763e-01 2.850237e-01
 0.000000e+00 0.000000e+00 0.000000e+00 0.000000e+00 0.000000e+00 0.000000e+00 0.000000e+00 0.000000e+00 0.000000e+00 0.000000e+00 0.000000e+00 0.000000e+00 0.000000e+00 0.000000e+00 0.000000e+00 0.000000e+00 0.000000e+00 0.000000e+00 0.000000e+00 0.000000e+00
<ENDHMM>
