~o
<STREAMINFO> 1 39
<VECSIZE> 39<NULLD><MFCC_D_A_0><DIAGC>
~h "seperempat"
<BEGINHMM>
<NUMSTATES> 20
<STATE> 2
<MEAN> 39
 -1.896218e+01 -4.618869e+00 -4.322451e+00 -3.514750e+00 1.467216e-01 -4.753546e+00 1.817867e+00 -7.511077e+00 1.152776e+00 -8.063733e+00 2.279391e+00 -6.690588e+00 5.708862e+01 -8.872899e-01 1.541172e+00 -1.165925e+00 1.163378e+00 -3.978195e-01 -2.683883e-01 2.457945e-01 -6.342613e-01 6.639102e-01 -6.076239e-01 5.427607e-01 -3.927588e-01 5.904077e-01 -2.987168e-01 4.348020e-01 -3.275909e-01 3.297096e-01 -4.925547e-03 1.168791e-01 1.762496e-01 1.339218e-02 1.655545e-01 -3.452531e-02 -7.637855e-02 -7.372545e-02 2.044530e-01
<VARIANCE> 39
 2.949055e+00 7.330733e+00 7.744216e+00 1.163293e+01 1.425875e+01 1.414532e+01 1.686375e+01 2.600537e+01 2.062649e+01 2.511265e+01 2.284062e+01 2.398392e+01 1.040963e+00 1.324992e+00 1.440542e+00 1.648213e+00 1.764521e+00 1.440627e+00 1.724152e+00 3.676564e+00 2.222064e+00 2.084396e+00 1.479403e+00 3.160610e+00 1.978980e+00 2.208317e-01 1.290732e-01 1.447087e-01 2.310696e-01 2.515188e-01 2.804382e-01 2.171547e-01 3.088835e-01 4.193237e-01 2.891866e-01 2.343650e-01 6.461062e-01 4.614317e-01 3.850680e-02
<GCONST> 9.058431e+01
<STATE> 3
<MEAN> 39
 -2.568784e+01 6.784944e+00 -1.165974e+01 2.922143e+00 -1.094313e+00 -8.099156e+00 4.947525e+00 -9.765585e+00 4.727211e+00 -7.573322e+00 2.569324e+00 -5.283253e+00 6.208765e+01 1.070046e+00 1.193902e+00 -3.123344e-01 -4.025156e-01 -5.814952e-01 -1.978749e+00 -1.109883e+00 -2.158985e-01 5.821380e-01 9.656075e-01 -5.809287e-01 1.450848e-02 1.194145e+00 1.150555e+00 -5.472757e-01 3.687978e-01 -6.921602e-01 -7.905013e-02 -2.930606e-01 -8.740006e-01 -1.317232e-01 -8.986545e-02 2.956317e-01 -1.376588e-01 -2.211087e-01 1.684809e-01
<VARIANCE> 39
 1.638067e+01 1.391589e+01 1.115627e+01 1.545343e+01 3.013303e+01 4.782602e+01 3.373760e+01 2.103261e+01 2.425241e+01 3.488755e+01 1.905172e+01 2.569885e+01 2.950188e+00 9.788534e+00 2.494934e+00 2.634099e+00 3.759531e+00 3.319997e+00 4.565607e+00 9.503073e+00 1.940991e+00 1.880090e+00 2.705854e+00 2.001889e+00 3.024044e+00 5.959677e-01 5.226510e-01 2.365882e-01 4.434796e-01 3.167368e-01 6.170385e-01 1.005313e+00 1.086612e+00 6.186981e-01 3.406352e-01 4.123498e-01 4.581575e-01 5.723584e-01 1.299653e-01
<GCONST> 1.138722e+02
<STATE> 4
<MEAN> 39
 -5.852048e+00 4.854207e+00 -1.042161e+01 -6.566602e+00 -3.794287e+00 -1.723406e+01 -1.184248e+01 -1.290912e+01 5.958376e+00 3.612372e-01 -3.790253e-01 -1.081110e+01 7.051295e+01 2.694906e+00 -7.064321e-01 2.385150e-01 -9.457279e-01 8.496449e-01 8.752140e-01 -1.898342e+00 -6.238248e-01 -6.153566e-01 5.655697e-01 -3.058921e-01 -1.393510e+00 7.843157e-01 -1.243573e+00 6.876513e-02 2.298722e-01 6.894251e-01 4.958240e-01 8.826512e-01 1.302383e+00 2.142980e-01 -4.138167e-01 -6.403291e-01 1.106045e-01 3.027481e-01 -8.140526e-01
<VARIANCE> 39
 1.675876e+01 2.893510e+01 3.156427e+01 1.909128e+01 1.162842e+02 8.330743e+01 8.286762e+01 8.381727e+01 6.236248e+01 9.672649e+01 8.849413e+01 2.982737e+01 1.128689e+01 5.578173e+00 1.981597e+00 1.776789e+00 3.045586e+00 4.795189e+00 6.817639e+00 1.040728e+01 5.822179e+00 3.056606e+00 5.405400e+00 4.626464e+00 2.472749e+00 3.223378e+00 2.456650e-01 3.509662e-01 3.041017e-01 2.317766e-01 9.004412e-01 9.055609e-01 1.107887e+00 9.743223e-01 4.473945e-01 7.567537e-01 7.850876e-01 5.758016e-01 2.066376e-01
<GCONST> 1.307040e+02
<STATE> 5
<MEAN> 39
 -6.270065e+00 2.919481e+00 -5.268845e+00 -4.231659e+00 1.504897e+00 -9.830086e+00 -9.099943e+00 -1.258906e+01 1.326793e+00 -3.143454e+00 -4.281777e-01 -1.174876e+01 6.537332e+01 -7.055507e-01 -6.480675e-01 9.586440e-01 3.292851e-01 7.500586e-02 5.597424e-01 7.540911e-01 3.924669e-01 -5.646303e-01 -8.292985e-01 3.369342e-02 4.439819e-01 -1.174115e+00 -7.807380e-02 -1.756393e-01 -1.597593e-01 -1.908701e-01 -2.624183e-01 -2.552815e-01 -5.981579e-02 5.978356e-02 1.355987e-01 1.501439e-01 1.365209e-01 1.784524e-01 1.389235e-01
<VARIANCE> 39
 3.261478e+00 1.430340e+01 2.644272e+01 1.197596e+01 5.187082e+01 7.321760e+01 3.102172e+01 3.412008e+01 4.786964e+01 5.672427e+01 5.607408e+01 1.575126e+01 5.123802e+00 1.582564e-01 4.894794e-01 4.824582e-01 8.370509e-01 1.831118e+00 1.516506e+00 1.694317e+00 1.596550e+00 1.466653e+00 1.455534e+00 1.965631e+00 1.125227e+00 1.518325e-01 5.719889e-02 4.455432e-02 1.162475e-01 1.392806e-01 1.845213e-01 2.605536e-01 2.143816e-01 1.992599e-01 2.255156e-01 1.867260e-01 2.539665e-01 2.325981e-01 3.369357e-02
<GCONST> 8.535709e+01
<STATE> 6
<MEAN> 39
 -9.035322e+00 -2.195838e+00 -3.504902e+00 -5.475011e+00 -5.197133e-01 -8.824309e+00 -6.642594e+00 -1.157938e+01 -6.883311e-01 -5.473054e+00 8.211427e-01 -8.799188e+00 6.252850e+01 1.340339e+00 -1.262666e+00 -1.437829e+00 -1.586294e+00 -3.711663e-01 5.250090e-01 -5.633485e-02 -7.611719e-01 -1.070708e-01 1.565076e+00 1.021259e+00 -4.448384e-01 1.066431e+00 1.001263e+00 -7.535779e-02 -7.117991e-01 -3.532028e-01 9.129755e-02 -3.020424e-02 -3.010044e-01 -2.558603e-01 3.251315e-01 7.976997e-01 2.473719e-02 -6.410639e-01 7.339079e-01
<VARIANCE> 39
 4.321282e+00 7.954150e+00 1.371300e+01 1.878806e+01 2.452994e+01 2.780808e+01 2.275386e+01 2.263497e+01 2.043373e+01 3.054953e+01 3.152762e+01 1.878888e+01 3.387802e+00 3.539651e+00 6.434703e-01 2.749914e+00 1.806628e+00 1.947297e+00 1.679231e+00 3.531179e+00 2.889893e+00 1.924856e+00 5.216278e+00 1.463167e+00 3.164430e+00 1.670685e+00 1.505650e-01 4.961814e-02 2.361892e-01 3.722985e-01 4.071797e-01 3.569880e-01 4.782102e-01 7.385169e-01 2.681870e-01 7.373779e-01 5.645983e-01 3.714908e-01 1.036530e-01
<GCONST> 1.021160e+02
<STATE> 7
<MEAN> 39
 3.124356e+00 -6.923719e+00 -1.307055e+01 -1.219579e+01 1.461422e-01 -7.779407e+00 -1.003723e+01 -1.458730e+01 1.939513e+00 4.789645e+00 3.062901e+00 -1.534674e+01 7.100865e+01 1.904670e+00 -1.198158e+00 -6.317206e-01 5.318812e-01 3.509250e-01 -6.545668e-01 -1.029339e-01 7.885012e-01 9.806499e-02 8.175189e-01 -1.542411e-01 -1.175895e+00 1.378534e+00 -1.006509e+00 3.104481e-01 1.109320e+00 1.117317e+00 -1.310951e-01 -4.410672e-01 5.841386e-01 5.667816e-01 -5.731862e-01 -1.142019e+00 -1.558895e-01 4.827833e-01 -7.206138e-01
<VARIANCE> 39
 4.535624e+00 1.833203e+01 2.156796e+01 1.447205e+01 7.092133e+01 3.971215e+01 9.211645e+01 7.290004e+01 2.489648e+01 7.091244e+01 7.460828e+01 1.668596e+01 7.910757e+00 3.289438e+00 1.179920e+00 4.119320e+00 4.486694e+00 3.158110e+00 1.638877e+00 3.752810e+00 5.908129e+00 2.617811e+00 7.709324e+00 4.055581e+00 3.105842e+00 1.974953e+00 1.961081e-01 2.091539e-01 2.000136e-01 3.281892e-01 5.601935e-01 2.258017e-01 4.284778e-01 6.113518e-01 3.562680e-01 9.599110e-01 6.284750e-01 4.003989e-01 1.642031e-01
<GCONST> 1.169184e+02
<STATE> 8
<MEAN> 39
 2.244199e+00 -9.275850e+00 -7.259384e+00 -3.351099e+00 -2.093463e+00 -1.331134e+01 -4.527436e+00 -8.022920e+00 -2.802197e+00 2.656549e+00 3.817862e+00 -1.730243e+01 7.076900e+01 -1.673231e-02 -4.680318e-01 2.934249e-01 6.709557e-01 -9.162392e-01 -4.499918e-01 6.907727e-01 2.755036e-01 -5.296344e-01 1.538046e-01 1.824516e-02 -4.721812e-01 3.703627e-02 9.594694e-02 9.321944e-02 -3.198464e-01 -6.203848e-01 8.620547e-02 5.061927e-01 -2.166808e-01 -3.291608e-01 1.453167e-01 2.309985e-01 1.339262e-01 1.038314e-01 6.066169e-02
<VARIANCE> 39
 6.243420e+00 1.694459e+01 2.524456e+01 2.169887e+01 8.028379e+01 3.748331e+01 1.107004e+02 8.644176e+01 3.190376e+01 8.198772e+01 8.851778e+01 4.673805e+01 8.766060e+00 1.036163e+00 7.212759e-01 2.289229e+00 2.742115e+00 1.399355e+00 2.185796e+00 3.114371e+00 2.388186e+00 2.346692e+00 4.036805e+00 2.782178e+00 1.907085e+00 6.371468e-01 2.111932e-01 2.205254e-01 3.409014e-01 2.455482e-01 3.980433e-01 3.094711e-01 4.935431e-01 4.340945e-01 3.455739e-01 8.525068e-01 6.928521e-01 4.565983e-01 1.411447e-01
<GCONST> 1.128122e+02
<STATE> 9
<MEAN> 39
 2.754737e+00 -9.140173e+00 -8.171891e+00 -8.460694e+00 -4.618818e+00 -6.805354e+00 -1.857937e-01 -1.188711e+01 -4.826506e+00 4.074375e+00 5.536556e+00 -1.545947e+01 7.066846e+01 -2.594381e-01 1.467217e+00 7.284167e-01 -5.816593e-01 8.036919e-01 1.449816e+00 4.525631e-01 -5.675050e-01 -1.147441e+00 -1.393788e+00 2.763063e-01 1.430169e+00 -6.092195e-01 -1.696791e-01 4.554463e-01 4.478086e-01 4.602312e-01 1.262108e-01 -1.910682e-01 4.796159e-02 -5.171502e-02 -2.311276e-01 -4.673462e-01 -3.394794e-01 1.686272e-01 -2.241741e-01
<VARIANCE> 39
 7.280280e+00 2.489403e+01 2.096573e+01 1.449124e+01 4.059812e+01 3.089307e+01 8.736028e+01 5.452851e+01 2.806426e+01 6.083171e+01 4.378375e+01 6.129428e+01 9.575660e+00 3.802206e-01 8.452905e-01 8.340275e-01 2.452327e+00 1.298161e+00 1.508786e+00 1.373559e+00 2.139530e+00 2.490038e+00 3.041555e+00 2.782879e+00 3.673601e+00 3.183720e-01 8.496137e-02 1.571222e-01 1.438418e-01 2.116649e-01 1.868798e-01 2.529835e-01 3.344425e-01 3.783286e-01 4.903556e-01 6.250130e-01 4.575984e-01 9.593969e-01 5.607037e-02
<GCONST> 1.025147e+02
<STATE> 10
<MEAN> 39
 1.441717e+00 1.685069e-01 -3.193459e+00 -6.665163e+00 -1.045660e+00 -4.489404e+00 -1.841061e+00 -1.529874e+01 -1.032649e+01 -7.327848e+00 1.511445e+00 -8.136510e+00 6.730739e+01 -4.481712e-01 1.243001e+00 8.549436e-01 1.871741e-01 2.367728e-01 2.297629e-01 2.827784e-02 -1.792971e-01 -1.108589e-01 -1.137419e+00 -7.583228e-01 5.380445e-01 -6.061661e-01 -8.975605e-02 -2.098225e-01 -1.012079e-01 -2.453598e-02 -6.369804e-02 -1.455865e-01 -5.138424e-02 2.160614e-01 2.598143e-01 1.757262e-01 1.706940e-02 -2.278055e-01 1.152225e-02
<VARIANCE> 39
 3.199560e+00 1.772553e+01 1.792814e+01 1.963018e+01 1.396409e+01 1.912255e+01 4.109385e+01 2.775590e+01 2.138686e+01 4.524131e+01 3.003870e+01 3.063618e+01 3.130796e+00 1.762416e-01 4.397374e-01 5.191118e-01 9.064301e-01 1.016378e+00 1.193931e+00 1.791580e+00 1.595258e+00 1.487257e+00 1.566166e+00 8.797112e-01 2.796165e+00 6.778374e-02 3.609656e-02 3.218668e-02 7.013443e-02 1.062060e-01 1.279825e-01 1.721447e-01 2.123740e-01 1.674042e-01 2.287831e-01 2.928555e-01 1.868656e-01 2.029659e-01 1.024928e-02
<GCONST> 7.666735e+01
<STATE> 11
<MEAN> 39
 -5.131312e+00 3.308790e+00 1.306452e+00 -4.598044e+00 9.230746e-01 -4.563723e+00 -1.916090e+00 -1.157653e+01 -6.184229e+00 -1.002868e+01 -2.164520e+00 -8.992818e+00 6.252209e+01 -1.227205e+00 -2.967981e-01 3.413651e-01 2.512758e-01 1.275241e-01 -1.795861e-02 -1.504732e-01 2.832699e-01 3.438006e-01 -2.425690e-01 -2.213755e-01 1.164027e-01 -7.065488e-01 5.501370e-02 -2.089475e-01 -1.755265e-01 -4.044395e-02 -6.742719e-02 2.980627e-02 9.434506e-04 -8.478241e-02 5.238296e-02 1.571823e-01 9.905484e-02 9.909700e-02 7.368655e-02
<VARIANCE> 39
 8.566527e+00 7.002561e+00 8.294672e+00 1.522836e+01 1.665068e+01 1.773396e+01 1.850247e+01 1.642851e+01 1.848781e+01 2.676641e+01 2.581457e+01 3.854144e+01 2.521116e+00 9.167484e-02 4.841793e-01 5.648623e-01 5.186324e-01 6.394228e-01 1.196826e+00 1.654029e+00 1.357216e+00 1.197444e+00 7.485220e-01 1.215673e+00 5.799709e-01 3.041471e-02 5.217888e-02 6.727766e-02 1.327878e-01 1.028813e-01 1.446544e-01 1.954463e-01 2.766667e-01 2.754595e-01 2.801277e-01 1.732977e-01 2.960750e-01 1.545503e-01 2.160018e-02
<GCONST> 7.226341e+01
<STATE> 12
<MEAN> 39
 -8.595069e+00 -3.131254e-01 -7.609972e-01 -4.997454e+00 -2.318056e-01 -5.145918e+00 -2.726869e+00 -1.124469e+01 -3.674783e+00 -9.020055e+00 -1.996737e+00 -8.076742e+00 6.127711e+01 1.249108e+00 -1.939210e+00 -2.916436e+00 -1.818389e+00 -4.040366e-01 7.897106e-01 -2.544720e-01 -4.939226e-01 1.475803e+00 1.929249e+00 4.436039e-01 -8.139459e-01 1.478406e+00 8.643535e-01 -6.259547e-01 -8.956370e-01 -6.026377e-01 1.114353e-01 5.364032e-01 -2.165482e-01 -3.720490e-01 2.793636e-01 5.079554e-01 -1.353428e-01 -5.094681e-01 7.866397e-01
<VARIANCE> 39
 5.431279e+00 8.710256e+00 2.416173e+01 1.722008e+01 2.030194e+01 2.915751e+01 1.881352e+01 2.637207e+01 2.934249e+01 2.310503e+01 2.764860e+01 3.295345e+01 4.453777e+00 2.635566e+00 1.759600e+00 5.508049e+00 3.622999e+00 4.201119e+00 3.830273e+00 4.467018e+00 3.853093e+00 3.649117e+00 3.585063e+00 2.355688e+00 3.260637e+00 2.174828e+00 1.082659e-01 1.400151e-01 9.826992e-01 5.090748e-01 7.357973e-01 5.627090e-01 7.284853e-01 5.632798e-01 5.791984e-01 7.260094e-01 5.740644e-01 4.334860e-01 1.186276e-01
<GCONST> 1.134778e+02
<STATE> 13
<MEAN> 39
 1.497154e+00 -1.104770e+01 -1.616862e+01 -1.413807e+01 -2.952484e-01 2.901804e+00 -5.141163e+00 -1.754417e+01 2.058630e+00 1.064062e+00 -3.273635e+00 -1.542165e+01 7.117045e+01 1.726200e+00 -2.715455e+00 -1.466574e+00 1.012065e-01 3.912368e-01 1.256793e+00 -5.202106e-01 3.514705e-02 1.554310e+00 8.635322e-01 -1.797991e+00 -1.022680e+00 2.240909e+00 -7.416117e-01 3.934466e-01 1.373780e+00 1.166686e+00 -1.333432e-01 -7.964212e-01 2.810532e-01 9.528163e-01 -2.653403e-01 -1.094972e+00 -4.004763e-01 8.660851e-01 -4.891864e-01
<VARIANCE> 39
 3.304050e+00 1.349584e+01 4.279412e+01 1.608569e+01 6.133137e+01 6.331243e+01 1.053353e+02 6.831953e+01 6.181464e+01 6.543935e+01 2.528575e+01 1.809264e+01 9.824133e+00 1.634125e+00 1.328051e+00 8.895424e+00 4.479353e+00 4.752510e+00 5.048736e+00 4.468369e+00 6.177978e+00 1.872272e+00 6.585177e+00 2.058519e+00 3.956049e+00 1.372105e+00 1.102327e-01 1.357579e-01 3.770557e-01 4.274755e-01 6.947868e-01 4.405543e-01 7.488363e-01 5.807282e-01 8.407837e-01 3.366347e-01 5.041853e-01 6.047732e-01 9.655925e-02
<GCONST> 1.189205e+02
<STATE> 14
<MEAN> 39
 1.583452e+00 -1.702210e+01 -1.170372e+01 -6.909051e+00 -2.518907e+00 -4.670435e-01 -4.357150e+00 -9.184688e+00 5.182229e+00 -4.331804e+00 -9.015994e+00 -9.929893e+00 7.492260e+01 -2.184078e-01 1.595799e-01 9.289123e-01 8.076598e-01 -4.843996e-01 -1.328948e+00 -2.361363e-01 1.331607e+00 2.362918e-02 -1.364599e+00 -5.897168e-01 9.244633e-01 -1.280669e-01 -1.827025e-01 6.881100e-01 9.471303e-02 -2.115363e-01 6.856198e-02 -7.760806e-02 -2.721841e-02 -4.348984e-01 -3.310578e-01 7.625166e-02 3.697700e-01 -2.484668e-01 -4.796611e-01
<VARIANCE> 39
 2.673076e+00 1.650496e+01 8.413195e+01 2.845469e+01 9.739455e+01 1.154273e+02 7.921877e+01 9.829357e+01 4.390066e+01 1.087884e+02 3.157772e+01 3.124028e+01 1.247876e+01 1.265117e-01 2.024993e+00 4.353517e-01 2.108875e+00 1.537514e+00 9.725892e-01 1.535795e+00 2.569339e+00 2.173064e+00 1.754593e+00 1.448610e+00 1.911239e+00 6.173254e-01 5.130688e-02 1.263581e-01 2.167015e-01 3.118289e-01 3.820089e-01 3.346182e-01 3.111658e-01 3.831916e-01 3.120249e-01 3.821492e-01 1.525714e-01 3.735373e-01 5.028681e-02
<GCONST> 1.017257e+02
<STATE> 15
<MEAN> 39
 -9.714466e-01 -1.085201e+01 -6.194370e+00 -5.424733e+00 -1.630146e+00 -5.255960e+00 -6.792356e+00 -7.301248e+00 3.275668e+00 -9.200174e+00 -8.258139e+00 -1.141823e+01 7.042469e+01 -1.190058e+00 1.404081e+00 5.958461e-01 2.586018e-01 3.649366e-01 -4.204317e-02 5.932527e-01 -5.038661e-01 -8.882076e-01 -5.714154e-01 1.560770e-01 -5.791042e-01 -1.594367e+00 -1.485474e-01 -2.388806e-01 -2.283476e-01 -1.992062e-01 8.792605e-02 3.705848e-01 3.078561e-01 2.284399e-01 1.014334e-01 1.131241e-01 -4.378051e-02 1.630803e-02 2.574852e-03
<VARIANCE> 39
 5.489771e+00 7.581131e+00 5.875409e+01 1.597179e+01 2.992154e+01 5.775610e+01 3.596205e+01 6.239949e+01 2.503235e+01 4.033565e+01 5.035331e+01 1.710160e+01 9.701893e+00 2.703043e-01 5.362438e-01 1.479581e+00 7.748155e-01 2.278533e+00 1.586674e+00 1.912908e+00 1.267865e+00 2.327123e+00 1.880050e+00 8.713251e-01 9.037929e-01 1.142197e-01 5.752090e-02 6.937926e-02 7.546746e-02 1.477315e-01 2.115051e-01 1.804504e-01 2.900780e-01 3.393439e-01 2.896247e-01 2.348789e-01 1.454931e-01 2.285747e-01 4.207266e-02
<GCONST> 8.794848e+01
<STATE> 16
<MEAN> 39
 -6.053424e+00 -6.703903e+00 -7.095475e+00 -6.823305e+00 5.730427e-02 -3.712932e+00 -1.017829e+00 -6.588521e+00 7.350321e-01 -1.118811e+01 -9.702271e+00 -1.250214e+01 6.431203e+01 -8.823344e-01 6.137304e-01 1.234422e-01 -4.166954e-01 1.700766e-01 5.308650e-01 1.087758e+00 6.758724e-01 -3.132140e-01 -2.871324e-01 -8.686203e-02 -1.930070e-01 -8.959141e-01 7.903278e-02 -7.211221e-02 3.849742e-02 4.589703e-02 -9.072562e-02 5.674428e-04 -8.678669e-02 6.755358e-02 9.204615e-02 7.835744e-02 6.850920e-02 -2.821997e-02 1.096496e-01
<VARIANCE> 39
 2.998547e+00 4.177505e+00 1.429045e+01 9.689204e+00 1.241580e+01 2.912814e+01 2.317977e+01 3.855672e+01 3.294221e+01 4.173933e+01 4.713496e+01 2.908560e+01 2.628493e+00 1.624265e-01 2.527497e-01 4.754179e-01 8.489915e-01 8.086509e-01 1.089693e+00 2.021232e+00 1.669305e+00 1.480005e+00 1.325812e+00 1.286724e+00 9.606745e-01 8.189918e-02 2.662452e-02 4.631071e-02 6.841720e-02 8.736672e-02 1.509173e-01 1.077005e-01 2.471979e-01 2.013618e-01 3.045816e-01 2.023038e-01 2.009486e-01 2.117660e-01 1.118392e-02
<GCONST> 7.323608e+01
<STATE> 17
<MEAN> 39
 -1.034099e+01 -4.423543e+00 -5.675389e+00 -7.943260e+00 -4.165944e-01 -1.692449e+00 2.822955e+00 -3.513313e+00 8.679000e-01 -1.195226e+01 -9.286407e+00 -1.365949e+01 6.052319e+01 -8.106379e-01 1.931728e-01 4.344378e-01 1.946577e-01 1.055681e-01 1.439083e-01 3.410960e-01 5.774838e-02 -9.195130e-02 7.738359e-02 5.731929e-01 1.488860e-01 -6.042131e-01 -6.880004e-03 -9.366187e-02 -5.603279e-03 8.549462e-02 8.234873e-02 -6.004471e-02 -8.502824e-02 -2.059516e-01 -2.024706e-01 3.357038e-04 7.702360e-02 2.096415e-01 3.327527e-02
<VARIANCE> 39
 2.603320e+00 4.663950e+00 9.503428e+00 1.507310e+01 2.461513e+01 1.295668e+01 2.368479e+01 2.866806e+01 1.431332e+01 2.215687e+01 2.008315e+01 1.305232e+01 1.315512e+00 6.304000e-02 2.366865e-01 4.756797e-01 6.043394e-01 1.486310e+00 1.109624e+00 1.293249e+00 9.217592e-01 1.279343e+00 7.662057e-01 7.909384e-01 1.150646e+00 3.019136e-02 1.040815e-02 3.679220e-02 6.363421e-02 1.067364e-01 1.994896e-01 1.473860e-01 1.687301e-01 1.868830e-01 1.362732e-01 1.375419e-01 1.672475e-01 1.591129e-01 3.402786e-03
<GCONST> 6.150685e+01
<STATE> 18
<MEAN> 39
 -1.402997e+01 -4.425423e+00 -3.814820e+00 -6.098213e+00 1.374898e+00 -1.924271e+00 2.246889e+00 -5.676602e+00 -3.248659e+00 -1.210621e+01 -4.538900e+00 -9.734038e+00 5.814787e+01 -6.540603e-01 5.763438e-03 5.323420e-01 6.868425e-01 6.736330e-01 4.155314e-01 5.118250e-01 3.851871e-01 -3.174276e-01 2.714190e-01 9.594137e-01 7.059791e-01 -4.033435e-01 6.063816e-02 -1.976361e-02 -1.365559e-03 1.178981e-04 4.645064e-02 2.633882e-01 2.894241e-01 3.150433e-01 3.309126e-01 7.088629e-03 -8.770066e-02 -8.563115e-02 5.605152e-02
<VARIANCE> 39
 2.811112e+00 6.417899e+00 9.167506e+00 1.653362e+01 3.499879e+01 2.061536e+01 1.814605e+01 1.943234e+01 1.393589e+01 2.193107e+01 1.753852e+01 2.286450e+01 7.636176e-01 9.111807e-02 3.011461e-01 3.090283e-01 7.232848e-01 7.805035e-01 1.888531e+00 2.256766e+00 1.596837e+00 1.467348e+00 1.607433e+00 1.898834e+00 1.096003e+00 3.082149e-02 1.591137e-02 6.320498e-02 6.357789e-02 1.542802e-01 1.567794e-01 2.415650e-01 3.755940e-01 9.251249e-02 1.779150e-01 2.453405e-01 4.030111e-01 2.871482e-01 2.784000e-03
<GCONST> 6.883999e+01
<STATE> 19
<MEAN> 39
 -1.672206e+01 -4.542384e+00 -1.537423e+00 -3.020510e+00 5.018535e+00 2.915597e+00 8.034709e+00 -1.505658e+00 -1.439851e+00 -1.124135e+01 -3.823611e+00 -1.026870e+01 5.658392e+01 -7.082164e-01 -3.055386e-01 2.097594e-01 3.516822e-01 3.181677e-01 5.602911e-01 7.834864e-01 3.149417e-01 -5.481564e-02 -2.879759e-01 9.217084e-02 1.133076e-01 -3.699043e-01 1.845575e-02 -5.968576e-02 -4.596899e-02 -3.213898e-02 -9.989489e-02 -1.925519e-01 -1.946162e-01 -1.279496e-01 -6.622727e-02 -4.616305e-02 -1.606908e-02 6.053259e-02 1.036190e-02
<VARIANCE> 39
 4.873303e+00 6.539654e+00 7.051856e+00 1.179686e+01 2.165809e+01 1.154183e+01 1.206786e+01 1.580341e+01 1.197752e+01 3.756105e+01 1.848391e+01 1.061393e+01 1.129809e+00 2.119637e-01 3.454044e-01 6.302492e-01 7.553179e-01 9.200345e-01 8.421661e-01 1.056246e+00 1.406674e+00 1.004309e+00 1.682638e+00 1.241738e+00 1.219332e+00 5.006338e-02 2.877800e-02 5.156944e-02 1.089209e-01 1.184066e-01 1.336718e-01 1.376558e-01 2.084628e-01 2.526016e-01 1.504561e-01 2.079510e-01 1.586465e-01 2.205599e-01 8.026390e-03
<GCONST> 6.712618e+01
<TRANSP> 20
 0.000000e+00 1.000000e+00 0.000000e+00 0.000000e+00 0.000000e+00 0.000000e+00 0.000000e+00 0.000000e+00 0.000000e+00 0.000000e+00 0.000000e+00 0.000000e+00 0.000000e+00 0.000000e+00 0.000000e+00 0.000000e+00 0.000000e+00 0.000000e+00 0.000000e+00 0.000000e+00
 0.000000e+00 7.600541e-01 2.399459e-01 0.000000e+00 0.000000e+00 0.000000e+00 0.000000e+00 0.000000e+00 0.000000e+00 0.000000e+00 0.000000e+00 0.000000e+00 0.000000e+00 0.000000e+00 0.000000e+00 0.000000e+00 0.000000e+00 0.000000e+00 0.000000e+00 0.000000e+00
 0.000000e+00 0.000000e+00 8.234921e-01 1.765079e-01 0.000000e+00 0.000000e+00 0.000000e+00 0.000000e+00 0.000000e+00 0.000000e+00 0.000000e+00 0.000000e+00 0.000000e+00 0.000000e+00 0.000000e+00 0.000000e+00 0.000000e+00 0.000000e+00 0.000000e+00 0.000000e+00
 0.000000e+00 0.000000e+00 0.000000e+00 7.647033e-01 2.352967e-01 0.000000e+00 0.000000e+00 0.000000e+00 0.000000e+00 0.000000e+00 0.000000e+00 0.000000e+00 0.000000e+00 0.000000e+00 0.000000e+00 0.000000e+00 0.000000e+00 0.000000e+00 0.000000e+00 0.000000e+00
 0.000000e+00 0.000000e+00 0.000000e+00 0.000000e+00 8.213578e-01 1.786422e-01 0.000000e+00 0.000000e+00 0.000000e+00 0.000000e+00 0.000000e+00 0.000000e+00 0.000000e+00 0.000000e+00 0.000000e+00 0.000000e+00 0.000000e+00 0.000000e+00 0.000000e+00 0.000000e+00
 0.000000e+00 0.000000e+00 0.000000e+00 0.000000e+00 0.000000e+00 7.379278e-01 2.620722e-01 0.000000e+00 0.000000e+00 0.000000e+00 0.000000e+00 0.000000e+00 0.000000e+00 0.000000e+00 0.000000e+00 0.000000e+00 0.000000e+00 0.000000e+00 0.000000e+00 0.000000e+00
 0.000000e+00 0.000000e+00 0.000000e+00 0.000000e+00 0.000000e+00 0.000000e+00 7.087119e-01 2.912882e-01 0.000000e+00 0.000000e+00 0.000000e+00 0.000000e+00 0.000000e+00 0.000000e+00 0.000000e+00 0.000000e+00 0.000000e+00 0.000000e+00 0.000000e+00 0.000000e+00
 0.000000e+00 0.000000e+00 0.000000e+00 0.000000e+00 0.000000e+00 0.000000e+00 0.000000e+00 8.224406e-01 1.775594e-01 0.000000e+00 0.000000e+00 0.000000e+00 0.000000e+00 0.000000e+00 0.000000e+00 0.000000e+00 0.000000e+00 0.000000e+00 0.000000e+00 0.000000e+00
 0.000000e+00 0.000000e+00 0.000000e+00 0.000000e+00 0.000000e+00 0.000000e+00 0.000000e+00 0.000000e+00 7.556857e-01 2.443143e-01 0.000000e+00 0.000000e+00 0.000000e+00 0.000000e+00 0.000000e+00 0.000000e+00 0.000000e+00 0.000000e+00 0.000000e+00 0.000000e+00
 0.000000e+00 0.000000e+00 0.000000e+00 0.000000e+00 0.000000e+00 0.000000e+00 0.000000e+00 0.000000e+00 0.000000e+00 8.554691e-01 1.445309e-01 0.000000e+00 0.000000e+00 0.000000e+00 0.000000e+00 0.000000e+00 0.000000e+00 0.000000e+00 0.000000e+00 0.000000e+00
 0.000000e+00 0.000000e+00 0.000000e+00 0.000000e+00 0.000000e+00 0.000000e+00 0.000000e+00 0.000000e+00 0.000000e+00 0.000000e+00 8.334989e-01 1.665011e-01 0.000000e+00 0.000000e+00 0.000000e+00 0.000000e+00 0.000000e+00 0.000000e+00 0.000000e+00 0.000000e+00
 0.000000e+00 0.000000e+00 0.000000e+00 0.000000e+00 0.000000e+00 0.000000e+00 0.000000e+00 0.000000e+00 0.000000e+00 0.000000e+00 0.000000e+00 7.449224e-01 2.550776e-01 0.000000e+00 0.000000e+00 0.000000e+00 0.000000e+00 0.000000e+00 0.000000e+00 0.000000e+00
 0.000000e+00 0.000000e+00 0.000000e+00 0.000000e+00 0.000000e+00 0.000000e+00 0.000000e+00 0.000000e+00 0.000000e+00 0.000000e+00 0.000000e+00 0.000000e+00 6.923676e-01 3.076324e-01 0.000000e+00 0.000000e+00 0.000000e+00 0.000000e+00 0.000000e+00 0.000000e+00
 0.000000e+00 0.000000e+00 0.000000e+00 0.000000e+00 0.000000e+00 0.000000e+00 0.000000e+00 0.000000e+00 0.000000e+00 0.000000e+00 0.000000e+00 0.000000e+00 0.000000e+00 8.120850e-01 1.879150e-01 0.000000e+00 0.000000e+00 0.000000e+00 0.000000e+00 0.000000e+00
 0.000000e+00 0.000000e+00 0.000000e+00 0.000000e+00 0.000000e+00 0.000000e+00 0.000000e+00 0.000000e+00 0.000000e+00 0.000000e+00 0.000000e+00 0.000000e+00 0.000000e+00 0.000000e+00 7.380906e-01 2.619094e-01 0.000000e+00 0.000000e+00 0.000000e+00 0.000000e+00
 0.000000e+00 0.000000e+00 0.000000e+00 0.000000e+00 0.000000e+00 0.000000e+00 0.000000e+00 0.000000e+00 0.000000e+00 0.000000e+00 0.000000e+00 0.000000e+00 0.000000e+00 0.000000e+00 0.000000e+00 8.108331e-01 1.891669e-01 0.000000e+00 0.000000e+00 0.000000e+00
 0.000000e+00 0.000000e+00 0.000000e+00 0.000000e+00 0.000000e+00 0.000000e+00 0.000000e+00 0.000000e+00 0.000000e+00 0.000000e+00 0.000000e+00 0.000000e+00 0.000000e+00 0.000000e+00 0.000000e+00 0.000000e+00 8.088948e-01 1.911053e-01 0.000000e+00 0.000000e+00
 0.000000e+00 0.000000e+00 0.000000e+00 0.000000e+00 0.000000e+00 0.000000e+00 0.000000e+00 0.000000e+00 0.000000e+00 0.000000e+00 0.000000e+00 0.000000e+00 0.000000e+00 0.000000e+00 0.000000e+00 0.000000e+00 0.000000e+00 7.201083e-01 2.798917e-01 0.000000e+00
 0.000000e+00 0.000000e+00 0.000000e+00 0.000000e+00 0.000000e+00 0.000000e+00 0.000000e+00 0.000000e+00 0.000000e+00 0.000000e+00 0.000000e+00 0.000000e+00 0.000000e+00 0.000000e+00 0.000000e+00 0.000000e+00 0.000000e+00 0.000000e+00 8.187683e-01 1.812317e-01
 0.000000e+00 0.000000e+00 0.000000e+00 0.000000e+00 0.000000e+00 0.000000e+00 0.000000e+00 0.000000e+00 0.000000e+00 0.000000e+00 0.000000e+00 0.000000e+00 0.000000e+00 0.000000e+00 0.000000e+00 0.000000e+00 0.000000e+00 0.000000e+00 0.000000e+00 0.000000e+00
<ENDHMM>
