~o
<STREAMINFO> 1 39
<VECSIZE> 39<NULLD><MFCC_D_A_0><DIAGC>
~h "nyalakan"
<BEGINHMM>
<NUMSTATES> 20
<STATE> 2
<MEAN> 39
 -1.458170e+01 -5.600315e+00 5.324253e-01 -2.815226e+00 -6.210077e-01 -2.649211e+00 -1.659331e+00 -4.658405e+00 -1.237725e+00 -7.500745e+00 1.128573e+00 -7.223800e+00 5.704922e+01 1.708313e+00 2.134961e+00 1.545451e+00 2.493712e-01 -6.071994e-01 -1.441695e+00 -9.371023e-01 -9.470755e-01 -1.205767e+00 -8.136958e-01 -3.132391e-01 -1.412778e-01 1.062186e+00 5.689769e-01 2.725078e-01 2.639699e-01 -3.482713e-01 -7.794874e-01 -8.958400e-01 -4.044177e-01 8.321398e-02 -3.642505e-01 -2.036558e-02 2.038584e-01 1.212754e-02 4.506001e-01
<VARIANCE> 39
 9.232117e+00 1.337647e+01 1.577085e+01 6.924572e+00 1.312831e+01 2.193491e+01 2.173785e+01 2.162914e+01 2.131717e+01 2.754950e+01 2.469610e+01 1.503447e+01 2.301438e+00 2.002166e+00 2.135763e+00 2.048406e+00 1.046816e+00 2.163504e+00 4.163013e+00 4.146181e+00 3.104891e+00 2.973110e+00 3.862941e+00 3.244992e+00 2.115344e+00 6.892567e-01 1.822232e-01 3.855523e-01 2.266697e-01 1.803173e-01 3.626952e-01 3.461277e-01 4.748705e-01 6.655407e-01 5.784158e-01 8.152435e-01 6.587148e-01 2.920678e-01 6.313644e-02
<GCONST> 1.028505e+02
<STATE> 3
<MEAN> 39
 -3.613346e+00 2.533864e+00 7.659645e+00 -7.312706e+00 -1.025312e+01 -1.452713e+01 -5.959161e+00 -4.383891e+00 -8.730519e+00 -1.053172e+01 3.655803e+00 -7.154729e+00 6.514338e+01 1.615697e+00 -1.098521e+00 5.037264e-01 -9.376817e-01 -2.374643e+00 -2.164599e+00 1.115314e+00 2.970037e+00 -1.282064e+00 -1.072898e+00 5.996969e-01 4.017176e-01 2.296156e+00 -4.922899e-01 -1.302018e+00 -6.800468e-01 3.391387e-01 5.142297e-01 6.222128e-01 5.315562e-01 6.305702e-01 4.861151e-01 -3.631781e-01 -5.148791e-01 3.325452e-02 -3.209159e-02
<VARIANCE> 39
 7.131622e+00 2.198604e+01 5.988908e+01 4.438695e+01 3.830551e+01 3.777466e+01 4.186531e+01 1.386762e+02 4.355201e+01 6.770081e+01 1.162292e+02 2.872689e+01 1.172642e+01 1.902455e+00 7.899339e+00 3.776593e+00 4.474092e+00 5.411844e+00 5.888836e+00 6.766011e+00 1.005817e+01 6.206936e+00 7.029016e+00 7.464771e+00 4.431099e+00 5.185240e-01 1.413157e-01 4.311137e-01 2.541509e-01 1.052250e+00 1.091902e+00 8.988050e-01 1.420077e+00 1.822849e+00 9.894025e-01 9.273779e-01 1.218356e+00 8.554906e-01 8.738171e-02
<GCONST> 1.332957e+02
<STATE> 4
<MEAN> 39
 -1.415303e+00 -1.061775e+01 5.092895e+00 -4.325212e+00 -1.214582e+01 -1.773074e+01 -3.533354e-03 9.987079e+00 -8.835758e+00 -1.717022e+01 5.017728e-01 -6.014537e+00 7.287247e+01 5.286193e-01 -2.617793e+00 -1.956191e+00 7.464253e-01 2.001027e+00 1.185289e+00 -1.210466e+00 -6.843085e-02 1.647192e+00 -8.795347e-01 -2.643464e+00 -6.555040e-01 1.178185e+00 -1.677132e-02 6.681906e-01 -3.567192e-01 -3.510906e-01 8.624027e-01 8.661604e-01 -9.242887e-01 -1.547820e+00 5.089356e-01 8.854839e-01 -1.422306e-02 -5.018866e-01 -4.604962e-01
<VARIANCE> 39
 5.372565e+00 1.140598e+01 1.059639e+02 1.556337e+01 4.585885e+01 6.057902e+01 7.202795e+01 2.139566e+02 7.269714e+01 9.788963e+01 1.275468e+02 3.602101e+01 6.156758e+00 2.801271e-01 1.119100e+00 1.130724e+00 2.162708e+00 2.812421e+00 2.882634e+00 4.174397e+00 7.098310e+00 2.812898e+00 3.344535e+00 1.690017e+00 3.655200e+00 3.105047e-01 6.523066e-02 1.057034e-01 3.124732e-01 2.697627e-01 7.855575e-01 6.922218e-01 8.672448e-01 9.562057e-01 1.023433e+00 4.978056e-01 7.951052e-01 3.655756e-01 1.900209e-02
<GCONST> 1.138820e+02
<STATE> 5
<MEAN> 39
 5.472792e-01 -1.547377e+01 -9.703103e-01 -5.569511e+00 -3.038229e+00 -1.066344e+01 -6.228885e+00 5.573619e+00 -2.218437e+00 -1.039138e+01 -2.432462e+00 -1.200054e+01 7.481046e+01 4.258535e-01 -1.074980e-01 -1.762733e+00 -1.021205e+00 2.001420e+00 2.433273e+00 -1.529228e+00 -2.962647e+00 1.432084e+00 1.706613e+00 -3.923008e-01 -1.005395e+00 -7.425440e-03 -2.832548e-02 5.981974e-01 3.021755e-01 -1.951120e-01 -4.327245e-01 -1.894668e-01 3.408153e-01 -3.808180e-03 -4.225248e-01 2.120581e-01 6.160492e-01 2.691898e-01 -2.092304e-01
<VARIANCE> 39
 3.917337e+00 9.384153e+00 6.099149e+01 2.045472e+01 6.416928e+01 5.194674e+01 2.190782e+01 1.846546e+02 3.073387e+01 9.007092e+01 6.340793e+01 8.108720e+01 5.652355e+00 2.220280e-01 7.402813e-01 8.393995e-01 7.230486e-01 1.516958e+00 1.291250e+00 1.547254e+00 2.541394e+00 2.623798e+00 1.122205e+00 2.235180e+00 1.786360e+00 8.290783e-02 2.780291e-02 5.582817e-02 7.148892e-02 1.755931e-01 2.173049e-01 2.330987e-01 1.303095e-01 4.883000e-01 2.457005e-01 2.676552e-01 3.848849e-01 3.774048e-01 1.327323e-02
<GCONST> 9.118543e+01
<STATE> 6
<MEAN> 39
 1.698932e+00 -1.223979e+01 -1.179408e+01 -9.916446e+00 -1.171553e+00 -5.757750e-01 -8.637096e+00 -1.461759e+01 1.602805e+00 -1.052000e+01 -1.090392e+01 -1.143680e+01 7.233693e+01 6.424391e-02 2.030119e-01 -6.222720e-01 -6.950980e-02 4.632211e-01 1.497117e-01 1.737817e-01 -5.363098e-01 2.163649e-01 8.967995e-01 -1.578365e-01 -3.660126e-01 -1.830969e-01 -1.174049e-01 5.953932e-02 1.851082e-01 1.078668e-01 -1.133792e-01 -2.541569e-01 1.004230e-01 2.313739e-01 -9.665835e-02 -8.048636e-02 2.744400e-02 -2.214530e-02 -7.194991e-02
<VARIANCE> 39
 2.650266e+00 6.293305e+00 2.578957e+01 1.765343e+01 5.318737e+01 7.712740e+01 3.949916e+01 8.428757e+01 2.317252e+01 9.686632e+01 8.240966e+01 6.907791e+01 4.866438e+00 2.058091e-01 6.194888e-01 9.171373e-01 1.235664e+00 1.314996e+00 2.181883e+00 1.054678e+00 2.412483e+00 1.483856e+00 2.500171e+00 1.528377e+00 2.032886e+00 1.501274e-01 3.330790e-02 1.402990e-01 1.344237e-01 1.928206e-01 1.913069e-01 2.845863e-01 1.879255e-01 2.785007e-01 3.634537e-01 4.348153e-01 2.192623e-01 2.554854e-01 3.575693e-02
<GCONST> 9.265206e+01
<STATE> 7
<MEAN> 39
 1.999812e+00 -1.073426e+01 -1.505314e+00 -1.011648e+01 9.214628e+00 -3.711889e+00 -1.199049e+01 3.452506e+00 -1.392126e+00 1.966866e+00 2.179821e+00 -1.680964e+01 7.487626e+01 -3.364591e-01 5.775551e-01 2.889732e-01 1.414693e-01 -4.057222e-02 1.249251e-01 6.614719e-02 -3.865599e-01 -1.026249e-01 -3.332341e-01 -1.021125e-01 -1.669127e-01 -4.661644e-01 -1.295625e-01 -6.192370e-03 5.281018e-02 1.012355e-01 -6.815938e-04 7.501546e-02 9.098500e-02 2.928829e-03 -2.843248e-02 -2.588099e-01 -4.667008e-02 7.844379e-02 -1.087599e-01
<VARIANCE> 39
 4.110528e+00 1.304298e+01 4.745686e+01 4.024823e+01 2.902867e+01 5.161255e+01 1.625556e+01 9.645930e+01 5.369405e+01 5.331781e+01 6.958578e+01 4.006272e+01 6.666883e+00 4.137910e-01 1.231302e+00 8.432698e-01 1.218260e+00 9.363184e-01 2.057362e+00 8.543942e-01 1.368178e+00 1.331714e+00 1.696401e+00 1.727871e+00 1.291521e+00 7.617305e-01 5.722004e-02 1.407635e-01 1.155690e-01 1.496215e-01 1.739761e-01 3.492924e-01 1.504689e-01 2.142283e-01 2.572269e-01 2.682110e-01 3.420032e-01 2.988634e-01 6.371906e-02
<GCONST> 9.436094e+01
<STATE> 8
<MEAN> 39
 -5.280589e+00 -6.120243e+00 -6.519364e+00 -6.772521e+00 2.738327e+00 -1.658940e+00 -4.380793e+00 -1.043831e+01 -6.914306e-01 -8.096415e+00 -6.842281e+00 -1.489275e+01 6.502612e+01 -1.059189e+00 5.764722e-01 2.727760e-01 1.782147e-01 2.558829e-01 1.641816e-01 6.851363e-01 5.505728e-01 -3.021905e-01 -8.868616e-01 -2.616773e-01 1.096123e-01 -9.818525e-01 7.568363e-02 -2.149600e-01 -1.457826e-01 3.531737e-02 5.776076e-02 -2.621454e-01 -9.820583e-02 2.214155e-01 2.375930e-01 8.123075e-02 -1.510761e-01 1.210244e-01 1.934389e-01
<VARIANCE> 39
 8.882055e+00 7.741209e+00 2.590277e+01 2.540646e+01 2.961115e+01 2.991417e+01 2.326020e+01 6.315888e+01 2.132033e+01 4.760672e+01 4.758819e+01 2.487460e+01 6.364610e+00 2.285561e-01 3.448975e-01 8.075413e-01 7.243785e-01 1.179346e+00 1.503523e+00 1.470946e+00 1.866594e+00 1.503026e+00 1.452227e+00 1.538146e+00 1.156291e+00 1.872501e-01 4.103988e-02 7.005380e-02 9.704569e-02 2.374405e-01 2.503470e-01 5.098544e-01 4.391048e-01 2.850788e-01 3.187894e-01 3.339921e-01 3.342279e-01 2.081068e-01 2.603595e-02
<GCONST> 8.820058e+01
<STATE> 9
<MEAN> 39
 -8.839970e+00 -7.558357e+00 -8.710916e+00 -3.355130e+00 5.937730e+00 -8.511470e+00 -5.331475e+00 -3.424255e+00 3.616339e+00 -1.185927e+01 -9.063938e+00 -1.158952e+01 6.391969e+01 3.289525e-01 -1.045117e+00 -5.090817e-01 6.145499e-01 -1.342114e-01 -2.240116e+00 -8.636871e-01 1.292289e+00 1.491502e+00 9.744580e-01 -1.138739e-01 9.008877e-01 8.403729e-01 6.094934e-01 -2.622679e-01 -9.338559e-03 -3.987284e-01 -5.087208e-01 2.065688e-01 -1.206527e-01 -3.207526e-01 -1.623062e-01 5.580668e-01 1.948916e-01 -9.908812e-02 5.112845e-01
<VARIANCE> 39
 6.849737e+00 1.431634e+01 2.732858e+01 4.000155e+01 3.033987e+01 7.271548e+01 3.697826e+01 7.840163e+01 3.789426e+01 2.592789e+01 5.119716e+01 3.541795e+01 6.664692e+00 2.062215e+00 1.148439e+00 1.564538e+00 4.002088e+00 5.727597e+00 5.907043e+00 6.037931e+00 4.418461e+00 4.533314e+00 4.910078e+00 4.560606e+00 4.211828e+00 1.122372e+00 1.746161e-01 2.406817e-01 3.767566e-01 7.431659e-01 1.205264e+00 1.489407e+00 1.234790e+00 9.562237e-01 1.356116e+00 7.454394e-01 7.884082e-01 1.225256e+00 1.253714e-01
<GCONST> 1.251047e+02
<STATE> 10
<MEAN> 39
 -1.701118e+00 -1.294393e+01 -8.320188e+00 -6.977008e+00 -1.169495e-01 -1.514141e+01 -8.623291e+00 5.729736e-01 3.804888e+00 -4.280631e+00 -8.102569e+00 -1.138612e+01 7.204824e+01 2.072972e+00 -1.840810e+00 -9.600785e-02 -1.441297e+00 -1.950585e+00 4.767705e-01 4.067539e-01 -4.057329e-01 -2.165751e+00 6.045425e-01 -2.475303e-01 -3.653438e-02 2.604443e+00 -4.313461e-01 1.010752e-01 5.480003e-02 2.219776e-01 3.440627e-01 5.827298e-01 6.156924e-01 -2.135119e-01 -6.924646e-01 -8.638276e-01 -2.941597e-01 2.420281e-01 -2.966089e-01
<VARIANCE> 39
 7.494491e+00 1.739709e+01 8.454674e+01 1.963981e+01 8.000613e+01 1.021832e+02 4.100086e+01 1.454409e+02 6.120470e+01 4.117330e+01 9.161298e+01 5.032270e+01 1.691861e+01 1.180323e+00 1.857340e+00 2.309916e+00 2.948776e+00 9.761887e+00 9.468708e+00 3.379223e+00 4.294367e+00 5.651557e+00 7.874269e+00 3.902038e+00 8.694131e+00 7.268625e-01 1.964701e-01 2.620171e-01 3.350536e-01 3.900264e-01 9.356201e-01 8.039078e-01 6.078752e-01 4.516152e-01 1.081669e+00 6.759253e-01 5.640025e-01 8.255203e-01 2.112596e-01
<GCONST> 1.284555e+02
<STATE> 11
<MEAN> 39
 3.228384e-02 -1.754268e+01 -1.101412e+01 -5.626448e+00 -8.008924e+00 -5.867388e+00 -3.116749e+00 -6.842875e+00 3.779631e-01 -6.458109e+00 -1.281123e+01 -5.805511e+00 7.563235e+01 -7.844135e-02 -6.356831e-01 7.193102e-01 8.357655e-02 -6.125399e-01 1.264391e-01 3.043952e-01 3.379445e-01 -9.137414e-01 -1.138973e+00 -3.588053e-02 4.757846e-01 2.995819e-01 -2.640988e-01 5.204111e-01 3.844401e-01 1.282380e-01 2.145327e-01 -3.181365e-01 -3.502111e-01 3.855904e-01 2.957535e-01 -1.575318e-01 1.799794e-01 -2.955754e-01 -4.592934e-01
<VARIANCE> 39
 4.199462e+00 2.059881e+01 3.444700e+01 2.809885e+01 1.434005e+02 2.577558e+02 3.718022e+01 8.718188e+01 9.912495e+01 9.271752e+01 3.842288e+01 3.021962e+01 9.827667e+00 1.861144e-01 7.969833e-01 8.115403e-01 7.051147e-01 1.487569e+00 2.796563e+00 1.473349e+00 1.946763e+00 2.002268e+00 2.570447e+00 1.641541e+00 1.407717e+00 2.477388e-01 1.141786e-01 1.351092e-01 1.443526e-01 2.330908e-01 4.776506e-01 4.471586e-01 2.032108e-01 2.604380e-01 5.273425e-01 6.395443e-01 2.312027e-01 3.925417e-01 6.072661e-02
<GCONST> 1.028416e+02
<STATE> 12
<MEAN> 39
 -1.448335e-01 -1.673366e+01 -2.289930e+00 -8.216183e+00 -2.776421e+00 -1.231344e+01 -7.422295e+00 4.124931e+00 -3.438404e+00 -7.294345e+00 -7.396387e+00 -1.208331e+01 7.621020e+01 1.312640e-01 1.930474e+00 1.015230e+00 6.287113e-01 2.998298e-01 -5.444534e-01 -4.458640e-01 -1.790959e-01 2.637530e-01 -4.797547e-01 3.616062e-01 -2.328364e-01 -9.196096e-01 1.290747e-02 5.718712e-01 -2.185997e-02 2.824715e-01 6.682446e-02 7.756150e-02 -6.046524e-02 -6.944699e-01 9.836058e-02 6.142691e-02 1.606809e-01 3.515407e-02 -2.783453e-01
<VARIANCE> 39
 5.910431e+00 1.389087e+01 3.834168e+01 2.094236e+01 7.595887e+01 1.337368e+02 3.558294e+01 7.963876e+01 6.581153e+01 4.770929e+01 4.545254e+01 7.630249e+01 7.015800e+00 1.499980e-01 9.042935e-01 1.716010e+00 1.294392e+00 2.136571e+00 1.764436e+00 9.767722e-01 3.956248e+00 1.870474e+00 1.628513e+00 7.839183e-01 1.456680e+00 2.273173e-01 2.603143e-02 1.498062e-01 1.304875e-01 1.791870e-01 1.897552e-01 2.764219e-01 2.354542e-01 5.449516e-01 4.372393e-01 3.173020e-01 1.146043e-01 2.961516e-01 2.533873e-02
<GCONST> 9.600712e+01
<STATE> 13
<MEAN> 39
 -5.284978e-01 -5.532270e+00 1.181216e+00 -2.379494e+00 -1.939387e+00 -1.154941e+01 -7.281237e+00 -4.652455e+00 -2.147620e+00 -9.476702e+00 -5.712499e+00 -8.283697e+00 6.995921e+01 -1.096653e-01 2.159470e+00 7.497272e-01 6.302187e-01 3.657997e-01 -9.814566e-02 -4.186239e-01 -1.656104e+00 -6.265931e-01 -7.070532e-01 2.569618e-01 2.433986e-01 -1.064597e+00 -5.067070e-02 -2.474407e-01 -1.708533e-01 -2.021354e-01 1.500014e-02 1.414465e-01 8.271290e-02 1.920105e-01 -3.917130e-02 -8.731022e-02 -1.943956e-01 -7.950836e-03 1.060540e-01
<VARIANCE> 39
 5.509552e+00 1.360397e+01 2.307298e+01 1.103282e+01 2.435198e+01 7.660652e+01 2.927695e+01 4.199432e+01 5.271790e+01 4.491973e+01 4.165188e+01 3.611326e+01 4.260490e+00 1.007256e-01 7.638361e-01 6.385382e-01 7.085159e-01 1.996827e+00 1.593459e+00 1.449765e+00 2.989739e+00 2.032624e+00 1.732512e+00 1.022194e+00 1.562551e+00 1.153724e-01 1.681164e-02 7.982016e-02 6.239489e-02 1.334832e-01 1.143951e-01 1.683551e-01 1.996124e-01 3.645437e-01 3.317565e-01 1.785284e-01 1.394380e-01 1.614616e-01 1.615133e-02
<GCONST> 8.283044e+01
<STATE> 14
<MEAN> 39
 -6.322098e-01 2.101630e+00 3.344750e-01 -4.693384e+00 -3.841367e+00 -1.496802e+01 -9.654950e+00 -1.134632e+01 -8.056779e+00 -1.872124e+01 -1.063621e+01 -9.634426e+00 6.624928e+01 -5.151807e-01 9.295747e-01 5.302064e-01 -9.605300e-02 -4.764722e-02 4.738001e-01 1.532488e-02 -5.890020e-01 8.916309e-02 3.275512e-01 3.296650e-01 1.298394e-01 -6.871223e-01 -9.909204e-02 -2.337290e-01 -9.515402e-02 -4.122408e-02 3.172189e-03 1.924059e-02 1.206064e-01 6.527215e-02 4.211507e-02 3.105581e-01 1.238501e-01 5.355749e-02 2.333803e-02
<VARIANCE> 39
 2.365206e+00 5.672790e+00 1.131701e+01 8.369079e+00 1.558512e+01 1.905015e+01 2.244993e+01 1.325721e+01 1.585221e+01 3.426056e+01 3.557355e+01 1.587304e+01 2.417531e+00 1.133806e-01 3.137647e-01 6.222179e-01 8.522993e-01 1.088372e+00 1.381333e+00 7.740338e-01 8.173878e-01 1.038421e+00 2.645266e+00 2.078017e+00 1.487465e+00 5.009576e-02 1.748698e-02 3.596983e-02 6.083104e-02 1.140309e-01 1.438974e-01 2.013812e-01 1.034490e-01 1.441668e-01 2.486405e-01 4.734110e-01 2.987903e-01 2.387036e-01 8.040865e-03
<GCONST> 6.916250e+01
<STATE> 15
<MEAN> 39
 -3.608261e+00 3.916681e+00 3.059148e+00 -1.998360e+00 -3.075378e-01 -8.701438e+00 -5.538241e+00 -1.010591e+01 -3.660913e+00 -1.216170e+01 -6.257558e+00 -7.155037e+00 6.360469e+01 -6.112112e-01 4.326692e-01 1.243060e-01 2.838429e-01 6.789294e-01 1.242152e+00 1.078134e+00 2.194290e-01 -7.302125e-02 -5.140379e-01 -4.267662e-01 -3.490433e-01 -6.272827e-01 -7.773121e-02 -1.407046e-01 1.344995e-02 7.584170e-02 1.564795e-01 1.124084e-01 1.729279e-01 2.425852e-01 1.132232e-01 -7.203321e-02 -1.237495e-01 -2.081938e-01 9.276485e-03
<VARIANCE> 39
 1.402642e+00 6.453752e+00 9.125979e+00 2.927819e+01 5.612503e+01 4.438101e+01 2.308096e+01 2.718810e+01 4.054508e+01 4.314408e+01 2.935221e+01 2.171856e+01 1.499479e+00 2.108073e-01 3.274266e-01 5.386971e-01 8.859425e-01 1.299664e+00 1.470095e+00 1.267459e+00 1.081486e+00 9.839659e-01 1.701227e+00 1.615776e+00 1.043695e+00 7.792664e-02 4.707794e-02 5.861355e-02 1.164308e-01 1.909909e-01 2.267067e-01 3.998918e-01 2.265663e-01 1.527622e-01 1.961434e-01 3.817675e-01 4.574998e-01 1.964067e-01 1.435798e-02
<GCONST> 7.938772e+01
<STATE> 16
<MEAN> 39
 -8.657598e+00 3.031023e+00 3.578369e+00 -2.521256e+00 -1.171136e+00 -8.486665e+00 -5.358237e+00 -1.391037e+01 -8.906960e+00 -1.745562e+01 -1.051898e+01 -1.266450e+01 6.029638e+01 -7.399378e-01 -3.834912e-01 2.767423e-02 2.311860e-01 6.665073e-01 5.606288e-01 4.040130e-02 -5.106333e-02 3.279318e-01 6.252126e-01 4.342074e-01 -5.484478e-02 -4.123977e-01 3.229313e-02 -6.939562e-02 -7.915083e-02 -4.345668e-02 -2.904776e-02 -5.132598e-02 -1.027855e-01 -2.754268e-02 5.525701e-02 9.535290e-02 1.068786e-01 1.062756e-01 3.410239e-02
<VARIANCE> 39
 4.776469e+00 4.775589e+00 4.511955e+00 1.545565e+01 2.209876e+01 1.702639e+01 1.677925e+01 2.196469e+01 3.126612e+01 2.139504e+01 1.901242e+01 1.945995e+01 1.722532e+00 1.638940e-01 2.763989e-01 5.146958e-01 7.880250e-01 5.134424e-01 8.076271e-01 1.214445e+00 7.151816e-01 1.237733e+00 1.632940e+00 1.383225e+00 1.318009e+00 6.744653e-02 1.957270e-02 6.309849e-02 7.587010e-02 1.351425e-01 8.965138e-02 1.703744e-01 2.990592e-01 1.581477e-01 2.012003e-01 2.516299e-01 2.070359e-01 2.579933e-01 4.453390e-03
<GCONST> 6.760487e+01
<STATE> 17
<MEAN> 39
 -1.120128e+01 2.039824e+00 2.930813e+00 2.597924e-01 8.144321e+00 1.307730e+00 1.042129e+00 -6.688187e+00 -1.232175e+00 -8.815390e+00 -1.609580e+00 -7.901798e+00 5.867744e+01 -6.174498e-01 -3.689370e-01 -1.223409e-01 5.067880e-02 8.241870e-02 3.687520e-01 3.808774e-01 -3.254768e-01 -5.660439e-01 2.120730e-01 1.727326e-01 -5.275834e-01 -3.141613e-01 4.427397e-02 -2.347874e-02 6.591882e-02 4.968037e-02 -6.436952e-02 -4.985619e-02 1.939596e-03 -9.844494e-02 -1.591049e-01 -1.288084e-01 -6.574181e-02 -5.338082e-02 4.415867e-02
<VARIANCE> 39
 4.986843e+00 1.055261e+01 7.458924e+00 1.399893e+01 3.688187e+01 2.640739e+01 3.625507e+01 5.123603e+01 2.920144e+01 1.630369e+01 2.307838e+01 1.862685e+01 1.550555e+00 2.798665e-01 4.784577e-01 9.331850e-01 1.432054e+00 2.359862e+00 1.440149e+00 1.660446e+00 1.383155e+00 2.264907e+00 1.382321e+00 1.544303e+00 1.621923e+00 7.837287e-02 4.951645e-02 5.093551e-02 1.493173e-01 2.770575e-01 4.014156e-01 2.031756e-01 2.313752e-01 3.454598e-01 4.718279e-01 2.606747e-01 2.385111e-01 2.847238e-01 1.133976e-02
<GCONST> 8.374667e+01
<STATE> 18
<MEAN> 39
 -1.471683e+01 -1.096047e+00 3.609283e+00 8.220050e-01 6.743224e+00 1.863496e+00 1.845853e+00 -1.153818e+01 -9.427755e+00 -1.465718e+01 -8.975052e+00 -1.611893e+01 5.728011e+01 -5.013947e-01 -5.855575e-01 -2.399223e-01 7.467796e-02 2.018175e-01 3.553940e-01 4.071995e-01 2.755135e-01 4.871525e-02 -1.106443e-01 1.248771e-01 2.091226e-01 -1.939225e-01 4.054797e-02 -1.454973e-02 -1.105473e-01 -6.930280e-02 -2.099953e-02 -5.872042e-02 -9.978938e-02 6.468060e-02 1.197532e-01 1.033254e-01 1.643378e-01 2.557518e-01 2.561111e-02
<VARIANCE> 39
 6.461922e+00 1.585682e+01 1.893259e+01 7.773827e+00 1.275859e+01 1.956099e+01 3.423356e+01 5.219977e+01 2.263425e+01 2.106684e+01 2.305066e+01 1.477223e+01 2.193847e+00 8.999905e-02 3.087409e-01 1.145132e+00 8.401996e-01 7.446467e-01 1.118926e+00 1.984513e+00 2.990463e+00 1.923970e+00 1.808893e+00 2.116756e+00 2.004800e+00 2.837912e-02 2.367690e-02 5.627317e-02 2.029790e-01 1.824769e-01 1.757953e-01 2.547290e-01 4.533544e-01 6.040612e-01 2.803145e-01 2.711788e-01 3.483601e-01 3.090324e-01 6.737654e-03
<GCONST> 8.007318e+01
<STATE> 19
<MEAN> 39
 -1.567778e+01 -4.061487e+00 -2.805353e-01 -1.201075e+00 4.837932e+00 1.097629e-01 3.168132e-01 -1.051248e+01 -4.281624e+00 -8.348458e+00 -1.469692e+00 -8.326913e+00 5.723837e+01 -1.727089e-01 -1.272343e-01 -1.058040e-01 -2.685212e-01 -3.027486e-01 -5.096689e-02 3.751206e-01 6.787800e-01 5.238010e-01 3.422251e-01 4.808459e-01 4.216307e-01 -8.419736e-02 2.095316e-02 3.513891e-02 2.646174e-02 -8.095241e-02 -8.134753e-02 6.121851e-03 1.236233e-01 1.104978e-01 7.375281e-02 -4.945056e-02 -1.290473e-01 -1.409258e-01 -5.306874e-03
<VARIANCE> 39
 2.479453e+00 6.195035e+00 1.323541e+01 1.873629e+01 2.390043e+01 3.003996e+01 2.502468e+01 4.365497e+01 3.668615e+01 2.253646e+01 2.147105e+01 1.650140e+01 9.822888e-01 1.377752e-01 4.002359e-01 8.473350e-01 5.659503e-01 9.787803e-01 1.668990e+00 2.290574e+00 2.079334e+00 2.011742e+00 1.203810e+00 1.611354e+00 1.807199e+00 4.177390e-02 2.464990e-02 1.058771e-01 1.713570e-01 1.620140e-01 1.766395e-01 2.656594e-01 3.222080e-01 4.132390e-01 5.460781e-01 2.262032e-01 2.528304e-01 2.647728e-01 6.999512e-03
<GCONST> 7.889635e+01
<TRANSP> 20
 0.000000e+00 1.000000e+00 0.000000e+00 0.000000e+00 0.000000e+00 0.000000e+00 0.000000e+00 0.000000e+00 0.000000e+00 0.000000e+00 0.000000e+00 0.000000e+00 0.000000e+00 0.000000e+00 0.000000e+00 0.000000e+00 0.000000e+00 0.000000e+00 0.000000e+00 0.000000e+00
 0.000000e+00 7.206052e-01 2.793948e-01 0.000000e+00 0.000000e+00 0.000000e+00 0.000000e+00 0.000000e+00 0.000000e+00 0.000000e+00 0.000000e+00 0.000000e+00 0.000000e+00 0.000000e+00 0.000000e+00 0.000000e+00 0.000000e+00 0.000000e+00 0.000000e+00 0.000000e+00
 0.000000e+00 0.000000e+00 7.732939e-01 2.267061e-01 0.000000e+00 0.000000e+00 0.000000e+00 0.000000e+00 0.000000e+00 0.000000e+00 0.000000e+00 0.000000e+00 0.000000e+00 0.000000e+00 0.000000e+00 0.000000e+00 0.000000e+00 0.000000e+00 0.000000e+00 0.000000e+00
 0.000000e+00 0.000000e+00 0.000000e+00 6.760445e-01 3.239556e-01 0.000000e+00 0.000000e+00 0.000000e+00 0.000000e+00 0.000000e+00 0.000000e+00 0.000000e+00 0.000000e+00 0.000000e+00 0.000000e+00 0.000000e+00 0.000000e+00 0.000000e+00 0.000000e+00 0.000000e+00
 0.000000e+00 0.000000e+00 0.000000e+00 0.000000e+00 6.973452e-01 3.026548e-01 0.000000e+00 0.000000e+00 0.000000e+00 0.000000e+00 0.000000e+00 0.000000e+00 0.000000e+00 0.000000e+00 0.000000e+00 0.000000e+00 0.000000e+00 0.000000e+00 0.000000e+00 0.000000e+00
 0.000000e+00 0.000000e+00 0.000000e+00 0.000000e+00 0.000000e+00 8.795728e-01 1.204272e-01 0.000000e+00 0.000000e+00 0.000000e+00 0.000000e+00 0.000000e+00 0.000000e+00 0.000000e+00 0.000000e+00 0.000000e+00 0.000000e+00 0.000000e+00 0.000000e+00 0.000000e+00
 0.000000e+00 0.000000e+00 0.000000e+00 0.000000e+00 0.000000e+00 0.000000e+00 8.292647e-01 1.707353e-01 0.000000e+00 0.000000e+00 0.000000e+00 0.000000e+00 0.000000e+00 0.000000e+00 0.000000e+00 0.000000e+00 0.000000e+00 0.000000e+00 0.000000e+00 0.000000e+00
 0.000000e+00 0.000000e+00 0.000000e+00 0.000000e+00 0.000000e+00 0.000000e+00 0.000000e+00 8.489742e-01 1.510259e-01 0.000000e+00 0.000000e+00 0.000000e+00 0.000000e+00 0.000000e+00 0.000000e+00 0.000000e+00 0.000000e+00 0.000000e+00 0.000000e+00 0.000000e+00
 0.000000e+00 0.000000e+00 0.000000e+00 0.000000e+00 0.000000e+00 0.000000e+00 0.000000e+00 0.000000e+00 7.932972e-01 2.067029e-01 0.000000e+00 0.000000e+00 0.000000e+00 0.000000e+00 0.000000e+00 0.000000e+00 0.000000e+00 0.000000e+00 0.000000e+00 0.000000e+00
 0.000000e+00 0.000000e+00 0.000000e+00 0.000000e+00 0.000000e+00 0.000000e+00 0.000000e+00 0.000000e+00 0.000000e+00 6.568174e-01 3.431826e-01 0.000000e+00 0.000000e+00 0.000000e+00 0.000000e+00 0.000000e+00 0.000000e+00 0.000000e+00 0.000000e+00 0.000000e+00
 0.000000e+00 0.000000e+00 0.000000e+00 0.000000e+00 0.000000e+00 0.000000e+00 0.000000e+00 0.000000e+00 0.000000e+00 0.000000e+00 7.463601e-01 2.536399e-01 0.000000e+00 0.000000e+00 0.000000e+00 0.000000e+00 0.000000e+00 0.000000e+00 0.000000e+00 0.000000e+00
 0.000000e+00 0.000000e+00 0.000000e+00 0.000000e+00 0.000000e+00 0.000000e+00 0.000000e+00 0.000000e+00 0.000000e+00 0.000000e+00 0.000000e+00 7.117158e-01 2.882842e-01 0.000000e+00 0.000000e+00 0.000000e+00 0.000000e+00 0.000000e+00 0.000000e+00 0.000000e+00
 0.000000e+00 0.000000e+00 0.000000e+00 0.000000e+00 0.000000e+00 0.000000e+00 0.000000e+00 0.000000e+00 0.000000e+00 0.000000e+00 0.000000e+00 0.000000e+00 7.743391e-01 2.256608e-01 0.000000e+00 0.000000e+00 0.000000e+00 0.000000e+00 0.000000e+00 0.000000e+00
 0.000000e+00 0.000000e+00 0.000000e+00 0.000000e+00 0.000000e+00 0.000000e+00 0.000000e+00 0.000000e+00 0.000000e+00 0.000000e+00 0.000000e+00 0.000000e+00 0.000000e+00 7.817902e-01 2.182099e-01 0.000000e+00 0.000000e+00 0.000000e+00 0.000000e+00 0.000000e+00
 0.000000e+00 0.000000e+00 0.000000e+00 0.000000e+00 0.000000e+00 0.000000e+00 0.000000e+00 0.000000e+00 0.000000e+00 0.000000e+00 0.000000e+00 0.000000e+00 0.000000e+00 0.000000e+00 7.525117e-01 2.474883e-01 0.000000e+00 0.000000e+00 0.000000e+00 0.000000e+00
 0.000000e+00 0.000000e+00 0.000000e+00 0.000000e+00 0.000000e+00 0.000000e+00 0.000000e+00 0.000000e+00 0.000000e+00 0.000000e+00 0.000000e+00 0.000000e+00 0.000000e+00 0.000000e+00 0.000000e+00 8.270218e-01 1.729782e-01 0.000000e+00 0.000000e+00 0.000000e+00
 0.000000e+00 0.000000e+00 0.000000e+00 0.000000e+00 0.000000e+00 0.000000e+00 0.000000e+00 0.000000e+00 0.000000e+00 0.000000e+00 0.000000e+00 0.000000e+00 0.000000e+00 0.000000e+00 0.000000e+00 0.000000e+00 8.274660e-01 1.725340e-01 0.000000e+00 0.000000e+00
 0.000000e+00 0.000000e+00 0.000000e+00 0.000000e+00 0.000000e+00 0.000000e+00 0.000000e+00 0.000000e+00 0.000000e+00 0.000000e+00 0.000000e+00 0.000000e+00 0.000000e+00 0.000000e+00 0.000000e+00 0.000000e+00 0.000000e+00 8.345731e-01 1.654268e-01 0.000000e+00
 0.000000e+00 0.000000e+00 0.000000e+00 0.000000e+00 0.000000e+00 0.000000e+00 0.000000e+00 0.000000e+00 0.000000e+00 0.000000e+00 0.000000e+00 0.000000e+00 0.000000e+00 0.000000e+00 0.000000e+00 0.000000e+00 0.000000e+00 0.000000e+00 8.152764e-01 1.847235e-01
 0.000000e+00 0.000000e+00 0.000000e+00 0.000000e+00 0.000000e+00 0.000000e+00 0.000000e+00 0.000000e+00 0.000000e+00 0.000000e+00 0.000000e+00 0.000000e+00 0.000000e+00 0.000000e+00 0.000000e+00 0.000000e+00 0.000000e+00 0.000000e+00 0.000000e+00 0.000000e+00
<ENDHMM>
