~o
<STREAMINFO> 1 39
<VECSIZE> 39<NULLD><MFCC_D_A_0><DIAGC>
~h "puluh"
<BEGINHMM>
<NUMSTATES> 20
<STATE> 2
<MEAN> 39
 -1.731294e+01 -9.648561e+00 -2.701964e+00 -5.598391e+00 1.252894e+00 -3.664078e+00 2.247564e-01 -4.551654e+00 -3.497031e-01 -4.462337e+00 8.484481e-01 -4.684876e+00 5.617169e+01 1.032442e+00 6.041619e-01 -1.645731e-01 3.938513e-02 -7.800393e-01 -8.378611e-01 -1.129431e+00 -1.583866e+00 -8.032036e-01 -1.882384e-01 4.245749e-01 5.089630e-01 8.363989e-01 7.874737e-01 5.928184e-01 1.048337e-01 -3.282682e-01 -3.663801e-01 -2.288565e-01 -3.071215e-01 -2.950336e-01 -2.928451e-01 -3.042816e-01 -7.850018e-02 -2.686698e-02 4.128262e-01
<VARIANCE> 39
 2.029137e+00 2.369292e+01 6.301284e+00 1.960133e+01 1.161185e+01 1.727739e+01 1.491143e+01 5.955028e+01 1.884592e+01 3.953135e+01 1.824352e+01 1.754085e+01 2.909355e+00 1.954870e+00 2.003892e+00 1.131154e+00 1.963908e+00 2.580724e+00 3.229270e+00 3.112708e+00 4.412805e+00 2.125208e+00 2.168872e+00 2.927367e+00 1.751084e+00 6.849212e-01 3.055091e-01 4.841884e-01 3.103045e-01 6.314147e-01 4.128201e-01 4.817934e-01 3.755361e-01 6.524208e-01 4.953646e-01 6.383015e-01 5.463753e-01 3.134511e-01 7.470949e-02
<GCONST> 1.035217e+02
<STATE> 3
<MEAN> 39
 -6.363289e+00 -2.265072e+00 -1.327454e+00 -7.765444e+00 -5.151996e+00 -1.009165e+01 -7.342200e+00 -1.233367e+01 -6.218855e+00 -6.130284e+00 1.249066e+00 -3.517474e+00 6.261211e+01 4.944254e+00 4.373579e+00 2.497256e-01 -3.596539e+00 -2.959383e+00 -1.195533e+00 -1.546421e+00 -1.091211e+00 -2.125488e+00 -1.816996e+00 3.818319e-01 7.420086e-01 2.411264e+00 -2.403201e-02 5.160110e-02 -2.158530e-01 -8.810654e-01 1.689236e-01 9.317377e-01 5.548403e-01 6.012787e-01 -1.482438e-01 -1.655986e-01 3.353399e-01 1.847016e-01 -8.841415e-02
<VARIANCE> 39
 2.903116e+01 4.917451e+01 2.599764e+01 3.699093e+01 4.358427e+01 4.094557e+01 3.456857e+01 7.257479e+01 3.653646e+01 3.325258e+01 3.028975e+01 1.741061e+01 5.857581e+00 8.492517e-01 2.615752e+00 3.719388e+00 4.531913e+00 2.803851e+00 3.794036e+00 3.278099e+00 5.705019e+00 8.067863e+00 5.554928e+00 3.558192e+00 1.629593e+00 7.186010e-01 5.467991e-01 9.834367e-01 2.523874e-01 7.648426e-01 6.403846e-01 6.231215e-01 7.220159e-01 8.219830e-01 6.692574e-01 6.065353e-01 6.632454e-01 3.671933e-01 1.220398e-01
<GCONST> 1.222846e+02
<STATE> 4
<MEAN> 39
 3.319047e+00 7.731030e+00 -1.443560e+00 -1.878377e+01 -1.169031e+01 -9.051338e+00 -7.297956e+00 -1.035160e+01 -9.952988e+00 -1.191991e+01 4.098625e+00 -7.984329e-01 6.704597e+01 1.931126e+00 9.499593e-01 -8.504138e-01 -2.760764e+00 -1.255490e-01 2.233759e+00 2.579266e-01 -4.880975e-01 -2.203970e+00 -6.762205e-01 1.760718e+00 1.347694e+00 1.261944e+00 -1.018183e+00 -1.250291e+00 -2.115254e-01 9.331469e-01 1.103719e+00 6.355100e-01 1.229443e-01 -4.846160e-01 2.862321e-02 1.070239e+00 5.304894e-01 -1.044244e-01 -3.545850e-01
<VARIANCE> 39
 4.656348e+00 1.312926e+01 2.680037e+01 2.574669e+01 3.994371e+01 5.883394e+01 3.610893e+01 5.218946e+01 9.729543e+01 1.445822e+01 4.038154e+01 1.197433e+01 3.846628e+00 1.523388e+00 2.004773e+00 8.600397e-01 4.198752e+00 3.094869e+00 2.550418e+00 2.723977e+00 2.367948e+00 3.184083e+00 2.113061e+00 4.359756e+00 1.374209e+00 8.324941e-01 2.079736e-01 2.783130e-01 1.628862e-01 2.529043e-01 3.149588e-01 5.474109e-01 2.776489e-01 6.796962e-01 8.562040e-01 6.981853e-01 4.857542e-01 4.435401e-01 6.192230e-02
<GCONST> 1.079563e+02
<STATE> 5
<MEAN> 39
 5.040222e+00 4.091365e+00 -6.489227e+00 -2.152375e+01 -8.963930e+00 -2.360162e-01 -4.310954e+00 -1.831484e+01 -1.597378e+01 -7.373127e+00 1.023141e+01 3.425373e+00 6.920313e+01 2.905929e-01 -1.413720e+00 -7.378469e-01 4.593151e-01 1.599367e+00 1.744750e+00 -8.373134e-01 -3.062994e+00 -1.372543e+00 3.530019e+00 2.669095e+00 -7.192359e-01 6.884528e-01 -4.569577e-01 -4.489750e-01 3.660642e-01 1.201335e+00 2.916610e-01 -8.910331e-01 -6.155701e-01 7.067904e-03 8.361686e-01 6.292181e-01 -5.235006e-01 -1.065268e+00 -2.100261e-01
<VARIANCE> 39
 2.570543e+00 1.027349e+01 4.311729e+01 2.100623e+01 7.053491e+01 3.841610e+01 6.958022e+01 7.563141e+01 6.368248e+01 4.120627e+01 7.263055e+01 1.466667e+01 3.935494e+00 3.649902e-01 8.506093e-01 9.640701e-01 2.379134e+00 2.585233e+00 1.616643e+00 4.314981e+00 3.162769e+00 3.915999e+00 2.948049e+00 4.178675e+00 3.702763e+00 1.330145e-01 1.017710e-01 2.325267e-01 1.568492e-01 2.778276e-01 5.049011e-01 3.233719e-01 2.314205e-01 7.145799e-01 8.997090e-01 9.425839e-01 8.964048e-01 3.988495e-01 6.005573e-02
<GCONST> 1.068235e+02
<STATE> 6
<MEAN> 39
 3.406626e+00 3.974963e+00 1.140221e+00 -2.296545e+01 7.435265e+00 3.296041e+00 -2.195106e+01 -1.161086e+01 -1.700410e+01 -2.986303e+00 2.122123e+01 -5.276752e+00 7.155025e+01 -2.322684e-01 -3.379703e-01 5.603778e-02 1.629783e+00 5.931363e-01 -9.954841e-01 -5.885581e-01 -9.428536e-01 1.275209e+00 1.098773e+00 -2.231163e-01 -1.353084e+00 -9.045930e-02 -3.842830e-02 -4.249454e-02 9.760945e-02 2.612878e-01 -2.566190e-01 -2.858525e-01 9.579804e-02 1.439927e-01 2.412990e-01 -3.096004e-01 -4.128364e-01 6.747893e-02 -5.599276e-02
<VARIANCE> 39
 3.284554e+00 1.094185e+01 5.638309e+01 5.724786e+01 7.127069e+01 3.940347e+01 9.628862e+01 1.281985e+02 1.169677e+02 3.947142e+01 5.115847e+01 1.555417e+01 3.889095e+00 1.300982e-01 1.202604e+00 8.017858e-01 1.561502e+00 2.502257e+00 1.264762e+00 4.866275e+00 2.119677e+00 3.237583e+00 3.982245e+00 4.052115e+00 1.695198e+00 2.609947e-01 3.147035e-02 1.509657e-01 2.258415e-01 2.570240e-01 2.928389e-01 6.224204e-01 8.661180e-01 6.139403e-01 5.265974e-01 9.071136e-01 8.500606e-01 1.527596e-01 6.585079e-02
<GCONST> 1.061404e+02
<STATE> 7
<MEAN> 39
 3.943502e+00 -3.049651e+00 -6.180402e+00 -7.977800e+00 -2.329992e+00 -5.966239e+00 -1.305816e+01 -2.625922e+01 -1.098107e+01 2.785970e+00 9.288535e+00 -7.112447e+00 7.017169e+01 -3.588345e-01 -1.027469e+00 7.950689e-01 2.459171e+00 5.971147e-01 -1.994869e+00 -1.469280e+00 3.564216e-01 9.317573e-01 -4.153105e-01 -8.212765e-01 -3.350371e-02 3.579248e-02 -3.061081e-02 3.916148e-01 -9.323383e-02 -6.439219e-01 -1.547685e-01 1.260460e-01 3.157109e-01 4.949728e-01 -3.274692e-01 -7.962750e-01 1.430052e-01 7.777252e-01 -1.160744e-01
<VARIANCE> 39
 3.627392e+00 1.830239e+01 6.206357e+01 2.182858e+01 8.494974e+01 2.388603e+01 1.524655e+02 5.358207e+01 5.839293e+01 5.012324e+01 8.022437e+01 1.866161e+01 2.244442e+00 1.292446e-01 8.379673e-01 1.428255e+00 1.333002e+00 2.158187e+00 1.471533e+00 2.700676e+00 3.269894e+00 2.848914e+00 4.226563e+00 2.320279e+00 2.774098e+00 1.065594e-01 3.534521e-02 1.294052e-01 2.769144e-01 2.078086e-01 1.899231e-01 3.853098e-01 4.532477e-01 3.093924e-01 5.123311e-01 6.888026e-01 6.242371e-01 3.666382e-01 9.453316e-03
<GCONST> 9.967580e+01
<STATE> 8
<MEAN> 39
 2.332913e+00 -1.924763e+00 -3.890708e+00 -6.014958e+00 -2.628289e+00 -9.529140e+00 -1.288897e+01 -2.224123e+01 -1.013352e+01 -1.307146e+00 1.080717e+01 -4.228117e+00 6.932320e+01 -1.045265e-01 2.276484e-01 -5.179254e-01 -1.056182e+00 -2.005106e-01 5.228937e-01 -4.481456e-02 3.577450e-01 2.969920e-01 -2.979504e-01 1.415552e-01 5.789911e-01 -9.563964e-02 5.741376e-02 2.450551e-01 -6.560779e-02 -6.030626e-01 -1.237344e-01 5.154290e-01 1.787954e-01 -9.724610e-03 5.480028e-02 3.254044e-01 3.645342e-02 1.277015e-02 3.531185e-03
<VARIANCE> 39
 2.520935e+00 2.196262e+01 4.817897e+01 2.664526e+01 8.028651e+01 2.582975e+01 1.198640e+02 8.180069e+01 1.066468e+02 6.095114e+01 3.886467e+01 2.511695e+01 2.733297e+00 1.093012e-01 3.744354e-01 6.048562e-01 1.328561e+00 1.266428e+00 1.170809e+00 1.449615e+00 1.676219e+00 1.297942e+00 2.645269e+00 7.588069e-01 1.208233e+00 8.083478e-02 1.745460e-02 6.901479e-02 1.403202e-01 2.577291e-01 3.171681e-01 2.517558e-01 5.159185e-01 4.889619e-01 2.822658e-01 4.878147e-01 1.357082e-01 2.154191e-01 1.513932e-02
<GCONST> 8.919189e+01
<STATE> 9
<MEAN> 39
 2.166276e+00 1.016961e+00 2.917102e+00 -1.612753e+01 6.297465e+00 -2.567438e+00 -2.187219e+01 -1.633208e+01 -8.651349e+00 7.008614e+00 1.312842e+01 -8.040316e+00 7.240923e+01 -1.178061e-01 3.223783e-01 2.255440e-02 -2.175287e-01 1.908112e-02 7.968560e-01 1.098054e+00 2.572911e-01 3.661819e-01 5.011563e-01 -8.955384e-02 7.747351e-01 -1.917125e-01 -4.020381e-02 1.512880e-01 -2.955522e-02 2.510959e-01 1.531427e-01 2.616687e-03 3.900400e-01 7.581883e-02 -9.528026e-02 -2.190430e-01 -8.248263e-03 4.026880e-02 -1.290726e-01
<VARIANCE> 39
 1.892809e+00 1.107733e+01 7.437164e+01 2.883686e+01 9.101948e+01 3.335523e+01 1.133643e+02 5.651060e+01 4.980067e+01 4.650616e+01 4.754583e+01 4.249622e+01 9.919218e+00 8.822310e-02 7.333864e-01 8.786372e-01 2.365649e+00 1.898040e+00 1.299476e+00 4.070631e+00 2.883085e+00 1.265565e+00 2.053102e+00 1.039268e+00 8.948751e-01 5.601109e-01 1.082372e-02 3.167404e-02 1.716281e-01 1.280095e-01 2.477714e-01 1.758709e-01 3.916411e-01 5.029629e-01 1.025009e-01 1.772520e-01 2.115658e-01 2.165733e-01 3.509179e-02
<GCONST> 9.149410e+01
<STATE> 10
<MEAN> 39
 2.899555e+00 2.935067e+00 -6.555077e+00 -1.346678e+01 -5.405379e+00 -3.701994e+00 -6.604512e+00 -2.090114e+01 -1.139908e+01 -5.009183e-01 1.143240e+01 5.932192e-01 6.823184e+01 -3.693865e-01 8.196985e-01 5.673372e-01 1.541042e-01 6.596922e-01 3.738602e-01 5.498534e-01 1.086908e+00 2.510246e-01 -1.066068e+00 -6.700462e-01 5.255439e-01 -4.877898e-01 -1.794741e-01 -1.293947e-01 2.927478e-01 4.920301e-01 1.786359e-01 -1.764853e-01 -2.808151e-02 4.864857e-02 4.733387e-02 -2.371452e-01 -1.762903e-01 -1.616199e-01 -1.017887e-01
<VARIANCE> 39
 2.273126e+00 1.545177e+01 3.056842e+01 9.843190e+00 5.487979e+01 3.044581e+01 7.576839e+01 3.602458e+01 3.937440e+01 3.024648e+01 2.270073e+01 2.189193e+01 1.690892e+00 1.715285e-01 2.533940e-01 9.577556e-01 1.261711e+00 1.166778e+00 1.298982e+00 1.857378e+00 1.140954e+00 1.280349e+00 1.022816e+00 1.555999e+00 1.303540e+00 7.004417e-02 1.108762e-02 4.408956e-02 9.630649e-02 9.771050e-02 2.345458e-01 2.261828e-01 2.108975e-01 1.746314e-01 2.105863e-01 3.120231e-01 1.967162e-01 2.458891e-01 7.454341e-03
<GCONST> 7.745293e+01
<STATE> 11
<MEAN> 39
 -1.793647e+00 8.266557e-01 -2.674332e+00 -9.095968e+00 5.703835e+00 -2.208461e+00 -1.411333e+01 -1.835990e+01 -5.703019e+00 -3.054387e+00 8.142297e+00 -3.167662e+00 6.651286e+01 -1.042645e+00 1.852636e-01 1.114654e-01 7.590817e-01 4.659119e-01 -1.118352e-01 9.126121e-01 -2.282037e-01 -9.491269e-03 -8.077428e-01 -1.738046e-01 -4.505792e-01 -5.551921e-01 -7.510839e-02 -1.962534e-01 -1.462321e-01 6.846074e-03 8.480420e-03 -9.003335e-02 -1.018649e-01 -1.262336e-01 3.727097e-02 1.797160e-01 9.597411e-02 -1.217183e-01 3.469495e-02
<VARIANCE> 39
 1.163206e+01 1.746119e+01 3.457941e+01 8.446346e+00 5.372753e+01 4.435702e+01 6.262197e+01 2.998279e+01 8.904884e+01 4.105882e+01 8.330482e+01 3.163100e+01 5.507266e+00 3.229820e-01 4.171277e-01 2.694152e+00 1.564972e+00 2.159054e+00 2.718965e+00 2.500467e+00 1.262603e+00 2.117713e+00 3.141406e+00 2.482119e+00 1.002811e+00 1.957112e-01 6.987190e-02 7.239775e-02 1.754699e-01 2.082406e-01 2.750610e-01 4.949436e-01 5.740826e-01 2.324706e-01 1.962535e-01 5.204661e-01 4.284604e-01 2.278510e-01 2.059723e-02
<GCONST> 9.820393e+01
<STATE> 12
<MEAN> 39
 -3.782232e+00 3.917234e+00 -5.642480e-02 -5.541196e+00 2.033193e+00 -3.154658e+00 -4.198225e+00 -1.500086e+01 -7.938533e+00 -6.947579e+00 8.188050e+00 1.223902e+00 6.360377e+01 -1.054365e+00 -5.409852e-01 2.350609e-01 6.733764e-01 4.230984e-01 5.694109e-02 1.764435e-01 2.408249e-02 2.529333e-01 -2.642722e-01 -4.569324e-01 -2.122098e-01 -6.185667e-01 1.537798e-02 -8.242314e-02 -1.405362e-01 -2.140331e-01 -1.996968e-01 -9.200769e-03 -1.451667e-01 -1.632349e-01 -7.904368e-05 1.903011e-01 -2.182996e-02 1.589086e-02 2.465822e-02
<VARIANCE> 39
 6.372759e+00 7.660342e+00 7.615456e+00 7.156197e+00 2.186470e+01 1.981814e+01 3.720525e+01 2.249921e+01 2.789001e+01 1.919567e+01 1.988278e+01 2.711862e+01 2.671593e+00 1.170307e-01 2.760312e-01 5.196403e-01 5.994498e-01 1.290268e+00 1.173024e+00 1.131174e+00 1.041671e+00 1.091455e+00 1.176136e+00 1.013027e+00 8.809543e-01 4.330388e-02 2.272502e-02 5.736367e-02 5.908418e-02 8.709166e-02 1.606914e-01 2.458503e-01 2.242017e-01 1.824345e-01 2.084362e-01 2.285152e-01 1.940337e-01 1.556244e-01 8.483927e-03
<GCONST> 6.924261e+01
<STATE> 13
<MEAN> 39
 -8.129548e+00 -2.467567e-01 -2.035640e+00 -5.264857e+00 2.378210e+00 -3.147207e+00 -6.342053e+00 -1.933994e+01 -8.965384e+00 -6.402030e+00 4.539738e+00 -1.605136e+00 6.131996e+01 -8.886182e-01 -5.130964e-01 1.008742e-01 4.346328e-01 3.750021e-01 3.548086e-02 3.919379e-01 4.085539e-01 2.862472e-01 -2.745221e-01 -4.241597e-01 -2.854606e-01 -4.513123e-01 5.430358e-02 4.876675e-02 1.293406e-01 1.630109e-01 2.002956e-01 5.156322e-02 1.484417e-01 4.056937e-01 1.334426e-01 -2.216081e-01 -3.040467e-02 -1.131156e-01 4.280881e-02
<VARIANCE> 39
 3.806250e+00 6.291008e+00 1.717703e+01 1.663266e+01 2.706336e+01 2.234763e+01 2.131417e+01 2.257060e+01 4.938172e+01 2.480599e+01 1.669225e+01 1.961804e+01 2.723978e+00 6.236472e-02 1.118118e-01 4.565827e-01 6.370386e-01 8.716425e-01 1.377032e+00 1.497003e+00 2.226452e+00 1.120613e+00 1.214470e+00 9.691617e-01 1.523127e+00 3.132728e-02 1.204933e-02 4.003203e-02 7.989330e-02 1.081875e-01 1.493366e-01 2.979679e-01 1.999466e-01 3.544210e-01 2.220941e-01 2.061249e-01 1.423457e-01 2.415045e-01 5.925764e-03
<GCONST> 6.968335e+01
<STATE> 14
<MEAN> 39
 -1.106442e+01 -3.362689e+00 -3.492620e+00 -3.648136e+00 1.480292e+01 -1.428717e+00 -9.077982e+00 -1.508052e+01 4.094377e+00 -3.791292e+00 5.714200e+00 -1.097765e+01 6.307116e+01 -4.617100e-01 -3.744268e-01 3.176424e-01 7.674469e-01 1.414236e-01 4.550230e-01 7.944740e-01 9.613766e-01 1.618128e-01 -2.627785e-01 -4.589640e-01 -2.803077e-01 -5.109318e-01 6.721831e-03 3.131714e-02 4.815259e-03 2.570804e-02 -1.194433e-01 6.210791e-02 9.099922e-02 -2.822493e-02 -1.195359e-01 -6.944299e-03 4.828842e-02 1.233536e-01 -1.857177e-02
<VARIANCE> 39
 2.761191e+00 7.111961e+00 1.194160e+01 9.141693e+00 6.117046e+01 1.663095e+01 3.278788e+01 2.218145e+01 7.432780e+01 2.303128e+01 5.001803e+01 4.425238e+01 8.477468e+00 2.648784e-01 1.522998e-01 3.481807e-01 5.515127e-01 1.151538e+00 6.306039e-01 8.620728e-01 1.823593e+00 2.163997e+00 1.144141e+00 1.084141e+00 1.370027e+00 8.878136e-02 3.742011e-02 1.274519e-02 4.379031e-02 8.036014e-02 1.387874e-01 1.060654e-01 2.136085e-01 3.003957e-01 2.838631e-01 2.066130e-01 1.783276e-01 1.228901e-01 1.208419e-02
<GCONST> 7.296423e+01
<STATE> 15
<MEAN> 39
 -1.218895e+01 -8.019350e-01 2.871996e+00 2.787528e+00 8.306905e+00 7.004073e-01 1.136407e+00 -8.161967e+00 -2.559701e+00 -8.612295e+00 3.315790e-01 -4.119567e+00 5.877895e+01 -4.828576e-01 -2.877040e-01 1.058388e-01 5.935446e-01 5.779014e-01 6.507744e-01 8.791476e-01 7.301282e-01 3.507752e-02 -3.806261e-01 -8.379766e-01 -6.654866e-01 -2.373525e-01 -1.816091e-02 -5.799384e-02 -1.090509e-01 -2.040910e-01 -2.097754e-01 -9.283467e-02 -7.393499e-02 -1.726099e-01 -1.137982e-01 4.699162e-02 -1.230177e-03 -3.284020e-02 4.108311e-03
<VARIANCE> 39
 1.919934e+00 4.930246e+00 1.145188e+01 1.756474e+01 1.542049e+01 1.626465e+01 2.839052e+01 2.426942e+01 3.446694e+01 3.219086e+01 1.693216e+01 1.757989e+01 5.343614e-01 1.484675e-01 2.132890e-01 3.814086e-01 4.646349e-01 6.927052e-01 7.211775e-01 1.076957e+00 9.627498e-01 1.644251e+00 9.231079e-01 1.197310e+00 1.127096e+00 4.592000e-02 2.533174e-02 3.237584e-02 8.720507e-02 8.043960e-02 1.578020e-01 1.549477e-01 2.035993e-01 1.153143e-01 3.309566e-01 2.122399e-01 2.334221e-01 2.735003e-01 7.872066e-03
<GCONST> 6.538512e+01
<STATE> 16
<MEAN> 39
 -1.492662e+01 -4.080968e+00 -2.634037e-01 -3.483930e-01 4.796660e+00 -1.754188e+00 -1.614410e+00 -1.298452e+01 -8.347621e+00 -1.262172e+01 -9.313513e-01 -5.318123e+00 5.773685e+01 -8.094532e-01 -6.267169e-01 -1.835893e-01 -4.969757e-02 -4.220260e-01 -6.873636e-02 3.958304e-01 7.451382e-01 2.403041e-01 -2.756844e-01 -2.291693e-01 -4.454460e-01 -3.799865e-01 7.909171e-02 -7.489935e-04 -1.113283e-01 -1.893453e-01 -5.140058e-02 9.784354e-02 1.703748e-01 2.133741e-01 1.292412e-01 3.213472e-02 -7.265932e-02 -3.226250e-02 4.580403e-02
<VARIANCE> 39
 3.875663e+00 5.051877e+00 1.063648e+01 1.794305e+01 2.799949e+01 1.485884e+01 2.373725e+01 2.927219e+01 3.168778e+01 2.474156e+01 2.505803e+01 2.105983e+01 1.340377e+00 9.846433e-02 1.640319e-01 4.541230e-01 6.531912e-01 9.425706e-01 8.748618e-01 6.787624e-01 1.562907e+00 1.530165e+00 1.449163e+00 7.750925e-01 7.092629e-01 3.364545e-02 8.716106e-03 4.490864e-02 5.865433e-02 1.082748e-01 1.112232e-01 1.431953e-01 9.351247e-02 1.737311e-01 2.682560e-01 3.733469e-01 1.516031e-01 1.344715e-01 4.238827e-03
<GCONST> 6.421297e+01
<STATE> 17
<MEAN> 39
 -1.629427e+01 -6.264086e+00 -2.370817e+00 -1.554128e+00 5.896957e+00 1.830176e+00 3.879084e+00 -5.362912e+00 -1.006609e+00 -9.147766e+00 -2.353606e+00 -9.678421e+00 5.741724e+01 -4.724551e-01 -4.182126e-01 -4.367860e-01 -4.984573e-01 -3.074137e-01 3.501832e-01 1.367373e+00 1.136093e+00 2.013571e-01 -2.192673e-01 -6.414069e-01 -7.972925e-02 -2.525457e-01 5.425710e-03 -4.186208e-08 9.758460e-02 1.690569e-01 1.997565e-01 8.760911e-03 -4.729434e-02 -5.710293e-02 3.087662e-03 5.806370e-02 -3.776626e-02 6.152486e-02 -1.863730e-02
<VARIANCE> 39
 2.798466e+00 3.972227e+00 1.694506e+01 2.099325e+01 3.647240e+01 1.887291e+01 2.761883e+01 3.796668e+01 2.757734e+01 2.148329e+01 2.612678e+01 2.195135e+01 1.375100e+00 1.070816e-01 3.638024e-01 4.389293e-01 7.023981e-01 7.329876e-01 1.223322e+00 8.412927e-01 1.267417e+00 1.799895e+00 1.766783e+00 1.732088e+00 1.771876e+00 4.370452e-02 1.843685e-02 5.384647e-02 5.643098e-02 1.154866e-01 1.098715e-01 2.061865e-01 2.062127e-01 2.911421e-01 1.255254e-01 1.640904e-01 2.191380e-01 2.847687e-01 2.294718e-03
<GCONST> 6.990253e+01
<STATE> 18
<MEAN> 39
 -1.856562e+01 -7.205860e+00 -1.085105e+00 1.940434e+00 9.982770e+00 5.328968e+00 7.741345e+00 -3.708288e+00 -3.863561e+00 -1.308629e+01 -7.055725e+00 -1.143990e+01 5.607891e+01 -5.726013e-01 -5.115829e-01 -3.702966e-02 4.866506e-01 8.164669e-01 8.342432e-01 3.826128e-01 6.165346e-01 8.049545e-01 3.084623e-01 -4.447224e-01 -4.122767e-01 -3.442403e-01 7.831696e-02 5.795618e-02 3.499741e-02 3.030439e-02 2.685194e-02 -7.712687e-02 -1.587529e-01 -8.985190e-02 1.703430e-01 1.942346e-01 2.646177e-01 9.491529e-02 3.910742e-02
<VARIANCE> 39
 3.156823e+00 5.439956e+00 1.575900e+01 2.088059e+01 3.307037e+01 2.674488e+01 2.606243e+01 2.510548e+01 1.565888e+01 1.698879e+01 2.815223e+01 4.265003e+01 8.222226e-01 8.889514e-02 2.301973e-01 4.191410e-01 8.178896e-01 8.659028e-01 6.455944e-01 1.746851e+00 1.410179e+00 3.484384e-01 1.012434e+00 1.397889e+00 1.317360e+00 2.194749e-02 1.364829e-02 3.543371e-02 3.975092e-02 1.884529e-01 2.253960e-01 2.038305e-01 3.009749e-01 2.089858e-01 1.872459e-01 2.157692e-01 1.877737e-01 2.780517e-01 5.026746e-03
<GCONST> 6.734449e+01
<STATE> 19
<MEAN> 39
 -1.906921e+01 -8.408357e+00 -2.562877e+00 -6.208614e-02 7.288950e+00 2.655974e+00 6.640919e+00 -2.076550e+00 1.108612e+00 -7.807646e+00 -3.201139e+00 -9.225051e+00 5.567760e+01 -1.596857e-01 -7.417542e-02 -6.590350e-02 -3.176010e-01 -4.044018e-01 -2.797720e-01 4.980843e-01 8.063794e-01 9.860139e-01 6.569712e-01 3.999649e-01 1.268221e-01 -8.171552e-02 2.881640e-02 6.303102e-02 4.177641e-02 -3.567576e-02 -4.657786e-02 7.505393e-02 1.392348e-01 1.498549e-01 4.998571e-02 6.361768e-02 2.706408e-01 1.053038e-01 3.985954e-02
<VARIANCE> 39
 4.507509e+00 6.880000e+00 1.000707e+01 2.429311e+01 3.321698e+01 3.661915e+01 3.648757e+01 3.501393e+01 4.139083e+01 2.623928e+01 2.037648e+01 3.357755e+01 9.659107e-01 1.955482e-01 2.126725e-01 4.184569e-01 9.185466e-01 1.208195e+00 1.450470e+00 1.952798e+00 1.934693e+00 1.748663e+00 1.027638e+00 1.242231e+00 8.322310e-01 4.282490e-02 3.997251e-02 7.640933e-02 7.145830e-02 1.955788e-01 3.092231e-01 3.731947e-01 3.815871e-01 2.663706e-01 3.818213e-01 1.356550e-01 2.182439e-01 2.004743e-01 8.171632e-03
<GCONST> 7.816414e+01
<TRANSP> 20
 0.000000e+00 1.000000e+00 0.000000e+00 0.000000e+00 0.000000e+00 0.000000e+00 0.000000e+00 0.000000e+00 0.000000e+00 0.000000e+00 0.000000e+00 0.000000e+00 0.000000e+00 0.000000e+00 0.000000e+00 0.000000e+00 0.000000e+00 0.000000e+00 0.000000e+00 0.000000e+00
 0.000000e+00 7.777635e-01 2.222365e-01 0.000000e+00 0.000000e+00 0.000000e+00 0.000000e+00 0.000000e+00 0.000000e+00 0.000000e+00 0.000000e+00 0.000000e+00 0.000000e+00 0.000000e+00 0.000000e+00 0.000000e+00 0.000000e+00 0.000000e+00 0.000000e+00 0.000000e+00
 0.000000e+00 0.000000e+00 5.863816e-01 4.136185e-01 0.000000e+00 0.000000e+00 0.000000e+00 0.000000e+00 0.000000e+00 0.000000e+00 0.000000e+00 0.000000e+00 0.000000e+00 0.000000e+00 0.000000e+00 0.000000e+00 0.000000e+00 0.000000e+00 0.000000e+00 0.000000e+00
 0.000000e+00 0.000000e+00 0.000000e+00 6.000719e-01 3.999281e-01 0.000000e+00 0.000000e+00 0.000000e+00 0.000000e+00 0.000000e+00 0.000000e+00 0.000000e+00 0.000000e+00 0.000000e+00 0.000000e+00 0.000000e+00 0.000000e+00 0.000000e+00 0.000000e+00 0.000000e+00
 0.000000e+00 0.000000e+00 0.000000e+00 0.000000e+00 6.127414e-01 3.872586e-01 0.000000e+00 0.000000e+00 0.000000e+00 0.000000e+00 0.000000e+00 0.000000e+00 0.000000e+00 0.000000e+00 0.000000e+00 0.000000e+00 0.000000e+00 0.000000e+00 0.000000e+00 0.000000e+00
 0.000000e+00 0.000000e+00 0.000000e+00 0.000000e+00 0.000000e+00 7.444580e-01 2.555421e-01 0.000000e+00 0.000000e+00 0.000000e+00 0.000000e+00 0.000000e+00 0.000000e+00 0.000000e+00 0.000000e+00 0.000000e+00 0.000000e+00 0.000000e+00 0.000000e+00 0.000000e+00
 0.000000e+00 0.000000e+00 0.000000e+00 0.000000e+00 0.000000e+00 0.000000e+00 6.473156e-01 3.526844e-01 0.000000e+00 0.000000e+00 0.000000e+00 0.000000e+00 0.000000e+00 0.000000e+00 0.000000e+00 0.000000e+00 0.000000e+00 0.000000e+00 0.000000e+00 0.000000e+00
 0.000000e+00 0.000000e+00 0.000000e+00 0.000000e+00 0.000000e+00 0.000000e+00 0.000000e+00 7.207490e-01 2.792510e-01 0.000000e+00 0.000000e+00 0.000000e+00 0.000000e+00 0.000000e+00 0.000000e+00 0.000000e+00 0.000000e+00 0.000000e+00 0.000000e+00 0.000000e+00
 0.000000e+00 0.000000e+00 0.000000e+00 0.000000e+00 0.000000e+00 0.000000e+00 0.000000e+00 0.000000e+00 6.261367e-01 3.738633e-01 0.000000e+00 0.000000e+00 0.000000e+00 0.000000e+00 0.000000e+00 0.000000e+00 0.000000e+00 0.000000e+00 0.000000e+00 0.000000e+00
 0.000000e+00 0.000000e+00 0.000000e+00 0.000000e+00 0.000000e+00 0.000000e+00 0.000000e+00 0.000000e+00 0.000000e+00 7.327110e-01 2.672890e-01 0.000000e+00 0.000000e+00 0.000000e+00 0.000000e+00 0.000000e+00 0.000000e+00 0.000000e+00 0.000000e+00 0.000000e+00
 0.000000e+00 0.000000e+00 0.000000e+00 0.000000e+00 0.000000e+00 0.000000e+00 0.000000e+00 0.000000e+00 0.000000e+00 0.000000e+00 6.736553e-01 3.263447e-01 0.000000e+00 0.000000e+00 0.000000e+00 0.000000e+00 0.000000e+00 0.000000e+00 0.000000e+00 0.000000e+00
 0.000000e+00 0.000000e+00 0.000000e+00 0.000000e+00 0.000000e+00 0.000000e+00 0.000000e+00 0.000000e+00 0.000000e+00 0.000000e+00 0.000000e+00 7.665232e-01 2.334768e-01 0.000000e+00 0.000000e+00 0.000000e+00 0.000000e+00 0.000000e+00 0.000000e+00 0.000000e+00
 0.000000e+00 0.000000e+00 0.000000e+00 0.000000e+00 0.000000e+00 0.000000e+00 0.000000e+00 0.000000e+00 0.000000e+00 0.000000e+00 0.000000e+00 0.000000e+00 7.324321e-01 2.675679e-01 0.000000e+00 0.000000e+00 0.000000e+00 0.000000e+00 0.000000e+00 0.000000e+00
 0.000000e+00 0.000000e+00 0.000000e+00 0.000000e+00 0.000000e+00 0.000000e+00 0.000000e+00 0.000000e+00 0.000000e+00 0.000000e+00 0.000000e+00 0.000000e+00 0.000000e+00 6.365038e-01 3.634962e-01 0.000000e+00 0.000000e+00 0.000000e+00 0.000000e+00 0.000000e+00
 0.000000e+00 0.000000e+00 0.000000e+00 0.000000e+00 0.000000e+00 0.000000e+00 0.000000e+00 0.000000e+00 0.000000e+00 0.000000e+00 0.000000e+00 0.000000e+00 0.000000e+00 0.000000e+00 7.407744e-01 2.592256e-01 0.000000e+00 0.000000e+00 0.000000e+00 0.000000e+00
 0.000000e+00 0.000000e+00 0.000000e+00 0.000000e+00 0.000000e+00 0.000000e+00 0.000000e+00 0.000000e+00 0.000000e+00 0.000000e+00 0.000000e+00 0.000000e+00 0.000000e+00 0.000000e+00 0.000000e+00 7.067380e-01 2.932620e-01 0.000000e+00 0.000000e+00 0.000000e+00
 0.000000e+00 0.000000e+00 0.000000e+00 0.000000e+00 0.000000e+00 0.000000e+00 0.000000e+00 0.000000e+00 0.000000e+00 0.000000e+00 0.000000e+00 0.000000e+00 0.000000e+00 0.000000e+00 0.000000e+00 0.000000e+00 6.763235e-01 3.236765e-01 0.000000e+00 0.000000e+00
 0.000000e+00 0.000000e+00 0.000000e+00 0.000000e+00 0.000000e+00 0.000000e+00 0.000000e+00 0.000000e+00 0.000000e+00 0.000000e+00 0.000000e+00 0.000000e+00 0.000000e+00 0.000000e+00 0.000000e+00 0.000000e+00 0.000000e+00 5.996864e-01 4.003136e-01 0.000000e+00
 0.000000e+00 0.000000e+00 0.000000e+00 0.000000e+00 0.000000e+00 0.000000e+00 0.000000e+00 0.000000e+00 0.000000e+00 0.000000e+00 0.000000e+00 0.000000e+00 0.000000e+00 0.000000e+00 0.000000e+00 0.000000e+00 0.000000e+00 0.000000e+00 6.221814e-01 3.778186e-01
 0.000000e+00 0.000000e+00 0.000000e+00 0.000000e+00 0.000000e+00 0.000000e+00 0.000000e+00 0.000000e+00 0.000000e+00 0.000000e+00 0.000000e+00 0.000000e+00 0.000000e+00 0.000000e+00 0.000000e+00 0.000000e+00 0.000000e+00 0.000000e+00 0.000000e+00 0.000000e+00
<ENDHMM>
