~o
<STREAMINFO> 1 39
<VECSIZE> 39<NULLD><MFCC_D_A_0><DIAGC>
~h "satu"
<BEGINHMM>
<NUMSTATES> 20
<STATE> 2
<MEAN> 39
 -1.876049e+01 -5.103728e+00 -3.402786e+00 -3.913659e+00 1.426671e-01 -7.325772e+00 2.634796e+00 -7.122447e+00 1.999749e+00 -6.791139e+00 2.416759e+00 -3.615654e+00 5.729385e+01 -1.058369e+00 1.481204e+00 -9.811512e-01 6.907128e-01 6.417450e-01 -7.991057e-01 1.230834e+00 -7.359197e-01 1.224109e+00 -1.590347e-01 7.757726e-01 -3.581177e-02 5.886773e-01 -3.149590e-01 5.207362e-01 -3.693783e-01 2.617369e-01 4.551930e-02 -1.105389e-01 2.904358e-01 -2.198839e-01 2.670380e-01 7.327719e-02 -2.879220e-02 -2.207092e-01 1.745473e-01
<VARIANCE> 39
 3.490125e+00 1.365788e+01 1.473043e+01 1.193186e+01 1.459241e+01 1.797523e+01 1.983221e+01 2.189903e+01 1.876457e+01 1.292095e+01 2.448773e+01 1.704327e+01 1.380144e+00 1.001810e+00 2.226978e+00 1.677572e+00 1.315668e+00 1.547174e+00 1.562622e+00 1.849635e+00 3.218243e+00 2.199683e+00 2.453432e+00 2.256590e+00 2.179409e+00 2.807537e-01 1.187755e-01 1.953266e-01 2.172238e-01 1.604133e-01 2.428672e-01 2.339510e-01 3.631533e-01 4.732865e-01 3.280604e-01 4.108475e-01 2.821724e-01 3.333936e-01 1.845183e-02
<GCONST> 9.036034e+01
<STATE> 3
<MEAN> 39
 -2.711787e+01 7.129707e+00 -1.134869e+01 1.821102e+00 1.817253e+00 -1.139165e+01 1.019298e+01 -1.221152e+01 9.185924e+00 -5.881691e+00 4.946423e+00 -3.355006e+00 6.146531e+01 -1.259314e+00 1.622756e+00 -1.263216e+00 7.588731e-01 4.634989e-01 -3.666816e-01 9.872378e-01 -3.472683e-01 4.360155e-01 5.516635e-01 -7.440311e-03 -2.036600e-02 7.078891e-01 5.708756e-01 -6.290408e-01 4.248232e-01 -4.673123e-01 -3.713659e-02 1.753923e-01 -4.578258e-01 3.916111e-01 -5.571430e-01 -9.706007e-02 -2.961165e-01 -4.812071e-02 -1.359792e-01
<VARIANCE> 39
 1.069378e+01 2.600212e+01 2.890821e+01 2.063918e+01 1.891411e+01 3.098999e+01 3.071841e+01 2.515785e+01 2.177817e+01 2.376860e+01 3.923018e+01 2.834395e+01 3.600245e+00 1.166071e+00 1.874872e+00 1.661697e+00 1.771312e+00 1.090248e+00 1.539741e+00 2.768971e+00 1.904314e+00 2.209321e+00 2.401754e+00 1.812478e+00 1.285153e+00 1.752019e-01 1.389664e-01 1.758616e-01 1.690379e-01 2.695948e-01 3.104649e-01 2.193107e-01 4.924648e-01 2.914301e-01 2.787817e-01 4.700171e-01 4.724650e-01 2.295345e-01 2.674799e-02
<GCONST> 9.677571e+01
<STATE> 4
<MEAN> 39
 -2.471913e+01 6.018719e+00 -1.168693e+01 -1.317153e+00 3.484049e+00 -1.264614e+01 8.840030e+00 -1.164786e+01 6.301440e+00 -5.691631e+00 1.738993e+00 -4.469450e+00 6.291711e+01 3.527255e+00 -7.706757e-01 -2.235791e-01 -1.955535e+00 -7.100777e-01 -1.128704e-01 -2.478174e+00 1.143985e-01 -8.868490e-01 -2.947470e-01 -1.744817e+00 -1.050335e+00 1.177698e+00 1.211088e+00 -3.228525e-01 -2.663492e-01 -3.741791e-01 -2.658670e-01 1.243068e-01 -6.346110e-01 -2.329315e-02 1.187827e-01 1.961805e-02 -4.382907e-01 -2.686564e-01 5.684015e-01
<VARIANCE> 39
 3.375763e+01 2.550545e+01 3.131753e+01 2.691211e+01 2.078927e+01 3.526084e+01 3.522187e+01 2.377288e+01 2.421310e+01 3.694283e+01 3.549046e+01 2.867320e+01 6.660700e+00 4.780339e+00 1.461062e+00 2.277444e+00 1.616366e+00 2.981981e+00 2.981673e+00 5.409912e+00 1.628713e+00 1.717491e+00 2.808404e+00 7.095852e+00 2.218024e+00 1.427645e+00 3.933680e-01 2.687920e-01 4.352575e-01 3.471075e-01 5.568897e-01 7.518476e-01 9.195491e-01 5.143015e-01 4.884419e-01 4.882961e-01 5.938331e-01 4.139017e-01 1.357827e-01
<GCONST> 1.158213e+02
<STATE> 5
<MEAN> 39
 -5.471087e+00 1.149043e+00 -1.584131e+01 -9.138950e+00 1.417251e+00 -1.082503e+01 -1.881481e+00 -9.849216e+00 4.758101e+00 -5.312876e+00 -6.189126e+00 -9.969042e+00 7.296983e+01 3.389394e+00 -2.575887e+00 -6.267924e-01 -9.140086e-01 4.745764e-01 1.129797e+00 -1.256850e+00 4.297287e-01 -1.223452e-01 2.061423e-02 -1.247046e+00 -5.297025e-01 2.074203e+00 -1.104866e+00 -1.201970e-01 3.834890e-01 7.003407e-01 2.974473e-01 1.975489e-01 6.630239e-01 -1.797175e-02 -2.051960e-02 -6.539405e-02 5.675584e-01 3.570215e-01 -5.616245e-01
<VARIANCE> 39
 1.157734e+01 2.752454e+01 3.520628e+01 2.441444e+01 4.247781e+01 6.698713e+01 7.853584e+01 8.445956e+01 4.043522e+01 1.151110e+02 1.456288e+02 3.031133e+01 2.161685e+01 3.539829e+00 2.091885e+00 4.449449e+00 2.497079e+00 3.141080e+00 4.267432e+00 5.115322e+00 7.614524e+00 3.721053e+00 3.720344e+00 4.554101e+00 3.312763e+00 1.765107e+00 1.330131e-01 4.034291e-01 3.681177e-01 2.207044e-01 4.002229e-01 7.776557e-01 7.816692e-01 6.372184e-01 4.361820e-01 6.491433e-01 6.499184e-01 3.925897e-01 1.647610e-01
<GCONST> 1.257100e+02
<STATE> 6
<MEAN> 39
 -3.191925e-01 -8.188282e+00 -1.092369e+01 -7.922132e+00 4.873904e+00 -8.964523e+00 -3.227551e+00 -5.372007e+00 1.839943e+00 -5.458736e+00 -5.383791e+00 -1.075714e+01 7.569713e+01 3.918813e-01 -2.921355e-01 8.187117e-01 1.248021e-01 -2.231759e-01 -6.987710e-02 -6.635170e-01 7.536594e-02 -1.987389e-01 1.919817e-01 -1.220947e-01 -4.080209e-03 -4.511454e-01 -3.124466e-01 4.719771e-01 2.206807e-01 2.914137e-02 -1.145674e-01 -1.726583e-01 -5.717054e-02 -5.237797e-02 -4.466047e-02 6.443629e-02 1.797902e-01 1.424746e-02 -3.703810e-01
<VARIANCE> 39
 3.927216e+00 2.871107e+01 9.002875e+01 2.174035e+01 5.904613e+01 3.647841e+01 8.545204e+01 1.572776e+02 6.936240e+01 7.005643e+01 1.356786e+02 2.934798e+01 2.135420e+01 1.962335e-01 1.055225e+00 1.079630e+00 7.326761e-01 8.501896e-01 8.895030e-01 1.708475e+00 1.062243e+00 1.231756e+00 1.708673e+00 1.590343e+00 7.750319e-01 4.408994e-01 5.324225e-02 1.004710e-01 2.359943e-01 1.734702e-01 1.991503e-01 2.320046e-01 2.942735e-01 3.607635e-01 2.993556e-01 2.197641e-01 3.839599e-01 1.993169e-01 2.172061e-02
<GCONST> 9.677908e+01
<STATE> 7
<MEAN> 39
 -2.010205e+00 -4.971586e+00 -4.945728e+00 -6.584407e+00 2.882941e+00 -6.864654e+00 -6.157953e+00 -5.546621e+00 3.289793e-01 -4.617929e+00 -4.774691e+00 -1.052822e+01 6.836989e+01 -7.745737e-01 4.765147e-01 8.868441e-01 4.625480e-01 -1.081921e-01 5.141345e-01 2.121798e-01 1.397279e-01 -7.357951e-01 -5.650411e-01 3.373766e-01 -2.731400e-02 -1.488753e+00 -1.479612e-01 -1.726069e-01 -1.392794e-01 -8.842611e-02 -5.444591e-03 5.436353e-02 2.170824e-01 1.319678e-01 -1.084702e-02 -2.585579e-02 1.582327e-02 -3.956315e-02 2.966290e-02
<VARIANCE> 39
 4.577346e+00 1.726300e+01 6.715677e+01 1.687372e+01 2.878626e+01 3.230244e+01 5.393550e+01 9.304460e+01 4.020668e+01 6.221263e+01 7.397273e+01 3.890159e+01 9.472253e+00 3.746326e-01 4.737204e-01 1.335176e+00 8.049979e-01 7.739037e-01 1.472471e+00 1.533561e+00 1.788313e+00 2.130294e+00 1.098776e+00 2.710860e+00 1.114523e+00 2.215355e-01 8.084669e-02 4.633451e-02 7.203025e-02 1.510631e-01 7.369426e-02 1.873848e-01 2.040257e-01 2.216784e-01 3.132426e-01 2.921226e-01 2.348507e-01 1.548792e-01 3.718574e-02
<GCONST> 8.992159e+01
<STATE> 8
<MEAN> 39
 -7.372750e+00 -4.386658e+00 -5.245777e+00 -7.359703e+00 6.541767e-01 -6.285700e+00 -3.894873e+00 -9.454988e+00 -1.757894e+00 -8.878460e+00 -5.048124e+00 -9.896039e+00 6.185492e+01 -7.475448e-01 -1.571831e-01 1.056724e+00 -1.911565e-01 1.197040e-01 1.317704e-01 4.325442e-01 4.435897e-01 -3.767283e-01 -2.517188e-01 1.901809e-01 -1.482542e-01 -7.977996e-01 6.220735e-02 5.158330e-02 -3.369930e-02 -2.291136e-03 2.966148e-02 -1.341442e-01 7.028707e-02 -7.436632e-02 2.056739e-01 6.144606e-02 -5.866645e-02 8.272470e-02 1.481549e-01
<VARIANCE> 39
 5.064182e+00 4.975638e+00 1.353717e+01 1.116365e+01 1.284641e+01 1.057488e+01 2.468145e+01 1.770799e+01 2.311974e+01 2.340463e+01 3.672879e+01 2.197388e+01 4.334388e+00 2.328482e-01 3.476696e-01 4.890278e-01 6.040882e-01 9.575641e-01 7.421519e-01 1.525109e+00 9.793279e-01 1.335800e+00 1.701398e+00 2.038082e+00 1.566503e+00 1.001135e-01 2.971335e-02 3.468562e-02 6.685300e-02 1.545371e-01 1.654294e-01 2.170775e-01 3.015968e-01 1.913968e-01 2.009883e-01 2.468281e-01 3.759358e-01 3.018454e-01 1.621820e-02
<GCONST> 7.444371e+01
<STATE> 9
<MEAN> 39
 -9.735940e+00 -4.244677e+00 9.242366e-02 -7.089664e+00 1.773063e+00 -5.935242e+00 -9.266712e-01 -5.075726e+00 -1.219273e+00 -8.183351e+00 -3.984250e+00 -1.077191e+01 5.948684e+01 -7.412016e-01 1.091925e-01 -2.138028e-01 -1.507792e-01 1.933235e-01 -2.040790e+00 2.607109e-01 -5.765459e-01 9.433033e-01 1.081543e+00 9.434088e-01 1.200573e+00 4.970433e-01 4.544739e-01 1.671985e-01 -3.771195e-01 -3.217724e-01 4.531865e-02 -1.082853e+00 -8.735452e-01 -7.703331e-01 -1.101109e-01 5.842497e-01 2.564031e-01 4.995074e-01 7.510065e-01
<VARIANCE> 39
 7.443357e+00 8.409307e+00 1.131341e+01 1.567297e+01 2.479727e+01 1.036966e+01 3.072248e+01 3.128429e+01 2.571808e+01 2.265384e+01 1.689006e+01 4.268105e+01 2.352437e+00 4.233984e-01 6.969092e-01 2.074307e+00 2.249311e+00 6.707966e+00 5.541926e+00 3.498518e+00 5.471863e+00 2.452865e+00 4.360130e+00 2.774085e+00 4.043449e+00 9.875243e-01 2.635974e-01 2.458684e-01 6.865920e-01 3.039299e-01 1.040534e+00 5.039600e-01 8.573683e-01 8.392854e-01 6.466202e-01 7.160052e-01 7.473454e-01 1.202727e+00 7.210126e-02
<GCONST> 1.100907e+02
<STATE> 10
<MEAN> 39
 -8.534966e+00 -2.763472e+00 -1.910754e+00 -1.024165e+01 3.362743e+00 -1.958480e+01 -6.920118e+00 -1.154054e+01 2.900024e-01 -1.472930e+00 -3.483784e-01 -3.884340e+00 6.604030e+01 2.427802e+00 1.104942e+00 -4.205468e-01 -1.773629e+00 1.551028e-01 -2.790473e+00 -3.706577e+00 -2.921678e+00 -1.331467e+00 2.867985e+00 1.323041e+00 1.248679e+00 2.678590e+00 6.624548e-01 1.713439e-01 5.157487e-02 -1.866564e-01 -1.263053e-01 1.455817e+00 -1.884819e-01 -3.545080e-02 -9.615699e-01 -2.033965e-01 3.054546e-02 -2.604864e-01 -7.199851e-02
<VARIANCE> 39
 2.696257e+01 1.822636e+01 3.704393e+01 2.610918e+01 5.726783e+01 6.905732e+01 1.041097e+02 1.132155e+02 6.617119e+01 5.824582e+01 7.125197e+01 3.593977e+01 2.215851e+01 1.937206e+00 3.405879e+00 7.133691e+00 2.307677e+00 6.130846e+00 8.384068e+00 6.467238e+00 9.570012e+00 6.396258e+00 6.112831e+00 5.713041e+00 7.425436e+00 6.128034e-01 5.217490e-01 3.647031e-01 8.146549e-01 6.199660e-01 1.030080e+00 1.140972e+00 1.328340e+00 1.393574e+00 6.662472e-01 1.335674e+00 6.058740e-01 5.970958e-01 3.671826e-01
<GCONST> 1.375862e+02
<STATE> 11
<MEAN> 39
 -8.817054e-02 7.306986e-01 -1.773128e+00 -1.519506e+01 2.422378e+00 -1.621960e+01 -1.648330e+01 -1.939113e+01 -7.631238e+00 4.631531e+00 2.784019e+00 -3.165564e+00 7.150092e+01 1.551000e+00 8.010241e-01 -6.510375e-01 -9.579657e-01 -2.399076e-01 2.574959e+00 -6.842481e-01 -1.024811e+00 -2.620121e+00 2.483010e-01 1.166857e+00 9.806576e-01 4.830589e-01 -5.614881e-01 -1.396566e-01 -1.613766e-01 1.624999e-01 -7.274190e-02 4.958496e-01 9.453665e-01 8.342757e-01 2.763776e-01 -8.447956e-01 -3.137749e-01 -6.975371e-02 -5.755427e-01
<VARIANCE> 39
 4.938460e+00 3.239215e+01 8.742274e+01 1.673727e+01 7.899615e+01 6.326232e+01 1.444194e+02 2.470522e+02 7.313258e+01 4.647193e+01 1.098339e+02 4.824337e+01 1.095731e+01 2.184316e+00 1.507195e+00 1.557806e+00 1.504418e+00 1.397693e+00 1.608537e+00 2.694687e+00 4.356988e+00 1.641780e+00 4.693456e+00 1.721258e+00 1.673735e+00 4.470125e-01 2.174146e-01 2.582257e-01 5.377789e-01 3.020058e-01 4.560026e-01 9.356118e-01 5.259809e-01 1.356991e+00 4.732132e-01 6.785464e-01 8.133584e-01 3.788995e-01 1.046170e-01
<GCONST> 1.192942e+02
<STATE> 12
<MEAN> 39
 1.523404e+00 2.238342e+00 -4.388810e+00 -1.922447e+01 3.944583e+00 -9.364608e+00 -1.789215e+01 -1.710590e+01 -1.485542e+01 3.441689e+00 6.443451e+00 -3.628130e+00 7.112313e+01 9.508000e-02 5.149263e-01 -3.702047e-01 -2.333529e-01 -8.919028e-01 5.315251e-01 9.932577e-01 9.436918e-02 -1.619532e-01 -1.017120e+00 5.016114e-01 4.057311e-01 -6.113136e-01 -1.818538e-01 -2.561153e-02 2.011975e-01 1.923567e-01 -8.983858e-02 -2.619844e-01 8.666749e-02 8.590008e-02 2.470067e-01 -6.796668e-02 -1.836603e-01 -1.308511e-01 -8.222787e-02
<VARIANCE> 39
 3.090573e+00 2.795616e+01 6.182079e+01 1.348839e+01 4.650040e+01 4.254116e+01 9.057701e+01 1.022636e+02 3.763391e+01 3.658796e+01 5.696977e+01 5.500290e+01 8.558451e+00 3.381938e-01 4.025404e-01 7.022318e-01 9.695790e-01 8.985034e-01 1.670209e+00 1.280594e+00 2.802916e+00 1.610829e+00 2.207675e+00 2.133773e+00 2.311683e+00 1.436810e-01 7.217045e-02 8.298548e-02 9.297306e-02 1.100193e-01 8.174802e-02 1.947803e-01 2.212107e-01 3.045374e-01 1.782753e-01 4.634511e-01 2.889682e-01 4.938217e-01 2.211364e-02
<GCONST> 9.245021e+01
<STATE> 13
<MEAN> 39
 2.234030e+00 6.492859e+00 -6.190272e+00 -1.787424e+01 -8.396192e+00 -9.138181e+00 -4.458244e+00 -1.612634e+01 -1.304105e+01 -8.908597e+00 4.486303e+00 1.661020e+00 6.680843e+01 -3.481424e-01 9.481209e-02 2.582273e-01 1.300456e-01 -7.028185e-01 4.075004e-01 4.801715e-01 6.504781e-01 -6.193208e-02 -8.070052e-01 -7.158945e-01 -1.551118e-01 -3.641313e-01 -1.835039e-01 -1.472033e-01 9.067550e-02 2.228599e-01 1.705172e-01 -1.254427e-01 -8.484805e-02 -3.918855e-02 1.710483e-01 1.691812e-01 8.664757e-02 1.052873e-02 -5.626884e-02
<VARIANCE> 39
 2.012182e+00 5.109318e+00 1.286623e+01 1.105315e+01 2.372629e+01 2.516039e+01 2.225507e+01 3.976381e+01 1.783452e+01 4.038053e+01 2.115090e+01 3.128981e+01 7.849559e-01 2.571682e-01 3.809000e-01 6.171724e-01 9.063320e-01 1.009110e+00 1.057307e+00 9.364760e-01 1.621444e+00 1.804873e+00 1.458478e+00 1.612130e+00 1.729799e+00 9.369753e-02 4.144630e-02 3.670593e-02 1.090826e-01 1.715914e-01 1.667220e-01 2.170069e-01 1.853755e-01 2.555448e-01 3.363377e-01 3.566365e-01 2.383887e-01 3.902349e-01 1.084251e-02
<GCONST> 7.632330e+01
<STATE> 14
<MEAN> 39
 -2.251823e+00 5.109056e+00 -2.305166e+00 -1.326726e+01 -6.687594e+00 -7.839866e+00 -6.131689e+00 -1.425995e+01 -1.131083e+01 -7.559140e+00 4.679792e+00 2.228969e+00 6.414630e+01 -8.265176e-01 -1.084714e-01 1.247046e+00 1.583542e+00 4.909524e-01 -2.463413e-01 1.578928e-01 8.077040e-04 3.309693e-01 -6.192788e-01 -1.237128e-01 -3.376380e-01 -6.373241e-01 3.420274e-02 1.999501e-02 1.268055e-01 6.199215e-02 1.299824e-01 1.750132e-02 -3.199065e-02 -8.614109e-02 -5.367154e-02 4.739736e-02 2.885114e-02 -2.185517e-01 4.266132e-02
<VARIANCE> 39
 5.214898e+00 9.005244e+00 2.359592e+01 2.478921e+01 2.897116e+01 1.839614e+01 3.255379e+01 3.185240e+01 1.633508e+01 2.738491e+01 1.604921e+01 4.351517e+01 1.798200e+00 3.362902e-01 4.381827e-01 3.417558e-01 5.740731e-01 1.702574e+00 1.686468e+00 2.150442e+00 2.273804e+00 9.863113e-01 1.644086e+00 1.315034e+00 9.862571e-01 1.042190e-01 3.175047e-02 4.283046e-02 6.198690e-02 1.384869e-01 2.057120e-01 3.291181e-01 2.880542e-01 3.550532e-01 2.070758e-01 1.965292e-01 2.288308e-01 2.094804e-01 1.269282e-02
<GCONST> 7.900273e+01
<STATE> 15
<MEAN> 39
 -4.603400e+00 5.901169e+00 4.766318e+00 -4.791842e+00 -2.044890e+00 -8.153775e+00 -4.937105e+00 -1.503607e+01 -9.047039e+00 -8.431594e+00 3.031729e+00 -8.642434e-01 6.216158e+01 -8.867868e-01 -4.366896e-01 3.554176e-01 8.298863e-01 -1.334831e-01 -3.133916e-01 2.529869e-01 4.039780e-02 6.073490e-01 -7.244793e-02 -2.291382e-02 -3.493714e-01 -4.830614e-01 -5.748202e-02 -1.788806e-01 -3.182997e-01 -2.678214e-01 -1.993105e-01 -6.316707e-02 -4.357758e-02 2.588423e-03 -6.037449e-02 -5.049019e-02 -2.913764e-02 1.407925e-01 1.365297e-02
<VARIANCE> 39
 3.607501e+00 7.339838e+00 1.785608e+01 2.605245e+01 2.124350e+01 8.514409e+00 3.176373e+01 2.739849e+01 2.473025e+01 1.441966e+01 2.619447e+01 5.470473e+01 8.730135e-01 2.393017e-01 4.383554e-01 8.573676e-01 8.791564e-01 9.787018e-01 7.484056e-01 1.351350e+00 1.322458e+00 1.964689e+00 1.508579e+00 1.246002e+00 2.294297e+00 4.608676e-02 2.605599e-02 5.847230e-02 7.332886e-02 8.115202e-02 1.296605e-01 2.052811e-01 2.341245e-01 2.988431e-01 3.696299e-01 2.353706e-01 3.187400e-01 2.375540e-01 7.047893e-03
<GCONST> 7.498790e+01
<STATE> 16
<MEAN> 39
 -8.810277e+00 9.959078e-01 -3.672902e-01 -8.365898e+00 -6.194492e+00 -9.623621e+00 -5.211360e+00 -1.493303e+01 -8.171861e+00 -1.062529e+01 3.196665e+00 -2.447625e+00 6.041060e+01 -8.149565e-01 -4.805785e-01 2.482905e-01 6.776486e-01 3.892118e-01 3.148691e-01 1.233104e-01 6.202472e-03 3.513859e-01 -1.490830e-01 -2.674939e-01 -1.684353e-02 -4.746530e-01 1.055530e-01 1.337840e-01 7.365653e-02 6.020750e-02 1.141292e-01 1.252698e-01 3.663368e-02 4.742112e-02 1.749468e-02 7.398754e-02 -1.007031e-01 4.266300e-02 4.862409e-02
<VARIANCE> 39
 2.320188e+00 5.384870e+00 1.379883e+01 2.132415e+01 1.324774e+01 1.391097e+01 1.537055e+01 1.640135e+01 1.481008e+01 1.200385e+01 1.217851e+01 2.747844e+01 9.786631e-01 6.117118e-02 2.761517e-01 6.313463e-01 7.570655e-01 7.460484e-01 8.264750e-01 7.904186e-01 7.565333e-01 1.887924e+00 1.532928e+00 9.204154e-01 1.365619e+00 2.263507e-02 1.869686e-02 1.966199e-02 8.985920e-02 1.299991e-01 1.526102e-01 1.603848e-01 1.598374e-01 1.710306e-01 2.634674e-01 2.827687e-01 1.548591e-01 3.291666e-01 5.628679e-03
<GCONST> 6.287045e+01
<STATE> 17
<MEAN> 39
 -1.144003e+01 1.766855e+00 4.737354e+00 -2.629019e+00 -3.791328e+00 -9.137445e+00 -4.566458e+00 -1.686344e+01 -1.028414e+01 -1.261860e+01 1.353598e+00 -3.311427e-01 5.845921e+01 -6.486528e-01 -3.798400e-01 -1.113570e-02 1.913296e-01 2.916227e-02 3.733877e-03 1.601803e-01 7.191502e-01 1.812016e-01 -4.118544e-01 -5.581782e-01 -4.791190e-01 -2.756612e-01 1.361107e-02 -5.971998e-02 -1.014682e-01 -1.396135e-01 2.118658e-02 5.888184e-02 1.177509e-01 1.862966e-01 1.710847e-01 9.572638e-02 2.323055e-02 -8.378514e-02 3.150568e-02
<VARIANCE> 39
 3.651096e+00 6.471380e+00 9.086580e+00 1.179667e+01 4.124421e+01 1.307518e+01 2.363209e+01 2.893657e+01 3.272201e+01 2.069804e+01 1.748922e+01 4.261924e+01 1.213631e+00 9.979480e-02 2.935249e-01 5.506750e-01 1.096663e+00 9.493858e-01 8.723000e-01 1.507453e+00 2.208974e+00 6.232175e-01 1.631736e+00 2.025132e+00 2.036404e+00 3.804796e-02 1.598000e-02 5.193583e-02 7.614378e-02 1.552203e-01 1.449890e-01 1.597990e-01 3.041125e-01 2.119349e-01 1.725493e-01 3.191891e-01 2.671300e-01 3.132426e-01 6.382466e-03
<GCONST> 7.232906e+01
<STATE> 18
<MEAN> 39
 -1.410927e+01 -1.711058e+00 2.032104e+00 -2.746290e+00 -1.026302e+00 -7.503392e+00 -2.298905e+00 -8.269508e+00 -9.743164e-01 -8.557492e+00 -2.407404e-02 -5.185514e+00 5.783483e+01 -3.927473e-01 -3.663314e-01 -6.582236e-02 5.469882e-02 3.918411e-01 3.623967e-01 5.550362e-01 5.289277e-01 5.452188e-01 2.610809e-01 -8.507523e-03 4.558816e-02 -1.529529e-01 4.294985e-03 -1.794901e-02 -3.514643e-02 6.652393e-03 -1.197184e-02 5.039852e-02 2.140046e-02 -8.606608e-02 -1.845839e-01 -9.753566e-02 3.063335e-02 5.314774e-02 -3.796536e-03
<VARIANCE> 39
 2.347801e+00 5.511334e+00 7.434704e+00 9.694745e+00 1.363624e+01 1.476960e+01 2.442720e+01 2.685038e+01 3.458093e+01 2.012861e+01 1.572420e+01 1.613390e+01 4.419241e-01 1.902761e-01 3.506605e-01 5.451154e-01 6.488299e-01 8.746099e-01 1.354198e+00 1.840008e+00 9.799318e-01 1.993750e+00 1.157765e+00 1.571972e+00 1.342605e+00 3.072751e-02 3.049004e-02 4.946871e-02 9.330450e-02 1.246612e-01 1.403576e-01 2.564235e-01 3.376255e-01 2.055623e-01 3.816978e-01 2.337368e-01 3.432168e-01 2.728805e-01 4.591124e-03
<GCONST> 6.957294e+01
<STATE> 19
<MEAN> 39
 -1.671693e+01 -3.890357e+00 1.664789e+00 -2.706375e+00 -6.228735e-01 -4.990188e+00 1.033063e+00 -7.843186e+00 -4.820111e+00 -1.236053e+01 -1.370324e+00 -3.056453e+00 5.658022e+01 -4.129871e-01 -4.228736e-01 -2.813938e-01 1.748444e-01 4.195582e-01 5.505943e-01 5.707677e-01 5.109111e-01 -1.387694e-01 -8.530343e-02 -1.361847e-01 8.798141e-02 -1.619148e-01 7.462560e-02 6.396815e-02 -1.841708e-02 5.457032e-02 -1.361474e-02 -1.901512e-01 -3.555762e-01 -1.465790e-01 1.667834e-01 1.850589e-01 7.325327e-02 -5.904389e-02 3.555765e-02
<VARIANCE> 39
 3.357017e+00 5.185686e+00 8.741391e+00 1.882417e+01 2.230314e+01 1.415853e+01 3.193767e+01 2.827965e+01 2.968851e+01 4.054357e+01 2.962486e+01 3.875026e+01 1.102839e+00 1.064712e-01 2.258462e-01 5.030463e-01 7.543089e-01 1.167151e+00 7.808509e-01 1.677116e+00 1.362972e+00 2.098249e+00 2.304574e+00 1.524500e+00 2.083889e+00 4.994556e-02 1.545518e-02 3.763074e-02 1.043931e-01 1.765689e-01 2.136049e-01 1.440402e-01 2.904652e-01 2.416373e-01 4.459423e-01 5.031882e-01 5.630077e-01 6.220788e-01 8.550520e-03
<GCONST> 7.732080e+01
<TRANSP> 20
 0.000000e+00 1.000000e+00 0.000000e+00 0.000000e+00 0.000000e+00 0.000000e+00 0.000000e+00 0.000000e+00 0.000000e+00 0.000000e+00 0.000000e+00 0.000000e+00 0.000000e+00 0.000000e+00 0.000000e+00 0.000000e+00 0.000000e+00 0.000000e+00 0.000000e+00 0.000000e+00
 0.000000e+00 7.640157e-01 2.359843e-01 0.000000e+00 0.000000e+00 0.000000e+00 0.000000e+00 0.000000e+00 0.000000e+00 0.000000e+00 0.000000e+00 0.000000e+00 0.000000e+00 0.000000e+00 0.000000e+00 0.000000e+00 0.000000e+00 0.000000e+00 0.000000e+00 0.000000e+00
 0.000000e+00 0.000000e+00 7.793794e-01 2.206206e-01 0.000000e+00 0.000000e+00 0.000000e+00 0.000000e+00 0.000000e+00 0.000000e+00 0.000000e+00 0.000000e+00 0.000000e+00 0.000000e+00 0.000000e+00 0.000000e+00 0.000000e+00 0.000000e+00 0.000000e+00 0.000000e+00
 0.000000e+00 0.000000e+00 0.000000e+00 7.433493e-01 2.566507e-01 0.000000e+00 0.000000e+00 0.000000e+00 0.000000e+00 0.000000e+00 0.000000e+00 0.000000e+00 0.000000e+00 0.000000e+00 0.000000e+00 0.000000e+00 0.000000e+00 0.000000e+00 0.000000e+00 0.000000e+00
 0.000000e+00 0.000000e+00 0.000000e+00 0.000000e+00 7.205303e-01 2.794697e-01 0.000000e+00 0.000000e+00 0.000000e+00 0.000000e+00 0.000000e+00 0.000000e+00 0.000000e+00 0.000000e+00 0.000000e+00 0.000000e+00 0.000000e+00 0.000000e+00 0.000000e+00 0.000000e+00
 0.000000e+00 0.000000e+00 0.000000e+00 0.000000e+00 0.000000e+00 8.141766e-01 1.858234e-01 0.000000e+00 0.000000e+00 0.000000e+00 0.000000e+00 0.000000e+00 0.000000e+00 0.000000e+00 0.000000e+00 0.000000e+00 0.000000e+00 0.000000e+00 0.000000e+00 0.000000e+00
 0.000000e+00 0.000000e+00 0.000000e+00 0.000000e+00 0.000000e+00 0.000000e+00 7.930700e-01 2.069300e-01 0.000000e+00 0.000000e+00 0.000000e+00 0.000000e+00 0.000000e+00 0.000000e+00 0.000000e+00 0.000000e+00 0.000000e+00 0.000000e+00 0.000000e+00 0.000000e+00
 0.000000e+00 0.000000e+00 0.000000e+00 0.000000e+00 0.000000e+00 0.000000e+00 0.000000e+00 8.393723e-01 1.606276e-01 0.000000e+00 0.000000e+00 0.000000e+00 0.000000e+00 0.000000e+00 0.000000e+00 0.000000e+00 0.000000e+00 0.000000e+00 0.000000e+00 0.000000e+00
 0.000000e+00 0.000000e+00 0.000000e+00 0.000000e+00 0.000000e+00 0.000000e+00 0.000000e+00 0.000000e+00 6.649140e-01 3.350860e-01 0.000000e+00 0.000000e+00 0.000000e+00 0.000000e+00 0.000000e+00 0.000000e+00 0.000000e+00 0.000000e+00 0.000000e+00 0.000000e+00
 0.000000e+00 0.000000e+00 0.000000e+00 0.000000e+00 0.000000e+00 0.000000e+00 0.000000e+00 0.000000e+00 0.000000e+00 6.664010e-01 3.335990e-01 0.000000e+00 0.000000e+00 0.000000e+00 0.000000e+00 0.000000e+00 0.000000e+00 0.000000e+00 0.000000e+00 0.000000e+00
 0.000000e+00 0.000000e+00 0.000000e+00 0.000000e+00 0.000000e+00 0.000000e+00 0.000000e+00 0.000000e+00 0.000000e+00 0.000000e+00 6.623953e-01 3.376047e-01 0.000000e+00 0.000000e+00 0.000000e+00 0.000000e+00 0.000000e+00 0.000000e+00 0.000000e+00 0.000000e+00
 0.000000e+00 0.000000e+00 0.000000e+00 0.000000e+00 0.000000e+00 0.000000e+00 0.000000e+00 0.000000e+00 0.000000e+00 0.000000e+00 0.000000e+00 8.228359e-01 1.771641e-01 0.000000e+00 0.000000e+00 0.000000e+00 0.000000e+00 0.000000e+00 0.000000e+00 0.000000e+00
 0.000000e+00 0.000000e+00 0.000000e+00 0.000000e+00 0.000000e+00 0.000000e+00 0.000000e+00 0.000000e+00 0.000000e+00 0.000000e+00 0.000000e+00 0.000000e+00 8.057922e-01 1.942079e-01 0.000000e+00 0.000000e+00 0.000000e+00 0.000000e+00 0.000000e+00 0.000000e+00
 0.000000e+00 0.000000e+00 0.000000e+00 0.000000e+00 0.000000e+00 0.000000e+00 0.000000e+00 0.000000e+00 0.000000e+00 0.000000e+00 0.000000e+00 0.000000e+00 0.000000e+00 7.538679e-01 2.461320e-01 0.000000e+00 0.000000e+00 0.000000e+00 0.000000e+00 0.000000e+00
 0.000000e+00 0.000000e+00 0.000000e+00 0.000000e+00 0.000000e+00 0.000000e+00 0.000000e+00 0.000000e+00 0.000000e+00 0.000000e+00 0.000000e+00 0.000000e+00 0.000000e+00 0.000000e+00 7.283202e-01 2.716798e-01 0.000000e+00 0.000000e+00 0.000000e+00 0.000000e+00
 0.000000e+00 0.000000e+00 0.000000e+00 0.000000e+00 0.000000e+00 0.000000e+00 0.000000e+00 0.000000e+00 0.000000e+00 0.000000e+00 0.000000e+00 0.000000e+00 0.000000e+00 0.000000e+00 0.000000e+00 7.452146e-01 2.547854e-01 0.000000e+00 0.000000e+00 0.000000e+00
 0.000000e+00 0.000000e+00 0.000000e+00 0.000000e+00 0.000000e+00 0.000000e+00 0.000000e+00 0.000000e+00 0.000000e+00 0.000000e+00 0.000000e+00 0.000000e+00 0.000000e+00 0.000000e+00 0.000000e+00 0.000000e+00 7.919353e-01 2.080647e-01 0.000000e+00 0.000000e+00
 0.000000e+00 0.000000e+00 0.000000e+00 0.000000e+00 0.000000e+00 0.000000e+00 0.000000e+00 0.000000e+00 0.000000e+00 0.000000e+00 0.000000e+00 0.000000e+00 0.000000e+00 0.000000e+00 0.000000e+00 0.000000e+00 0.000000e+00 8.196382e-01 1.803618e-01 0.000000e+00
 0.000000e+00 0.000000e+00 0.000000e+00 0.000000e+00 0.000000e+00 0.000000e+00 0.000000e+00 0.000000e+00 0.000000e+00 0.000000e+00 0.000000e+00 0.000000e+00 0.000000e+00 0.000000e+00 0.000000e+00 0.000000e+00 0.000000e+00 0.000000e+00 6.899751e-01 3.100250e-01
 0.000000e+00 0.000000e+00 0.000000e+00 0.000000e+00 0.000000e+00 0.000000e+00 0.000000e+00 0.000000e+00 0.000000e+00 0.000000e+00 0.000000e+00 0.000000e+00 0.000000e+00 0.000000e+00 0.000000e+00 0.000000e+00 0.000000e+00 0.000000e+00 0.000000e+00 0.000000e+00
<ENDHMM>
