~o
<STREAMINFO> 1 39
<VECSIZE> 39<NULLD><MFCC_D_A_0><DIAGC>
~h "sembilan"
<BEGINHMM>
<NUMSTATES> 20
<STATE> 2
<MEAN> 39
 -1.760094e+01 -6.493818e+00 -2.389849e+00 -4.639381e+00 1.755936e-02 -5.606394e+00 5.914504e-01 -6.236239e+00 4.959155e-01 -6.082079e+00 5.551373e-01 -5.301868e+00 5.654912e+01 -4.364020e-01 5.358703e-01 -5.274891e-01 2.759390e-01 2.048437e-01 -5.772464e-01 5.732556e-01 -5.483740e-01 3.983950e-01 -5.689815e-01 -4.773990e-02 -1.108353e-02 2.958052e-01 -3.337900e-01 4.505301e-01 -3.581862e-01 2.632994e-01 7.701690e-02 -6.304193e-02 3.617103e-01 -1.804829e-01 3.236981e-01 -2.348834e-01 1.108736e-01 -6.072444e-02 1.760153e-01
<VARIANCE> 39
 8.448387e-01 1.706911e+00 5.350095e+00 8.413033e+00 7.181543e+00 8.004914e+00 9.474363e+00 1.705536e+01 1.247767e+01 8.254535e+00 1.123211e+01 1.499708e+01 3.205886e-01 5.463315e-01 1.176319e+00 9.182051e-01 8.897716e-01 8.103485e-01 1.168259e+00 2.360175e+00 1.805139e+00 2.756750e+00 1.351101e+00 1.488818e+00 1.740609e+00 1.301527e-01 9.702233e-02 2.736728e-01 1.738989e-01 1.452476e-01 1.734969e-01 2.664057e-01 4.464546e-01 4.094152e-01 4.909509e-01 2.265985e-01 2.987915e-01 4.013710e-01 2.008123e-02
<GCONST> 7.428317e+01
<STATE> 3
<MEAN> 39
 -2.376399e+01 1.975582e+00 -9.195321e+00 3.740664e-01 4.456172e-01 -7.469211e+00 7.714592e+00 -1.159902e+01 7.599803e+00 -1.236339e+01 2.859999e+00 -7.284995e+00 5.985986e+01 -2.096756e+00 3.121217e+00 -2.112715e+00 1.910556e+00 3.888071e-02 -7.614928e-01 1.909441e+00 -1.214176e+00 1.526918e+00 -6.025801e-01 8.714868e-01 5.132958e-01 1.167863e+00 6.888522e-02 -1.348709e-01 1.496303e-01 -3.910547e-02 7.713789e-02 -8.363533e-02 -2.638805e-01 3.425445e-01 -5.473714e-01 6.385725e-01 -1.252643e-01 4.305009e-01 7.193301e-03
<VARIANCE> 39
 6.778338e+00 1.664616e+01 1.220115e+01 1.411934e+01 1.908959e+01 1.527509e+01 2.203849e+01 2.820605e+01 2.338990e+01 3.071940e+01 3.850033e+01 2.605724e+01 2.376802e+00 6.017145e-01 1.351672e+00 1.289803e+00 6.455231e-01 2.012951e+00 1.320097e+00 3.005067e+00 3.013436e+00 2.517537e+00 2.726849e+00 3.191272e+00 2.760734e+00 2.308622e-01 1.341325e-01 3.768256e-01 2.081379e-01 2.758459e-01 3.086782e-01 2.382679e-01 6.248522e-01 6.479017e-01 5.486313e-01 3.429792e-01 5.831105e-01 3.701357e-01 4.992376e-02
<GCONST> 9.788371e+01
<STATE> 4
<MEAN> 39
 -2.867949e+01 9.229383e+00 -1.349258e+01 3.298292e+00 3.296678e+00 -1.201195e+01 1.134432e+01 -1.141490e+01 5.678453e+00 -7.930344e+00 2.301600e+00 -9.078785e-01 6.342374e+01 1.153556e+00 3.727565e-01 4.085789e-01 -3.721228e-01 2.260557e-03 -7.711291e-01 -9.860062e-01 -4.588209e-02 -6.061441e-01 5.129359e-01 -4.552244e-01 6.318085e-03 4.621491e-01 1.227683e+00 -3.530156e-01 6.125867e-01 -5.025027e-01 -3.095904e-01 1.409216e-02 -1.023968e+00 -1.915498e-01 -1.779027e-01 -9.800027e-02 -1.573000e-01 -5.814517e-01 3.900516e-02
<VARIANCE> 39
 8.269194e+00 1.419422e+01 9.477498e+00 1.867748e+01 2.226290e+01 1.163133e+01 1.279059e+01 1.794540e+01 2.890553e+01 4.134206e+01 3.340751e+01 2.828081e+01 2.788787e+00 6.158560e+00 1.734011e+00 2.222922e+00 1.219331e+00 1.779910e+00 1.534483e+00 4.773814e+00 3.075461e+00 2.927474e+00 2.583535e+00 3.562029e+00 2.859521e+00 5.637010e-01 2.151408e-01 5.475582e-01 2.500415e-01 1.335285e-01 3.496324e-01 3.246791e-01 5.848609e-01 6.398031e-01 7.736460e-01 4.334326e-01 7.943643e-01 3.979158e-01 2.080507e-01
<GCONST> 1.058903e+02
<STATE> 5
<MEAN> 39
 -9.501137e+00 1.000621e+01 -5.796712e+00 -1.902295e+00 -1.168692e+00 -1.491025e+01 -5.199041e+00 -1.593669e+01 2.498241e+00 -8.513392e+00 7.862750e-01 -8.411877e+00 6.792143e+01 3.891867e+00 4.428242e-01 1.326995e+00 -1.002890e+00 -6.226987e-01 1.220433e-02 -2.968997e+00 -1.363288e+00 -1.279180e+00 2.870642e-01 5.097860e-01 -7.725878e-01 1.195399e+00 -7.034025e-01 -1.060478e-01 -9.760118e-02 3.215080e-01 2.353514e-01 3.433954e-01 8.101662e-01 1.455130e-01 -1.335787e-01 -1.764249e-02 3.196601e-01 4.154419e-01 -2.869352e-01
<VARIANCE> 39
 3.963112e+01 1.999553e+01 4.334797e+01 2.710845e+01 5.473875e+01 3.459440e+01 6.903656e+01 6.008728e+01 4.182070e+01 1.540758e+02 4.080906e+01 3.823074e+01 2.349377e+01 3.118801e+00 2.349975e+00 2.426847e+00 2.412234e+00 4.224980e+00 4.764094e+00 7.890899e+00 4.909719e+00 4.000829e+00 5.279835e+00 5.700223e+00 4.900732e+00 1.369407e+00 4.783529e-01 4.020783e-01 4.066600e-01 3.641444e-01 5.658113e-01 7.663054e-01 1.023941e+00 9.115018e-01 8.230464e-01 8.486330e-01 5.352803e-01 6.277615e-01 2.901885e-01
<GCONST> 1.305411e+02
<STATE> 6
<MEAN> 39
 -1.075206e+00 9.255674e+00 1.724873e+00 -2.760853e+00 -3.426599e+00 -1.308548e+01 -6.935399e+00 -1.590594e+01 -4.585849e+00 -5.899533e+00 4.016750e+00 -7.815278e+00 6.748363e+01 3.868235e-01 -2.807240e-01 1.184422e+00 4.588256e-03 -4.412069e-01 -3.267790e-02 1.698707e-01 7.299640e-01 -7.991005e-01 3.635588e-02 -1.077663e-01 -2.440546e-01 -4.541920e-01 -1.922576e-01 -9.884579e-02 5.200581e-02 2.948611e-02 -1.502044e-01 -1.702347e-01 2.200595e-02 1.593843e-01 5.182486e-02 2.530495e-02 -9.525250e-02 -1.690813e-02 9.871654e-04
<VARIANCE> 39
 9.310555e+00 1.083333e+01 3.222205e+01 2.128624e+01 4.786367e+01 2.556097e+01 4.329002e+01 5.087403e+01 2.109216e+01 6.359031e+01 7.893171e+01 4.163878e+01 7.769017e+00 2.354089e-01 4.318878e-01 7.795019e-01 1.165217e+00 1.486174e+00 1.001579e+00 2.001047e+00 1.715523e+00 2.013164e+00 2.228384e+00 2.032916e+00 1.121910e+00 1.457803e-01 4.996650e-02 8.559751e-02 9.200165e-02 1.438111e-01 3.947909e-01 2.142687e-01 2.809887e-01 4.248698e-01 3.701366e-01 3.741505e-01 4.265505e-01 3.089527e-01 3.309298e-02
<GCONST> 9.283926e+01
<STATE> 7
<MEAN> 39
 -6.886607e-01 4.958703e+00 1.093999e+01 -1.766426e+00 -1.106787e+01 -1.526980e+01 -6.218354e+00 -1.234396e+01 -1.046811e+01 -4.350630e+00 2.779158e+00 -9.939938e+00 6.633890e+01 -5.228096e-01 -1.840334e+00 3.205173e+00 -1.146668e-01 -3.745204e+00 -6.775875e-01 -3.269011e-02 1.864594e-02 -2.112697e+00 1.703224e+00 1.082983e+00 3.381823e-01 9.014146e-01 -2.319451e-01 -1.590093e-01 3.237554e-01 -2.831918e-01 -4.145025e-01 1.829801e-01 -4.886917e-02 -2.360645e-01 -5.062646e-02 2.028088e-01 2.732073e-01 3.352718e-01 3.684739e-01
<VARIANCE> 39
 5.523555e+00 1.632091e+01 3.944424e+01 4.238701e+01 7.860860e+01 3.505219e+01 2.491250e+01 4.117337e+01 6.831403e+01 4.160483e+01 6.602812e+01 2.510134e+01 5.473370e+00 4.587712e-01 1.474313e+00 3.119995e+00 1.309724e+00 5.487665e+00 3.391218e+00 1.504303e+00 4.531847e+00 1.122940e+01 8.023431e+00 3.810705e+00 3.722778e+00 6.025808e-01 6.884945e-02 3.174682e-01 5.962145e-01 3.900045e-01 1.364308e+00 6.837878e-01 2.321351e-01 4.706472e-01 1.435298e+00 7.343979e-01 7.984939e-01 2.820251e-01 8.346101e-02
<GCONST> 1.165396e+02
<STATE> 8
<MEAN> 39
 -4.560821e+00 -9.055444e-01 2.472954e+01 -5.587060e+00 -2.106087e+01 -1.446065e+01 -7.131201e+00 -9.323948e+00 -1.998341e+01 -2.757873e-01 8.285115e+00 -4.906018e+00 7.190128e+01 -3.330624e-01 -6.963574e-01 1.623622e-01 1.205560e-01 -6.490993e-01 -3.268396e-01 2.289875e-02 5.311381e-01 2.585767e-01 -6.857077e-01 -8.796529e-02 1.414449e+00 4.551533e-01 2.369099e-01 1.738671e-01 -7.382307e-01 2.805840e-01 7.355056e-01 -8.018345e-02 -3.634631e-02 1.791630e-01 4.267054e-01 -4.519071e-01 -3.376055e-01 -6.900205e-02 -2.841105e-01
<VARIANCE> 39
 7.037339e+00 1.569971e+01 1.295726e+02 5.311886e+01 1.043690e+02 8.919585e+01 4.326769e+01 1.350801e+02 2.869827e+02 1.081710e+02 9.351609e+01 4.776465e+01 7.711605e+00 8.676226e-01 8.208328e-01 4.722080e+00 4.027205e+00 2.680713e+00 4.561422e+00 2.704988e+00 3.331134e+00 4.433556e+00 3.347087e+00 2.748052e+00 2.206413e+00 6.408720e-01 9.584761e-02 2.463669e-01 3.998662e-01 4.451430e-01 6.389675e-01 8.080397e-01 5.515225e-01 7.194470e-01 1.149173e+00 7.171347e-01 6.285751e-01 5.028155e-01 7.764708e-02
<GCONST> 1.242256e+02
<STATE> 9
<MEAN> 39
 -2.855994e+00 -3.565752e+00 1.568368e+01 -1.563210e+00 -1.754729e+01 -1.642407e+01 -8.834044e+00 -9.075687e+00 -8.417313e+00 -6.357847e+00 3.089864e+00 -1.001598e+00 7.001411e+01 6.561587e-01 -2.247728e-01 -2.310832e+00 -2.304685e-01 2.709863e+00 4.484502e-01 -1.344204e+00 -4.040710e-01 1.773458e+00 6.318998e-01 -1.034166e+00 -8.310397e-01 -3.174432e-01 6.276560e-02 -2.403767e-02 -2.954422e-01 -3.675807e-01 1.608361e-01 2.526942e-01 -6.981036e-02 -3.679252e-01 7.872784e-02 6.095768e-01 9.147975e-03 -3.867345e-01 1.164239e-01
<VARIANCE> 39
 4.789564e+00 7.225934e+00 9.174869e+01 2.735907e+01 1.231435e+02 4.395916e+01 3.001717e+01 1.149551e+02 1.316260e+02 7.945834e+01 7.888499e+01 3.233466e+01 4.515229e+00 2.679610e-01 1.027382e+00 1.498974e+00 2.102553e+00 1.089487e+00 2.590156e+00 1.854184e+00 2.929081e+00 4.674719e+00 5.264189e+00 2.928997e+00 2.954151e+00 2.063908e-01 2.633026e-02 1.719503e-01 1.362364e-01 2.271603e-01 2.789013e-01 5.714915e-01 4.190039e-01 5.360200e-01 2.938401e-01 6.006460e-01 5.404225e-01 4.729039e-01 3.977299e-02
<GCONST> 1.062435e+02
<STATE> 10
<MEAN> 39
 5.579720e-01 -4.027822e+00 1.377391e+00 -7.470475e+00 -3.360102e+00 -1.654737e+01 -1.449180e+01 -1.066903e+01 -2.964568e+00 2.691991e+00 -1.495976e+00 -7.201841e+00 7.082789e+01 3.565773e-01 -1.122631e+00 -2.134256e+00 -1.421320e+00 1.291668e+00 1.023515e+00 6.666787e-01 1.273929e+00 1.275407e+00 7.586926e-02 -1.911464e+00 -1.487192e+00 6.155248e-01 -1.698575e-01 -3.584764e-01 3.396280e-01 -1.394175e-02 -4.747910e-01 2.216430e-01 6.073570e-01 7.501423e-01 -2.687784e-01 -6.339765e-01 -3.108307e-01 1.172442e-01 1.891459e-01
<VARIANCE> 39
 4.294726e+00 3.085971e+01 6.133403e+01 4.446315e+01 7.767511e+01 7.145925e+01 2.416805e+01 6.977058e+01 4.957498e+01 9.587700e+01 1.480902e+02 3.687073e+01 7.510736e+00 3.160930e-01 2.176371e+00 1.593256e+00 1.853597e+00 2.237079e+00 3.585767e+00 2.812292e+00 5.411691e+00 2.194528e+00 4.594969e+00 3.870919e+00 2.445724e+00 4.197086e-01 3.966466e-02 1.995977e-01 1.430492e-01 3.587019e-01 3.145114e-01 2.002801e-01 3.783369e-01 3.526881e-01 3.300710e-01 6.409625e-01 6.378199e-01 5.592023e-01 2.742738e-02
<GCONST> 1.100513e+02
<STATE> 11
<MEAN> 39
 8.569288e-02 -1.438288e+01 -3.408539e+00 -1.201131e+01 -6.364780e+00 -2.118297e+00 -6.484267e+00 -2.109488e+00 3.744870e+00 -2.133067e+00 -1.024246e+01 -9.808619e+00 7.531001e+01 -2.295488e-01 -1.143774e+00 -2.462020e-01 1.110207e-02 -5.473195e-02 5.559825e-01 1.187642e+00 1.509643e+00 -8.607318e-02 -1.195718e+00 -9.030398e-01 1.092668e+00 5.194222e-01 -2.338903e-02 4.797019e-01 3.626616e-01 3.173459e-01 -1.134272e-02 -5.813864e-01 -2.248954e-01 -4.674708e-01 -1.817789e-01 1.996176e-01 6.228895e-01 3.616429e-01 -2.487245e-01
<VARIANCE> 39
 4.845967e+00 1.435045e+01 6.591853e+01 1.032422e+01 1.530871e+02 1.332027e+02 3.518714e+01 1.400613e+02 7.998208e+01 7.111507e+01 9.103068e+01 8.076303e+01 6.876692e+00 2.159187e-01 1.720086e+00 1.289154e+00 1.285943e+00 8.537126e-01 3.795632e+00 2.451293e+00 1.910926e+00 1.502320e+00 2.420813e+00 2.343735e+00 2.163450e+00 3.634381e-01 4.482671e-02 1.729503e-01 2.116160e-01 2.710111e-01 1.374789e-01 3.076546e-01 3.279120e-01 3.486557e-01 2.297639e-01 3.589890e-01 3.209389e-01 4.334982e-01 3.503572e-02
<GCONST> 1.036130e+02
<STATE> 12
<MEAN> 39
 -1.091084e+00 -1.431050e+01 -4.719370e+00 -8.951905e+00 -2.627152e+00 -1.593322e+01 -4.705952e-01 4.563278e+00 -4.210543e+00 -9.623243e+00 -1.066867e+01 -2.926282e+00 7.516390e+01 -8.387214e-02 7.626058e-01 7.734363e-01 7.232369e-01 -4.167587e-01 -3.156661e-01 1.674335e-01 -5.838716e-01 -2.663452e-01 -3.086534e-01 7.340294e-01 4.417755e-01 -5.605753e-01 1.069886e-02 4.555264e-01 1.856282e-01 1.341226e-01 3.562399e-02 1.307193e-01 -3.868366e-01 -4.688286e-01 -5.047808e-02 1.716991e-02 3.565106e-02 -2.113955e-01 -2.314829e-01
<VARIANCE> 39
 4.379406e+00 1.757483e+01 3.560274e+01 5.806338e+00 5.116793e+01 1.204005e+02 3.063293e+01 1.080722e+02 8.261112e+01 6.361802e+01 4.944496e+01 5.353047e+01 9.825523e+00 1.099550e-01 1.653633e+00 8.135996e-01 6.398972e-01 1.429000e+00 1.396432e+00 2.037453e+00 2.819938e+00 1.259706e+00 9.267048e-01 1.380618e+00 1.312674e+00 5.228471e-01 2.491824e-02 1.065024e-01 9.656195e-02 7.721581e-02 2.091213e-01 2.103147e-01 3.244217e-01 2.937574e-01 2.592038e-01 2.452244e-01 2.965788e-01 2.246366e-01 4.280902e-02
<GCONST> 9.217806e+01
<STATE> 13
<MEAN> 39
 -1.037830e+00 -5.474442e+00 3.298928e+00 -4.540903e+00 -4.915384e+00 -9.842249e+00 -6.360900e+00 -6.386481e+00 -1.560226e+00 -9.428102e+00 -7.413578e+00 -4.285393e+00 6.985966e+01 -5.487519e-02 2.355981e+00 1.133170e+00 7.551559e-01 2.082735e-01 -2.565269e-01 -1.036405e+00 -1.613882e+00 -4.864808e-01 -7.832929e-01 3.215376e-01 -4.017603e-01 -1.092506e+00 1.427756e-03 -2.008877e-01 -2.254705e-01 -2.239307e-01 4.283051e-02 1.119856e-01 2.557019e-01 3.704337e-01 1.314133e-01 -6.942402e-02 -1.462867e-01 -1.470913e-01 1.481234e-01
<VARIANCE> 39
 2.709275e+00 1.277621e+01 2.764223e+01 7.821053e+00 2.745022e+01 5.659595e+01 2.491000e+01 4.659742e+01 5.565839e+01 3.301311e+01 7.025295e+01 5.579421e+01 4.640193e+00 1.977871e-01 3.855111e-01 6.198848e-01 1.125050e+00 2.986070e+00 2.895646e+00 1.863334e+00 2.228696e+00 2.292308e+00 1.696510e+00 1.215275e+00 1.060258e+00 1.412914e-01 2.886454e-02 5.689463e-02 3.441239e-02 1.165569e-01 2.742697e-01 2.725236e-01 2.288387e-01 2.621250e-01 1.503646e-01 1.360667e-01 1.932936e-01 1.487231e-01 1.133582e-02
<GCONST> 8.337284e+01
<STATE> 14
<MEAN> 39
 -1.388265e+00 3.040720e+00 3.935127e+00 -4.412982e+00 -4.971607e+00 -1.250832e+01 -8.330553e+00 -1.001704e+01 -6.582175e+00 -1.645874e+01 -1.049835e+01 -9.715818e+00 6.575950e+01 -4.843500e-01 8.834339e-01 2.444542e-01 4.998553e-01 6.704207e-01 7.080405e-01 2.002298e-01 -7.070520e-01 -4.386891e-01 -5.893392e-01 2.191739e-01 -2.786432e-01 -6.871240e-01 -1.382172e-01 -2.583840e-01 -9.301317e-02 7.903079e-02 1.832173e-01 9.479429e-02 1.690765e-01 8.119589e-02 -2.417901e-02 1.190566e-01 9.516615e-02 7.975334e-02 -7.197374e-03
<VARIANCE> 39
 4.510765e+00 1.366538e+01 8.149564e+00 6.018057e+00 1.031621e+01 2.139250e+01 8.918657e+00 3.146663e+01 3.363661e+01 4.171542e+01 4.460268e+01 4.199183e+01 5.601855e+00 1.379886e-01 5.311339e-01 4.379953e-01 5.387625e-01 7.332797e-01 1.227561e+00 9.374168e-01 6.912119e-01 1.585739e+00 2.241424e+00 1.495316e+00 1.158062e+00 6.471356e-02 1.276601e-02 2.956442e-02 2.359631e-02 8.097173e-02 1.139893e-01 2.620416e-01 2.236436e-01 1.482097e-01 2.105208e-01 3.853393e-01 2.943223e-01 1.898535e-01 7.656761e-03
<GCONST> 7.038418e+01
<STATE> 15
<MEAN> 39
 -5.102264e+00 3.492060e+00 6.495823e+00 1.930584e+00 4.007806e+00 -3.794268e+00 -2.237917e+00 -5.748612e+00 6.037539e-01 -1.162837e+01 -3.717415e+00 -3.954699e+00 6.300864e+01 -7.766675e-01 2.890584e-01 -2.442105e-01 2.387978e-01 5.513429e-01 2.483179e-01 5.026692e-01 2.591436e-01 4.511276e-02 9.545761e-02 3.168713e-01 -7.765066e-02 -8.247081e-01 -6.262993e-02 -1.775483e-01 -9.453276e-02 -1.793512e-01 -2.705763e-01 -8.292399e-02 -1.395186e-02 -1.508832e-02 2.411905e-02 1.460551e-01 3.460170e-02 -3.586158e-03 3.103295e-02
<VARIANCE> 39
 6.154720e+00 5.906164e+00 9.089090e+00 8.597727e+00 2.016610e+01 2.304517e+01 2.313790e+01 5.414893e+01 3.205056e+01 2.974740e+01 1.960632e+01 1.656908e+01 5.415485e+00 1.764368e-01 7.223470e-01 4.599196e-01 7.374922e-01 1.180291e+00 5.169861e-01 1.029366e+00 1.930732e+00 8.485550e-01 1.643807e+00 1.369902e+00 1.752064e+00 4.349937e-02 1.443364e-02 5.127050e-02 7.579264e-02 1.137750e-01 7.242621e-02 1.111950e-01 1.691808e-01 3.169089e-01 1.576659e-01 2.672726e-01 1.774831e-01 3.425917e-01 5.635038e-03
<GCONST> 7.150600e+01
<STATE> 16
<MEAN> 39
 -9.765786e+00 3.583327e+00 3.964866e+00 -2.123869e+00 -3.845393e-01 -6.463881e+00 -3.144793e+00 -1.269118e+01 -8.557872e+00 -1.529362e+01 -4.578593e+00 -9.469085e+00 5.917773e+01 -8.257877e-01 -4.314648e-01 -1.022355e-01 -7.292432e-02 2.732668e-01 6.145766e-01 7.208138e-01 -2.112668e-01 -4.819804e-01 -6.294204e-02 2.460714e-01 -1.463694e-01 -4.157714e-01 7.186901e-02 -7.543602e-02 -1.607818e-02 9.656548e-02 1.726677e-01 9.912940e-02 4.551646e-02 1.172238e-01 4.527532e-02 -1.071271e-01 -1.565682e-01 1.221591e-01 8.008754e-02
<VARIANCE> 39
 3.907741e+00 9.940712e+00 1.567041e+01 1.225543e+01 1.057261e+01 1.741219e+01 1.538529e+01 1.963165e+01 7.706650e+01 3.485942e+01 2.649153e+01 3.037362e+01 1.166432e+00 1.135360e-01 4.198859e-01 8.126565e-01 5.680997e-01 9.244888e-01 9.269941e-01 1.577933e+00 1.405866e+00 2.090336e+00 1.728957e+00 1.419586e+00 2.641096e+00 4.325007e-02 2.170033e-02 8.720168e-02 1.530108e-01 8.486161e-02 1.322019e-01 2.111556e-01 2.990822e-01 2.201027e-01 4.088665e-01 3.166766e-01 2.500773e-01 4.740455e-01 8.202329e-03
<GCONST> 7.665942e+01
<STATE> 17
<MEAN> 39
 -1.411076e+01 -9.292605e-01 4.201760e+00 4.131966e+00 9.754140e+00 3.266920e+00 4.841117e+00 -8.312281e+00 -7.191385e+00 -1.524772e+01 -4.785611e+00 -6.652535e+00 5.750033e+01 -4.573480e-01 -7.440825e-01 -3.740564e-01 8.420921e-02 6.017043e-01 7.643547e-01 5.486754e-01 3.062732e-01 -8.955627e-02 -2.107296e-01 -3.726518e-01 -2.057884e-01 -1.396589e-01 8.427833e-03 1.262545e-03 -4.856685e-02 -7.456174e-02 -1.133365e-01 -1.206625e-01 -5.525462e-02 6.900742e-02 7.406730e-02 8.682481e-02 3.430333e-03 -8.940583e-02 2.547651e-03
<VARIANCE> 39
 4.564305e+00 5.426222e+00 5.788237e+00 1.710961e+01 2.079945e+01 2.109445e+01 2.601686e+01 2.397584e+01 4.465406e+01 3.167131e+01 3.481851e+01 2.440181e+01 7.193441e-01 2.167519e-01 4.392205e-01 5.608746e-01 8.535060e-01 1.243957e+00 1.183841e+00 1.168169e+00 1.542412e+00 2.650748e+00 1.671962e+00 1.306871e+00 1.459157e+00 3.716470e-02 3.249799e-02 6.307061e-02 7.262865e-02 1.258254e-01 1.972303e-01 1.752098e-01 2.411141e-01 2.898580e-01 4.968924e-01 3.344634e-01 2.700325e-01 2.694763e-01 5.268207e-03
<GCONST> 7.582855e+01
<STATE> 18
<MEAN> 39
 -1.608626e+01 -4.614284e+00 -1.093053e+00 -2.896832e+00 2.943110e+00 -1.826717e+00 2.517149e+00 -6.464492e+00 -3.610519e+00 -1.039751e+01 -2.681567e+00 -7.864987e+00 5.688930e+01 -5.066298e-01 -5.428076e-01 -3.329315e-01 -1.895180e-01 -4.370022e-01 -1.171438e-01 2.929783e-01 6.363586e-01 9.655638e-01 1.053482e+00 6.268509e-01 1.760234e-01 -1.807056e-01 4.778756e-02 1.007233e-01 1.260765e-01 5.874809e-03 -2.725572e-02 4.157302e-02 -1.301117e-02 2.152020e-02 9.572730e-02 8.391602e-02 1.367269e-01 8.758501e-03 1.773620e-02
<VARIANCE> 39
 2.356215e+00 2.937075e+00 7.475864e+00 1.772319e+01 3.630162e+01 4.999742e+01 3.358038e+01 3.120322e+01 3.315487e+01 3.148519e+01 1.236219e+01 7.572463e+00 5.972246e-01 1.117997e-01 2.410470e-01 3.861958e-01 5.258293e-01 8.965676e-01 2.357154e+00 1.377399e+00 1.556492e+00 2.467207e+00 1.952956e+00 1.568418e+00 8.870333e-01 3.885291e-02 1.221966e-02 4.032102e-02 7.816788e-02 9.078795e-02 1.940677e-01 4.686648e-01 2.174734e-01 2.725948e-01 4.621154e-01 3.428045e-01 2.989030e-01 1.805725e-01 6.709943e-03
<GCONST> 7.133595e+01
<STATE> 19
<MEAN> 39
 -1.885682e+01 -6.936609e+00 -8.721990e-01 -1.223116e+00 5.825310e+00 2.172308e+00 6.344720e+00 -3.919721e+00 1.536094e-01 -9.023831e+00 -2.243926e+00 -9.010766e+00 5.598093e+01 -2.996651e-01 -2.365715e-01 -2.871751e-02 1.198230e-01 5.760356e-01 4.863290e-01 4.513857e-02 -1.891334e-01 7.536143e-02 -5.717606e-02 -1.247819e-01 -2.778329e-01 -1.312238e-01 3.406467e-02 -3.382097e-02 -1.091268e-01 -1.358818e-02 1.049188e-01 2.081062e-01 6.251077e-02 -1.431259e-01 -2.893835e-01 -1.260927e-01 -1.306960e-01 -7.739680e-02 -1.421333e-02
<VARIANCE> 39
 4.979822e+00 5.640139e+00 1.239395e+01 2.917629e+01 4.370448e+01 3.551918e+01 4.192408e+01 4.276863e+01 5.212196e+01 6.978418e+01 5.326279e+01 2.022375e+01 8.229579e-01 2.386893e-01 3.892090e-01 6.668942e-01 9.891925e-01 1.475562e+00 2.726556e+00 2.831728e+00 4.074422e+00 2.723337e+00 1.888366e+00 1.695562e+00 1.288756e+00 7.082935e-02 4.564784e-02 9.569798e-02 2.154340e-01 2.821559e-01 2.794884e-01 2.322178e-01 3.109856e-01 8.120025e-01 5.423662e-01 4.825375e-01 4.050369e-01 2.263758e-01 1.199070e-02
<GCONST> 9.104740e+01
<TRANSP> 20
 0.000000e+00 1.000000e+00 0.000000e+00 0.000000e+00 0.000000e+00 0.000000e+00 0.000000e+00 0.000000e+00 0.000000e+00 0.000000e+00 0.000000e+00 0.000000e+00 0.000000e+00 0.000000e+00 0.000000e+00 0.000000e+00 0.000000e+00 0.000000e+00 0.000000e+00 0.000000e+00
 0.000000e+00 8.181690e-01 1.818311e-01 0.000000e+00 0.000000e+00 0.000000e+00 0.000000e+00 0.000000e+00 0.000000e+00 0.000000e+00 0.000000e+00 0.000000e+00 0.000000e+00 0.000000e+00 0.000000e+00 0.000000e+00 0.000000e+00 0.000000e+00 0.000000e+00 0.000000e+00
 0.000000e+00 0.000000e+00 6.933509e-01 3.066491e-01 0.000000e+00 0.000000e+00 0.000000e+00 0.000000e+00 0.000000e+00 0.000000e+00 0.000000e+00 0.000000e+00 0.000000e+00 0.000000e+00 0.000000e+00 0.000000e+00 0.000000e+00 0.000000e+00 0.000000e+00 0.000000e+00
 0.000000e+00 0.000000e+00 0.000000e+00 8.057168e-01 1.942832e-01 0.000000e+00 0.000000e+00 0.000000e+00 0.000000e+00 0.000000e+00 0.000000e+00 0.000000e+00 0.000000e+00 0.000000e+00 0.000000e+00 0.000000e+00 0.000000e+00 0.000000e+00 0.000000e+00 0.000000e+00
 0.000000e+00 0.000000e+00 0.000000e+00 0.000000e+00 7.747977e-01 2.252023e-01 0.000000e+00 0.000000e+00 0.000000e+00 0.000000e+00 0.000000e+00 0.000000e+00 0.000000e+00 0.000000e+00 0.000000e+00 0.000000e+00 0.000000e+00 0.000000e+00 0.000000e+00 0.000000e+00
 0.000000e+00 0.000000e+00 0.000000e+00 0.000000e+00 0.000000e+00 8.837864e-01 1.162136e-01 0.000000e+00 0.000000e+00 0.000000e+00 0.000000e+00 0.000000e+00 0.000000e+00 0.000000e+00 0.000000e+00 0.000000e+00 0.000000e+00 0.000000e+00 0.000000e+00 0.000000e+00
 0.000000e+00 0.000000e+00 0.000000e+00 0.000000e+00 0.000000e+00 0.000000e+00 7.291949e-01 2.708051e-01 0.000000e+00 0.000000e+00 0.000000e+00 0.000000e+00 0.000000e+00 0.000000e+00 0.000000e+00 0.000000e+00 0.000000e+00 0.000000e+00 0.000000e+00 0.000000e+00
 0.000000e+00 0.000000e+00 0.000000e+00 0.000000e+00 0.000000e+00 0.000000e+00 0.000000e+00 8.319981e-01 1.680019e-01 0.000000e+00 0.000000e+00 0.000000e+00 0.000000e+00 0.000000e+00 0.000000e+00 0.000000e+00 0.000000e+00 0.000000e+00 0.000000e+00 0.000000e+00
 0.000000e+00 0.000000e+00 0.000000e+00 0.000000e+00 0.000000e+00 0.000000e+00 0.000000e+00 0.000000e+00 8.005272e-01 1.994728e-01 0.000000e+00 0.000000e+00 0.000000e+00 0.000000e+00 0.000000e+00 0.000000e+00 0.000000e+00 0.000000e+00 0.000000e+00 0.000000e+00
 0.000000e+00 0.000000e+00 0.000000e+00 0.000000e+00 0.000000e+00 0.000000e+00 0.000000e+00 0.000000e+00 0.000000e+00 7.954522e-01 2.045478e-01 0.000000e+00 0.000000e+00 0.000000e+00 0.000000e+00 0.000000e+00 0.000000e+00 0.000000e+00 0.000000e+00 0.000000e+00
 0.000000e+00 0.000000e+00 0.000000e+00 0.000000e+00 0.000000e+00 0.000000e+00 0.000000e+00 0.000000e+00 0.000000e+00 0.000000e+00 7.886795e-01 2.113205e-01 0.000000e+00 0.000000e+00 0.000000e+00 0.000000e+00 0.000000e+00 0.000000e+00 0.000000e+00 0.000000e+00
 0.000000e+00 0.000000e+00 0.000000e+00 0.000000e+00 0.000000e+00 0.000000e+00 0.000000e+00 0.000000e+00 0.000000e+00 0.000000e+00 0.000000e+00 8.215808e-01 1.784192e-01 0.000000e+00 0.000000e+00 0.000000e+00 0.000000e+00 0.000000e+00 0.000000e+00 0.000000e+00
 0.000000e+00 0.000000e+00 0.000000e+00 0.000000e+00 0.000000e+00 0.000000e+00 0.000000e+00 0.000000e+00 0.000000e+00 0.000000e+00 0.000000e+00 0.000000e+00 7.324170e-01 2.675830e-01 0.000000e+00 0.000000e+00 0.000000e+00 0.000000e+00 0.000000e+00 0.000000e+00
 0.000000e+00 0.000000e+00 0.000000e+00 0.000000e+00 0.000000e+00 0.000000e+00 0.000000e+00 0.000000e+00 0.000000e+00 0.000000e+00 0.000000e+00 0.000000e+00 0.000000e+00 7.857449e-01 2.142551e-01 0.000000e+00 0.000000e+00 0.000000e+00 0.000000e+00 0.000000e+00
 0.000000e+00 0.000000e+00 0.000000e+00 0.000000e+00 0.000000e+00 0.000000e+00 0.000000e+00 0.000000e+00 0.000000e+00 0.000000e+00 0.000000e+00 0.000000e+00 0.000000e+00 0.000000e+00 8.201903e-01 1.798097e-01 0.000000e+00 0.000000e+00 0.000000e+00 0.000000e+00
 0.000000e+00 0.000000e+00 0.000000e+00 0.000000e+00 0.000000e+00 0.000000e+00 0.000000e+00 0.000000e+00 0.000000e+00 0.000000e+00 0.000000e+00 0.000000e+00 0.000000e+00 0.000000e+00 0.000000e+00 8.250937e-01 1.749063e-01 0.000000e+00 0.000000e+00 0.000000e+00
 0.000000e+00 0.000000e+00 0.000000e+00 0.000000e+00 0.000000e+00 0.000000e+00 0.000000e+00 0.000000e+00 0.000000e+00 0.000000e+00 0.000000e+00 0.000000e+00 0.000000e+00 0.000000e+00 0.000000e+00 0.000000e+00 8.481272e-01 1.518728e-01 0.000000e+00 0.000000e+00
 0.000000e+00 0.000000e+00 0.000000e+00 0.000000e+00 0.000000e+00 0.000000e+00 0.000000e+00 0.000000e+00 0.000000e+00 0.000000e+00 0.000000e+00 0.000000e+00 0.000000e+00 0.000000e+00 0.000000e+00 0.000000e+00 0.000000e+00 8.062390e-01 1.937610e-01 0.000000e+00
 0.000000e+00 0.000000e+00 0.000000e+00 0.000000e+00 0.000000e+00 0.000000e+00 0.000000e+00 0.000000e+00 0.000000e+00 0.000000e+00 0.000000e+00 0.000000e+00 0.000000e+00 0.000000e+00 0.000000e+00 0.000000e+00 0.000000e+00 0.000000e+00 7.541687e-01 2.458314e-01
 0.000000e+00 0.000000e+00 0.000000e+00 0.000000e+00 0.000000e+00 0.000000e+00 0.000000e+00 0.000000e+00 0.000000e+00 0.000000e+00 0.000000e+00 0.000000e+00 0.000000e+00 0.000000e+00 0.000000e+00 0.000000e+00 0.000000e+00 0.000000e+00 0.000000e+00 0.000000e+00
<ENDHMM>
