~o
<STREAMINFO> 1 39
<VECSIZE> 39<NULLD><MFCC_D_A_0><DIAGC>
~h "empat"
<BEGINHMM>
<NUMSTATES> 5
<STATE> 2
<MEAN> 39
 -5.324560e+00 2.087222e-01 6.459660e-02 -5.064818e+00 1.482518e+00 -1.945500e+00 -4.532855e+00 -1.599992e+01 -6.550526e+00 -7.140913e+00 1.582928e+00 -5.458925e+00 6.374807e+01 6.651165e-01 1.754690e-02 -3.528563e-01 -3.407688e-01 -3.520050e-02 2.364966e-01 -1.498093e-01 -3.728766e-01 -2.991121e-02 9.818500e-02 -7.651249e-02 -1.954963e-01 4.766398e-01 7.848304e-02 -1.130876e-01 -1.127268e-01 -1.091030e-01 -2.559591e-02 9.190629e-02 -5.848908e-03 4.690807e-04 1.090619e-01 9.015444e-02 -4.104612e-02 -8.071084e-02 9.026323e-02
<VARIANCE> 39
 4.280556e+01 2.958966e+01 3.134764e+01 4.468768e+01 4.364088e+01 4.150564e+01 4.632406e+01 7.274424e+01 5.190734e+01 5.239129e+01 3.085835e+01 4.055270e+01 2.297038e+01 3.805431e+00 2.034218e+00 3.481002e+00 3.827500e+00 2.299586e+00 3.666430e+00 3.280378e+00 4.599298e+00 3.339232e+00 3.924621e+00 2.227285e+00 3.070044e+00 2.290056e+00 4.518180e-01 2.228145e-01 3.987110e-01 4.985492e-01 3.946880e-01 5.278127e-01 4.875515e-01 6.263303e-01 4.202767e-01 4.933151e-01 4.156294e-01 5.012333e-01 2.717110e-01
<GCONST> 1.235594e+02
<STATE> 3
<MEAN> 39
 1.450691e+00 -1.482578e+01 -1.260225e+01 -1.158571e+01 -1.585943e+00 9.614476e-03 -5.619840e+00 -1.140841e+01 4.699430e+00 -5.433609e+00 -8.939371e+00 -1.157020e+01 7.460725e+01 -1.284298e-01 -4.073969e-01 3.847502e-01 5.815670e-01 -2.758765e-01 -8.433504e-01 -1.826794e-01 7.536530e-01 3.394229e-01 -6.809543e-01 -7.556433e-01 2.590625e-01 1.023965e-01 -3.168756e-01 3.458082e-01 3.246995e-01 2.589085e-01 5.860535e-02 -1.818654e-01 1.285956e-01 5.206475e-02 -2.834798e-01 -2.027991e-01 1.325494e-01 1.522742e-01 -3.787315e-01
<VARIANCE> 39
 5.031356e+00 2.328425e+01 9.858527e+01 4.481568e+01 7.346140e+01 9.084412e+01 6.012053e+01 1.127341e+02 4.302254e+01 1.021417e+02 5.255850e+01 6.362859e+01 1.150677e+01 1.009495e+00 3.718464e+00 2.361144e+00 2.827178e+00 2.006158e+00 3.292196e+00 1.889509e+00 3.261555e+00 3.609126e+00 4.034838e+00 2.277891e+00 2.974526e+00 2.187855e+00 2.214048e-01 2.442884e-01 5.603558e-01 7.760513e-01 3.301816e-01 7.372230e-01 4.609564e-01 6.385022e-01 5.336027e-01 8.234049e-01 4.152215e-01 5.162972e-01 7.803787e-02
<GCONST> 1.224107e+02
<STATE> 4
<MEAN> 39
 -1.062520e+01 -5.759527e+00 -4.449657e+00 -5.630740e+00 -1.774300e-01 -4.894827e+00 -4.006027e-01 -5.638347e+00 -8.321146e-01 -1.143062e+01 -6.257745e+00 -9.303658e+00 6.105238e+01 -8.042192e-01 3.079545e-01 3.944329e-01 2.640852e-01 2.105143e-01 1.723850e-01 5.141224e-01 2.790990e-01 -2.416061e-01 -8.568721e-03 4.042902e-01 1.532191e-01 -7.182162e-01 2.557967e-02 -7.420277e-02 -1.634859e-02 2.084641e-02 2.285904e-03 1.718340e-02 1.128994e-02 3.406832e-02 5.282326e-02 2.582013e-02 -6.756186e-03 5.950955e-02 6.729528e-02
<VARIANCE> 39
 2.447476e+01 8.672955e+00 2.054636e+01 2.143524e+01 1.857943e+01 2.793883e+01 4.978320e+01 3.570610e+01 2.191890e+01 2.068818e+01 3.680788e+01 3.758101e+01 1.739966e+01 1.684908e-01 4.845604e-01 6.423614e-01 8.440658e-01 9.244613e-01 1.247406e+00 1.613796e+00 1.406075e+00 1.556217e+00 1.358136e+00 1.364855e+00 1.023429e+00 1.816828e-01 2.060771e-02 5.471722e-02 7.170817e-02 1.352349e-01 1.557553e-01 2.023612e-01 2.324669e-01 2.156512e-01 2.838871e-01 2.433393e-01 2.200094e-01 1.571316e-01 1.097959e-02
<GCONST> 8.186214e+01
<TRANSP> 5
 0.000000e+00 1.000000e+00 0.000000e+00 0.000000e+00 0.000000e+00
 0.000000e+00 9.632782e-01 3.672177e-02 0.000000e+00 0.000000e+00
 0.000000e+00 0.000000e+00 9.169385e-01 8.306147e-02 0.000000e+00
 0.000000e+00 0.000000e+00 0.000000e+00 9.503623e-01 4.963772e-02
 0.000000e+00 0.000000e+00 0.000000e+00 0.000000e+00 0.000000e+00
<ENDHMM>
