~o
<STREAMINFO> 1 39
<VECSIZE> 39<NULLD><MFCC_D_A_0><DIAGC>
~h "nyalakan"
<BEGINHMM>
<NUMSTATES> 20
<STATE> 2
<MEAN> 39
 -1.458170e+01 -5.600307e+00 5.324674e-01 -2.815118e+00 -6.212208e-01 -2.649318e+00 -1.659396e+00 -4.658362e+00 -1.237750e+00 -7.500567e+00 1.128750e+00 -7.223757e+00 5.704927e+01 1.708197e+00 2.134834e+00 1.545380e+00 2.493513e-01 -6.071391e-01 -1.441714e+00 -9.368726e-01 -9.470331e-01 -1.205697e+00 -8.135761e-01 -3.131313e-01 -1.412184e-01 1.062174e+00 5.689561e-01 2.724684e-01 2.639541e-01 -3.482453e-01 -7.794744e-01 -8.958225e-01 -4.044016e-01 8.329330e-02 -3.641903e-01 -2.038546e-02 2.038336e-01 1.213346e-02 4.505868e-01
<VARIANCE> 39
 9.231252e+00 1.337662e+01 1.577013e+01 6.924655e+00 1.312889e+01 2.193546e+01 2.173677e+01 2.162792e+01 2.131717e+01 2.755014e+01 2.469963e+01 1.503608e+01 2.301658e+00 2.002105e+00 2.135581e+00 2.048141e+00 1.046702e+00 2.163574e+00 4.163393e+00 4.146489e+00 3.104996e+00 2.972819e+00 3.863035e+00 3.245065e+00 2.115237e+00 6.892916e-01 1.822141e-01 3.855579e-01 2.266556e-01 1.803164e-01 3.626988e-01 3.461350e-01 4.748880e-01 6.655935e-01 5.783905e-01 8.152291e-01 6.586758e-01 2.920500e-01 6.313539e-02
<GCONST> 1.028504e+02
<STATE> 3
<MEAN> 39
 -3.612952e+00 2.532445e+00 7.657809e+00 -7.312420e+00 -1.025441e+01 -1.452907e+01 -5.956906e+00 -4.382854e+00 -8.731581e+00 -1.053285e+01 3.656509e+00 -7.154399e+00 6.514409e+01 1.615653e+00 -1.098955e+00 5.034231e-01 -9.371561e-01 -2.374587e+00 -2.164723e+00 1.115632e+00 2.970265e+00 -1.281944e+00 -1.073226e+00 5.995302e-01 4.017849e-01 2.296104e+00 -4.923120e-01 -1.301825e+00 -6.799935e-01 3.391351e-01 5.144628e-01 6.223665e-01 5.312409e-01 6.302737e-01 4.863040e-01 -3.630786e-01 -5.150750e-01 3.322858e-02 -3.218284e-02
<VARIANCE> 39
 7.133893e+00 2.199170e+01 5.988796e+01 4.437729e+01 3.830374e+01 3.778605e+01 4.188916e+01 1.386641e+02 4.356361e+01 6.769711e+01 1.162107e+02 2.872197e+01 1.172818e+01 1.902112e+00 7.898782e+00 3.776222e+00 4.474706e+00 5.410740e+00 5.888025e+00 6.765868e+00 1.005689e+01 6.205976e+00 7.028164e+00 7.463604e+00 4.430358e+00 5.184305e-01 1.413081e-01 4.312499e-01 2.541223e-01 1.051996e+00 1.091956e+00 8.987692e-01 1.420520e+00 1.823205e+00 9.895313e-01 9.273422e-01 1.218362e+00 8.553363e-01 8.742142e-02
<GCONST> 1.332961e+02
<STATE> 4
<MEAN> 39
 -1.415784e+00 -1.061929e+01 5.094083e+00 -4.324074e+00 -1.214427e+01 -1.772944e+01 -5.997506e-03 9.989393e+00 -8.831818e+00 -1.717017e+01 4.999137e-01 -6.015633e+00 7.287297e+01 5.285065e-01 -2.617409e+00 -1.956404e+00 7.459307e-01 2.001896e+00 1.186300e+00 -1.211534e+00 -6.956304e-02 1.647894e+00 -8.788702e-01 -2.643972e+00 -6.562006e-01 1.177938e+00 -1.664439e-02 6.683509e-01 -3.566803e-01 -3.512459e-01 8.620420e-01 8.660206e-01 -9.239833e-01 -1.547919e+00 5.085150e-01 8.855933e-01 -1.375684e-02 -5.019145e-01 -4.604443e-01
<VARIANCE> 39
 5.372182e+00 1.140229e+01 1.059588e+02 1.556441e+01 4.586551e+01 6.057463e+01 7.202452e+01 2.139727e+02 7.268462e+01 9.790031e+01 1.275404e+02 3.603674e+01 6.157136e+00 2.801377e-01 1.119026e+00 1.130598e+00 2.162525e+00 2.810392e+00 2.880105e+00 4.170407e+00 7.096318e+00 2.811631e+00 3.345760e+00 1.688518e+00 3.655431e+00 3.104027e-01 6.512204e-02 1.055972e-01 3.125172e-01 2.696552e-01 7.854602e-01 6.922976e-01 8.673593e-01 9.562689e-01 1.023113e+00 4.978499e-01 7.945282e-01 3.655829e-01 1.899738e-02
<GCONST> 1.138739e+02
<STATE> 5
<MEAN> 39
 5.473855e-01 -1.547357e+01 -9.717923e-01 -5.571538e+00 -3.036715e+00 -1.066060e+01 -6.229569e+00 5.570638e+00 -2.218576e+00 -1.039003e+01 -2.431621e+00 -1.200219e+01 7.481007e+01 4.258879e-01 -1.070115e-01 -1.762470e+00 -1.021363e+00 2.000851e+00 2.433249e+00 -1.528870e+00 -2.962791e+00 1.431323e+00 1.706674e+00 -3.918327e-01 -1.005291e+00 -7.584871e-03 -2.829199e-02 5.981488e-01 3.022215e-01 -1.949343e-01 -4.327758e-01 -1.896485e-01 3.407986e-01 -3.500068e-03 -4.224887e-01 2.119185e-01 6.158511e-01 2.692469e-01 -2.091826e-01
<VARIANCE> 39
 3.916551e+00 9.383446e+00 6.096885e+01 2.045823e+01 6.419147e+01 5.194621e+01 2.190640e+01 1.846399e+02 3.073273e+01 9.009357e+01 6.343072e+01 8.108459e+01 5.652227e+00 2.220384e-01 7.401566e-01 8.393406e-01 7.225510e-01 1.516552e+00 1.291000e+00 1.547283e+00 2.540320e+00 2.624521e+00 1.122315e+00 2.234783e+00 1.785917e+00 8.286136e-02 2.780185e-02 5.582119e-02 7.146858e-02 1.756324e-01 2.172451e-01 2.330815e-01 1.303165e-01 4.880830e-01 2.456942e-01 2.676641e-01 3.849822e-01 3.773153e-01 1.327685e-02
<GCONST> 9.118265e+01
<STATE> 6
<MEAN> 39
 1.698994e+00 -1.223958e+01 -1.179367e+01 -9.916226e+00 -1.173043e+00 -5.741288e-01 -8.636004e+00 -1.461893e+01 1.603712e+00 -1.051813e+01 -1.090292e+01 -1.143814e+01 7.233659e+01 6.410731e-02 2.031756e-01 -6.220085e-01 -6.935810e-02 4.632100e-01 1.493767e-01 1.737923e-01 -5.362331e-01 2.160987e-01 8.966637e-01 -1.577944e-01 -3.660257e-01 -1.831864e-01 -1.174581e-01 5.950569e-02 1.850770e-01 1.078499e-01 -1.132702e-01 -2.540996e-01 1.004084e-01 2.313655e-01 -9.662619e-02 -8.050971e-02 2.745328e-02 -2.212666e-02 -7.196794e-02
<VARIANCE> 39
 2.649580e+00 6.293574e+00 2.578488e+01 1.764867e+01 5.319421e+01 7.711796e+01 3.950097e+01 8.426514e+01 2.317668e+01 9.686475e+01 8.240306e+01 6.907879e+01 4.866154e+00 2.058877e-01 6.196750e-01 9.174584e-01 1.235733e+00 1.314902e+00 2.181697e+00 1.054501e+00 2.411882e+00 1.484180e+00 2.499968e+00 1.528119e+00 2.032720e+00 1.501911e-01 3.331645e-02 1.402694e-01 1.344248e-01 1.927929e-01 1.913261e-01 2.845753e-01 1.879034e-01 2.784516e-01 3.634148e-01 4.348057e-01 2.192324e-01 2.554922e-01 3.575608e-02
<GCONST> 9.265144e+01
<STATE> 7
<MEAN> 39
 1.999514e+00 -1.073359e+01 -1.506203e+00 -1.011554e+01 9.214375e+00 -3.713192e+00 -1.199064e+01 3.450992e+00 -1.391696e+00 1.965870e+00 2.178152e+00 -1.680897e+01 7.487561e+01 -3.366572e-01 5.774412e-01 2.890552e-01 1.416174e-01 -4.044113e-02 1.249860e-01 6.639070e-02 -3.863272e-01 -1.024946e-01 -3.335766e-01 -1.023096e-01 -1.667834e-01 -4.662790e-01 -1.295750e-01 -6.253747e-03 5.274351e-02 1.012190e-01 -6.261559e-04 7.518512e-02 9.104274e-02 2.941603e-03 -2.836321e-02 -2.588146e-01 -4.664224e-02 7.848838e-02 -1.087670e-01
<VARIANCE> 39
 4.111829e+00 1.304136e+01 4.746348e+01 4.025165e+01 2.902589e+01 5.161182e+01 1.625665e+01 9.647401e+01 5.368317e+01 5.332479e+01 6.959492e+01 4.006617e+01 6.669912e+00 4.139532e-01 1.231218e+00 8.431910e-01 1.218135e+00 9.366645e-01 2.057346e+00 8.546581e-01 1.368309e+00 1.331366e+00 1.695902e+00 1.727945e+00 1.291414e+00 7.618952e-01 5.720985e-02 1.407602e-01 1.155535e-01 1.496642e-01 1.739710e-01 3.492752e-01 1.504914e-01 2.142808e-01 2.572974e-01 2.682253e-01 3.420395e-01 2.989750e-01 6.372350e-02
<GCONST> 9.436372e+01
<STATE> 8
<MEAN> 39
 -5.281736e+00 -6.119804e+00 -6.519931e+00 -6.772348e+00 2.739411e+00 -1.659479e+00 -4.379589e+00 -1.043712e+01 -6.917341e-01 -8.097225e+00 -6.842657e+00 -1.489259e+01 6.502496e+01 -1.059116e+00 5.763226e-01 2.727407e-01 1.781048e-01 2.557253e-01 1.642837e-01 6.851244e-01 5.508069e-01 -3.020373e-01 -8.869470e-01 -2.617331e-01 1.097817e-01 -9.817457e-01 7.576288e-02 -2.149791e-01 -1.457793e-01 3.533129e-02 5.770481e-02 -2.623139e-01 -9.835162e-02 2.213449e-01 2.375898e-01 8.128903e-02 -1.511076e-01 1.209425e-01 1.935084e-01
<VARIANCE> 39
 8.879079e+00 7.739836e+00 2.590193e+01 2.540724e+01 2.959708e+01 2.990958e+01 2.326175e+01 6.314628e+01 2.132318e+01 4.761001e+01 4.759187e+01 2.486895e+01 6.361527e+00 2.285777e-01 3.449213e-01 8.074332e-01 7.242640e-01 1.179159e+00 1.503413e+00 1.471029e+00 1.866816e+00 1.503125e+00 1.452329e+00 1.538403e+00 1.156157e+00 1.872557e-01 4.101646e-02 7.006852e-02 9.708249e-02 2.374392e-01 2.503573e-01 5.098769e-01 4.392501e-01 2.851335e-01 3.188303e-01 3.340224e-01 3.342574e-01 2.080468e-01 2.600905e-02
<GCONST> 8.819855e+01
<STATE> 9
<MEAN> 39
 -8.840046e+00 -7.558235e+00 -8.710851e+00 -3.354766e+00 5.937666e+00 -8.511341e+00 -5.331259e+00 -3.424291e+00 3.616476e+00 -1.185883e+01 -9.063931e+00 -1.159000e+01 6.391955e+01 3.290936e-01 -1.045127e+00 -5.091600e-01 6.144710e-01 -1.343086e-01 -2.240054e+00 -8.637539e-01 1.292157e+00 1.491592e+00 9.746394e-01 -1.137507e-01 9.009036e-01 8.404577e-01 6.095210e-01 -2.622791e-01 -9.343184e-03 -3.987544e-01 -5.087896e-01 2.066730e-01 -1.205182e-01 -3.207982e-01 -1.623380e-01 5.580353e-01 1.948548e-01 -9.903293e-02 5.112923e-01
<VARIANCE> 39
 6.849672e+00 1.431622e+01 2.732821e+01 3.999806e+01 3.034054e+01 7.271224e+01 3.697889e+01 7.840099e+01 3.789470e+01 2.593085e+01 5.119626e+01 3.541988e+01 6.664740e+00 2.062269e+00 1.148541e+00 1.564484e+00 4.002059e+00 5.727718e+00 5.907077e+00 6.038214e+00 4.418645e+00 4.533363e+00 4.909730e+00 4.560089e+00 4.211697e+00 1.122320e+00 1.745996e-01 2.406838e-01 3.767243e-01 7.431181e-01 1.205085e+00 1.489243e+00 1.234753e+00 9.561884e-01 1.356088e+00 7.454128e-01 7.883264e-01 1.225238e+00 1.253709e-01
<GCONST> 1.251039e+02
<STATE> 10
<MEAN> 39
 -1.700972e+00 -1.294392e+01 -8.320812e+00 -6.977016e+00 -1.169896e-01 -1.514087e+01 -8.622690e+00 5.722025e-01 3.805055e+00 -4.280646e+00 -8.102946e+00 -1.138586e+01 7.204809e+01 2.072998e+00 -1.840838e+00 -9.608980e-02 -1.441208e+00 -1.950574e+00 4.767016e-01 4.067826e-01 -4.058981e-01 -2.165633e+00 6.045763e-01 -2.476131e-01 -3.635774e-02 2.604446e+00 -4.313603e-01 1.010808e-01 5.484387e-02 2.219828e-01 3.440259e-01 5.826929e-01 6.156451e-01 -2.134793e-01 -6.924403e-01 -8.638027e-01 -2.941230e-01 2.420048e-01 -2.966077e-01
<VARIANCE> 39
 7.494311e+00 1.739660e+01 8.453952e+01 1.963840e+01 8.000467e+01 1.021867e+02 4.100597e+01 1.454417e+02 6.120657e+01 4.117411e+01 9.160321e+01 5.031845e+01 1.691799e+01 1.180330e+00 1.857439e+00 2.309652e+00 2.948869e+00 9.760933e+00 9.468375e+00 3.379217e+00 4.294088e+00 5.651889e+00 7.874417e+00 3.901687e+00 8.693961e+00 7.268431e-01 1.964709e-01 2.620071e-01 3.350221e-01 3.899948e-01 9.355399e-01 8.038437e-01 6.079121e-01 4.515633e-01 1.081697e+00 6.759500e-01 5.639722e-01 8.254917e-01 2.112485e-01
<GCONST> 1.284544e+02
<STATE> 11
<MEAN> 39
 3.247132e-02 -1.754286e+01 -1.101377e+01 -5.626628e+00 -8.009097e+00 -5.866875e+00 -3.116136e+00 -6.843933e+00 3.790076e-01 -6.457602e+00 -1.281123e+01 -5.805629e+00 7.563213e+01 -7.844872e-02 -6.357313e-01 7.193308e-01 8.359935e-02 -6.126034e-01 1.264134e-01 3.043544e-01 3.379494e-01 -9.136076e-01 -1.139049e+00 -3.589463e-02 4.758485e-01 2.995921e-01 -2.641036e-01 5.204210e-01 3.844305e-01 1.282139e-01 2.145423e-01 -3.181344e-01 -3.501978e-01 3.856491e-01 2.957160e-01 -1.575810e-01 1.800054e-01 -2.955771e-01 -4.592892e-01
<VARIANCE> 39
 4.198942e+00 2.059981e+01 3.444382e+01 2.809822e+01 1.433844e+02 2.577309e+02 3.718155e+01 8.718449e+01 9.912878e+01 9.272066e+01 3.842068e+01 3.021828e+01 9.826389e+00 1.861084e-01 7.970038e-01 8.114531e-01 7.051446e-01 1.487422e+00 2.796311e+00 1.473419e+00 1.946902e+00 2.002187e+00 2.570697e+00 1.641452e+00 1.407745e+00 2.477406e-01 1.141824e-01 1.351084e-01 1.443428e-01 2.330969e-01 4.776014e-01 4.471177e-01 2.032172e-01 2.604454e-01 5.273280e-01 6.396328e-01 2.311752e-01 3.925344e-01 6.072320e-02
<GCONST> 1.028408e+02
<STATE> 12
<MEAN> 39
 -1.449653e-01 -1.673386e+01 -2.290298e+00 -8.215814e+00 -2.777480e+00 -1.231293e+01 -7.421372e+00 4.123951e+00 -3.437280e+00 -7.294838e+00 -7.396616e+00 -1.208206e+01 7.620985e+01 1.312260e-01 1.930560e+00 1.015312e+00 6.286968e-01 2.998457e-01 -5.444691e-01 -4.458551e-01 -1.790009e-01 2.637768e-01 -4.798182e-01 3.616649e-01 -2.328302e-01 -9.196417e-01 1.292042e-02 5.718750e-01 -2.187976e-02 2.824775e-01 6.687662e-02 7.756877e-02 -6.047433e-02 -6.945407e-01 9.829251e-02 6.148298e-02 1.606441e-01 3.511659e-02 -2.783336e-01
<VARIANCE> 39
 5.909842e+00 1.389183e+01 3.833920e+01 2.094179e+01 7.596226e+01 1.337486e+02 3.558509e+01 7.964314e+01 6.582644e+01 4.770898e+01 4.544943e+01 7.630360e+01 7.015875e+00 1.500167e-01 9.042320e-01 1.715998e+00 1.294487e+00 2.136666e+00 1.764383e+00 9.768015e-01 3.956469e+00 1.870476e+00 1.628625e+00 7.839364e-01 1.456640e+00 2.272829e-01 2.603174e-02 1.498109e-01 1.304924e-01 1.792143e-01 1.897575e-01 2.763895e-01 2.354658e-01 5.448734e-01 4.372635e-01 3.173513e-01 1.146038e-01 2.961485e-01 2.534058e-02
<GCONST> 9.600783e+01
<STATE> 13
<MEAN> 39
 -5.286036e-01 -5.532473e+00 1.181074e+00 -2.379406e+00 -1.939707e+00 -1.154885e+01 -7.280674e+00 -4.653062e+00 -2.146831e+00 -9.476884e+00 -5.712622e+00 -8.282869e+00 6.995906e+01 -1.096716e-01 2.159469e+00 7.497461e-01 6.302455e-01 3.659837e-01 -9.816438e-02 -4.186982e-01 -1.655916e+00 -6.266659e-01 -7.069258e-01 2.570281e-01 2.433615e-01 -1.064572e+00 -5.067057e-02 -2.474436e-01 -1.708507e-01 -2.021226e-01 1.499862e-02 1.414770e-01 8.271759e-02 1.920097e-01 -3.915347e-02 -8.731035e-02 -1.943806e-01 -7.947884e-03 1.060474e-01
<VARIANCE> 39
 5.508835e+00 1.360406e+01 2.307049e+01 1.103316e+01 2.435148e+01 7.660900e+01 2.927776e+01 4.199049e+01 5.272170e+01 4.491471e+01 4.164693e+01 3.611316e+01 4.260232e+00 1.007240e-01 7.638070e-01 6.385464e-01 7.085040e-01 1.996815e+00 1.593445e+00 1.449685e+00 2.990026e+00 2.032527e+00 1.732522e+00 1.022115e+00 1.562569e+00 1.153702e-01 1.681131e-02 7.981537e-02 6.240016e-02 1.334854e-01 1.143922e-01 1.683453e-01 1.996107e-01 3.645363e-01 3.317554e-01 1.785220e-01 1.394260e-01 1.614623e-01 1.615242e-02
<GCONST> 8.282966e+01
<STATE> 14
<MEAN> 39
 -6.323314e-01 2.101700e+00 3.345643e-01 -4.693261e+00 -3.841395e+00 -1.496781e+01 -9.654643e+00 -1.134636e+01 -8.056621e+00 -1.872116e+01 -1.063615e+01 -9.634065e+00 6.624915e+01 -5.152123e-01 9.295572e-01 5.301983e-01 -9.607683e-02 -4.760280e-02 4.738459e-01 1.538344e-02 -5.889930e-01 8.910517e-02 3.275726e-01 3.296657e-01 1.297627e-01 -6.871259e-01 -9.909173e-02 -2.337372e-01 -9.516018e-02 -4.121747e-02 3.143951e-03 1.923762e-02 1.206071e-01 6.524872e-02 4.212219e-02 3.105195e-01 1.238378e-01 5.352682e-02 2.333931e-02
<VARIANCE> 39
 2.365241e+00 5.672914e+00 1.131636e+01 8.369552e+00 1.558568e+01 1.905047e+01 2.244998e+01 1.325814e+01 1.585322e+01 3.425911e+01 3.557279e+01 1.587412e+01 2.417477e+00 1.134041e-01 3.137581e-01 6.221743e-01 8.522898e-01 1.088390e+00 1.381314e+00 7.741566e-01 8.173431e-01 1.038444e+00 2.645126e+00 2.077994e+00 1.487428e+00 5.009716e-02 1.748682e-02 3.596761e-02 6.082688e-02 1.140270e-01 1.438977e-01 2.013675e-01 1.034442e-01 1.441703e-01 2.486375e-01 4.734133e-01 2.987950e-01 2.387214e-01 8.040549e-03
<GCONST> 6.916265e+01
<STATE> 15
<MEAN> 39
 -3.608759e+00 3.916415e+00 3.059344e+00 -1.997917e+00 -3.064951e-01 -8.700001e+00 -5.537262e+00 -1.010537e+01 -3.660332e+00 -1.216182e+01 -6.257373e+00 -7.155075e+00 6.360438e+01 -6.112325e-01 4.326277e-01 1.243303e-01 2.838814e-01 6.790506e-01 1.242127e+00 1.078154e+00 2.196386e-01 -7.288701e-02 -5.139485e-01 -4.267755e-01 -3.492203e-01 -6.272644e-01 -7.771083e-02 -1.407032e-01 1.344524e-02 7.586794e-02 1.564966e-01 1.123616e-01 1.728328e-01 2.425586e-01 1.132086e-01 -7.196575e-02 -1.237185e-01 -2.081483e-01 9.290980e-03
<VARIANCE> 39
 1.403112e+00 6.454230e+00 9.127240e+00 2.927811e+01 5.612848e+01 4.438281e+01 2.307899e+01 2.718817e+01 4.054980e+01 4.314331e+01 2.935091e+01 2.171978e+01 1.499760e+00 2.107763e-01 3.274305e-01 5.387742e-01 8.859293e-01 1.299570e+00 1.469979e+00 1.267362e+00 1.081743e+00 9.840140e-01 1.701105e+00 1.615583e+00 1.043623e+00 7.791352e-02 4.707291e-02 5.860437e-02 1.164290e-01 1.909836e-01 2.266681e-01 3.998581e-01 2.266119e-01 1.527837e-01 1.961372e-01 3.817548e-01 4.574752e-01 1.964012e-01 1.435653e-02
<GCONST> 7.938772e+01
<STATE> 16
<MEAN> 39
 -8.658137e+00 3.030615e+00 3.578206e+00 -2.521181e+00 -1.171256e+00 -8.486693e+00 -5.358095e+00 -1.391049e+01 -8.906662e+00 -1.745463e+01 -1.051863e+01 -1.266460e+01 6.029609e+01 -7.399144e-01 -3.835927e-01 2.758184e-02 2.311378e-01 6.664945e-01 5.605490e-01 4.027913e-02 -5.119454e-02 3.278329e-01 6.253932e-01 4.345303e-01 -5.459942e-02 -4.123762e-01 3.226469e-02 -6.935174e-02 -7.911530e-02 -4.348491e-02 -2.910178e-02 -5.132683e-02 -1.027790e-01 -2.754564e-02 5.517853e-02 9.524467e-02 1.068651e-01 1.062665e-01 3.408103e-02
<VARIANCE> 39
 4.776559e+00 4.776167e+00 4.511647e+00 1.545517e+01 2.209775e+01 1.702685e+01 1.677843e+01 2.196406e+01 3.126718e+01 2.140248e+01 1.901431e+01 1.946036e+01 1.722416e+00 1.638870e-01 2.763145e-01 5.146129e-01 7.879778e-01 5.134414e-01 8.077604e-01 1.214163e+00 7.149565e-01 1.237736e+00 1.633003e+00 1.383692e+00 1.318288e+00 6.743566e-02 1.958002e-02 6.310366e-02 7.587826e-02 1.351360e-01 8.964890e-02 1.703358e-01 2.990288e-01 1.581580e-01 2.012312e-01 2.516532e-01 2.070626e-01 2.579852e-01 4.453945e-03
<GCONST> 6.760542e+01
<STATE> 17
<MEAN> 39
 -1.120168e+01 2.038864e+00 2.930270e+00 2.600550e-01 8.144984e+00 1.308056e+00 1.042447e+00 -6.687679e+00 -1.232544e+00 -8.815372e+00 -1.608830e+00 -7.901626e+00 5.867735e+01 -6.174265e-01 -3.689031e-01 -1.223000e-01 5.061810e-02 8.224461e-02 3.685976e-01 3.808392e-01 -3.254462e-01 -5.661030e-01 2.118980e-01 1.726353e-01 -5.274931e-01 -3.141312e-01 4.427983e-02 -2.347436e-02 6.591887e-02 4.968703e-02 -6.437033e-02 -4.984259e-02 1.950706e-03 -9.840981e-02 -1.589862e-01 -1.287633e-01 -6.579868e-02 -5.336960e-02 4.416236e-02
<VARIANCE> 39
 4.986223e+00 1.055066e+01 7.458092e+00 1.399966e+01 3.687553e+01 2.640613e+01 3.625354e+01 5.123103e+01 2.919814e+01 1.630410e+01 2.307911e+01 1.862454e+01 1.550336e+00 2.798900e-01 4.783901e-01 9.332151e-01 1.432303e+00 2.359717e+00 1.439892e+00 1.660571e+00 1.383310e+00 2.264869e+00 1.382229e+00 1.544296e+00 1.621825e+00 7.837273e-02 4.951933e-02 5.093096e-02 1.493325e-01 2.770939e-01 4.014297e-01 2.031876e-01 2.313889e-01 3.454906e-01 4.718954e-01 2.606920e-01 2.385416e-01 2.847337e-01 1.133942e-02
<GCONST> 8.374638e+01
<STATE> 18
<MEAN> 39
 -1.471697e+01 -1.096383e+00 3.608989e+00 8.219551e-01 6.742916e+00 1.863175e+00 1.845670e+00 -1.153803e+01 -9.427650e+00 -1.465703e+01 -8.974902e+00 -1.611868e+01 5.728011e+01 -5.013852e-01 -5.855033e-01 -2.398729e-01 7.475232e-02 2.018332e-01 3.554265e-01 4.071508e-01 2.755237e-01 4.888813e-02 -1.106022e-01 1.247738e-01 2.090214e-01 -1.939153e-01 4.056624e-02 -1.455573e-02 -1.105616e-01 -6.928480e-02 -2.093993e-02 -5.868158e-02 -9.975042e-02 6.469382e-02 1.197977e-01 1.033445e-01 1.643358e-01 2.557593e-01 2.561520e-02
<VARIANCE> 39
 6.461233e+00 1.585588e+01 1.893269e+01 7.774557e+00 1.276411e+01 1.956670e+01 3.423430e+01 5.219564e+01 2.263256e+01 2.106798e+01 2.304969e+01 1.477291e+01 2.193533e+00 8.999030e-02 3.087783e-01 1.145218e+00 8.401312e-01 7.445616e-01 1.118900e+00 1.984460e+00 2.990445e+00 1.924236e+00 1.808757e+00 2.116333e+00 2.004668e+00 2.837702e-02 2.367403e-02 5.627170e-02 2.029881e-01 1.824865e-01 1.758079e-01 2.547439e-01 4.533508e-01 6.040519e-01 2.803076e-01 2.711432e-01 3.483278e-01 3.090466e-01 6.736998e-03
<GCONST> 8.007299e+01
<STATE> 19
<MEAN> 39
 -1.567796e+01 -4.061934e+00 -2.806568e-01 -1.200310e+00 4.839467e+00 1.114710e-01 3.176079e-01 -1.051197e+01 -4.281360e+00 -8.348530e+00 -1.469310e+00 -8.326077e+00 5.723834e+01 -1.725730e-01 -1.271950e-01 -1.058276e-01 -2.685444e-01 -3.028122e-01 -5.103891e-02 3.750760e-01 6.787511e-01 5.237188e-01 3.421117e-01 4.807335e-01 4.215731e-01 -8.414631e-02 2.095200e-02 3.513389e-02 2.645622e-02 -8.099514e-02 -8.139158e-02 6.090818e-03 1.236374e-01 1.104722e-01 7.369663e-02 -4.942688e-02 -1.290090e-01 -1.409491e-01 -5.308562e-03
<VARIANCE> 39
 2.479096e+00 6.194157e+00 1.323500e+01 1.873583e+01 2.389412e+01 3.002756e+01 2.502481e+01 4.365685e+01 3.668845e+01 2.253830e+01 2.147349e+01 1.650311e+01 9.823225e-01 1.377377e-01 4.002511e-01 8.473912e-01 5.659023e-01 9.788908e-01 1.669162e+00 2.291038e+00 2.079555e+00 2.011692e+00 1.203861e+00 1.611427e+00 1.807567e+00 4.177563e-02 2.465218e-02 1.058806e-01 1.713553e-01 1.619857e-01 1.766278e-01 2.656641e-01 3.222590e-01 4.132877e-01 5.460884e-01 2.262233e-01 2.528520e-01 2.648302e-01 7.000274e-03
<GCONST> 7.889703e+01
<TRANSP> 20
 0.000000e+00 1.000000e+00 0.000000e+00 0.000000e+00 0.000000e+00 0.000000e+00 0.000000e+00 0.000000e+00 0.000000e+00 0.000000e+00 0.000000e+00 0.000000e+00 0.000000e+00 0.000000e+00 0.000000e+00 0.000000e+00 0.000000e+00 0.000000e+00 0.000000e+00 0.000000e+00
 0.000000e+00 7.206197e-01 2.793803e-01 0.000000e+00 0.000000e+00 0.000000e+00 0.000000e+00 0.000000e+00 0.000000e+00 0.000000e+00 0.000000e+00 0.000000e+00 0.000000e+00 0.000000e+00 0.000000e+00 0.000000e+00 0.000000e+00 0.000000e+00 0.000000e+00 0.000000e+00
 0.000000e+00 0.000000e+00 7.733188e-01 2.266812e-01 0.000000e+00 0.000000e+00 0.000000e+00 0.000000e+00 0.000000e+00 0.000000e+00 0.000000e+00 0.000000e+00 0.000000e+00 0.000000e+00 0.000000e+00 0.000000e+00 0.000000e+00 0.000000e+00 0.000000e+00 0.000000e+00
 0.000000e+00 0.000000e+00 0.000000e+00 6.760175e-01 3.239824e-01 0.000000e+00 0.000000e+00 0.000000e+00 0.000000e+00 0.000000e+00 0.000000e+00 0.000000e+00 0.000000e+00 0.000000e+00 0.000000e+00 0.000000e+00 0.000000e+00 0.000000e+00 0.000000e+00 0.000000e+00
 0.000000e+00 0.000000e+00 0.000000e+00 0.000000e+00 6.973856e-01 3.026144e-01 0.000000e+00 0.000000e+00 0.000000e+00 0.000000e+00 0.000000e+00 0.000000e+00 0.000000e+00 0.000000e+00 0.000000e+00 0.000000e+00 0.000000e+00 0.000000e+00 0.000000e+00 0.000000e+00
 0.000000e+00 0.000000e+00 0.000000e+00 0.000000e+00 0.000000e+00 8.795883e-01 1.204117e-01 0.000000e+00 0.000000e+00 0.000000e+00 0.000000e+00 0.000000e+00 0.000000e+00 0.000000e+00 0.000000e+00 0.000000e+00 0.000000e+00 0.000000e+00 0.000000e+00 0.000000e+00
 0.000000e+00 0.000000e+00 0.000000e+00 0.000000e+00 0.000000e+00 0.000000e+00 8.292310e-01 1.707690e-01 0.000000e+00 0.000000e+00 0.000000e+00 0.000000e+00 0.000000e+00 0.000000e+00 0.000000e+00 0.000000e+00 0.000000e+00 0.000000e+00 0.000000e+00 0.000000e+00
 0.000000e+00 0.000000e+00 0.000000e+00 0.000000e+00 0.000000e+00 0.000000e+00 0.000000e+00 8.489589e-01 1.510411e-01 0.000000e+00 0.000000e+00 0.000000e+00 0.000000e+00 0.000000e+00 0.000000e+00 0.000000e+00 0.000000e+00 0.000000e+00 0.000000e+00 0.000000e+00
 0.000000e+00 0.000000e+00 0.000000e+00 0.000000e+00 0.000000e+00 0.000000e+00 0.000000e+00 0.000000e+00 7.932853e-01 2.067148e-01 0.000000e+00 0.000000e+00 0.000000e+00 0.000000e+00 0.000000e+00 0.000000e+00 0.000000e+00 0.000000e+00 0.000000e+00 0.000000e+00
 0.000000e+00 0.000000e+00 0.000000e+00 0.000000e+00 0.000000e+00 0.000000e+00 0.000000e+00 0.000000e+00 0.000000e+00 6.568058e-01 3.431942e-01 0.000000e+00 0.000000e+00 0.000000e+00 0.000000e+00 0.000000e+00 0.000000e+00 0.000000e+00 0.000000e+00 0.000000e+00
 0.000000e+00 0.000000e+00 0.000000e+00 0.000000e+00 0.000000e+00 0.000000e+00 0.000000e+00 0.000000e+00 0.000000e+00 0.000000e+00 7.463759e-01 2.536241e-01 0.000000e+00 0.000000e+00 0.000000e+00 0.000000e+00 0.000000e+00 0.000000e+00 0.000000e+00 0.000000e+00
 0.000000e+00 0.000000e+00 0.000000e+00 0.000000e+00 0.000000e+00 0.000000e+00 0.000000e+00 0.000000e+00 0.000000e+00 0.000000e+00 0.000000e+00 7.117030e-01 2.882970e-01 0.000000e+00 0.000000e+00 0.000000e+00 0.000000e+00 0.000000e+00 0.000000e+00 0.000000e+00
 0.000000e+00 0.000000e+00 0.000000e+00 0.000000e+00 0.000000e+00 0.000000e+00 0.000000e+00 0.000000e+00 0.000000e+00 0.000000e+00 0.000000e+00 0.000000e+00 7.743417e-01 2.256583e-01 0.000000e+00 0.000000e+00 0.000000e+00 0.000000e+00 0.000000e+00 0.000000e+00
 0.000000e+00 0.000000e+00 0.000000e+00 0.000000e+00 0.000000e+00 0.000000e+00 0.000000e+00 0.000000e+00 0.000000e+00 0.000000e+00 0.000000e+00 0.000000e+00 0.000000e+00 7.817936e-01 2.182064e-01 0.000000e+00 0.000000e+00 0.000000e+00 0.000000e+00 0.000000e+00
 0.000000e+00 0.000000e+00 0.000000e+00 0.000000e+00 0.000000e+00 0.000000e+00 0.000000e+00 0.000000e+00 0.000000e+00 0.000000e+00 0.000000e+00 0.000000e+00 0.000000e+00 0.000000e+00 7.525353e-01 2.474647e-01 0.000000e+00 0.000000e+00 0.000000e+00 0.000000e+00
 0.000000e+00 0.000000e+00 0.000000e+00 0.000000e+00 0.000000e+00 0.000000e+00 0.000000e+00 0.000000e+00 0.000000e+00 0.000000e+00 0.000000e+00 0.000000e+00 0.000000e+00 0.000000e+00 0.000000e+00 8.270233e-01 1.729767e-01 0.000000e+00 0.000000e+00 0.000000e+00
 0.000000e+00 0.000000e+00 0.000000e+00 0.000000e+00 0.000000e+00 0.000000e+00 0.000000e+00 0.000000e+00 0.000000e+00 0.000000e+00 0.000000e+00 0.000000e+00 0.000000e+00 0.000000e+00 0.000000e+00 0.000000e+00 8.274772e-01 1.725229e-01 0.000000e+00 0.000000e+00
 0.000000e+00 0.000000e+00 0.000000e+00 0.000000e+00 0.000000e+00 0.000000e+00 0.000000e+00 0.000000e+00 0.000000e+00 0.000000e+00 0.000000e+00 0.000000e+00 0.000000e+00 0.000000e+00 0.000000e+00 0.000000e+00 0.000000e+00 8.345723e-01 1.654277e-01 0.000000e+00
 0.000000e+00 0.000000e+00 0.000000e+00 0.000000e+00 0.000000e+00 0.000000e+00 0.000000e+00 0.000000e+00 0.000000e+00 0.000000e+00 0.000000e+00 0.000000e+00 0.000000e+00 0.000000e+00 0.000000e+00 0.000000e+00 0.000000e+00 0.000000e+00 8.152620e-01 1.847380e-01
 0.000000e+00 0.000000e+00 0.000000e+00 0.000000e+00 0.000000e+00 0.000000e+00 0.000000e+00 0.000000e+00 0.000000e+00 0.000000e+00 0.000000e+00 0.000000e+00 0.000000e+00 0.000000e+00 0.000000e+00 0.000000e+00 0.000000e+00 0.000000e+00 0.000000e+00 0.000000e+00
<ENDHMM>
