~o
<STREAMINFO> 1 39
<VECSIZE> 39<NULLD><MFCC_D_A_0><DIAGC>
~h "pasang"
<BEGINHMM>
<NUMSTATES> 20
<STATE> 2
<MEAN> 39
 -1.540952e+01 -5.796779e+00 -2.566382e+00 -5.060246e+00 -3.185491e-01 -5.358003e+00 -1.675655e-01 -6.815859e+00 -4.156520e-01 -7.315567e+00 -5.529317e-01 -7.059766e+00 5.824581e+01 2.117546e+00 3.859625e-01 -1.075971e+00 -1.288357e+00 -3.479687e-02 4.066780e-01 -3.360919e-01 -9.133224e-01 -1.352916e-01 5.781224e-01 4.617026e-01 -8.832403e-01 1.530344e+00 8.366816e-01 -4.493872e-02 -5.586374e-01 -3.704671e-01 2.305639e-01 3.213235e-01 -2.583528e-01 -5.107051e-01 -8.792373e-03 1.314548e-01 2.714154e-02 -2.885169e-01 5.747772e-01
<VARIANCE> 39
 6.379746e+00 6.211516e+00 8.612210e+00 1.875795e+01 1.565674e+01 1.308038e+01 1.940008e+01 2.363152e+01 1.773152e+01 1.581477e+01 1.493543e+01 8.515161e+00 3.887406e+00 3.897669e+00 1.001264e+00 3.527551e+00 3.676977e+00 2.950324e+00 2.459397e+00 3.384342e+00 4.128952e+00 1.263906e+00 2.357061e+00 2.236873e+00 1.699859e+00 1.899389e+00 2.891445e-01 2.125761e-01 4.372553e-01 4.039011e-01 3.628524e-01 4.406603e-01 5.177979e-01 4.914660e-01 3.139026e-01 4.171773e-01 4.702225e-01 2.136461e-01 1.379221e-01
<GCONST> 1.013063e+02
<STATE> 3
<MEAN> 39
 3.252854e-01 -6.249930e+00 -1.358321e+01 -1.369465e+01 2.132210e+00 1.905072e-01 -4.242503e+00 -1.553531e+01 -1.568837e+00 -3.881171e+00 -1.029152e+00 -1.362264e+01 6.918103e+01 2.574502e+00 -7.667113e-01 -1.558336e+00 2.576899e-02 1.252561e+00 1.653864e-01 -1.066025e+00 -8.378202e-01 7.902982e-01 -2.809412e-01 -1.579038e+00 -8.354241e-01 2.023541e+00 -1.042124e+00 -9.704412e-02 8.096077e-01 9.695765e-01 4.708165e-02 -6.814978e-01 2.283960e-01 8.419022e-01 4.118620e-01 -5.722246e-01 -4.403660e-01 5.511038e-01 -6.178692e-01
<VARIANCE> 39
 1.211897e+01 2.066013e+01 4.097448e+01 2.587400e+01 6.755630e+01 4.250296e+01 7.046204e+01 6.153355e+01 2.087333e+01 6.040761e+01 5.133968e+01 1.985373e+01 1.237304e+01 3.835462e+00 1.192284e+00 5.082120e+00 3.900224e+00 2.002884e+00 4.640358e+00 2.955987e+00 6.741914e+00 3.093320e+00 4.843754e+00 4.100346e+00 2.824118e+00 1.779379e+00 2.104151e-01 2.146005e-01 4.914244e-01 4.599184e-01 4.401270e-01 3.098964e-01 6.952108e-01 5.675384e-01 4.875498e-01 3.513950e-01 6.843190e-01 3.910306e-01 1.050558e-01
<GCONST> 1.197037e+02
<STATE> 4
<MEAN> 39
 2.035474e+00 -7.553650e+00 -9.281414e+00 -6.871588e+00 8.734922e+00 -5.166253e+00 -5.206526e+00 -6.018817e+00 3.789769e+00 -6.196131e+00 -3.756443e+00 -1.164959e+01 7.292903e+01 -4.186720e-01 3.882935e-01 8.058591e-01 6.882000e-01 5.675486e-01 -8.561113e-01 9.058436e-02 1.159671e+00 -5.020901e-02 -8.402317e-01 -3.659791e-01 4.077312e-01 -1.088562e-01 -3.734092e-01 3.185566e-01 1.148827e-01 1.619557e-02 -1.213033e-01 8.051622e-02 2.415612e-01 -7.478295e-02 -2.414760e-01 -8.916838e-02 2.382645e-01 9.866282e-02 -2.367264e-01
<VARIANCE> 39
 4.250431e+00 3.291735e+01 5.945498e+01 2.403807e+01 8.120451e+01 4.734470e+01 3.605952e+01 1.111835e+02 2.216481e+01 1.143715e+02 4.987466e+01 1.943966e+01 1.605020e+01 2.720129e-01 6.988501e-01 1.069875e+00 1.448005e+00 1.691716e+00 9.602651e-01 1.866562e+00 1.391986e+00 2.386753e+00 2.480050e+00 1.749171e+00 7.379060e-01 2.082929e-01 1.108327e-01 1.107865e-01 3.269082e-01 2.953474e-01 2.627159e-01 2.107613e-01 2.475008e-01 3.474799e-01 4.017849e-01 4.268979e-01 2.350450e-01 1.889768e-01 4.042184e-02
<GCONST> 9.843634e+01
<STATE> 5
<MEAN> 39
 -5.851426e+00 -2.147825e+00 -9.145919e+00 -2.800357e+00 8.798223e+00 -8.468015e+00 -2.783343e+00 -8.851933e+00 1.135687e+00 -1.451632e+01 -9.312846e+00 -8.566286e+00 6.965625e+01 -3.420601e+00 2.880971e+00 -8.702406e-01 2.002473e+00 3.325384e-02 -2.005586e-01 1.607148e+00 -5.154007e-01 5.339582e-02 -4.641664e-01 2.949817e-01 7.599869e-01 -1.257538e-01 -5.051053e-01 5.638347e-01 -6.691378e-01 9.979223e-02 -2.169879e-01 2.109686e-01 1.650552e-01 -3.371876e-01 -1.058598e-02 3.991948e-01 3.300550e-01 -1.941007e-01 1.773810e-01
<VARIANCE> 39
 3.260459e+01 3.291096e+01 3.547712e+01 3.578621e+01 3.765900e+01 4.216637e+01 2.640881e+01 7.601688e+01 3.520611e+01 1.316487e+02 1.052238e+02 3.027928e+01 9.019390e+00 1.571977e+00 2.937184e+00 4.126485e+00 1.820024e+00 1.524252e+00 3.257428e+00 1.456829e+00 2.814670e+00 2.466869e+00 6.925086e+00 2.464875e+00 2.643187e+00 2.769061e-01 3.316585e-01 3.302085e-01 3.415969e-01 3.493859e-01 2.457786e-01 3.995281e-01 1.942592e-01 4.813997e-01 5.391799e-01 8.037651e-01 3.884203e-01 3.616018e-01 2.738633e-02
<GCONST> 1.140473e+02
<STATE> 6
<MEAN> 39
 -2.153691e+01 1.327682e+01 -1.489136e+01 5.704325e+00 6.007149e+00 -7.111930e+00 4.859261e+00 -9.962882e+00 2.059271e+00 -1.248710e+01 -2.234396e+00 -8.855999e+00 6.975894e+01 -1.678055e+00 1.367256e+00 -1.411412e-01 5.819257e-01 -2.394203e-04 -1.781397e-01 8.032249e-01 1.075155e-01 -2.538753e-01 1.413493e-01 5.820459e-01 4.066226e-02 -3.059757e-01 5.571989e-01 -6.332997e-01 4.314492e-01 -4.248860e-01 7.013735e-02 -1.262069e-01 -2.508407e-01 1.705371e-01 -7.953819e-02 1.393280e-01 -8.243223e-02 -2.564256e-02 -1.191324e-01
<VARIANCE> 39
 1.001461e+01 2.194737e+01 2.211335e+01 3.054476e+01 5.836801e+01 1.490728e+01 3.312788e+01 4.357832e+01 3.310844e+01 4.294160e+01 7.341382e+01 2.332072e+01 9.313886e+00 1.314054e+00 1.932089e+00 1.707365e+00 1.710133e+00 1.244811e+00 1.477429e+00 1.158037e+00 1.529894e+00 2.025383e+00 1.893427e+00 2.160399e+00 1.075163e+00 1.605102e-01 1.061612e-01 1.113797e-01 1.824709e-01 2.022521e-01 2.171500e-01 2.216621e-01 2.603885e-01 2.290909e-01 4.158508e-01 3.361131e-01 2.830578e-01 1.752471e-01 2.202598e-02
<GCONST> 9.573045e+01
<STATE> 7
<MEAN> 39
 -2.530361e+01 1.343090e+01 -1.260081e+01 4.097901e+00 7.607625e+00 -1.021244e+01 6.420067e+00 -8.847827e+00 -8.025423e-01 -1.084087e+01 -1.687366e+00 -8.191641e+00 6.730967e+01 1.554684e+00 -1.182350e+00 7.775995e-01 -1.558760e+00 -1.161600e+00 -1.261824e+00 -1.251240e+00 3.882788e-01 3.274465e-01 1.079595e+00 2.098131e-01 -3.150311e-01 -2.863588e-01 1.446651e+00 -5.207402e-01 -3.841839e-01 -6.311550e-01 -6.076691e-01 -1.653725e-01 -1.015738e+00 -9.277143e-02 6.254100e-01 1.680729e-01 -4.027559e-01 -1.836837e-01 5.272958e-01
<VARIANCE> 39
 5.319170e+00 1.773057e+01 2.115533e+01 1.812213e+01 5.866440e+01 1.990729e+01 2.496894e+01 4.436597e+01 2.569717e+01 2.401039e+01 8.206329e+01 2.071787e+01 8.127914e+00 2.953657e+00 9.367648e-01 5.877668e-01 1.009751e+00 1.248063e+00 1.995761e+00 2.991354e+00 1.592901e+00 2.383575e+00 2.254858e+00 1.575413e+00 1.336510e+00 3.891039e-01 9.291125e-02 1.256684e-01 2.597400e-01 1.296124e-01 1.486717e-01 6.517969e-01 3.352729e-01 4.939098e-01 3.350919e-01 4.993217e-01 6.894545e-01 2.753339e-01 1.092736e-01
<GCONST> 9.901968e+01
<STATE> 8
<MEAN> 39
 -1.206598e+01 8.067129e+00 -1.335943e+01 -3.842217e+00 5.777093e-01 -1.481705e+01 -3.572066e+00 -8.550741e+00 4.613677e+00 -6.146668e+00 -3.799186e+00 -9.859002e+00 7.012350e+01 4.825594e+00 -3.019261e+00 -1.785680e+00 -2.398649e+00 -1.383637e+00 -4.484669e-01 -3.212519e+00 -1.997042e-01 1.371707e+00 5.935356e-01 -1.722049e+00 -5.470737e-01 2.159621e+00 -3.437730e-01 -5.650302e-01 -3.172983e-01 5.284079e-01 6.446342e-01 7.510159e-01 5.402668e-01 -2.519151e-02 -4.851252e-01 -5.435121e-01 -1.012304e-01 1.325391e-01 2.492642e-01
<VARIANCE> 39
 3.554786e+01 1.671697e+01 2.679272e+01 2.918259e+01 4.625464e+01 4.254186e+01 6.259657e+01 3.810823e+01 1.893597e+01 1.960969e+01 1.166594e+02 2.280467e+01 1.508224e+01 9.637823e-01 2.032294e+00 2.440526e+00 1.614904e+00 3.075312e+00 8.350566e+00 4.343883e+00 3.350953e+00 2.971246e+00 4.292832e+00 4.420670e+00 2.863686e+00 5.132461e-01 7.195179e-01 1.717697e-01 4.545471e-01 3.512354e-01 4.505019e-01 7.504721e-01 7.762192e-01 7.340077e-01 4.486272e-01 4.107276e-01 6.050356e-01 4.096252e-01 2.790057e-01
<GCONST> 1.190543e+02
<STATE> 9
<MEAN> 39
 -3.573489e+00 -4.052817e+00 -1.767611e+01 -5.837142e+00 1.512617e+00 -1.029809e+01 -6.503506e+00 -8.598454e+00 4.254129e+00 -8.518966e+00 -7.666613e+00 -1.012577e+01 7.550184e+01 1.098907e+00 -3.137434e+00 -1.630611e-01 4.018603e-01 7.019871e-01 1.691518e+00 7.516420e-02 -2.590314e-01 -1.088154e+00 -5.818225e-01 1.155056e-01 1.264808e-01 6.135967e-01 -7.709755e-01 5.492344e-01 5.950670e-01 2.712478e-01 1.098407e-01 5.691879e-02 4.038209e-01 -1.304266e-01 -2.821267e-01 7.601041e-02 4.422356e-01 5.685947e-02 -5.400452e-01
<VARIANCE> 39
 5.533305e+00 1.631806e+01 3.630558e+01 2.144973e+01 3.210963e+01 6.825852e+01 8.378407e+01 8.653362e+01 3.467494e+01 6.756794e+01 1.525168e+02 2.753259e+01 1.451070e+01 5.734537e-01 1.656781e+00 1.491810e+00 6.708876e-01 3.927726e+00 2.147825e+00 1.381984e+00 4.995430e+00 2.360902e+00 2.580307e+00 1.516182e+00 1.885509e+00 5.362460e-01 1.869987e-01 2.088820e-01 1.950663e-01 3.267206e-01 5.545109e-01 5.941039e-01 5.286080e-01 5.527611e-01 5.105595e-01 3.839247e-01 3.970055e-01 3.857252e-01 4.368983e-02
<GCONST> 1.094712e+02
<STATE> 10
<MEAN> 39
 -9.624210e-01 -1.112366e+01 -1.415084e+01 -5.680820e+00 2.577381e+00 -9.992392e+00 -7.632139e+00 -5.486921e+00 1.113813e+00 -5.278782e+00 -2.258276e+00 -1.226606e+01 7.605853e+01 3.856408e-01 -4.316505e-01 1.061564e+00 -6.294833e-01 2.360151e-02 2.740625e-01 -9.288594e-01 -4.370055e-02 4.405197e-01 6.154045e-02 -4.128211e-01 -1.333413e-01 -4.009565e-01 -1.775156e-02 5.122564e-01 2.008345e-01 -1.729937e-01 -4.791053e-02 -7.220362e-02 -9.865005e-02 6.253194e-02 1.106920e-01 -9.185302e-02 -9.986110e-02 -1.925276e-02 -1.552504e-01
<VARIANCE> 39
 3.167392e+00 1.387454e+01 8.155474e+01 3.118324e+01 6.964590e+01 8.715864e+01 7.875476e+01 1.451394e+02 5.748172e+01 6.403124e+01 1.224981e+02 3.495481e+01 1.364587e+01 8.690611e-02 1.096566e+00 4.752397e-01 5.987421e-01 1.361179e+00 2.032866e+00 1.668363e+00 1.971366e+00 4.266021e+00 1.608914e+00 1.773225e+00 1.386740e+00 1.105082e-01 1.766451e-02 5.881125e-02 7.459366e-02 8.378889e-02 2.903234e-01 2.303725e-01 3.596713e-01 3.220493e-01 6.882433e-01 2.676985e-01 3.179461e-01 2.464293e-01 7.836075e-03
<GCONST> 9.387475e+01
<STATE> 11
<MEAN> 39
 4.798260e-03 -7.244071e+00 -9.027470e+00 -9.921719e+00 -2.435338e-01 -2.609260e+00 -1.008041e+01 -1.289279e+01 4.064479e+00 -1.094038e+01 -7.068356e+00 -8.436925e+00 7.035829e+01 1.429005e-01 1.004322e+00 1.720108e+00 -7.606165e-01 4.021893e-01 2.758133e-01 -2.199811e-01 -2.395621e-01 -1.334482e+00 -4.386151e-01 1.007997e+00 5.937440e-02 -8.908824e-01 -6.703096e-02 8.234390e-02 2.811390e-02 1.161185e-01 4.048386e-02 -2.776288e-01 1.054376e-01 -7.046714e-02 -2.960196e-01 1.399886e-02 -1.579441e-02 -5.547082e-02 -5.755275e-03
<VARIANCE> 39
 5.146011e+00 6.735259e+00 3.291581e+01 2.350605e+01 4.390155e+01 7.802305e+01 5.552708e+01 1.007785e+02 5.797501e+01 6.278311e+01 6.497207e+01 2.261749e+01 9.110611e+00 1.897590e-01 3.216876e-01 5.539868e-01 1.355168e+00 1.957540e+00 1.745060e+00 1.986715e+00 2.302989e+00 2.025836e+00 1.992643e+00 3.305527e+00 1.735319e+00 6.382176e-02 2.570717e-02 5.924841e-02 1.123297e-01 1.417760e-01 2.013841e-01 2.791662e-01 3.333701e-01 3.426717e-01 4.747258e-01 3.544891e-01 5.833659e-01 2.040855e-01 1.378916e-02
<GCONST> 9.253249e+01
<STATE> 12
<MEAN> 39
 3.250278e+00 -4.400378e+00 3.437474e+00 -1.665011e+01 6.461775e+00 -1.233374e+01 -1.256147e+01 -2.827591e+00 -1.005427e+01 -5.524289e+00 -4.001196e+00 -8.463607e+00 6.952554e+01 1.985482e-01 6.570643e-01 9.086558e-01 1.205153e-01 -1.335586e-01 -9.067139e-02 4.230669e-01 -7.523611e-01 -1.301833e+00 -6.581224e-01 -6.095084e-01 2.399899e-01 -8.961811e-01 -8.235984e-02 -6.167035e-02 -8.445151e-02 1.876099e-01 -3.188807e-02 7.529431e-02 9.868702e-02 -2.741463e-02 1.666566e-01 -7.542690e-02 -3.574781e-02 -6.961138e-02 5.388837e-05
<VARIANCE> 39
 7.522437e+00 7.881707e+00 4.257196e+01 1.585759e+01 1.746263e+01 4.041869e+01 3.431334e+01 6.502409e+01 4.104580e+01 6.848676e+01 3.598139e+01 3.000058e+01 1.827799e+01 2.182062e-01 2.112890e-01 9.444131e-01 1.105490e+00 2.101009e+00 1.826167e+00 7.893897e-01 1.342889e+00 3.337659e+00 6.691819e-01 1.248475e+00 1.524253e+00 9.172513e-02 3.000607e-02 3.818986e-02 9.434552e-02 6.145765e-02 1.417486e-01 2.032111e-01 1.595856e-01 2.139558e-01 4.397260e-01 1.076393e-01 1.765839e-01 1.699089e-01 8.238211e-03
<GCONST> 8.160053e+01
<STATE> 13
<MEAN> 39
 -3.787031e-01 -9.131005e-01 4.190987e-01 -1.026493e+01 2.044046e+00 -6.923024e+00 -1.164806e+01 -1.846082e+01 -1.173007e+01 -1.875299e+01 -9.425989e+00 -1.232404e+01 6.429823e+01 -5.099462e-01 4.174546e-01 1.189039e+00 5.391332e-01 -8.069612e-02 5.311267e-02 8.431296e-01 1.679814e-01 -4.416811e-01 -2.509521e-01 -2.255858e-02 -3.230787e-01 -7.568153e-01 -1.666916e-01 -2.254943e-01 -1.518508e-01 7.965425e-02 -5.990944e-02 8.505988e-02 1.702259e-01 3.296615e-01 4.306822e-01 4.293773e-01 1.115081e-01 1.942885e-01 -3.252360e-03
<VARIANCE> 39
 8.185152e+00 5.313107e+00 3.024763e+01 2.269835e+01 2.130625e+01 2.535196e+01 2.303290e+01 7.327417e+01 5.281671e+01 8.525817e+01 4.296038e+01 2.415640e+01 1.714334e+00 3.310840e-01 2.350173e-01 9.458675e-01 3.669137e-01 1.078222e+00 8.929130e-01 1.132839e+00 1.830961e+00 2.664179e+00 1.675245e+00 1.249529e+00 1.081175e+00 4.691719e-02 4.489875e-02 4.487149e-02 7.500221e-02 6.919656e-02 1.593007e-01 1.301451e-01 2.041439e-01 1.966077e-01 2.308725e-01 2.168213e-01 2.967882e-01 2.147118e-01 1.194270e-02
<GCONST> 7.868261e+01
<STATE> 14
<MEAN> 39
 -3.017937e+00 -3.285121e-01 8.534117e+00 -4.603387e+00 7.194827e+00 -2.399479e+00 2.056658e-01 -3.231652e+00 -5.073194e+00 -7.650437e+00 -6.760829e+00 -5.939953e+00 6.069690e+01 -9.469522e-01 2.077366e-02 6.090773e-01 7.860513e-01 -3.885682e-01 -9.761446e-02 5.310696e-01 3.253942e-01 -1.579942e-02 -1.529418e-01 -3.931673e-01 3.849665e-01 -6.797545e-01 -2.118719e-02 -4.569254e-03 2.609575e-04 7.932945e-03 -2.537102e-02 -9.780288e-02 -1.251704e-01 -1.185748e-01 -2.087523e-01 -1.489786e-01 1.643470e-02 -3.724451e-02 5.005059e-02
<VARIANCE> 39
 1.243496e+01 6.901985e+00 4.271067e+01 2.962057e+01 4.440152e+01 6.288736e+01 5.034428e+01 7.116810e+01 3.163816e+01 5.467122e+01 1.972378e+01 2.893385e+01 6.389088e+00 2.396010e-01 4.854057e-01 4.428493e-01 6.949547e-01 8.735836e-01 1.032500e+00 1.782904e+00 1.692770e+00 2.263725e+00 2.159227e+00 1.461143e+00 1.074140e+00 7.975624e-02 2.814799e-02 4.463024e-02 8.301467e-02 1.573674e-01 1.448765e-01 1.010075e-01 2.233235e-01 2.400003e-01 3.448987e-01 2.150789e-01 2.591713e-01 2.076064e-01 7.069305e-03
<GCONST> 8.358443e+01
<STATE> 15
<MEAN> 39
 -6.476285e+00 -5.489006e-01 7.174354e+00 -4.539207e+00 1.421176e+00 -9.678088e+00 -7.753974e+00 -1.760406e+01 -1.347608e+01 -1.787150e+01 -8.426708e+00 -1.275415e+01 5.964438e+01 -7.230853e-01 1.290049e-01 6.781843e-01 9.890231e-01 2.260998e-01 -3.245026e-01 1.272720e-01 -6.758253e-02 -5.473556e-01 -3.914479e-01 -2.260060e-01 -1.897718e-01 -3.503130e-01 -2.585962e-03 2.044838e-02 -1.067401e-01 -1.856115e-02 -3.546141e-02 8.194596e-02 -6.177484e-03 7.784776e-02 7.297440e-02 -7.265612e-02 -7.208160e-02 6.252348e-02 4.968296e-02
<VARIANCE> 39
 5.623394e+00 7.994816e+00 1.737380e+01 2.027588e+01 1.794461e+01 2.188164e+01 2.269677e+01 5.521712e+01 5.801555e+01 2.760657e+01 2.745920e+01 3.455356e+01 2.757097e+00 2.323080e-01 5.165924e-01 3.971870e-01 5.993032e-01 9.309103e-01 1.558583e+00 8.090363e-01 1.298525e+00 1.308723e+00 1.356766e+00 1.568022e+00 2.487510e+00 7.086921e-02 5.454269e-02 9.447921e-02 8.789659e-02 1.335242e-01 2.167565e-01 2.256112e-01 1.827679e-01 2.904359e-01 4.021316e-01 3.227254e-01 2.678452e-01 4.899626e-01 1.578283e-02
<GCONST> 8.196764e+01
<STATE> 16
<MEAN> 39
 -1.178133e+01 4.234887e-01 9.528003e+00 -1.553080e+00 -1.655788e-01 -8.647129e+00 -3.559102e+00 -1.259611e+01 -1.364832e+01 -2.022154e+01 -1.034445e+01 -1.119161e+01 5.745819e+01 -7.674556e-01 7.963969e-02 -1.583320e-01 7.474332e-02 -6.555002e-01 2.608241e-01 8.572503e-01 1.362710e+00 5.345854e-01 -5.746846e-02 -2.814718e-01 3.710227e-01 -2.643568e-01 8.967400e-02 -6.553621e-02 -1.458938e-01 -6.373608e-02 4.649520e-02 -1.394043e-02 -2.787282e-03 4.724386e-02 2.160998e-01 2.214424e-01 1.697045e-01 6.752071e-02 3.195525e-02
<VARIANCE> 39
 7.172470e+00 9.933017e+00 2.534913e+01 1.383309e+01 2.190782e+01 2.808644e+01 6.130826e+01 5.105522e+01 3.650599e+01 4.699094e+01 2.785516e+01 4.352895e+01 2.348247e+00 1.860779e-01 2.293545e-01 3.443032e-01 8.483973e-01 5.358681e-01 1.699890e+00 2.375942e+00 1.133285e+00 1.760859e+00 1.783583e+00 1.880299e+00 1.091632e+00 4.085921e-02 2.187088e-02 6.882566e-02 6.391642e-02 1.589903e-01 9.839296e-02 2.721364e-01 3.080348e-01 2.008550e-01 1.830213e-01 2.518006e-01 4.232327e-01 2.751926e-01 7.872585e-03
<GCONST> 7.929146e+01
<STATE> 17
<MEAN> 39
 -1.292714e+01 -3.498809e-01 8.406206e+00 7.772455e-01 8.151044e-01 -5.379280e+00 -6.703088e-01 -4.617929e+00 -9.805285e+00 -1.418951e+01 -8.388025e+00 -6.155778e+00 5.706956e+01 -4.932074e-01 -5.737847e-01 -7.273712e-01 7.337181e-02 2.753097e-01 -1.560853e-01 -6.897944e-01 -2.628387e-01 9.989650e-01 1.223692e+00 1.213204e+00 5.442718e-01 -7.265963e-02 8.378063e-03 -8.794624e-02 -5.175535e-02 -5.756645e-02 1.139671e-01 1.008704e-01 -1.298773e-01 -1.114225e-01 3.681782e-02 1.839510e-01 2.074208e-01 1.214460e-01 2.026900e-02
<VARIANCE> 39
 4.132917e+00 1.344639e+01 1.802278e+01 1.651385e+01 5.060609e+01 4.732336e+01 3.484949e+01 4.609488e+01 2.347384e+01 5.559543e+01 2.018637e+01 5.329236e+01 8.432971e-01 1.846541e-01 5.906782e-01 6.620221e-01 1.355114e+00 2.735613e+00 2.136424e+00 2.644428e+00 1.080410e+00 2.225847e+00 1.816116e+00 1.577929e+00 1.326619e+00 7.094733e-02 3.661239e-02 1.153039e-01 1.416116e-01 2.033291e-01 4.559234e-01 4.583669e-01 7.683644e-01 1.794779e-01 4.035594e-01 4.462142e-01 3.659134e-01 3.572573e-01 1.545901e-02
<GCONST> 9.003819e+01
<STATE> 18
<MEAN> 39
 -1.525212e+01 -3.674601e+00 3.375319e+00 -1.111199e+00 2.123719e+00 -3.673655e+00 2.311722e-01 -4.508768e+00 -2.230188e+00 -9.012508e+00 -3.759309e+00 -5.326746e+00 5.701882e+01 -2.907717e-01 -3.418534e-01 -5.810941e-01 -2.153865e-01 -1.105135e-01 3.896142e-01 6.677120e-01 3.291146e-01 3.136316e-01 5.857503e-02 2.347894e-01 3.060600e-01 -6.704909e-02 2.414344e-02 2.180839e-02 3.613355e-02 -8.416675e-04 -2.608599e-02 -4.698463e-02 1.515159e-01 -3.754797e-02 -2.339225e-01 -3.116651e-01 -2.625963e-01 -2.297212e-01 -2.146007e-03
<VARIANCE> 39
 1.866531e+00 3.268111e+00 1.242213e+01 1.088924e+01 2.859879e+01 2.806717e+01 3.326002e+01 4.249370e+01 2.929991e+01 3.086591e+01 2.777333e+01 3.270988e+01 6.760192e-01 1.074919e-01 3.463020e-01 7.829067e-01 1.287296e+00 1.558197e+00 1.994384e+00 1.718938e+00 1.769960e+00 2.583685e+00 2.018972e+00 2.304582e+00 2.082452e+00 2.989245e-02 1.636931e-02 6.536476e-02 1.393635e-01 2.164484e-01 2.976971e-01 3.109473e-01 4.234810e-01 2.852226e-01 5.906371e-01 4.152750e-01 3.392057e-01 2.617823e-01 6.881902e-03
<GCONST> 8.059519e+01
<STATE> 19
<MEAN> 39
 -1.727843e+01 -3.613708e+00 1.004747e+01 3.490376e+00 3.482605e+00 -6.771968e+00 7.388670e-01 -7.942862e+00 -9.638492e+00 -1.715102e+01 -7.503246e+00 -4.231535e-01 5.482206e+01 -5.525910e-01 -2.260759e-01 -7.925525e-02 4.130957e-01 5.930223e-02 1.571681e-02 3.028124e-02 -1.285997e-01 -3.837730e-01 -5.605173e-01 -2.819876e-01 -2.889785e-01 -1.762150e-01 -1.247516e-02 8.674599e-03 1.398972e-02 2.138488e-02 -9.188630e-03 -1.214127e-01 -1.771745e-01 9.383923e-03 2.008876e-01 6.560579e-02 1.714756e-02 -1.668023e-01 -1.716570e-03
<VARIANCE> 39
 6.111205e+00 6.204029e+00 4.565308e+01 2.924013e+01 1.014091e+02 3.242707e+01 2.376669e+01 3.962908e+01 4.756652e+01 5.781968e+01 1.180792e+02 7.766006e+01 2.178319e+00 1.718675e-01 2.887562e-01 6.608364e-01 5.626244e-01 1.054666e+00 1.340741e+00 2.287696e+00 1.349266e+00 2.072916e+00 2.095821e+00 1.977873e+00 2.554364e+00 5.055591e-02 1.463297e-02 5.636354e-02 1.279888e-01 1.294970e-01 1.942703e-01 2.530970e-01 3.716607e-01 2.325990e-01 3.794083e-01 4.060232e-01 5.294828e-01 3.362315e-01 7.341585e-03
<GCONST> 8.769035e+01
<TRANSP> 20
 0.000000e+00 1.000000e+00 0.000000e+00 0.000000e+00 0.000000e+00 0.000000e+00 0.000000e+00 0.000000e+00 0.000000e+00 0.000000e+00 0.000000e+00 0.000000e+00 0.000000e+00 0.000000e+00 0.000000e+00 0.000000e+00 0.000000e+00 0.000000e+00 0.000000e+00 0.000000e+00
 0.000000e+00 7.692666e-01 2.307334e-01 0.000000e+00 0.000000e+00 0.000000e+00 0.000000e+00 0.000000e+00 0.000000e+00 0.000000e+00 0.000000e+00 0.000000e+00 0.000000e+00 0.000000e+00 0.000000e+00 0.000000e+00 0.000000e+00 0.000000e+00 0.000000e+00 0.000000e+00
 0.000000e+00 0.000000e+00 7.331153e-01 2.668847e-01 0.000000e+00 0.000000e+00 0.000000e+00 0.000000e+00 0.000000e+00 0.000000e+00 0.000000e+00 0.000000e+00 0.000000e+00 0.000000e+00 0.000000e+00 0.000000e+00 0.000000e+00 0.000000e+00 0.000000e+00 0.000000e+00
 0.000000e+00 0.000000e+00 0.000000e+00 8.096130e-01 1.903870e-01 0.000000e+00 0.000000e+00 0.000000e+00 0.000000e+00 0.000000e+00 0.000000e+00 0.000000e+00 0.000000e+00 0.000000e+00 0.000000e+00 0.000000e+00 0.000000e+00 0.000000e+00 0.000000e+00 0.000000e+00
 0.000000e+00 0.000000e+00 0.000000e+00 0.000000e+00 7.596316e-01 2.403684e-01 0.000000e+00 0.000000e+00 0.000000e+00 0.000000e+00 0.000000e+00 0.000000e+00 0.000000e+00 0.000000e+00 0.000000e+00 0.000000e+00 0.000000e+00 0.000000e+00 0.000000e+00 0.000000e+00
 0.000000e+00 0.000000e+00 0.000000e+00 0.000000e+00 0.000000e+00 8.408238e-01 1.591762e-01 0.000000e+00 0.000000e+00 0.000000e+00 0.000000e+00 0.000000e+00 0.000000e+00 0.000000e+00 0.000000e+00 0.000000e+00 0.000000e+00 0.000000e+00 0.000000e+00 0.000000e+00
 0.000000e+00 0.000000e+00 0.000000e+00 0.000000e+00 0.000000e+00 0.000000e+00 6.562265e-01 3.437735e-01 0.000000e+00 0.000000e+00 0.000000e+00 0.000000e+00 0.000000e+00 0.000000e+00 0.000000e+00 0.000000e+00 0.000000e+00 0.000000e+00 0.000000e+00 0.000000e+00
 0.000000e+00 0.000000e+00 0.000000e+00 0.000000e+00 0.000000e+00 0.000000e+00 0.000000e+00 6.645873e-01 3.354127e-01 0.000000e+00 0.000000e+00 0.000000e+00 0.000000e+00 0.000000e+00 0.000000e+00 0.000000e+00 0.000000e+00 0.000000e+00 0.000000e+00 0.000000e+00
 0.000000e+00 0.000000e+00 0.000000e+00 0.000000e+00 0.000000e+00 0.000000e+00 0.000000e+00 0.000000e+00 6.840165e-01 3.159835e-01 0.000000e+00 0.000000e+00 0.000000e+00 0.000000e+00 0.000000e+00 0.000000e+00 0.000000e+00 0.000000e+00 0.000000e+00 0.000000e+00
 0.000000e+00 0.000000e+00 0.000000e+00 0.000000e+00 0.000000e+00 0.000000e+00 0.000000e+00 0.000000e+00 0.000000e+00 8.009481e-01 1.990519e-01 0.000000e+00 0.000000e+00 0.000000e+00 0.000000e+00 0.000000e+00 0.000000e+00 0.000000e+00 0.000000e+00 0.000000e+00
 0.000000e+00 0.000000e+00 0.000000e+00 0.000000e+00 0.000000e+00 0.000000e+00 0.000000e+00 0.000000e+00 0.000000e+00 0.000000e+00 7.915832e-01 2.084167e-01 0.000000e+00 0.000000e+00 0.000000e+00 0.000000e+00 0.000000e+00 0.000000e+00 0.000000e+00 0.000000e+00
 0.000000e+00 0.000000e+00 0.000000e+00 0.000000e+00 0.000000e+00 0.000000e+00 0.000000e+00 0.000000e+00 0.000000e+00 0.000000e+00 0.000000e+00 7.675316e-01 2.324684e-01 0.000000e+00 0.000000e+00 0.000000e+00 0.000000e+00 0.000000e+00 0.000000e+00 0.000000e+00
 0.000000e+00 0.000000e+00 0.000000e+00 0.000000e+00 0.000000e+00 0.000000e+00 0.000000e+00 0.000000e+00 0.000000e+00 0.000000e+00 0.000000e+00 0.000000e+00 6.997635e-01 3.002364e-01 0.000000e+00 0.000000e+00 0.000000e+00 0.000000e+00 0.000000e+00 0.000000e+00
 0.000000e+00 0.000000e+00 0.000000e+00 0.000000e+00 0.000000e+00 0.000000e+00 0.000000e+00 0.000000e+00 0.000000e+00 0.000000e+00 0.000000e+00 0.000000e+00 0.000000e+00 7.798875e-01 2.201125e-01 0.000000e+00 0.000000e+00 0.000000e+00 0.000000e+00 0.000000e+00
 0.000000e+00 0.000000e+00 0.000000e+00 0.000000e+00 0.000000e+00 0.000000e+00 0.000000e+00 0.000000e+00 0.000000e+00 0.000000e+00 0.000000e+00 0.000000e+00 0.000000e+00 0.000000e+00 8.235622e-01 1.764378e-01 0.000000e+00 0.000000e+00 0.000000e+00 0.000000e+00
 0.000000e+00 0.000000e+00 0.000000e+00 0.000000e+00 0.000000e+00 0.000000e+00 0.000000e+00 0.000000e+00 0.000000e+00 0.000000e+00 0.000000e+00 0.000000e+00 0.000000e+00 0.000000e+00 0.000000e+00 7.646703e-01 2.353297e-01 0.000000e+00 0.000000e+00 0.000000e+00
 0.000000e+00 0.000000e+00 0.000000e+00 0.000000e+00 0.000000e+00 0.000000e+00 0.000000e+00 0.000000e+00 0.000000e+00 0.000000e+00 0.000000e+00 0.000000e+00 0.000000e+00 0.000000e+00 0.000000e+00 0.000000e+00 7.491508e-01 2.508493e-01 0.000000e+00 0.000000e+00
 0.000000e+00 0.000000e+00 0.000000e+00 0.000000e+00 0.000000e+00 0.000000e+00 0.000000e+00 0.000000e+00 0.000000e+00 0.000000e+00 0.000000e+00 0.000000e+00 0.000000e+00 0.000000e+00 0.000000e+00 0.000000e+00 0.000000e+00 7.782432e-01 2.217568e-01 0.000000e+00
 0.000000e+00 0.000000e+00 0.000000e+00 0.000000e+00 0.000000e+00 0.000000e+00 0.000000e+00 0.000000e+00 0.000000e+00 0.000000e+00 0.000000e+00 0.000000e+00 0.000000e+00 0.000000e+00 0.000000e+00 0.000000e+00 0.000000e+00 0.000000e+00 7.149580e-01 2.850420e-01
 0.000000e+00 0.000000e+00 0.000000e+00 0.000000e+00 0.000000e+00 0.000000e+00 0.000000e+00 0.000000e+00 0.000000e+00 0.000000e+00 0.000000e+00 0.000000e+00 0.000000e+00 0.000000e+00 0.000000e+00 0.000000e+00 0.000000e+00 0.000000e+00 0.000000e+00 0.000000e+00
<ENDHMM>
