~o
<STREAMINFO> 1 39
<VECSIZE> 39<NULLD><MFCC_D_A_0><DIAGC>
~h "sembilan"
<BEGINHMM>
<NUMSTATES> 5
<STATE> 2
<MEAN> 39
 -1.887428e+01 3.735683e+00 -6.684307e+00 -1.202214e+00 -3.453477e-01 -1.084427e+01 2.885072e+00 -1.160816e+01 3.503998e+00 -8.459713e+00 7.728683e-01 -5.800246e+00 6.219569e+01 6.886089e-01 7.886019e-01 -5.665745e-02 5.966521e-02 -9.002318e-02 -5.466409e-01 -4.757425e-01 -6.795148e-01 -2.481887e-02 1.601175e-02 1.508085e-01 -6.086402e-02 7.111771e-01 7.140978e-02 -1.948100e-02 5.394433e-02 9.725121e-03 2.583191e-02 6.080759e-02 -3.113121e-02 -5.002069e-03 -8.338846e-02 4.342091e-03 5.293235e-02 5.380652e-03 -9.774094e-03
<VARIANCE> 39
 7.619781e+01 6.224737e+01 4.594737e+01 2.736584e+01 4.257725e+01 4.436496e+01 6.897452e+01 4.534442e+01 3.476081e+01 6.243459e+01 3.833577e+01 4.345088e+01 2.731345e+01 6.843792e+00 2.870190e+00 3.029381e+00 2.171189e+00 2.349686e+00 2.482733e+00 6.962604e+00 3.374943e+00 4.104986e+00 3.115684e+00 3.459485e+00 3.122222e+00 8.072707e-01 7.905906e-01 4.877193e-01 3.999411e-01 3.243477e-01 4.224362e-01 4.778676e-01 1.078257e+00 6.675918e-01 7.845278e-01 5.401324e-01 5.596126e-01 6.029769e-01 1.900067e-01
<GCONST> 1.272445e+02
<STATE> 3
<MEAN> 39
 -1.241554e+00 -2.849537e+00 6.028182e+00 -5.445375e+00 -8.240605e+00 -1.286647e+01 -7.153369e+00 -7.760141e+00 -6.491215e+00 -4.630269e+00 -8.807152e-01 -5.855378e+00 7.078642e+01 6.474648e-02 -1.952462e-01 1.963940e-01 1.401483e-02 -5.855404e-02 1.146952e-01 3.159919e-02 2.429938e-01 -8.120309e-02 -1.938923e-01 -2.716722e-01 3.751389e-02 -7.896835e-02 -4.235949e-02 3.558754e-02 -1.570683e-02 1.482705e-02 1.610337e-02 -9.976498e-03 1.345894e-02 -4.776071e-03 3.142380e-02 -1.955150e-02 -2.219584e-02 -1.461596e-02 -1.653094e-02
<VARIANCE> 39
 7.246820e+00 7.968341e+01 1.539861e+02 3.754510e+01 1.265009e+02 8.330532e+01 4.642089e+01 1.251473e+02 1.373264e+02 8.901289e+01 1.317329e+02 5.142206e+01 1.551291e+01 3.919595e-01 2.350424e+00 4.183689e+00 2.076313e+00 4.362369e+00 2.817285e+00 2.703862e+00 3.745988e+00 4.384140e+00 3.893334e+00 3.220874e+00 2.763427e+00 6.883091e-01 5.200355e-02 2.334744e-01 3.215023e-01 2.942076e-01 5.272913e-01 4.341746e-01 4.365244e-01 5.875371e-01 5.125325e-01 5.950827e-01 5.551579e-01 4.144095e-01 7.473034e-02
<GCONST> 1.223006e+02
<STATE> 4
<MEAN> 39
 -1.145125e+01 -2.291221e-01 2.957884e+00 -2.173683e-01 3.601546e+00 -2.381879e+00 5.406085e-01 -8.053927e+00 -4.365235e+00 -1.314266e+01 -4.455058e+00 -7.523461e+00 5.921276e+01 -5.906322e-01 -2.608873e-01 -1.922943e-01 6.907017e-02 3.714302e-01 4.423062e-01 4.308999e-01 9.063933e-02 2.456122e-02 1.250206e-01 1.548783e-01 -1.350897e-01 -3.740178e-01 6.196182e-03 -6.065364e-02 -3.239246e-02 -2.894911e-02 -2.806398e-02 1.692742e-02 1.406657e-02 3.222584e-02 3.149986e-03 4.054203e-02 -1.207561e-03 -2.491321e-03 2.421788e-02
<VARIANCE> 39
 3.288159e+01 2.319395e+01 1.701254e+01 2.371639e+01 4.280946e+01 4.981387e+01 4.556969e+01 4.112512e+01 6.074783e+01 4.506540e+01 3.421959e+01 2.717711e+01 1.022216e+01 1.952229e-01 6.411014e-01 5.854387e-01 7.246359e-01 1.264709e+00 1.537388e+00 1.493206e+00 1.994667e+00 2.260121e+00 2.001993e+00 1.586117e+00 1.630968e+00 1.170435e-01 2.708857e-02 7.475454e-02 1.101204e-01 1.338569e-01 1.845797e-01 2.420768e-01 2.413486e-01 3.361631e-01 4.071556e-01 3.582235e-01 2.862994e-01 3.014880e-01 8.070949e-03
<GCONST> 9.049152e+01
<TRANSP> 5
 0.000000e+00 1.000000e+00 0.000000e+00 0.000000e+00 0.000000e+00
 0.000000e+00 9.490423e-01 5.095774e-02 0.000000e+00 0.000000e+00
 0.000000e+00 0.000000e+00 9.765542e-01 2.344583e-02 0.000000e+00
 0.000000e+00 0.000000e+00 0.000000e+00 9.667304e-01 3.326957e-02
 0.000000e+00 0.000000e+00 0.000000e+00 0.000000e+00 0.000000e+00
<ENDHMM>
