~o
<STREAMINFO> 1 39
<VECSIZE> 39<NULLD><MFCC_D_A_0><DIAGC>
~h "seperempat"
<BEGINHMM>
<NUMSTATES> 5
<STATE> 2
<MEAN> 39
 -2.231590e+01 2.414971e+00 -8.536348e+00 -3.807420e-02 -8.981965e-01 -7.443295e+00 3.117766e+00 -9.050736e+00 3.245649e+00 -7.542036e+00 2.204860e+00 -5.930228e+00 6.032740e+01 5.677025e-01 1.221054e+00 -6.300735e-01 9.288678e-02 -5.783004e-01 -1.295949e+00 -7.972653e-01 -4.395043e-01 5.962026e-01 3.721794e-01 -1.688276e-01 -2.652532e-01 1.039104e+00 4.859829e-01 -1.486086e-01 5.374695e-02 -2.276205e-01 -8.934702e-05 -4.085902e-02 -3.715898e-01 -5.017701e-02 -7.366809e-04 1.526710e-01 -9.344497e-02 -1.628949e-01 1.723540e-01
<VARIANCE> 39
 2.551248e+01 4.468258e+01 2.200103e+01 2.429044e+01 2.835472e+01 4.447948e+01 3.367868e+01 2.500178e+01 2.543227e+01 3.316486e+01 2.061443e+01 2.471949e+01 1.018989e+01 8.579273e+00 2.338441e+00 2.388174e+00 3.890928e+00 2.866953e+00 4.480073e+00 8.822698e+00 2.519809e+00 2.071998e+00 2.987417e+00 3.056601e+00 2.759862e+00 7.063905e-01 8.653687e-01 4.252163e-01 4.594869e-01 5.401363e-01 4.975481e-01 7.926250e-01 1.043938e+00 5.456560e-01 3.361424e-01 3.697999e-01 5.202492e-01 5.294297e-01 8.938695e-02
<GCONST> 1.189797e+02
<STATE> 3
<MEAN> 39
 -1.753980e+00 -4.280085e+00 -6.497152e+00 -6.518343e+00 -1.047738e+00 -6.718690e+00 -5.137565e+00 -1.196053e+01 -1.450234e+00 -3.397259e+00 -8.583377e-01 -1.157305e+01 6.806975e+01 1.586431e-01 -2.783365e-01 4.786191e-02 -4.500025e-02 7.143800e-02 2.394318e-01 3.332523e-02 4.787030e-02 -9.225097e-02 -1.451910e-01 -1.643405e-01 -7.684170e-02 -4.899323e-03 -1.102305e-01 2.829589e-02 1.210897e-03 3.114050e-02 1.601135e-02 2.977049e-02 9.933009e-02 2.311654e-02 -1.290374e-02 -4.077119e-02 1.135895e-02 2.524862e-02 -6.197201e-02
<VARIANCE> 39
 2.358628e+01 6.065542e+01 5.399387e+01 2.605953e+01 5.353305e+01 7.245229e+01 7.048054e+01 6.004050e+01 5.916322e+01 8.542276e+01 6.672773e+01 4.094613e+01 2.428468e+01 2.487967e+00 2.381299e+00 3.335335e+00 2.690246e+00 2.349535e+00 2.708491e+00 3.187434e+00 3.157293e+00 2.673337e+00 4.289402e+00 2.419081e+00 2.927545e+00 1.946941e+00 4.396077e-01 2.461755e-01 5.681001e-01 5.337316e-01 4.050353e-01 4.949012e-01 6.037812e-01 5.662510e-01 4.428425e-01 7.683281e-01 4.574344e-01 5.203306e-01 2.833491e-01
<GCONST> 1.257608e+02
<STATE> 4
<MEAN> 39
 -1.159118e+01 -5.142756e+00 -4.402739e+00 -5.957753e+00 1.494340e+00 -9.400399e-01 3.117564e+00 -3.980409e+00 -4.058207e-01 -1.150442e+01 -6.866282e+00 -1.174106e+01 6.010817e+01 -7.692736e-01 1.465464e-01 2.846779e-01 1.822052e-01 2.834104e-01 3.796138e-01 7.015081e-01 3.769455e-01 -1.656712e-01 -6.732191e-02 3.336921e-01 1.527068e-01 -5.863721e-01 3.330826e-02 -6.270552e-02 2.623454e-03 2.443186e-02 -1.986446e-02 -1.930148e-02 -5.153431e-02 -2.121782e-02 1.336322e-02 2.265281e-02 2.275805e-02 5.393599e-02 5.065514e-02
<VARIANCE> 39
 2.119518e+01 6.721585e+00 1.455792e+01 1.646995e+01 2.748969e+01 2.371917e+01 3.103021e+01 2.963200e+01 2.200309e+01 3.158987e+01 3.261588e+01 2.048333e+01 1.182944e+01 1.410733e-01 4.157371e-01 5.300395e-01 8.481501e-01 1.062771e+00 1.167634e+00 1.634257e+00 1.398023e+00 1.263205e+00 1.348812e+00 1.389829e+00 1.184323e+00 1.008137e-01 2.211648e-02 4.725496e-02 7.617480e-02 1.164437e-01 1.660110e-01 1.712818e-01 2.639248e-01 2.215535e-01 2.262943e-01 1.983978e-01 2.168961e-01 2.260425e-01 7.867152e-03
<GCONST> 7.813025e+01
<TRANSP> 5
 0.000000e+00 1.000000e+00 0.000000e+00 0.000000e+00 0.000000e+00
 0.000000e+00 9.039578e-01 9.604217e-02 0.000000e+00 0.000000e+00
 0.000000e+00 0.000000e+00 9.819462e-01 1.805376e-02 0.000000e+00
 0.000000e+00 0.000000e+00 0.000000e+00 9.492337e-01 5.076638e-02
 0.000000e+00 0.000000e+00 0.000000e+00 0.000000e+00 0.000000e+00
<ENDHMM>
