~o
<STREAMINFO> 1 39
<VECSIZE> 39<NULLD><MFCC_D_A_0><DIAGC>
~h "sil"
<BEGINHMM>
<NUMSTATES> 20
<STATE> 2
<MEAN> 39
 -1.530764e+01 -4.889496e+00 -5.629680e-01 -3.212579e+00 2.384598e+00 -1.094358e+00 3.417837e+00 -4.803673e+00 -1.063138e+00 -7.937008e+00 -1.167437e+00 -6.697178e+00 5.752638e+01 -3.921359e-01 -3.214601e-01 -3.418214e-02 -1.286347e-01 -1.204886e-01 -1.271067e-02 1.420403e-01 3.637025e-01 2.620647e-01 -1.727067e-02 -9.578495e-02 -5.026106e-02 1.363305e-01 -2.614290e-02 3.460646e-02 -3.125942e-02 6.385124e-02 2.405544e-02 5.150066e-03 -6.849839e-02 6.963361e-02 4.507082e-02 1.150064e-01 1.610937e-02 3.590456e-02 -3.965955e-01
<VARIANCE> 39
 3.882965e+01 2.077522e+01 3.228272e+01 4.242181e+01 3.554563e+01 4.912426e+01 4.124097e+01 3.303963e+01 3.829510e+01 3.999554e+01 4.455223e+01 3.035834e+01 2.380795e+01 4.652285e-01 4.875256e-01 8.998188e-01 1.232347e+00 1.651509e+00 1.702024e+00 1.940181e+00 2.219484e+00 1.921141e+00 2.495843e+00 1.543751e+00 1.838822e+00 3.794552e+00 6.149744e-02 9.485169e-02 1.635231e-01 2.357986e-01 2.603727e-01 2.846363e-01 3.312331e-01 3.897878e-01 3.758844e-01 4.264262e-01 3.583940e-01 3.441209e-01 8.694364e-01
<GCONST> 1.059336e+02
<STATE> 3
<MEAN> 39
 -1.498932e+01 -5.614196e+00 8.060757e-01 -3.239045e+00 2.187365e+00 -2.533640e+00 9.589303e-01 -5.210264e+00 -1.723214e+00 -8.703149e+00 -1.414464e+00 -6.839830e+00 5.684617e+01 -3.164073e-01 -3.158336e-01 -3.251944e-02 2.072893e-02 1.324896e-01 -3.642680e-02 -2.894269e-02 1.963007e-01 1.741930e-01 1.799917e-01 2.322019e-02 2.716965e-02 -1.967762e-01 5.196666e-03 -7.583565e-03 -6.274582e-02 -2.758166e-02 1.834508e-02 3.235535e-02 2.511324e-02 -3.086625e-02 5.045250e-04 3.547449e-02 1.612385e-02 -1.165281e-02 2.520950e-02
<VARIANCE> 39
 1.764793e+01 2.996980e+01 2.353553e+01 3.106252e+01 3.674986e+01 4.788968e+01 4.933974e+01 4.134383e+01 4.291410e+01 3.951704e+01 3.976505e+01 3.115850e+01 6.441695e+00 4.447825e-01 4.917132e-01 7.925313e-01 1.009109e+00 1.416611e+00 1.616550e+00 1.900150e+00 1.989297e+00 1.921446e+00 2.059585e+00 1.949035e+00 1.572997e+00 1.063960e-01 3.896296e-02 7.716601e-02 1.281157e-01 1.588458e-01 2.506841e-01 2.579985e-01 3.319176e-01 3.595937e-01 3.580638e-01 3.576446e-01 3.127769e-01 2.810535e-01 1.018198e-02
<GCONST> 9.308765e+01
<STATE> 4
<MEAN> 39
 -2.089494e+01 -9.494525e+00 -3.857327e+00 -3.619801e+00 6.424650e+00 4.746686e+00 8.951713e+00 5.033567e-01 2.909656e+00 -7.074518e+00 -1.988065e+00 -8.236800e+00 5.450179e+01 -1.369895e-01 -2.152893e-01 -1.851621e-01 -2.088955e-01 -1.875347e-01 -1.016231e-01 1.253227e-01 3.190189e-01 3.701149e-01 3.585280e-01 2.750605e-01 8.233330e-02 -2.862336e-02 7.739694e-02 8.447471e-02 7.089709e-02 3.550648e-02 -4.920386e-02 -9.132547e-02 -1.269954e-01 -1.494506e-01 -1.257827e-01 -8.282579e-02 -1.454042e-02 -5.211931e-03 3.997423e-02
<VARIANCE> 39
 1.130972e+01 2.203027e+01 2.529092e+01 3.493103e+01 4.079111e+01 5.478770e+01 5.730746e+01 5.401721e+01 7.672827e+01 6.957872e+01 4.472626e+01 3.492259e+01 2.564728e+00 2.626556e-01 5.141464e-01 7.774647e-01 1.499002e+00 2.058661e+00 2.373153e+00 2.334721e+00 2.623359e+00 2.742388e+00 2.846324e+00 2.469509e+00 1.972230e+00 6.916711e-02 3.554612e-02 8.522465e-02 1.357659e-01 2.665708e-01 3.482677e-01 3.876809e-01 4.358423e-01 5.024337e-01 5.347093e-01 5.819744e-01 4.301615e-01 3.908102e-01 1.001352e-02
<GCONST> 9.892964e+01
<STATE> 5
<MEAN> 39
 -1.842048e+01 -8.016712e+00 -2.875679e+00 -4.941473e+00 1.771892e+00 -1.233350e+00 3.616370e+00 -3.019953e+00 5.351261e-01 -7.019576e+00 -4.394070e-02 -6.654052e+00 5.577112e+01 1.149811e-01 1.314728e-01 2.163694e-01 2.286799e-01 9.888646e-02 4.586030e-02 -7.696532e-02 -2.758868e-01 -4.094066e-01 -3.553007e-01 -2.469311e-01 -1.537519e-01 5.923786e-02 2.372503e-02 4.972316e-02 8.031206e-02 1.571538e-01 1.798339e-01 1.572790e-01 7.742832e-02 -1.843386e-02 -6.919733e-02 -1.042346e-01 -1.187936e-01 -4.989955e-02 6.115284e-03
<VARIANCE> 39
 7.230463e+00 1.329834e+01 2.019657e+01 2.227995e+01 2.528587e+01 3.854410e+01 4.328822e+01 3.753299e+01 3.876262e+01 3.165062e+01 3.161269e+01 2.743669e+01 1.660400e+00 2.995985e-01 5.340787e-01 8.016935e-01 1.233048e+00 1.741677e+00 2.287517e+00 2.893186e+00 2.887110e+00 2.758621e+00 2.490376e+00 2.006654e+00 1.962404e+00 8.918907e-02 3.546051e-02 7.790004e-02 1.359099e-01 1.933987e-01 3.026927e-01 4.044638e-01 4.411348e-01 4.299324e-01 3.892412e-01 3.811540e-01 3.555440e-01 3.230854e-01 1.189460e-02
<GCONST> 9.175699e+01
<STATE> 6
<MEAN> 39
 -1.880540e+01 -7.532238e+00 -7.150244e-01 -5.401908e-01 6.734691e+00 2.966715e+00 6.256437e+00 -3.162930e+00 -1.879920e+00 -1.147913e+01 -4.821151e+00 -9.254498e+00 5.566943e+01 -1.006035e-02 -1.719008e-02 5.785306e-02 2.077204e-01 2.015218e-01 7.321586e-02 -8.037459e-02 -1.595237e-01 -8.750960e-02 9.631713e-03 -1.190599e-02 1.188296e-02 3.644366e-03 -1.899715e-02 -6.694108e-02 -1.335037e-01 -1.917790e-01 -2.099806e-01 -1.670234e-01 -8.509340e-02 4.445483e-02 1.738425e-01 2.257899e-01 2.040911e-01 1.335684e-01 -8.864037e-04
<VARIANCE> 39
 5.170225e+00 7.899244e+00 1.180150e+01 2.366969e+01 3.381002e+01 4.081911e+01 3.453497e+01 3.237321e+01 3.698603e+01 4.035495e+01 3.526497e+01 2.954699e+01 1.156462e+00 2.025491e-01 4.280895e-01 6.773028e-01 1.047693e+00 1.433069e+00 1.765569e+00 1.960000e+00 2.070658e+00 2.609567e+00 2.361382e+00 1.870989e+00 1.779079e+00 5.095670e-02 3.425313e-02 5.972209e-02 1.033916e-01 1.899735e-01 2.729846e-01 2.972544e-01 3.420293e-01 3.697100e-01 4.502947e-01 4.272412e-01 3.444508e-01 3.088786e-01 8.633641e-03
<GCONST> 8.591360e+01
<STATE> 7
<MEAN> 39
 -1.790964e+01 -6.905406e+00 -7.304342e-01 -2.104076e+00 3.966402e+00 -1.133007e-01 3.539525e+00 -4.165417e+00 -1.998206e-01 -7.002477e+00 -3.797275e-01 -6.306599e+00 5.595605e+01 -5.967617e-02 -2.220764e-01 -3.861109e-01 -5.391895e-01 -6.526314e-01 -4.622634e-01 -3.605541e-01 -6.438141e-02 3.315277e-01 6.116827e-01 6.024845e-01 4.108165e-01 1.336157e-02 -6.095216e-02 -1.269225e-01 -1.926902e-01 -2.149409e-01 -1.800765e-01 -1.248029e-01 -1.664690e-02 7.862333e-02 6.720119e-02 2.839391e-02 6.975493e-02 3.849298e-02 -1.328168e-02
<VARIANCE> 39
 6.889566e+00 1.038461e+01 1.424466e+01 2.013168e+01 2.532997e+01 3.785151e+01 4.833841e+01 4.220176e+01 2.799123e+01 2.581288e+01 3.061604e+01 3.039308e+01 1.599432e+00 2.244904e-01 3.656356e-01 5.441101e-01 1.151021e+00 1.757943e+00 1.964376e+00 1.803002e+00 1.964589e+00 2.250043e+00 2.267487e+00 2.039092e+00 1.773832e+00 5.485084e-02 3.434725e-02 6.603771e-02 1.265496e-01 1.808365e-01 2.603470e-01 3.259732e-01 3.859402e-01 3.877842e-01 3.591611e-01 3.745466e-01 3.890240e-01 3.503911e-01 9.751110e-03
<GCONST> 8.666761e+01
<STATE> 8
<MEAN> 39
 -1.817776e+01 -7.817143e+00 -2.920277e+00 -4.668577e+00 1.456380e+00 -1.957881e+00 2.865362e+00 -3.633571e+00 8.288318e-01 -6.501514e+00 3.114575e-01 -6.238853e+00 5.612070e+01 -2.304784e-01 -4.059043e-01 -4.941732e-01 -4.219525e-01 -3.339934e-01 -2.459383e-01 -1.300885e-01 1.393651e-01 2.305194e-01 1.699586e-01 2.366345e-01 1.464799e-01 -6.354975e-02 1.638612e-03 7.324261e-03 2.835327e-02 6.962933e-02 6.856208e-02 3.263134e-02 4.409345e-02 7.314093e-03 -3.215565e-03 -5.115799e-02 -6.358439e-02 -2.064611e-02 -3.699316e-03
<VARIANCE> 39
 4.156204e+00 5.781515e+00 9.238957e+00 1.297787e+01 1.941098e+01 2.893050e+01 3.207104e+01 2.717115e+01 2.373726e+01 2.493973e+01 2.593819e+01 2.448127e+01 9.681098e-01 1.576936e-01 2.697109e-01 5.606556e-01 9.090942e-01 1.239842e+00 1.469328e+00 1.679786e+00 1.794913e+00 1.908419e+00 1.978007e+00 1.844560e+00 1.533196e+00 4.053275e-02 2.820854e-02 4.332670e-02 9.218283e-02 1.488634e-01 2.135848e-01 2.471063e-01 3.058505e-01 3.537296e-01 3.670339e-01 3.901811e-01 3.396639e-01 3.240110e-01 7.819588e-03
<GCONST> 7.742028e+01
<STATE> 9
<MEAN> 39
 -1.894094e+01 -8.975880e+00 -3.540407e+00 -5.166357e+00 1.761461e+00 -1.253796e+00 3.644504e+00 -2.999893e+00 9.444698e-01 -6.194747e+00 4.561272e-01 -5.995522e+00 5.568209e+01 -1.569661e-01 -3.277166e-01 -4.105153e-01 -3.427310e-01 -3.860709e-01 -3.984557e-01 -1.522804e-01 4.630185e-02 3.119204e-01 3.150976e-01 2.323092e-01 2.614790e-01 -3.585801e-02 1.248591e-01 2.234077e-01 2.699402e-01 2.709615e-01 2.025548e-01 4.184952e-02 -1.095853e-02 -1.331112e-01 -1.744598e-01 -1.979291e-01 -1.597945e-01 -4.912971e-02 4.142481e-02
<VARIANCE> 39
 5.902034e+00 7.798227e+00 1.132520e+01 1.811240e+01 2.606965e+01 3.432536e+01 4.118946e+01 3.350220e+01 2.933371e+01 2.771943e+01 2.881765e+01 2.419441e+01 1.108963e+00 1.626639e-01 2.372198e-01 5.696982e-01 7.631452e-01 1.301815e+00 1.707771e+00 1.777023e+00 1.438610e+00 1.644083e+00 1.744877e+00 2.128016e+00 1.757924e+00 4.594271e-02 2.267704e-02 4.103969e-02 9.058487e-02 1.915875e-01 2.451382e-01 3.048953e-01 3.557809e-01 3.974318e-01 4.248766e-01 4.014765e-01 3.499326e-01 2.903606e-01 5.948182e-03
<GCONST> 8.038721e+01
<STATE> 10
<MEAN> 39
 -1.909036e+01 -9.423976e+00 -3.929927e+00 -5.182283e+00 1.489046e+00 -1.730481e+00 3.153857e+00 -3.035014e+00 1.386861e+00 -5.799816e+00 6.794904e-01 -5.899957e+00 5.564796e+01 7.598910e-02 7.093442e-02 4.242385e-02 1.266388e-01 -2.606682e-02 -2.694696e-01 -1.802553e-01 -1.859757e-01 -2.859875e-02 -8.152588e-02 -2.356027e-02 1.562151e-01 3.958331e-02 1.601709e-01 3.007190e-01 3.416879e-01 3.013772e-01 2.508339e-01 1.195796e-01 5.844976e-03 -1.569553e-01 -2.476945e-01 -2.624812e-01 -1.943482e-01 -1.039264e-01 5.852226e-02
<VARIANCE> 39
 5.894934e+00 7.422350e+00 1.290859e+01 1.735362e+01 2.273319e+01 3.350808e+01 3.791416e+01 2.834460e+01 2.442487e+01 2.790614e+01 2.693756e+01 2.475414e+01 1.162810e+00 1.275595e-01 1.913919e-01 4.394490e-01 6.864741e-01 1.110323e+00 1.547204e+00 1.908226e+00 1.827933e+00 1.795081e+00 2.002356e+00 1.741345e+00 1.576395e+00 3.661356e-02 2.790401e-02 4.904312e-02 1.082647e-01 1.747183e-01 2.538619e-01 3.162470e-01 3.594345e-01 3.563862e-01 3.878642e-01 3.474353e-01 3.827911e-01 3.161584e-01 7.493021e-03
<GCONST> 7.937313e+01
<STATE> 11
<MEAN> 39
 -1.892656e+01 -8.995094e+00 -3.834099e+00 -5.057794e+00 1.369961e+00 -2.150090e+00 2.940863e+00 -3.277391e+00 1.596073e+00 -6.103891e+00 1.393972e-01 -5.802951e+00 5.576923e+01 3.127749e-01 5.393232e-01 6.201931e-01 6.250951e-01 4.470550e-01 2.033591e-02 -1.430325e-01 -3.644188e-01 -4.982829e-01 -5.786197e-01 -3.518246e-01 -1.384595e-01 1.375809e-01 9.672216e-02 1.937019e-01 2.014432e-01 1.367583e-01 1.264775e-01 1.059160e-01 2.513883e-02 -8.956034e-02 -1.915027e-01 -1.661893e-01 -9.735519e-02 -1.163829e-01 3.503465e-02
<VARIANCE> 39
 4.794749e+00 6.752727e+00 1.155931e+01 1.713699e+01 2.259681e+01 3.277605e+01 3.319572e+01 2.611828e+01 2.514109e+01 2.978655e+01 3.062717e+01 2.610725e+01 1.012994e+00 1.495834e-01 2.637084e-01 5.470610e-01 8.448805e-01 1.398574e+00 1.734224e+00 2.039979e+00 2.154802e+00 2.073529e+00 2.045345e+00 1.955260e+00 1.466038e+00 3.426139e-02 2.876414e-02 4.434400e-02 9.214354e-02 1.431853e-01 2.258301e-01 2.904871e-01 3.382213e-01 2.969614e-01 3.081621e-01 3.634183e-01 4.013526e-01 3.125048e-01 8.018578e-03
<GCONST> 7.951160e+01
<STATE> 12
<MEAN> 39
 -1.804715e+01 -7.347296e+00 -2.028992e+00 -3.552510e+00 2.518088e+00 -1.822473e+00 2.998609e+00 -4.255621e+00 -2.544483e-01 -7.873682e+00 -4.836941e-01 -6.140506e+00 5.612149e+01 3.316251e-01 5.960287e-01 6.335076e-01 5.652111e-01 4.614525e-01 1.596426e-01 -3.516492e-02 -3.910272e-01 -5.332368e-01 -4.833853e-01 -3.050360e-01 -1.942009e-01 1.390153e-01 -4.801206e-02 -8.340927e-02 -1.112181e-01 -1.286001e-01 -1.065078e-01 -1.604543e-02 -2.064894e-02 4.517798e-02 1.270686e-01 1.731038e-01 8.487098e-02 -1.978458e-02 -1.677163e-02
<VARIANCE> 39
 4.021853e+00 6.430207e+00 9.957198e+00 1.556408e+01 1.995662e+01 2.766777e+01 2.813146e+01 2.596950e+01 2.359550e+01 2.289783e+01 2.024113e+01 1.932109e+01 9.044045e-01 1.726692e-01 2.933385e-01 5.866548e-01 9.181007e-01 1.417946e+00 1.752348e+00 1.872889e+00 2.156418e+00 2.204123e+00 2.055842e+00 1.866270e+00 1.599361e+00 4.904216e-02 2.869078e-02 4.720752e-02 9.308068e-02 1.663129e-01 2.404508e-01 2.931830e-01 3.269404e-01 3.822260e-01 3.394252e-01 3.595956e-01 3.176182e-01 2.888876e-01 8.444189e-03
<GCONST> 7.856476e+01
<STATE> 13
<MEAN> 39
 -1.767762e+01 -6.491254e+00 -4.860589e-01 -1.652656e+00 4.145698e+00 -1.217912e+00 2.478694e+00 -5.630887e+00 -2.266829e+00 -9.375001e+00 -1.827375e+00 -6.815979e+00 5.625534e+01 8.334912e-02 1.391001e-01 -6.643410e-03 -1.283415e-01 -1.821494e-01 -1.094777e-01 -1.053957e-01 -3.936486e-02 1.536954e-01 2.999767e-01 1.666822e-01 -1.223769e-01 4.271008e-02 -1.006702e-01 -2.123981e-01 -2.904373e-01 -3.193430e-01 -2.924250e-01 -1.435568e-01 -2.164831e-02 1.740247e-01 3.237263e-01 3.239669e-01 2.211858e-01 9.501510e-02 -4.039457e-02
<VARIANCE> 39
 4.058349e+00 7.159894e+00 9.835872e+00 1.726601e+01 2.078080e+01 2.374267e+01 2.559977e+01 3.023426e+01 3.012456e+01 2.737103e+01 2.682299e+01 2.522387e+01 9.551834e-01 1.599190e-01 2.826980e-01 5.321239e-01 8.155112e-01 1.149443e+00 1.537277e+00 1.772244e+00 2.007673e+00 2.006542e+00 1.867492e+00 1.493409e+00 1.421839e+00 4.130762e-02 3.263234e-02 6.181648e-02 1.187079e-01 1.661377e-01 2.474848e-01 3.167639e-01 3.084004e-01 3.790337e-01 4.010465e-01 3.744362e-01 3.164628e-01 2.696323e-01 7.425147e-03
<GCONST> 7.892998e+01
<STATE> 14
<MEAN> 39
 -1.807148e+01 -7.498711e+00 -2.443386e+00 -3.552632e+00 2.960753e+00 -3.903989e-01 4.525617e+00 -2.102868e+00 2.061099e+00 -5.769550e+00 1.078848e-01 -6.824118e+00 5.615187e+01 -2.104601e-02 -1.247880e-01 -2.920563e-01 -3.954338e-01 -5.420237e-01 -5.120514e-01 -3.837360e-01 -5.771108e-02 2.661712e-01 3.139086e-01 2.840491e-01 2.175538e-01 7.251184e-03 -2.095737e-02 -2.987464e-02 -2.482428e-03 1.577654e-02 -4.038443e-02 -1.363887e-01 -1.575563e-01 -1.662035e-01 -1.645650e-01 -1.391022e-01 -4.959398e-02 2.455282e-02 -7.522476e-03
<VARIANCE> 39
 2.939358e+00 4.910730e+00 7.159822e+00 1.096233e+01 1.447947e+01 1.907225e+01 2.189193e+01 2.688705e+01 2.741646e+01 2.281162e+01 2.170642e+01 1.815658e+01 5.856051e-01 1.789023e-01 3.154942e-01 4.498998e-01 7.368605e-01 1.002373e+00 1.493354e+00 1.544397e+00 1.871808e+00 1.958990e+00 1.961406e+00 1.564106e+00 1.559179e+00 4.047436e-02 2.956857e-02 5.425611e-02 7.896524e-02 1.238255e-01 1.967287e-01 2.773139e-01 3.010420e-01 3.647640e-01 3.972058e-01 3.922436e-01 3.264672e-01 2.773084e-01 7.381358e-03
<GCONST> 7.375494e+01
<STATE> 15
<MEAN> 39
 -1.764648e+01 -7.087027e+00 -2.771618e+00 -4.615050e+00 3.940096e-01 -4.394598e+00 5.340468e-01 -5.678469e+00 2.161703e-02 -6.871558e+00 3.292952e-01 -5.848857e+00 5.652885e+01 -2.765102e-02 -5.260997e-02 -6.163659e-02 -8.244758e-02 -1.153774e-01 -1.596254e-01 -1.390297e-01 -1.259343e-01 -6.793814e-02 -1.077885e-02 1.398862e-02 3.897332e-02 -8.940207e-03 -4.611983e-03 -1.261608e-03 4.577467e-03 1.211251e-02 2.954872e-02 3.506057e-02 2.937393e-02 1.806246e-02 -1.982859e-03 -1.446304e-02 -1.656259e-02 -1.125957e-02 -9.495040e-04
<VARIANCE> 39
 1.211467e+00 2.519093e+00 4.401991e+00 6.461773e+00 8.399116e+00 1.021216e+01 1.234410e+01 1.353245e+01 1.415939e+01 1.275541e+01 1.197212e+01 1.216885e+01 3.351800e-01 1.182214e-01 2.492814e-01 4.369374e-01 6.245351e-01 8.368114e-01 1.065108e+00 1.317128e+00 1.499425e+00 1.592476e+00 1.396165e+00 1.253086e+00 1.292823e+00 3.200664e-02 2.203557e-02 4.571093e-02 8.784156e-02 1.286572e-01 1.635578e-01 2.122357e-01 2.624043e-01 2.913939e-01 3.177518e-01 2.848396e-01 2.496469e-01 2.574931e-01 6.396460e-03
<GCONST> 6.086387e+01
<STATE> 16
<MEAN> 39
 -1.839747e+01 -8.258784e+00 -3.962415e+00 -6.091805e+00 -1.033907e+00 -5.913043e+00 -9.664241e-01 -6.825319e+00 -6.041480e-01 -7.183458e+00 1.352487e-01 -5.677376e+00 5.616431e+01 1.510480e-01 2.301634e-01 2.245423e-01 2.676632e-01 3.088150e-01 2.864770e-01 2.262539e-01 1.321142e-01 5.066846e-02 -6.051780e-02 -2.721618e-02 -1.053141e-01 7.437313e-02 1.060147e-01 1.614544e-01 2.034334e-01 2.458210e-01 2.873969e-01 3.226500e-01 2.868285e-01 2.023837e-01 1.002316e-01 5.307953e-02 1.604550e-02 -1.168826e-02 3.896503e-02
<VARIANCE> 39
 1.818326e+00 3.284854e+00 6.542346e+00 9.147205e+00 1.426688e+01 1.649744e+01 1.952597e+01 1.837752e+01 1.914534e+01 1.687041e+01 1.710356e+01 1.683981e+01 4.808971e-01 1.469881e-01 3.255558e-01 5.750765e-01 8.233461e-01 1.113730e+00 1.364270e+00 1.656683e+00 1.710698e+00 1.714768e+00 1.730352e+00 1.438890e+00 1.345776e+00 3.562199e-02 2.637823e-02 6.288160e-02 9.733088e-02 1.383954e-01 2.044971e-01 2.420939e-01 2.848404e-01 3.287017e-01 3.585167e-01 3.444788e-01 2.941041e-01 3.040481e-01 6.631396e-03
<GCONST> 7.009032e+01
<STATE> 17
<MEAN> 39
 -1.688740e+01 -5.919913e+00 -9.628187e-01 -2.430392e+00 2.985827e+00 -1.650450e+00 2.834080e+00 -4.245803e+00 7.182919e-01 -6.549698e+00 3.926328e-01 -6.073109e+00 5.677071e+01 8.424399e-02 1.008256e-01 1.170453e-01 1.531921e-01 1.717665e-01 2.169732e-01 2.376470e-01 2.174720e-01 1.027412e-01 3.312645e-02 1.186369e-02 3.950850e-02 3.659477e-02 -8.472919e-02 -1.274142e-01 -1.716263e-01 -1.999734e-01 -2.248950e-01 -2.322621e-01 -1.983968e-01 -1.279476e-01 -3.629554e-02 -3.415181e-03 -1.458050e-02 1.973877e-02 -2.987085e-02
<VARIANCE> 39
 2.021399e+00 3.936981e+00 5.758404e+00 9.125648e+00 1.090457e+01 1.309915e+01 1.415953e+01 1.463573e+01 1.554888e+01 1.648117e+01 1.490211e+01 1.189192e+01 5.586627e-01 1.571238e-01 3.397593e-01 5.949644e-01 9.075188e-01 1.257264e+00 1.500149e+00 1.402880e+00 1.377507e+00 1.460928e+00 1.534355e+00 1.359452e+00 1.156225e+00 4.111028e-02 2.829167e-02 5.614145e-02 8.570775e-02 1.386596e-01 2.086204e-01 2.509206e-01 2.633989e-01 2.704846e-01 2.930271e-01 3.268507e-01 2.704269e-01 2.122074e-01 7.665973e-03
<GCONST> 6.742105e+01
<STATE> 18
<MEAN> 39
 -1.755991e+01 -7.002956e+00 -2.848786e+00 -4.622825e+00 3.880553e-01 -4.393038e+00 4.866253e-01 -5.727594e+00 3.406950e-01 -6.535168e+00 3.751173e-01 -5.849051e+00 5.657835e+01 -1.082884e-02 -1.714848e-02 -3.121386e-02 -3.736104e-02 -5.461608e-02 -6.189914e-02 -6.086387e-02 -3.278687e-02 -1.128640e-03 1.764507e-02 -6.766714e-03 -4.127597e-05 -2.169288e-03 5.599879e-03 6.332233e-03 1.115433e-02 1.514194e-02 1.012290e-02 7.887753e-03 4.691401e-03 3.738898e-03 3.245937e-03 -1.426802e-03 -4.893243e-03 -4.557815e-03 1.910230e-03
<VARIANCE> 39
 9.936628e-01 2.182994e+00 3.870558e+00 5.311882e+00 7.141250e+00 9.233322e+00 1.094394e+01 1.190811e+01 1.239153e+01 1.189977e+01 1.166211e+01 1.058281e+01 2.640746e-01 1.082643e-01 2.431543e-01 4.255443e-01 5.514629e-01 7.382721e-01 9.908383e-01 1.207452e+00 1.286343e+00 1.349514e+00 1.302534e+00 1.294437e+00 1.082722e+00 2.763365e-02 2.202391e-02 4.881077e-02 8.546139e-02 1.096475e-01 1.471255e-01 2.036264e-01 2.495385e-01 2.662174e-01 2.780668e-01 2.656372e-01 2.626787e-01 2.254603e-01 5.524721e-03
<GCONST> 5.700933e+01
<STATE> 19
<MEAN> 39
 -1.671805e+01 -6.073985e+00 -1.709410e+00 -3.831045e+00 5.686670e-01 -5.337843e+00 4.996051e-01 -6.004610e+00 -3.971564e-01 -7.835283e+00 -7.026142e-01 -6.074899e+00 5.699300e+01 4.158125e-02 2.868300e-02 7.550134e-03 1.794033e-02 -7.543859e-02 -1.413267e-01 -1.515168e-01 -6.522372e-02 1.792004e-02 -8.573340e-02 -1.230480e-01 -6.585556e-02 3.407244e-02 1.942405e-02 2.717263e-02 5.955756e-03 -6.228928e-03 -2.144698e-02 8.051960e-03 1.279520e-03 -4.250164e-02 -1.683542e-02 -3.193539e-03 1.786915e-02 -2.097854e-02 1.622706e-02
<VARIANCE> 39
 6.184487e+00 8.447679e+00 7.776807e+00 1.391977e+01 1.915357e+01 2.491634e+01 2.740632e+01 2.920036e+01 2.746729e+01 2.398772e+01 2.073750e+01 1.871496e+01 1.814987e+00 2.072807e-01 4.098627e-01 5.043409e-01 8.461416e-01 1.142131e+00 1.540345e+00 1.730502e+00 1.871140e+00 1.730537e+00 1.663480e+00 1.559162e+00 1.513650e+00 5.367377e-02 4.456264e-02 9.018268e-02 1.130375e-01 1.749842e-01 2.230415e-01 2.879019e-01 3.271828e-01 3.856376e-01 3.476886e-01 3.072152e-01 3.110850e-01 2.877821e-01 1.302603e-02
<GCONST> 8.038612e+01
<TRANSP> 20
 0.000000e+00 1.000000e+00 0.000000e+00 0.000000e+00 0.000000e+00 0.000000e+00 0.000000e+00 0.000000e+00 0.000000e+00 0.000000e+00 0.000000e+00 0.000000e+00 0.000000e+00 0.000000e+00 0.000000e+00 0.000000e+00 0.000000e+00 0.000000e+00 0.000000e+00 0.000000e+00
 0.000000e+00 2.422069e-01 7.577931e-01 0.000000e+00 0.000000e+00 0.000000e+00 0.000000e+00 0.000000e+00 0.000000e+00 0.000000e+00 0.000000e+00 0.000000e+00 0.000000e+00 0.000000e+00 0.000000e+00 0.000000e+00 0.000000e+00 0.000000e+00 0.000000e+00 0.000000e+00
 0.000000e+00 0.000000e+00 7.013331e-01 2.986670e-01 0.000000e+00 0.000000e+00 0.000000e+00 0.000000e+00 0.000000e+00 0.000000e+00 0.000000e+00 0.000000e+00 0.000000e+00 0.000000e+00 0.000000e+00 0.000000e+00 0.000000e+00 0.000000e+00 0.000000e+00 0.000000e+00
 0.000000e+00 0.000000e+00 0.000000e+00 6.730793e-01 3.269207e-01 0.000000e+00 0.000000e+00 0.000000e+00 0.000000e+00 0.000000e+00 0.000000e+00 0.000000e+00 0.000000e+00 0.000000e+00 0.000000e+00 0.000000e+00 0.000000e+00 0.000000e+00 0.000000e+00 0.000000e+00
 0.000000e+00 0.000000e+00 0.000000e+00 0.000000e+00 4.606041e-01 5.393959e-01 0.000000e+00 0.000000e+00 0.000000e+00 0.000000e+00 0.000000e+00 0.000000e+00 0.000000e+00 0.000000e+00 0.000000e+00 0.000000e+00 0.000000e+00 0.000000e+00 0.000000e+00 0.000000e+00
 0.000000e+00 0.000000e+00 0.000000e+00 0.000000e+00 0.000000e+00 5.814053e-01 4.185947e-01 0.000000e+00 0.000000e+00 0.000000e+00 0.000000e+00 0.000000e+00 0.000000e+00 0.000000e+00 0.000000e+00 0.000000e+00 0.000000e+00 0.000000e+00 0.000000e+00 0.000000e+00
 0.000000e+00 0.000000e+00 0.000000e+00 0.000000e+00 0.000000e+00 0.000000e+00 2.444633e-01 7.555367e-01 0.000000e+00 0.000000e+00 0.000000e+00 0.000000e+00 0.000000e+00 0.000000e+00 0.000000e+00 0.000000e+00 0.000000e+00 0.000000e+00 0.000000e+00 0.000000e+00
 0.000000e+00 0.000000e+00 0.000000e+00 0.000000e+00 0.000000e+00 0.000000e+00 0.000000e+00 5.762945e-01 4.237055e-01 0.000000e+00 0.000000e+00 0.000000e+00 0.000000e+00 0.000000e+00 0.000000e+00 0.000000e+00 0.000000e+00 0.000000e+00 0.000000e+00 0.000000e+00
 0.000000e+00 0.000000e+00 0.000000e+00 0.000000e+00 0.000000e+00 0.000000e+00 0.000000e+00 0.000000e+00 0.000000e+00 1.000000e+00 0.000000e+00 0.000000e+00 0.000000e+00 0.000000e+00 0.000000e+00 0.000000e+00 0.000000e+00 0.000000e+00 0.000000e+00 0.000000e+00
 0.000000e+00 0.000000e+00 0.000000e+00 0.000000e+00 0.000000e+00 0.000000e+00 0.000000e+00 0.000000e+00 0.000000e+00 0.000000e+00 1.000000e+00 0.000000e+00 0.000000e+00 0.000000e+00 0.000000e+00 0.000000e+00 0.000000e+00 0.000000e+00 0.000000e+00 0.000000e+00
 0.000000e+00 0.000000e+00 0.000000e+00 0.000000e+00 0.000000e+00 0.000000e+00 0.000000e+00 0.000000e+00 0.000000e+00 0.000000e+00 2.139582e-01 7.860419e-01 0.000000e+00 0.000000e+00 0.000000e+00 0.000000e+00 0.000000e+00 0.000000e+00 0.000000e+00 0.000000e+00
 0.000000e+00 0.000000e+00 0.000000e+00 0.000000e+00 0.000000e+00 0.000000e+00 0.000000e+00 0.000000e+00 0.000000e+00 0.000000e+00 0.000000e+00 2.817418e-01 7.182581e-01 0.000000e+00 0.000000e+00 0.000000e+00 0.000000e+00 0.000000e+00 0.000000e+00 0.000000e+00
 0.000000e+00 0.000000e+00 0.000000e+00 0.000000e+00 0.000000e+00 0.000000e+00 0.000000e+00 0.000000e+00 0.000000e+00 0.000000e+00 0.000000e+00 0.000000e+00 3.871639e-01 6.128361e-01 0.000000e+00 0.000000e+00 0.000000e+00 0.000000e+00 0.000000e+00 0.000000e+00
 0.000000e+00 0.000000e+00 0.000000e+00 0.000000e+00 0.000000e+00 0.000000e+00 0.000000e+00 0.000000e+00 0.000000e+00 0.000000e+00 0.000000e+00 0.000000e+00 0.000000e+00 5.726531e-01 4.273469e-01 0.000000e+00 0.000000e+00 0.000000e+00 0.000000e+00 0.000000e+00
 0.000000e+00 0.000000e+00 0.000000e+00 0.000000e+00 0.000000e+00 0.000000e+00 0.000000e+00 0.000000e+00 0.000000e+00 0.000000e+00 0.000000e+00 0.000000e+00 0.000000e+00 0.000000e+00 8.833399e-01 1.166601e-01 0.000000e+00 0.000000e+00 0.000000e+00 0.000000e+00
 0.000000e+00 0.000000e+00 0.000000e+00 0.000000e+00 0.000000e+00 0.000000e+00 0.000000e+00 0.000000e+00 0.000000e+00 0.000000e+00 0.000000e+00 0.000000e+00 0.000000e+00 0.000000e+00 0.000000e+00 5.769869e-01 4.230131e-01 0.000000e+00 0.000000e+00 0.000000e+00
 0.000000e+00 0.000000e+00 0.000000e+00 0.000000e+00 0.000000e+00 0.000000e+00 0.000000e+00 0.000000e+00 0.000000e+00 0.000000e+00 0.000000e+00 0.000000e+00 0.000000e+00 0.000000e+00 0.000000e+00 0.000000e+00 6.673849e-01 3.326151e-01 0.000000e+00 0.000000e+00
 0.000000e+00 0.000000e+00 0.000000e+00 0.000000e+00 0.000000e+00 0.000000e+00 0.000000e+00 0.000000e+00 0.000000e+00 0.000000e+00 0.000000e+00 0.000000e+00 0.000000e+00 0.000000e+00 0.000000e+00 0.000000e+00 0.000000e+00 9.209384e-01 7.906160e-02 0.000000e+00
 0.000000e+00 0.000000e+00 0.000000e+00 0.000000e+00 0.000000e+00 0.000000e+00 0.000000e+00 0.000000e+00 0.000000e+00 0.000000e+00 0.000000e+00 0.000000e+00 0.000000e+00 0.000000e+00 0.000000e+00 0.000000e+00 0.000000e+00 0.000000e+00 5.016919e-01 4.983081e-01
 0.000000e+00 0.000000e+00 0.000000e+00 0.000000e+00 0.000000e+00 0.000000e+00 0.000000e+00 0.000000e+00 0.000000e+00 0.000000e+00 0.000000e+00 0.000000e+00 0.000000e+00 0.000000e+00 0.000000e+00 0.000000e+00 0.000000e+00 0.000000e+00 0.000000e+00 0.000000e+00
<ENDHMM>
