~o
<STREAMINFO> 1 39
<VECSIZE> 39<NULLD><MFCC_D_A_0><DIAGC>
~h "tiga"
<BEGINHMM>
<NUMSTATES> 5
<STATE> 2
<MEAN> 39
 -9.266203e+00 8.984464e-01 1.434426e+01 -3.084898e+00 -9.192375e+00 -1.176182e+01 -4.291725e+00 -1.346161e+01 -7.752943e+00 -6.538935e+00 1.761468e+00 -8.159790e+00 6.563288e+01 5.282509e-01 -1.067816e-01 4.481251e-01 1.990111e-01 -8.234286e-01 -7.432187e-01 -1.513471e-02 1.913183e-01 -1.404640e-01 -1.206320e-01 2.105049e-01 7.329342e-02 6.260568e-01 2.813816e-02 -7.132086e-02 -9.551472e-02 -1.944497e-02 6.288163e-02 5.526535e-02 -6.100778e-03 1.402986e-01 9.423743e-02 -3.623316e-02 -1.142596e-01 -1.403060e-02 8.466409e-03
<VARIANCE> 39
 2.356711e+01 4.378542e+01 1.368486e+02 7.081969e+01 1.553831e+02 9.728940e+01 7.696833e+01 1.110951e+02 4.311917e+01 5.213759e+01 7.944408e+01 5.149539e+01 2.801496e+01 1.979279e+00 3.402988e+00 8.246074e+00 3.397175e+00 9.226090e+00 5.989213e+00 5.793555e+00 7.588704e+00 4.841901e+00 3.402951e+00 5.636768e+00 3.235211e+00 1.748104e+00 3.349089e-01 4.298573e-01 1.151900e+00 5.234613e-01 1.610549e+00 1.092908e+00 9.651683e-01 1.028386e+00 8.190059e-01 6.380092e-01 1.057764e+00 5.030577e-01 2.071301e-01
<GCONST> 1.403987e+02
<STATE> 3
<MEAN> 39
 -1.437740e+00 -1.398738e+01 -2.469092e-01 -4.444022e+00 -1.033780e+01 -1.635645e+01 -2.341503e+00 3.201305e+00 -1.102845e-02 -1.026427e+01 -6.598393e+00 -8.560079e+00 7.470816e+01 -9.275980e-02 -7.628608e-02 -1.081459e+00 -5.358539e-01 1.250442e+00 1.061765e+00 -4.378684e-01 1.609377e-02 4.256093e-01 -2.511477e-01 -1.490546e+00 -4.987096e-01 -3.940272e-01 -1.206701e-01 2.393820e-01 2.142672e-01 5.670415e-02 -9.355368e-02 -1.002264e-01 4.626936e-03 -3.298527e-01 -1.938690e-01 2.332170e-02 2.368057e-01 5.675710e-02 -1.605375e-01
<VARIANCE> 39
 3.693716e+00 1.563963e+01 6.761652e+01 3.368367e+01 1.692495e+02 1.139700e+02 5.014599e+01 1.264254e+02 6.325992e+01 3.721188e+01 1.401386e+02 5.007888e+01 9.077865e+00 2.717050e-01 1.443370e+00 1.724354e+00 1.359247e+00 2.165021e+00 2.393360e+00 1.634988e+00 3.482490e+00 2.301035e+00 2.237902e+00 2.509814e+00 1.559884e+00 5.021118e-01 2.830840e-02 1.011672e-01 1.616612e-01 1.882175e-01 3.014827e-01 2.371806e-01 2.989387e-01 4.555330e-01 3.019120e-01 3.134401e-01 2.437444e-01 2.401029e-01 2.352842e-02
<GCONST> 1.036020e+02
<STATE> 4
<MEAN> 39
 -1.105500e+01 -4.610699e+00 -4.186823e+00 -5.950588e+00 5.271042e-01 -5.237854e+00 -1.435489e+00 -3.169459e+00 2.580279e+00 -1.156277e+01 -7.737422e+00 -9.044245e+00 6.054723e+01 -6.695504e-01 3.514833e-01 -1.153241e-01 -8.745841e-02 6.819553e-01 7.821350e-01 3.913279e-01 -1.317635e-01 2.416068e-01 2.584516e-01 3.245720e-01 4.550551e-03 -7.153599e-01 2.625162e-02 -6.992187e-02 -3.041163e-02 -2.674450e-02 4.155543e-04 1.985891e-02 6.273808e-03 7.711080e-02 4.590493e-02 5.567596e-02 -8.342552e-03 -1.046649e-02 6.263588e-02
<VARIANCE> 39
 2.068691e+01 1.419505e+01 1.538836e+01 2.110200e+01 5.832121e+01 5.420255e+01 2.210535e+01 4.239162e+01 3.170326e+01 4.108040e+01 3.944744e+01 3.432260e+01 1.974396e+01 1.341698e-01 4.555252e-01 5.663547e-01 9.705335e-01 1.095107e+00 1.414410e+00 1.306682e+00 1.720098e+00 1.650005e+00 1.383856e+00 1.507842e+00 1.922257e+00 1.570693e-01 1.708126e-02 4.517914e-02 8.044790e-02 1.257510e-01 1.612184e-01 1.674454e-01 2.707599e-01 2.764335e-01 2.364377e-01 2.063483e-01 1.991285e-01 2.868355e-01 6.358422e-03
<GCONST> 8.439665e+01
<TRANSP> 5
 0.000000e+00 1.000000e+00 0.000000e+00 0.000000e+00 0.000000e+00
 0.000000e+00 9.656451e-01 3.435494e-02 0.000000e+00 0.000000e+00
 0.000000e+00 0.000000e+00 9.244817e-01 7.551827e-02 0.000000e+00
 0.000000e+00 0.000000e+00 0.000000e+00 9.509807e-01 4.901925e-02
 0.000000e+00 0.000000e+00 0.000000e+00 0.000000e+00 0.000000e+00
<ENDHMM>
