~o
<STREAMINFO> 1 39
<VECSIZE> 39<NULLD><MFCC_D_A_0><DIAGC>
~h "hapus"
<BEGINHMM>
<NUMSTATES> 5
<STATE> 2
<MEAN> 39
 -7.308933e+00 -7.476274e+00 -6.410530e+00 -6.132895e+00 5.500094e+00 -1.499775e+00 -2.510272e+00 -1.030197e+01 -1.971246e+00 -8.551567e+00 -2.913691e+00 -8.838343e+00 6.483409e+01 2.963857e-01 2.956059e-01 7.981575e-02 -5.656542e-02 -1.373524e-01 -1.027810e-01 -1.303276e-01 -2.136941e-01 -2.057231e-01 -5.188113e-02 -2.195217e-02 -6.363020e-02 1.650776e-01 7.800940e-02 8.770756e-02 2.305228e-03 -8.844911e-02 -1.187649e-01 -5.662184e-02 -5.684550e-02 -2.315440e-02 -2.430022e-02 5.696307e-02 6.980322e-02 6.786217e-02 2.933347e-02
<VARIANCE> 39
 4.375980e+01 3.378219e+01 4.934034e+01 3.286369e+01 5.181799e+01 4.410664e+01 4.010314e+01 6.431975e+01 3.124005e+01 5.042234e+01 4.434760e+01 4.654266e+01 3.921022e+01 2.745835e+00 1.450333e+00 2.543032e+00 2.166639e+00 2.036190e+00 2.172530e+00 2.171110e+00 3.170356e+00 2.089981e+00 2.540297e+00 2.152257e+00 2.731731e+00 1.706726e+00 3.650998e-01 2.445227e-01 3.573116e-01 4.288470e-01 3.320109e-01 2.791002e-01 3.272276e-01 4.735391e-01 4.098207e-01 4.053062e-01 3.005948e-01 3.731023e-01 1.664734e-01
<GCONST> 1.167889e+02
<STATE> 3
<MEAN> 39
 -5.066141e+00 6.800720e+00 -5.770093e+00 -1.106962e+01 -1.552748e+00 -1.566065e+01 -8.149040e+00 -1.491724e+01 -5.724277e+00 -5.843134e+00 1.597521e+00 -1.469138e+00 6.832957e+01 -8.512502e-01 1.027755e+00 -3.965861e-01 6.106694e-02 5.120786e-01 -1.382950e+00 1.722375e-01 -2.064408e-01 1.256230e-01 1.417984e-01 -1.250616e-01 3.196597e-01 5.570679e-01 -2.215684e-01 -6.445933e-02 5.834645e-02 1.864658e-01 1.701370e-01 1.324943e-01 1.474061e-01 8.994010e-02 4.091072e-02 -9.487528e-02 -1.135212e-01 -1.703968e-01 -7.390862e-02
<VARIANCE> 39
 8.445058e+01 4.224211e+01 3.524907e+01 8.803953e+01 7.257169e+01 1.241795e+02 7.196812e+01 3.645047e+01 5.498268e+01 6.415862e+01 9.743430e+01 4.497879e+01 8.516023e+00 7.204623e+00 2.745457e+00 2.295737e+00 5.918414e+00 5.544082e+00 4.982396e+00 6.303047e+00 3.933704e+00 3.691969e+00 3.957950e+00 5.476034e+00 4.677256e+00 6.190498e-01 5.940489e-01 4.734805e-01 3.970653e-01 5.978348e-01 7.341915e-01 8.671850e-01 8.252479e-01 6.647712e-01 6.435733e-01 6.854098e-01 8.789577e-01 8.660101e-01 9.255648e-02
<GCONST> 1.339100e+02
<STATE> 4
<MEAN> 39
 -2.415470e+01 8.103950e+00 -5.395645e+00 -7.531611e-01 6.504435e+00 -1.552493e+01 3.996977e+00 -8.108544e+00 -4.699717e-01 -7.548954e+00 -8.204719e-01 -4.768554e+00 6.365265e+01 1.902193e-01 -7.989168e-01 2.244024e-01 2.602885e-03 -1.556810e-01 9.269586e-01 7.010840e-02 2.897066e-01 1.403372e-01 -4.514141e-02 6.451284e-02 -2.560989e-01 -5.041668e-01 6.570745e-02 -4.190601e-02 -2.465332e-03 -3.347752e-02 -2.645712e-02 3.647395e-03 -4.523492e-02 -1.014006e-02 4.469788e-03 1.524918e-02 1.728899e-02 1.829232e-02 -6.473651e-03
<VARIANCE> 39
 1.905924e+01 9.552847e+01 1.803218e+01 4.186326e+01 4.637321e+01 1.065676e+02 3.751978e+01 3.557986e+01 3.409811e+01 6.284287e+01 3.237540e+01 3.149838e+01 3.177552e+01 4.085219e-01 6.649169e-01 5.740012e-01 9.462717e-01 9.882625e-01 1.549950e+00 1.559381e+00 1.462439e+00 1.661052e+00 2.025975e+00 1.274373e+00 1.445068e+00 1.220379e-01 4.125299e-02 6.969915e-02 9.920548e-02 1.424908e-01 1.577885e-01 2.705092e-01 2.436650e-01 2.720269e-01 2.964718e-01 3.422121e-01 2.409205e-01 2.664675e-01 1.562184e-02
<GCONST> 9.345525e+01
<TRANSP> 5
 0.000000e+00 1.000000e+00 0.000000e+00 0.000000e+00 0.000000e+00
 0.000000e+00 9.652900e-01 3.471002e-02 0.000000e+00 0.000000e+00
 0.000000e+00 0.000000e+00 9.403255e-01 5.967448e-02 0.000000e+00
 0.000000e+00 0.000000e+00 0.000000e+00 9.674078e-01 3.259226e-02
 0.000000e+00 0.000000e+00 0.000000e+00 0.000000e+00 0.000000e+00
<ENDHMM>
