~o
<STREAMINFO> 1 39
<VECSIZE> 39<NULLD><MFCC_D_A_0><DIAGC>
~h "matikan"
<BEGINHMM>
<NUMSTATES> 5
<STATE> 2
<MEAN> 39
 -4.425974e+00 -5.332493e+00 -6.332310e+00 -6.794455e+00 1.358836e+00 -7.559506e+00 -5.888469e+00 -5.603989e+00 -5.859080e-01 -1.059032e+01 -3.700883e+00 -1.025074e+01 6.576629e+01 4.519655e-01 2.471869e-01 1.904428e-01 8.521561e-02 -2.891976e-01 -4.826010e-01 -3.161991e-01 -1.142545e-01 -2.037356e-01 -2.943367e-01 4.070463e-02 -7.769746e-02 3.851013e-01 -5.338890e-02 -1.133608e-03 1.812562e-01 -1.082637e-03 -1.794637e-01 -1.216541e-01 -4.340324e-02 -3.031000e-02 -4.069432e-02 4.218731e-02 1.645124e-01 6.360926e-02 1.819066e-02
<VARIANCE> 39
 4.273148e+01 2.330170e+01 2.795202e+01 2.417144e+01 3.329729e+01 4.666391e+01 3.795118e+01 9.058304e+01 3.315280e+01 5.718159e+01 6.116665e+01 3.318726e+01 3.142329e+01 4.323574e+00 2.690442e+00 3.933801e+00 2.407688e+00 3.165057e+00 3.454908e+00 3.719488e+00 6.287273e+00 3.978851e+00 3.125587e+00 4.670245e+00 3.057775e+00 2.564561e+00 4.707425e-01 5.154658e-01 7.813957e-01 4.446883e-01 6.157742e-01 5.996743e-01 5.667529e-01 1.080524e+00 7.169015e-01 5.051780e-01 5.808693e-01 5.585008e-01 3.001283e-01
<GCONST> 1.282607e+02
<STATE> 3
<MEAN> 39
 -7.326272e+00 -5.182397e+00 7.490388e+00 -4.579128e+00 -1.069403e+01 -1.702861e+01 -4.781521e+00 -7.415415e+00 -6.565329e+00 -1.058385e+01 1.471208e+00 -6.405910e+00 6.754222e+01 2.848765e-01 -3.818305e-01 -5.441952e-02 7.707656e-02 -1.029872e-02 -2.358608e-02 2.582045e-01 4.167539e-01 1.954018e-02 -4.255849e-02 -3.216606e-01 -1.340760e-01 2.942060e-01 -2.217866e-02 3.920546e-02 -1.245042e-01 3.557639e-02 2.045197e-01 1.409185e-01 4.163824e-02 3.785508e-02 5.950793e-02 -9.993052e-03 -1.108908e-01 -3.914997e-02 -8.590953e-02
<VARIANCE> 39
 2.136690e+01 7.289885e+01 1.245133e+02 5.493578e+01 9.077512e+01 8.999795e+01 7.056866e+01 1.634345e+02 6.826580e+01 6.097265e+01 8.617052e+01 3.778854e+01 3.106485e+01 1.680255e+00 3.076643e+00 6.639133e+00 4.722605e+00 6.253542e+00 8.032967e+00 4.312364e+00 6.554803e+00 4.596042e+00 4.795012e+00 4.047967e+00 3.741172e+00 2.039158e+00 2.688266e-01 4.579756e-01 6.835283e-01 8.387680e-01 8.775840e-01 1.266356e+00 6.915214e-01 8.946283e-01 8.059366e-01 9.157467e-01 7.483656e-01 6.813697e-01 2.674014e-01
<GCONST> 1.396257e+02
<STATE> 4
<MEAN> 39
 -9.110184e+00 -6.600969e-01 3.344339e+00 -4.957218e-01 2.943614e+00 -3.598642e+00 8.364017e-01 -4.267029e+00 -1.725613e+00 -9.925387e+00 -3.603266e+00 -8.876893e+00 6.147620e+01 -5.555918e-01 2.818277e-01 9.425188e-02 2.346053e-02 3.647007e-01 4.816497e-01 4.168751e-02 -3.388307e-01 5.107893e-02 2.360951e-01 1.408294e-01 2.651624e-02 -5.274270e-01 -3.578203e-03 -7.821491e-02 -3.255736e-02 -2.181637e-02 -5.785394e-02 -4.107365e-02 2.879701e-02 2.497202e-02 -3.312048e-03 -1.087993e-02 6.017375e-03 1.079709e-03 2.962825e-02
<VARIANCE> 39
 3.245247e+01 2.643533e+01 1.497499e+01 1.311820e+01 2.936713e+01 5.196854e+01 2.648555e+01 5.376506e+01 2.741247e+01 3.973696e+01 4.688155e+01 3.080521e+01 2.655239e+01 1.760079e-01 9.828042e-01 6.937961e-01 8.506685e-01 1.266171e+00 1.556443e+00 1.385491e+00 1.596322e+00 1.506159e+00 1.426268e+00 1.592311e+00 1.415387e+00 1.644198e-01 2.650704e-02 5.171545e-02 9.916953e-02 1.484931e-01 1.822538e-01 1.957696e-01 2.439152e-01 2.355388e-01 2.659035e-01 2.598068e-01 2.831556e-01 2.189130e-01 1.185931e-02
<GCONST> 8.792529e+01
<TRANSP> 5
 0.000000e+00 1.000000e+00 0.000000e+00 0.000000e+00 0.000000e+00
 0.000000e+00 9.492275e-01 5.077252e-02 0.000000e+00 0.000000e+00
 0.000000e+00 0.000000e+00 9.596280e-01 4.037199e-02 0.000000e+00
 0.000000e+00 0.000000e+00 0.000000e+00 9.665195e-01 3.348050e-02
 0.000000e+00 0.000000e+00 0.000000e+00 0.000000e+00 0.000000e+00
<ENDHMM>
