~o
<STREAMINFO> 1 39
<VECSIZE> 39<NULLD><MFCC_D_A_0><DIAGC>
~h "nol"
<BEGINHMM>
<NUMSTATES> 5
<STATE> 2
<MEAN> 39
 -6.910987e+00 1.000566e+00 1.653142e+00 -3.812072e+00 1.371523e+00 -8.091881e+00 -6.508610e+00 -1.070496e+01 -1.544808e+00 -6.531420e+00 6.506140e-01 -7.386545e+00 6.324835e+01 1.394745e+00 1.013711e-01 -4.654381e-01 -7.573127e-01 2.585363e-01 3.605911e-01 -7.010473e-01 -1.932040e-01 4.136377e-02 1.297625e-01 2.032191e-01 -3.276660e-01 1.074618e+00 -7.790612e-03 -1.046431e-01 -1.351323e-01 -1.427863e-01 -2.788046e-03 1.771920e-01 1.442855e-01 -2.967882e-02 -2.110905e-03 -4.156401e-02 -1.717293e-03 3.813671e-02 1.836151e-02
<VARIANCE> 39
 7.613696e+01 5.211149e+01 7.341135e+01 4.494566e+01 3.655435e+01 4.232369e+01 8.540873e+01 5.585460e+01 4.676339e+01 5.682012e+01 8.298643e+01 4.216008e+01 3.282457e+01 1.863376e+00 6.998495e+00 8.388577e+00 4.960367e+00 3.877241e+00 6.594805e+00 4.914589e+00 5.182214e+00 4.103933e+00 2.728716e+00 3.669541e+00 3.236606e+00 6.307613e-01 3.208130e-01 9.923884e-01 1.077577e+00 5.952403e-01 6.854389e-01 8.595582e-01 7.032205e-01 9.564813e-01 7.530671e-01 4.727111e-01 5.746554e-01 6.065590e-01 1.199179e-01
<GCONST> 1.338982e+02
<STATE> 3
<MEAN> 39
 2.911609e+00 -3.149807e+00 -9.093003e+00 -2.040252e+01 8.898775e-01 7.047000e+00 -7.598069e+00 -1.450171e+01 -3.656652e+00 -6.993604e+00 1.119197e+00 -7.584094e+00 7.181345e+01 -1.739014e-01 2.762471e-01 2.187959e-01 9.372061e-02 -1.996575e-01 7.148457e-02 1.932104e-01 -2.641783e-01 -1.846315e-01 -1.530950e-01 -1.894819e-01 1.150332e-01 -2.492505e-01 -5.446706e-02 4.269592e-02 7.452859e-02 1.354303e-01 2.779353e-02 -1.366471e-01 -2.246310e-02 6.701247e-02 1.726799e-02 1.870847e-02 -4.321025e-03 -2.147316e-02 -5.439975e-02
<VARIANCE> 39
 2.939862e+00 3.236386e+01 6.296069e+01 1.934117e+01 8.895721e+01 6.586884e+01 7.251589e+01 1.134549e+02 6.980440e+01 5.700084e+01 1.443471e+02 4.537974e+01 1.197537e+01 1.820743e-01 5.047600e-01 9.934200e-01 1.277576e+00 1.588042e+00 2.050974e+00 1.306434e+00 1.777589e+00 1.593044e+00 2.026412e+00 1.227462e+00 1.167051e+00 1.804568e-01 1.959196e-02 9.020083e-02 1.264882e-01 1.101308e-01 2.251334e-01 2.160542e-01 1.909516e-01 2.686245e-01 2.483339e-01 2.702946e-01 2.073425e-01 1.796760e-01 1.107783e-02
<GCONST> 9.318159e+01
<STATE> 4
<MEAN> 39
 -1.015994e+01 -9.544908e-01 -7.820686e-01 -4.548636e+00 7.948170e-01 -2.607757e+00 6.665316e-01 -9.707598e+00 -3.794321e+00 -1.065929e+01 -4.091583e+00 -8.986359e+00 6.009991e+01 -6.216272e-01 -2.666197e-01 1.072237e-01 3.834644e-01 -6.833184e-04 -2.827659e-01 3.023207e-01 4.230163e-01 1.831332e-01 9.740087e-02 1.240774e-02 -3.246029e-03 -3.843338e-01 3.043667e-02 -2.004493e-02 -3.244070e-02 -7.175235e-02 -2.776669e-02 2.927180e-02 -2.815600e-02 -8.254799e-04 2.449553e-02 2.466058e-02 7.517648e-03 -8.717455e-03 2.998887e-02
<VARIANCE> 39
 2.346697e+01 1.185808e+01 1.198053e+01 3.260601e+01 1.836088e+01 3.307842e+01 2.800450e+01 3.405326e+01 2.483783e+01 2.709134e+01 3.993977e+01 2.735781e+01 8.187932e+00 1.764558e-01 3.730765e-01 6.540906e-01 1.102861e+00 1.059525e+00 1.310225e+00 1.492165e+00 1.616045e+00 1.424231e+00 1.273120e+00 1.902916e+00 1.835539e+00 9.549289e-02 2.401588e-02 6.717148e-02 9.752835e-02 1.593227e-01 1.833827e-01 1.907878e-01 2.573868e-01 2.817754e-01 2.554561e-01 2.254995e-01 2.918307e-01 3.129421e-01 7.072543e-03
<GCONST> 8.304211e+01
<TRANSP> 5
 0.000000e+00 1.000000e+00 0.000000e+00 0.000000e+00 0.000000e+00
 0.000000e+00 9.318387e-01 6.816131e-02 0.000000e+00 0.000000e+00
 0.000000e+00 0.000000e+00 9.583699e-01 4.163009e-02 0.000000e+00
 0.000000e+00 0.000000e+00 0.000000e+00 9.602248e-01 3.977516e-02
 0.000000e+00 0.000000e+00 0.000000e+00 0.000000e+00 0.000000e+00
<ENDHMM>
