~o
<STREAMINFO> 1 39
<VECSIZE> 39<NULLD><MFCC_D_A_0><DIAGC>
~h "pasang"
<BEGINHMM>
<NUMSTATES> 5
<STATE> 2
<MEAN> 39
 -1.009714e+01 8.883722e-01 -1.148415e+01 -3.146608e+00 4.464589e+00 -7.006707e+00 -8.521814e-01 -9.075901e+00 1.714276e+00 -8.623547e+00 -3.323166e+00 -9.748130e+00 6.912904e+01 4.266456e-01 -4.356584e-02 -4.214227e-01 -3.160186e-02 4.114050e-02 -1.302012e-01 -2.092138e-01 -5.496137e-02 1.045842e-01 -7.246627e-03 -1.619486e-01 -9.704319e-02 5.669101e-01 -1.673283e-03 -5.125818e-02 3.056971e-02 1.706828e-02 3.671354e-02 3.275742e-02 -1.261068e-02 -5.076993e-03 -1.833898e-02 -2.780871e-02 6.632031e-03 1.091194e-02 -1.663495e-02
<VARIANCE> 39
 1.054888e+02 9.983352e+01 5.075863e+01 6.132849e+01 6.587904e+01 4.976615e+01 6.040231e+01 6.743423e+01 3.156302e+01 7.618247e+01 8.362292e+01 2.489509e+01 3.372882e+01 7.439034e+00 4.975488e+00 3.267564e+00 3.622869e+00 2.630079e+00 3.334400e+00 3.917358e+00 3.523382e+00 2.646216e+00 3.684836e+00 3.110419e+00 2.078897e+00 1.612622e+00 8.103797e-01 3.989790e-01 5.885606e-01 5.354778e-01 4.071873e-01 5.308610e-01 5.878468e-01 5.847368e-01 5.251315e-01 5.386782e-01 5.181059e-01 3.376876e-01 2.423531e-01
<GCONST> 1.305282e+02
<STATE> 3
<MEAN> 39
 2.039842e-01 -5.532901e+00 -4.074989e+00 -1.031278e+01 3.294380e+00 -7.931674e+00 -1.005739e+01 -9.096348e+00 -3.572224e+00 -9.949213e+00 -5.670456e+00 -1.004861e+01 6.944743e+01 4.656284e-03 3.924253e-01 1.191794e+00 -4.111881e-02 1.308953e-01 1.534929e-01 7.841820e-02 -2.233666e-01 -6.254919e-01 -3.152376e-01 -7.431933e-02 -8.058894e-02 -7.397232e-01 -7.026605e-02 8.874975e-02 1.079761e-02 3.942208e-02 -4.793105e-02 -4.549955e-02 7.033395e-02 4.711430e-03 2.060855e-02 3.800436e-02 -2.873174e-02 -2.360102e-02 -3.147373e-02
<VARIANCE> 39
 8.884098e+00 2.031955e+01 1.032734e+02 3.802730e+01 4.528675e+01 7.302721e+01 4.896843e+01 1.292105e+02 8.520930e+01 8.395382e+01 6.866129e+01 3.018212e+01 3.186112e+01 3.867335e-01 7.038054e-01 7.732602e-01 1.283058e+00 1.635963e+00 1.780107e+00 1.873796e+00 2.028921e+00 3.535823e+00 1.609073e+00 2.301753e+00 1.547208e+00 1.157385e-01 3.564039e-02 1.124287e-01 1.047227e-01 1.155613e-01 2.026244e-01 2.231158e-01 2.637279e-01 3.164569e-01 5.372877e-01 2.945287e-01 3.441908e-01 2.216297e-01 1.689552e-02
<GCONST> 9.991434e+01
<STATE> 4
<MEAN> 39
 -1.160452e+01 -1.263739e+00 7.974114e+00 -8.897184e-01 2.265935e+00 -6.308399e+00 -2.028365e+00 -8.988584e+00 -9.565620e+00 -1.492449e+01 -7.955780e+00 -7.320145e+00 5.756385e+01 -6.287200e-01 -1.586672e-01 -9.147467e-02 3.051616e-01 -1.171958e-01 3.337634e-03 2.175308e-01 2.613154e-01 1.266206e-01 2.069209e-03 1.008426e-01 2.337073e-01 -2.327978e-01 1.607658e-02 -1.985751e-02 -5.025806e-02 -2.588614e-02 4.405600e-03 -1.122930e-02 -4.097486e-02 5.704949e-04 3.515443e-02 -4.189758e-03 2.397439e-02 -7.223938e-03 2.295079e-02
<VARIANCE> 39
 2.279638e+01 1.062469e+01 2.903445e+01 2.211682e+01 4.526115e+01 4.166980e+01 4.909410e+01 8.273553e+01 5.972781e+01 6.520332e+01 4.199670e+01 6.435659e+01 4.220697e+00 2.215985e-01 4.576572e-01 7.901041e-01 1.079630e+00 1.393804e+00 1.716873e+00 2.120629e+00 1.665624e+00 2.315258e+00 2.165636e+00 2.090210e+00 1.845017e+00 7.674119e-02 2.810980e-02 7.609084e-02 1.128300e-01 1.695815e-01 2.366558e-01 2.886095e-01 3.939525e-01 2.368659e-01 4.095034e-01 3.723729e-01 3.838255e-01 3.539996e-01 1.014044e-02
<GCONST> 9.354710e+01
<TRANSP> 5
 0.000000e+00 1.000000e+00 0.000000e+00 0.000000e+00 0.000000e+00
 0.000000e+00 9.698129e-01 3.018708e-02 0.000000e+00 0.000000e+00
 0.000000e+00 0.000000e+00 9.490599e-01 5.094011e-02 0.000000e+00
 0.000000e+00 0.000000e+00 0.000000e+00 9.583198e-01 4.168013e-02
 0.000000e+00 0.000000e+00 0.000000e+00 0.000000e+00 0.000000e+00
<ENDHMM>
