~o
<STREAMINFO> 1 39
<VECSIZE> 39<NULLD><MFCC_D_A_0><DIAGC>
~h "sembilan"
<BEGINHMM>
<NUMSTATES> 20
<STATE> 2
<MEAN> 39
 -1.760092e+01 -6.493811e+00 -2.389813e+00 -4.639377e+00 1.749505e-02 -5.606411e+00 5.914160e-01 -6.236130e+00 4.960005e-01 -6.082076e+00 5.550491e-01 -5.301985e+00 5.654912e+01 -4.363900e-01 5.358587e-01 -5.274612e-01 2.759649e-01 2.048795e-01 -5.772381e-01 5.732864e-01 -5.483645e-01 3.984067e-01 -5.690061e-01 -4.771594e-02 -1.110650e-02 2.957970e-01 -3.337841e-01 4.505250e-01 -3.581834e-01 2.632953e-01 7.702346e-02 -6.303906e-02 3.617082e-01 -1.804931e-01 3.236991e-01 -2.348903e-01 1.108881e-01 -6.073263e-02 1.760156e-01
<VARIANCE> 39
 8.448304e-01 1.706914e+00 5.350107e+00 8.413001e+00 7.181611e+00 8.004781e+00 9.474211e+00 1.705500e+01 1.247755e+01 8.254890e+00 1.123222e+01 1.499688e+01 3.205792e-01 5.463139e-01 1.176304e+00 9.181903e-01 8.897422e-01 8.103490e-01 1.168251e+00 2.360148e+00 1.805149e+00 2.756758e+00 1.351086e+00 1.488781e+00 1.740564e+00 1.301523e-01 9.702251e-02 2.736746e-01 1.738973e-01 1.452445e-01 1.734935e-01 2.664119e-01 4.464455e-01 4.093972e-01 4.909548e-01 2.265963e-01 2.987774e-01 4.013734e-01 2.008165e-02
<GCONST> 7.428287e+01
<STATE> 3
<MEAN> 39
 -2.376397e+01 1.975559e+00 -9.195287e+00 3.741953e-01 4.457756e-01 -7.469176e+00 7.714649e+00 -1.159912e+01 7.599851e+00 -1.236350e+01 2.860033e+00 -7.285021e+00 5.985986e+01 -2.096751e+00 3.121234e+00 -2.112740e+00 1.910569e+00 3.884751e-02 -7.614904e-01 1.909436e+00 -1.214199e+00 1.526989e+00 -6.025637e-01 8.715677e-01 5.133360e-01 1.167883e+00 6.887547e-02 -1.348664e-01 1.496150e-01 -3.910831e-02 7.710101e-02 -8.364641e-02 -2.638830e-01 3.425511e-01 -5.473707e-01 6.385758e-01 -1.252799e-01 4.305118e-01 7.200612e-03
<VARIANCE> 39
 6.778296e+00 1.664691e+01 1.220111e+01 1.411960e+01 1.909017e+01 1.527545e+01 2.203896e+01 2.820540e+01 2.339017e+01 3.071663e+01 3.849842e+01 2.605536e+01 2.376956e+00 6.016933e-01 1.351663e+00 1.289709e+00 6.455516e-01 2.012983e+00 1.320159e+00 3.005128e+00 3.013240e+00 2.517428e+00 2.726812e+00 3.191084e+00 2.760688e+00 2.308662e-01 1.341329e-01 3.768351e-01 2.081417e-01 2.758532e-01 3.086835e-01 2.382745e-01 6.248697e-01 6.478789e-01 5.486495e-01 3.429777e-01 5.831034e-01 3.701268e-01 4.992590e-02
<GCONST> 9.788364e+01
<STATE> 4
<MEAN> 39
 -2.867942e+01 9.229306e+00 -1.349244e+01 3.298223e+00 3.296831e+00 -1.201215e+01 1.134406e+01 -1.141483e+01 5.678356e+00 -7.930251e+00 2.301689e+00 -9.082472e-01 6.342383e+01 1.153764e+00 3.727322e-01 4.085260e-01 -3.721933e-01 2.168430e-03 -7.711864e-01 -9.862303e-01 -4.581012e-02 -6.060842e-01 5.129749e-01 -4.553646e-01 6.243421e-03 4.621998e-01 1.227694e+00 -3.530012e-01 6.125024e-01 -5.025076e-01 -3.095419e-01 1.410584e-02 -1.023952e+00 -1.915348e-01 -1.778527e-01 -9.801921e-02 -1.572853e-01 -5.814220e-01 3.905134e-02
<VARIANCE> 39
 8.269361e+00 1.419378e+01 9.477983e+00 1.867820e+01 2.226369e+01 1.163140e+01 1.279356e+01 1.794472e+01 2.890501e+01 4.134113e+01 3.340474e+01 2.828044e+01 2.788599e+00 6.159568e+00 1.733934e+00 2.222875e+00 1.219377e+00 1.779923e+00 1.534391e+00 4.774624e+00 3.075331e+00 2.927776e+00 2.583647e+00 3.561997e+00 2.859471e+00 5.637520e-01 2.151502e-01 5.475413e-01 2.501715e-01 1.335159e-01 3.496341e-01 3.246580e-01 5.848296e-01 6.397883e-01 7.737060e-01 4.334176e-01 7.943675e-01 3.978952e-01 2.081015e-01
<GCONST> 1.058914e+02
<STATE> 5
<MEAN> 39
 -9.500156e+00 1.000634e+01 -5.796989e+00 -1.902359e+00 -1.169091e+00 -1.491024e+01 -5.199537e+00 -1.593682e+01 2.498439e+00 -8.513938e+00 7.862273e-01 -8.411828e+00 6.792190e+01 3.891772e+00 4.427934e-01 1.327021e+00 -1.002889e+00 -6.225498e-01 1.237469e-02 -2.968890e+00 -1.363378e+00 -1.279293e+00 2.869901e-01 5.099260e-01 -7.724943e-01 1.195386e+00 -7.035172e-01 -1.060493e-01 -9.752893e-02 3.215606e-01 2.353577e-01 3.434029e-01 8.102254e-01 1.455009e-01 -1.336317e-01 -1.760816e-02 3.196608e-01 4.154615e-01 -2.870133e-01
<VARIANCE> 39
 3.962267e+01 1.999570e+01 4.335084e+01 2.711038e+01 5.473782e+01 3.459579e+01 6.903223e+01 6.008749e+01 4.182001e+01 1.540753e+02 4.081286e+01 3.823182e+01 2.349321e+01 3.118847e+00 2.350013e+00 2.426911e+00 2.412300e+00 4.225096e+00 4.764235e+00 7.890662e+00 4.909873e+00 4.000219e+00 5.279727e+00 5.700212e+00 4.900667e+00 1.369500e+00 4.781861e-01 4.020868e-01 4.066465e-01 3.641351e-01 5.658258e-01 7.663397e-01 1.023868e+00 9.115510e-01 8.229685e-01 8.486305e-01 5.353225e-01 6.277388e-01 2.901105e-01
<GCONST> 1.305405e+02
<STATE> 6
<MEAN> 39
 -1.074963e+00 9.255696e+00 1.724600e+00 -2.760809e+00 -3.426064e+00 -1.308514e+01 -6.935692e+00 -1.590603e+01 -4.585595e+00 -5.899715e+00 4.016692e+00 -7.814967e+00 6.748378e+01 3.868243e-01 -2.806895e-01 1.184449e+00 4.595671e-03 -4.411906e-01 -3.266736e-02 1.698918e-01 7.299592e-01 -7.991127e-01 3.637639e-02 -1.077740e-01 -2.440332e-01 -4.542089e-01 -1.922554e-01 -9.884745e-02 5.200940e-02 2.948005e-02 -1.502215e-01 -1.702366e-01 2.202027e-02 1.593993e-01 5.180760e-02 2.531351e-02 -9.524802e-02 -1.692411e-02 9.900822e-04
<VARIANCE> 39
 9.311217e+00 1.083277e+01 3.222331e+01 2.128568e+01 4.786374e+01 2.556127e+01 4.328818e+01 5.087622e+01 2.109201e+01 6.358861e+01 7.892797e+01 4.163667e+01 7.769106e+00 2.353910e-01 4.319026e-01 7.794902e-01 1.165208e+00 1.486120e+00 1.001605e+00 2.001051e+00 1.715583e+00 2.013110e+00 2.228383e+00 2.032822e+00 1.121856e+00 1.457747e-01 4.996305e-02 8.559942e-02 9.200414e-02 1.438127e-01 3.947867e-01 2.142725e-01 2.809968e-01 4.248867e-01 3.701364e-01 3.741437e-01 4.265250e-01 3.089401e-01 3.309214e-02
<GCONST> 9.283891e+01
<STATE> 7
<MEAN> 39
 -6.884747e-01 4.958825e+00 1.093999e+01 -1.766459e+00 -1.106741e+01 -1.526939e+01 -6.218326e+00 -1.234386e+01 -1.046828e+01 -4.350519e+00 2.779225e+00 -9.939844e+00 6.633893e+01 -5.228369e-01 -1.840367e+00 3.205269e+00 -1.146922e-01 -3.745211e+00 -6.776106e-01 -3.263210e-02 1.871609e-02 -2.112993e+00 1.703334e+00 1.083052e+00 3.380047e-01 9.014094e-01 -2.319368e-01 -1.589985e-01 3.237677e-01 -2.832264e-01 -4.144797e-01 1.829748e-01 -4.887762e-02 -2.360530e-01 -5.069514e-02 2.028189e-01 2.732052e-01 3.352478e-01 3.684736e-01
<VARIANCE> 39
 5.524004e+00 1.632112e+01 3.944574e+01 4.238559e+01 7.861003e+01 3.505361e+01 2.491194e+01 4.117315e+01 6.831981e+01 4.160353e+01 6.602465e+01 2.510133e+01 5.473377e+00 4.587656e-01 1.474295e+00 3.120044e+00 1.309753e+00 5.487497e+00 3.391119e+00 1.504330e+00 4.531984e+00 1.122996e+01 8.022939e+00 3.810843e+00 3.722873e+00 6.025736e-01 6.884619e-02 3.174812e-01 5.962259e-01 3.900081e-01 1.364282e+00 6.837689e-01 2.321474e-01 4.706581e-01 1.435365e+00 7.343507e-01 7.985139e-01 2.820354e-01 8.345984e-02
<GCONST> 1.165398e+02
<STATE> 8
<MEAN> 39
 -4.560596e+00 -9.052922e-01 2.472993e+01 -5.587749e+00 -2.106021e+01 -1.446029e+01 -7.131038e+00 -9.323353e+00 -1.998529e+01 -2.750737e-01 8.285226e+00 -4.906613e+00 7.190131e+01 -3.330511e-01 -6.963446e-01 1.623828e-01 1.205460e-01 -6.490632e-01 -3.268385e-01 2.292250e-02 5.311271e-01 2.584930e-01 -6.856931e-01 -8.797482e-02 1.414417e+00 4.551341e-01 2.368951e-01 1.738486e-01 -7.382299e-01 2.806158e-01 7.354802e-01 -8.019547e-02 -3.636731e-02 1.791285e-01 4.267790e-01 -4.519069e-01 -3.376083e-01 -6.895681e-02 -2.840956e-01
<VARIANCE> 39
 7.036633e+00 1.569949e+01 1.295726e+02 5.311797e+01 1.043599e+02 8.919153e+01 4.326997e+01 1.350780e+02 2.869739e+02 1.081664e+02 9.351061e+01 4.776351e+01 7.711442e+00 8.675406e-01 8.208480e-01 4.722061e+00 4.027487e+00 2.680591e+00 4.561215e+00 2.705140e+00 3.331091e+00 4.433563e+00 3.347233e+00 2.748049e+00 2.206541e+00 6.408241e-01 9.583635e-02 2.463705e-01 3.998463e-01 4.451509e-01 6.389735e-01 8.079867e-01 5.515576e-01 7.194487e-01 1.149147e+00 7.171303e-01 6.286022e-01 5.028353e-01 7.764343e-02
<GCONST> 1.242251e+02
<STATE> 9
<MEAN> 39
 -2.855882e+00 -3.565791e+00 1.568400e+01 -1.563023e+00 -1.754685e+01 -1.642402e+01 -8.833972e+00 -9.075423e+00 -8.418209e+00 -6.357553e+00 3.089931e+00 -1.001545e+00 7.001411e+01 6.561553e-01 -2.247692e-01 -2.310892e+00 -2.304151e-01 2.709890e+00 4.484004e-01 -1.344262e+00 -4.041030e-01 1.773606e+00 6.319748e-01 -1.034202e+00 -8.310282e-01 -3.174388e-01 6.276730e-02 -2.402636e-02 -2.954299e-01 -3.676100e-01 1.608366e-01 2.527170e-01 -6.980874e-02 -3.679518e-01 7.871854e-02 6.095975e-01 9.168368e-03 -3.867401e-01 1.164260e-01
<VARIANCE> 39
 4.789413e+00 7.225551e+00 9.174847e+01 2.735906e+01 1.231403e+02 4.395654e+01 3.001677e+01 1.149525e+02 1.316340e+02 7.945976e+01 7.888256e+01 3.233449e+01 4.515379e+00 2.679511e-01 1.027400e+00 1.499003e+00 2.102495e+00 1.089486e+00 2.590130e+00 1.854301e+00 2.929152e+00 4.674915e+00 5.264084e+00 2.929007e+00 2.954233e+00 2.063927e-01 2.633113e-02 1.719551e-01 1.362464e-01 2.271614e-01 2.788975e-01 5.714913e-01 4.190177e-01 5.360060e-01 2.938542e-01 6.006540e-01 5.404218e-01 4.729114e-01 3.977221e-02
<GCONST> 1.062437e+02
<STATE> 10
<MEAN> 39
 5.580286e-01 -4.027834e+00 1.377710e+00 -7.470391e+00 -3.359311e+00 -1.654737e+01 -1.449188e+01 -1.066894e+01 -2.965189e+00 2.692783e+00 -1.495716e+00 -7.201800e+00 7.082806e+01 3.565623e-01 -1.122598e+00 -2.134169e+00 -1.421347e+00 1.291713e+00 1.023488e+00 6.665882e-01 1.273915e+00 1.275500e+00 7.586679e-02 -1.911389e+00 -1.487171e+00 6.155097e-01 -1.698535e-01 -3.584799e-01 3.396362e-01 -1.395464e-02 -4.747964e-01 2.216369e-01 6.073450e-01 7.501421e-01 -2.687970e-01 -6.339872e-01 -3.108352e-01 1.172185e-01 1.891447e-01
<VARIANCE> 39
 4.294576e+00 3.085775e+01 6.133326e+01 4.446630e+01 7.767216e+01 7.145548e+01 2.416836e+01 6.976583e+01 4.957514e+01 9.587846e+01 1.480868e+02 3.687125e+01 7.511011e+00 3.160959e-01 2.176502e+00 1.593292e+00 1.853685e+00 2.237139e+00 3.585744e+00 2.812263e+00 5.411813e+00 2.194435e+00 4.594938e+00 3.870996e+00 2.445764e+00 4.197313e-01 3.966475e-02 1.996161e-01 1.430514e-01 3.587132e-01 3.145050e-01 2.002742e-01 3.783241e-01 3.526860e-01 3.300706e-01 6.409462e-01 6.378005e-01 5.592087e-01 2.742815e-02
<GCONST> 1.100514e+02
<STATE> 11
<MEAN> 39
 8.579040e-02 -1.438288e+01 -3.407847e+00 -1.201151e+01 -6.363849e+00 -2.118714e+00 -6.484344e+00 -2.109266e+00 3.744446e+00 -2.132709e+00 -1.024235e+01 -9.809195e+00 7.531011e+01 -2.295240e-01 -1.143789e+00 -2.462338e-01 1.112641e-02 -5.476275e-02 5.560091e-01 1.187683e+00 1.509626e+00 -8.611506e-02 -1.195814e+00 -9.030652e-01 1.092604e+00 5.194308e-01 -2.338449e-02 4.797207e-01 3.626381e-01 3.173652e-01 -1.135474e-02 -5.813983e-01 -2.248886e-01 -4.674819e-01 -1.817964e-01 1.996232e-01 6.229047e-01 3.616714e-01 -2.487315e-01
<VARIANCE> 39
 4.845462e+00 1.435068e+01 6.591977e+01 1.032482e+01 1.530872e+02 1.332036e+02 3.518984e+01 1.400613e+02 7.998946e+01 7.111501e+01 9.103023e+01 8.076611e+01 6.877107e+00 2.159364e-01 1.720228e+00 1.289099e+00 1.286035e+00 8.537450e-01 3.795493e+00 2.451241e+00 1.910885e+00 1.502386e+00 2.421041e+00 2.343678e+00 2.163506e+00 3.634464e-01 4.483012e-02 1.729660e-01 2.116218e-01 2.710337e-01 1.374812e-01 3.076542e-01 3.279084e-01 3.486703e-01 2.297540e-01 3.590102e-01 3.209339e-01 4.334750e-01 3.503736e-02
<GCONST> 1.036139e+02
<STATE> 12
<MEAN> 39
 -1.090968e+00 -1.431057e+01 -4.719246e+00 -8.951877e+00 -2.626905e+00 -1.593325e+01 -4.706659e-01 4.562809e+00 -4.211015e+00 -9.623059e+00 -1.066865e+01 -2.926345e+00 7.516409e+01 -8.387613e-02 7.625801e-01 7.733969e-01 7.232410e-01 -4.168144e-01 -3.157162e-01 1.674242e-01 -5.839118e-01 -2.663660e-01 -3.086678e-01 7.340214e-01 4.418497e-01 -5.605666e-01 1.069605e-02 4.555160e-01 1.856277e-01 1.341121e-01 3.563862e-02 1.307280e-01 -3.868391e-01 -4.688225e-01 -5.046327e-02 1.718669e-02 3.564931e-02 -2.113958e-01 -2.314797e-01
<VARIANCE> 39
 4.379330e+00 1.757374e+01 3.560107e+01 5.806417e+00 5.116710e+01 1.203935e+02 3.063223e+01 1.080674e+02 8.260976e+01 6.361280e+01 4.944268e+01 5.353201e+01 9.825241e+00 1.099549e-01 1.653572e+00 8.136050e-01 6.398984e-01 1.428986e+00 1.396507e+00 2.037504e+00 2.819863e+00 1.259605e+00 9.266663e-01 1.380543e+00 1.312693e+00 5.228326e-01 2.491801e-02 1.065016e-01 9.655701e-02 7.721384e-02 2.091275e-01 2.103116e-01 3.244047e-01 2.937544e-01 2.591866e-01 2.452167e-01 2.965611e-01 2.246376e-01 4.280626e-02
<GCONST> 9.217712e+01
<STATE> 13
<MEAN> 39
 -1.037707e+00 -5.474433e+00 3.299103e+00 -4.540879e+00 -4.915094e+00 -9.842349e+00 -6.361151e+00 -6.386706e+00 -1.560661e+00 -9.428014e+00 -7.413398e+00 -4.285385e+00 6.985976e+01 -5.488252e-02 2.355992e+00 1.133129e+00 7.551233e-01 2.082655e-01 -2.565030e-01 -1.036403e+00 -1.613870e+00 -4.864192e-01 -7.832524e-01 3.215212e-01 -4.017474e-01 -1.092505e+00 1.429606e-03 -2.008821e-01 -2.254617e-01 -2.239288e-01 4.281171e-02 1.119735e-01 2.557160e-01 3.704502e-01 1.314288e-01 -6.941345e-02 -1.462859e-01 -1.471096e-01 1.481245e-01
<VARIANCE> 39
 2.709225e+00 1.277646e+01 2.764125e+01 7.820892e+00 2.744997e+01 5.659467e+01 2.490879e+01 4.659779e+01 5.565831e+01 3.301065e+01 7.025102e+01 5.579564e+01 4.640265e+00 1.977771e-01 3.855079e-01 6.198468e-01 1.125026e+00 2.986097e+00 2.895749e+00 1.863275e+00 2.228797e+00 2.292403e+00 1.696463e+00 1.215218e+00 1.060254e+00 1.412926e-01 2.886364e-02 5.689644e-02 3.441183e-02 1.165596e-01 2.742807e-01 2.725356e-01 2.288297e-01 2.621324e-01 1.503734e-01 1.360690e-01 1.932828e-01 1.487216e-01 1.133542e-02
<GCONST> 8.337263e+01
<STATE> 14
<MEAN> 39
 -1.388153e+00 3.040788e+00 3.935283e+00 -4.412880e+00 -4.971461e+00 -1.250836e+01 -8.330600e+00 -1.001702e+01 -6.582128e+00 -1.645829e+01 -1.049803e+01 -9.715673e+00 6.575961e+01 -4.843486e-01 8.834369e-01 2.444313e-01 4.998702e-01 6.704069e-01 7.080821e-01 2.002506e-01 -7.070536e-01 -4.386136e-01 -5.893674e-01 2.191453e-01 -2.786146e-01 -6.871303e-01 -1.382174e-01 -2.583826e-01 -9.301033e-02 7.903395e-02 1.832270e-01 9.480580e-02 1.690686e-01 8.118647e-02 -2.418665e-02 1.190427e-01 9.516941e-02 7.975647e-02 -7.199019e-03
<VARIANCE> 39
 4.510960e+00 1.366572e+01 8.149529e+00 6.017772e+00 1.031595e+01 2.139247e+01 8.919065e+00 3.146526e+01 3.363494e+01 4.171556e+01 4.460084e+01 4.199039e+01 5.602007e+00 1.379914e-01 5.311236e-01 4.380064e-01 5.387749e-01 7.332973e-01 1.227644e+00 9.374369e-01 6.912115e-01 1.585791e+00 2.241369e+00 1.495329e+00 1.158059e+00 6.471348e-02 1.276645e-02 2.956492e-02 2.359735e-02 8.097040e-02 1.139904e-01 2.620615e-01 2.236485e-01 1.482168e-01 2.105300e-01 3.853364e-01 2.943205e-01 1.898497e-01 7.656926e-03
<GCONST> 7.038453e+01
<STATE> 15
<MEAN> 39
 -5.102087e+00 3.492046e+00 6.495733e+00 1.930416e+00 4.007569e+00 -3.794379e+00 -2.238256e+00 -5.749333e+00 6.032878e-01 -1.162871e+01 -3.717652e+00 -3.954716e+00 6.300876e+01 -7.766756e-01 2.890418e-01 -2.442249e-01 2.387909e-01 5.512940e-01 2.483212e-01 5.026741e-01 2.591351e-01 4.511819e-02 9.543647e-02 3.168858e-01 -7.766022e-02 -8.247243e-01 -6.263389e-02 -1.775546e-01 -9.453890e-02 -1.793598e-01 -2.705905e-01 -8.293553e-02 -1.394999e-02 -1.508142e-02 2.412421e-02 1.460629e-01 3.459235e-02 -3.598760e-03 3.102980e-02
<VARIANCE> 39
 6.154463e+00 5.906373e+00 9.089258e+00 8.597391e+00 2.016400e+01 2.304592e+01 2.313674e+01 5.414444e+01 3.204877e+01 2.974745e+01 1.960567e+01 1.656920e+01 5.415166e+00 1.764447e-01 7.223506e-01 4.599101e-01 7.374846e-01 1.180274e+00 5.169835e-01 1.029342e+00 1.930562e+00 8.485388e-01 1.643851e+00 1.369944e+00 1.752217e+00 4.349829e-02 1.443366e-02 5.126821e-02 7.579146e-02 1.137717e-01 7.242545e-02 1.111968e-01 1.691825e-01 3.168938e-01 1.576565e-01 2.672734e-01 1.774976e-01 3.426203e-01 5.634809e-03
<GCONST> 7.150558e+01
<STATE> 16
<MEAN> 39
 -9.765799e+00 3.583403e+00 3.965050e+00 -2.123708e+00 -3.844620e-01 -6.463610e+00 -3.144698e+00 -1.269108e+01 -8.557321e+00 -1.529351e+01 -4.578671e+00 -9.469000e+00 5.917769e+01 -8.257933e-01 -4.314592e-01 -1.022047e-01 -7.291262e-02 2.732826e-01 6.145958e-01 7.208351e-01 -2.112452e-01 -4.820016e-01 -6.296293e-02 2.460128e-01 -1.464391e-01 -4.157728e-01 7.186825e-02 -7.543814e-02 -1.607945e-02 9.656630e-02 1.726788e-01 9.912886e-02 4.551332e-02 1.172168e-01 4.526347e-02 -1.071271e-01 -1.565569e-01 1.221698e-01 8.009020e-02
<VARIANCE> 39
 3.907783e+00 9.941510e+00 1.567128e+01 1.225545e+01 1.057233e+01 1.741225e+01 1.538588e+01 1.963015e+01 7.706259e+01 3.485789e+01 2.649045e+01 3.037337e+01 1.166429e+00 1.135436e-01 4.199111e-01 8.127042e-01 5.681241e-01 9.245328e-01 9.269848e-01 1.578001e+00 1.405830e+00 2.090394e+00 1.729055e+00 1.419540e+00 2.641251e+00 4.325271e-02 2.170118e-02 8.720627e-02 1.530228e-01 8.486097e-02 1.322011e-01 2.111419e-01 2.991012e-01 2.200927e-01 4.088745e-01 3.166856e-01 2.500774e-01 4.740733e-01 8.202186e-03
<GCONST> 7.666003e+01
<STATE> 17
<MEAN> 39
 -1.411081e+01 -9.293242e-01 4.201837e+00 4.132106e+00 9.754278e+00 3.266780e+00 4.840866e+00 -8.312576e+00 -7.191757e+00 -1.524812e+01 -4.786049e+00 -6.652978e+00 5.750033e+01 -4.573654e-01 -7.440881e-01 -3.740508e-01 8.425302e-02 6.017667e-01 7.643600e-01 5.486646e-01 3.063073e-01 -8.948143e-02 -2.107222e-01 -3.726614e-01 -2.057979e-01 -1.396667e-01 8.428144e-03 1.267506e-03 -4.856290e-02 -7.456524e-02 -1.133489e-01 -1.206563e-01 -5.524448e-02 6.899603e-02 7.404727e-02 8.682199e-02 3.434444e-03 -8.940618e-02 2.546325e-03
<VARIANCE> 39
 4.564396e+00 5.426185e+00 5.788239e+00 1.710940e+01 2.080009e+01 2.109406e+01 2.601695e+01 2.397550e+01 4.465553e+01 3.167304e+01 3.481701e+01 2.440221e+01 7.193679e-01 2.167450e-01 4.392501e-01 5.608914e-01 8.534862e-01 1.243937e+00 1.183832e+00 1.168225e+00 1.542332e+00 2.650538e+00 1.671924e+00 1.306803e+00 1.459196e+00 3.716350e-02 3.249622e-02 6.307402e-02 7.263181e-02 1.258207e-01 1.972257e-01 1.752108e-01 2.411236e-01 2.898643e-01 4.968722e-01 3.344595e-01 2.700121e-01 2.694803e-01 5.268038e-03
<GCONST> 7.582841e+01
<STATE> 18
<MEAN> 39
 -1.608631e+01 -4.614280e+00 -1.092989e+00 -2.896739e+00 2.943276e+00 -1.826546e+00 2.517233e+00 -6.464509e+00 -3.610436e+00 -1.039756e+01 -2.681654e+00 -7.865146e+00 5.688927e+01 -5.066380e-01 -5.428234e-01 -3.329499e-01 -1.895330e-01 -4.369988e-01 -1.171601e-01 2.929677e-01 6.363766e-01 9.655024e-01 1.053460e+00 6.268510e-01 1.760148e-01 -1.807090e-01 4.778558e-02 1.007264e-01 1.260820e-01 5.881558e-03 -2.724687e-02 4.156855e-02 -1.302510e-02 2.153414e-02 9.575862e-02 8.393598e-02 1.367183e-01 8.743175e-03 1.773476e-02
<VARIANCE> 39
 2.356242e+00 2.937217e+00 7.476057e+00 1.772372e+01 3.630180e+01 4.999691e+01 3.357979e+01 3.120340e+01 3.315328e+01 3.148520e+01 1.236326e+01 7.572421e+00 5.972244e-01 1.118011e-01 2.410671e-01 3.862115e-01 5.258275e-01 8.965814e-01 2.357131e+00 1.377354e+00 1.556525e+00 2.467208e+00 1.952956e+00 1.568356e+00 8.870112e-01 3.885117e-02 1.221934e-02 4.032367e-02 7.816552e-02 9.078372e-02 1.940696e-01 4.686733e-01 2.174782e-01 2.725956e-01 4.620962e-01 3.427980e-01 2.988932e-01 1.805737e-01 6.709745e-03
<GCONST> 7.133598e+01
<STATE> 19
<MEAN> 39
 -1.885684e+01 -6.936539e+00 -8.720599e-01 -1.222986e+00 5.825439e+00 2.172385e+00 6.344517e+00 -3.919807e+00 1.535914e-01 -9.023611e+00 -2.243834e+00 -9.010877e+00 5.598089e+01 -2.996511e-01 -2.365405e-01 -2.871648e-02 1.198292e-01 5.760797e-01 4.863892e-01 4.520076e-02 -1.891337e-01 7.532540e-02 -5.716886e-02 -1.247825e-01 -2.778470e-01 -1.312224e-01 3.406594e-02 -3.382682e-02 -1.091469e-01 -1.361431e-02 1.049094e-01 2.080954e-01 6.251964e-02 -1.431336e-01 -2.893982e-01 -1.261103e-01 -1.306977e-01 -7.739642e-02 -1.421101e-02
<VARIANCE> 39
 4.979471e+00 5.640086e+00 1.239430e+01 2.917814e+01 4.370446e+01 3.551902e+01 4.192258e+01 4.276920e+01 5.212362e+01 6.978670e+01 5.326416e+01 2.022337e+01 8.229233e-01 2.386907e-01 3.892211e-01 6.669355e-01 9.892168e-01 1.475497e+00 2.726553e+00 2.831802e+00 4.074251e+00 2.723301e+00 1.888419e+00 1.695491e+00 1.288701e+00 7.082962e-02 4.564844e-02 9.569940e-02 2.154312e-01 2.821673e-01 2.794865e-01 2.322132e-01 3.109803e-01 8.119693e-01 5.423533e-01 4.825353e-01 4.050168e-01 2.263689e-01 1.199078e-02
<GCONST> 9.104729e+01
<TRANSP> 20
 0.000000e+00 1.000000e+00 0.000000e+00 0.000000e+00 0.000000e+00 0.000000e+00 0.000000e+00 0.000000e+00 0.000000e+00 0.000000e+00 0.000000e+00 0.000000e+00 0.000000e+00 0.000000e+00 0.000000e+00 0.000000e+00 0.000000e+00 0.000000e+00 0.000000e+00 0.000000e+00
 0.000000e+00 8.181695e-01 1.818304e-01 0.000000e+00 0.000000e+00 0.000000e+00 0.000000e+00 0.000000e+00 0.000000e+00 0.000000e+00 0.000000e+00 0.000000e+00 0.000000e+00 0.000000e+00 0.000000e+00 0.000000e+00 0.000000e+00 0.000000e+00 0.000000e+00 0.000000e+00
 0.000000e+00 0.000000e+00 6.933551e-01 3.066449e-01 0.000000e+00 0.000000e+00 0.000000e+00 0.000000e+00 0.000000e+00 0.000000e+00 0.000000e+00 0.000000e+00 0.000000e+00 0.000000e+00 0.000000e+00 0.000000e+00 0.000000e+00 0.000000e+00 0.000000e+00 0.000000e+00
 0.000000e+00 0.000000e+00 0.000000e+00 8.057261e-01 1.942740e-01 0.000000e+00 0.000000e+00 0.000000e+00 0.000000e+00 0.000000e+00 0.000000e+00 0.000000e+00 0.000000e+00 0.000000e+00 0.000000e+00 0.000000e+00 0.000000e+00 0.000000e+00 0.000000e+00 0.000000e+00
 0.000000e+00 0.000000e+00 0.000000e+00 0.000000e+00 7.747893e-01 2.252107e-01 0.000000e+00 0.000000e+00 0.000000e+00 0.000000e+00 0.000000e+00 0.000000e+00 0.000000e+00 0.000000e+00 0.000000e+00 0.000000e+00 0.000000e+00 0.000000e+00 0.000000e+00 0.000000e+00
 0.000000e+00 0.000000e+00 0.000000e+00 0.000000e+00 0.000000e+00 8.837865e-01 1.162135e-01 0.000000e+00 0.000000e+00 0.000000e+00 0.000000e+00 0.000000e+00 0.000000e+00 0.000000e+00 0.000000e+00 0.000000e+00 0.000000e+00 0.000000e+00 0.000000e+00 0.000000e+00
 0.000000e+00 0.000000e+00 0.000000e+00 0.000000e+00 0.000000e+00 0.000000e+00 7.291937e-01 2.708063e-01 0.000000e+00 0.000000e+00 0.000000e+00 0.000000e+00 0.000000e+00 0.000000e+00 0.000000e+00 0.000000e+00 0.000000e+00 0.000000e+00 0.000000e+00 0.000000e+00
 0.000000e+00 0.000000e+00 0.000000e+00 0.000000e+00 0.000000e+00 0.000000e+00 0.000000e+00 8.320063e-01 1.679937e-01 0.000000e+00 0.000000e+00 0.000000e+00 0.000000e+00 0.000000e+00 0.000000e+00 0.000000e+00 0.000000e+00 0.000000e+00 0.000000e+00 0.000000e+00
 0.000000e+00 0.000000e+00 0.000000e+00 0.000000e+00 0.000000e+00 0.000000e+00 0.000000e+00 0.000000e+00 8.005221e-01 1.994779e-01 0.000000e+00 0.000000e+00 0.000000e+00 0.000000e+00 0.000000e+00 0.000000e+00 0.000000e+00 0.000000e+00 0.000000e+00 0.000000e+00
 0.000000e+00 0.000000e+00 0.000000e+00 0.000000e+00 0.000000e+00 0.000000e+00 0.000000e+00 0.000000e+00 0.000000e+00 7.954582e-01 2.045418e-01 0.000000e+00 0.000000e+00 0.000000e+00 0.000000e+00 0.000000e+00 0.000000e+00 0.000000e+00 0.000000e+00 0.000000e+00
 0.000000e+00 0.000000e+00 0.000000e+00 0.000000e+00 0.000000e+00 0.000000e+00 0.000000e+00 0.000000e+00 0.000000e+00 0.000000e+00 7.886756e-01 2.113244e-01 0.000000e+00 0.000000e+00 0.000000e+00 0.000000e+00 0.000000e+00 0.000000e+00 0.000000e+00 0.000000e+00
 0.000000e+00 0.000000e+00 0.000000e+00 0.000000e+00 0.000000e+00 0.000000e+00 0.000000e+00 0.000000e+00 0.000000e+00 0.000000e+00 0.000000e+00 8.215837e-01 1.784163e-01 0.000000e+00 0.000000e+00 0.000000e+00 0.000000e+00 0.000000e+00 0.000000e+00 0.000000e+00
 0.000000e+00 0.000000e+00 0.000000e+00 0.000000e+00 0.000000e+00 0.000000e+00 0.000000e+00 0.000000e+00 0.000000e+00 0.000000e+00 0.000000e+00 0.000000e+00 7.324191e-01 2.675810e-01 0.000000e+00 0.000000e+00 0.000000e+00 0.000000e+00 0.000000e+00 0.000000e+00
 0.000000e+00 0.000000e+00 0.000000e+00 0.000000e+00 0.000000e+00 0.000000e+00 0.000000e+00 0.000000e+00 0.000000e+00 0.000000e+00 0.000000e+00 0.000000e+00 0.000000e+00 7.857482e-01 2.142517e-01 0.000000e+00 0.000000e+00 0.000000e+00 0.000000e+00 0.000000e+00
 0.000000e+00 0.000000e+00 0.000000e+00 0.000000e+00 0.000000e+00 0.000000e+00 0.000000e+00 0.000000e+00 0.000000e+00 0.000000e+00 0.000000e+00 0.000000e+00 0.000000e+00 0.000000e+00 8.201839e-01 1.798161e-01 0.000000e+00 0.000000e+00 0.000000e+00 0.000000e+00
 0.000000e+00 0.000000e+00 0.000000e+00 0.000000e+00 0.000000e+00 0.000000e+00 0.000000e+00 0.000000e+00 0.000000e+00 0.000000e+00 0.000000e+00 0.000000e+00 0.000000e+00 0.000000e+00 0.000000e+00 8.251008e-01 1.748992e-01 0.000000e+00 0.000000e+00 0.000000e+00
 0.000000e+00 0.000000e+00 0.000000e+00 0.000000e+00 0.000000e+00 0.000000e+00 0.000000e+00 0.000000e+00 0.000000e+00 0.000000e+00 0.000000e+00 0.000000e+00 0.000000e+00 0.000000e+00 0.000000e+00 0.000000e+00 8.481221e-01 1.518780e-01 0.000000e+00 0.000000e+00
 0.000000e+00 0.000000e+00 0.000000e+00 0.000000e+00 0.000000e+00 0.000000e+00 0.000000e+00 0.000000e+00 0.000000e+00 0.000000e+00 0.000000e+00 0.000000e+00 0.000000e+00 0.000000e+00 0.000000e+00 0.000000e+00 0.000000e+00 8.062397e-01 1.937603e-01 0.000000e+00
 0.000000e+00 0.000000e+00 0.000000e+00 0.000000e+00 0.000000e+00 0.000000e+00 0.000000e+00 0.000000e+00 0.000000e+00 0.000000e+00 0.000000e+00 0.000000e+00 0.000000e+00 0.000000e+00 0.000000e+00 0.000000e+00 0.000000e+00 0.000000e+00 7.541724e-01 2.458276e-01
 0.000000e+00 0.000000e+00 0.000000e+00 0.000000e+00 0.000000e+00 0.000000e+00 0.000000e+00 0.000000e+00 0.000000e+00 0.000000e+00 0.000000e+00 0.000000e+00 0.000000e+00 0.000000e+00 0.000000e+00 0.000000e+00 0.000000e+00 0.000000e+00 0.000000e+00 0.000000e+00
<ENDHMM>
