~o
<STREAMINFO> 1 39
<VECSIZE> 39<NULLD><MFCC_D_A_0><DIAGC>
~h "sepuluh"
<BEGINHMM>
<NUMSTATES> 5
<STATE> 2
<MEAN> 39
 -1.292366e+01 2.084511e+00 -5.445682e+00 -5.684703e+00 1.417512e+00 -8.977306e+00 3.351685e-01 -9.948380e+00 4.668346e-01 -6.450641e+00 1.375047e+00 -6.001566e+00 6.345255e+01 7.042995e-01 3.929042e-01 -2.864119e-03 -4.603778e-01 -3.862883e-01 -8.150078e-02 -3.232569e-01 -3.129146e-01 -4.230046e-01 -1.249933e-01 1.577234e-01 2.025050e-01 3.514768e-01 2.300741e-02 -1.201187e-02 6.608652e-03 -8.561298e-03 2.597805e-02 5.550893e-02 -2.654633e-03 -4.169300e-02 -7.547510e-02 3.028420e-02 4.045990e-02 7.038036e-03 9.626452e-03
<VARIANCE> 39
 1.147951e+02 3.882888e+01 3.135445e+01 4.613114e+01 7.552837e+01 5.242134e+01 8.074532e+01 6.696430e+01 4.640911e+01 6.886222e+01 3.233991e+01 2.705942e+01 2.798678e+01 5.229023e+00 3.287341e+00 2.007699e+00 3.455072e+00 3.430926e+00 3.737456e+00 5.125872e+00 4.283541e+00 3.365215e+00 4.148163e+00 3.018705e+00 2.743481e+00 1.512787e+00 7.569064e-01 4.820441e-01 3.025187e-01 5.823801e-01 6.017763e-01 5.725901e-01 8.719913e-01 7.051958e-01 5.328798e-01 6.947057e-01 5.261470e-01 4.723065e-01 2.007484e-01
<GCONST> 1.297090e+02
<STATE> 3
<MEAN> 39
 2.744019e+00 3.627036e+00 -3.220315e+00 -1.267990e+01 -2.862778e+00 -3.693987e+00 -1.208426e+01 -2.054952e+01 -1.442044e+01 -3.613811e+00 1.016059e+01 -3.140106e+00 6.799614e+01 -2.674751e-01 -5.468386e-02 7.051384e-02 3.940814e-01 3.797217e-01 -2.563004e-04 -3.553986e-02 -1.371574e-01 3.355934e-02 8.854400e-02 6.796569e-02 -9.510154e-02 -1.343930e-01 -5.956342e-02 -1.531271e-02 2.471466e-02 5.337491e-02 -1.012690e-02 -6.852118e-02 9.994829e-03 8.644561e-02 1.060308e-01 -5.540303e-02 -9.998188e-02 -2.427580e-02 -4.110440e-02
<VARIANCE> 39
 6.396635e+00 1.535058e+01 4.681195e+01 4.102428e+01 6.225870e+01 4.199769e+01 6.583337e+01 5.911716e+01 5.277408e+01 6.015286e+01 5.299393e+01 4.867894e+01 5.386848e+00 2.943678e-01 6.507080e-01 1.139731e+00 2.318316e+00 1.351970e+00 1.907948e+00 2.131364e+00 2.763088e+00 2.757330e+00 3.124689e+00 2.211271e+00 2.741869e+00 2.230055e-01 3.553668e-02 9.328645e-02 1.819197e-01 3.242674e-01 2.337292e-01 3.361177e-01 3.461136e-01 3.559754e-01 4.489897e-01 4.722279e-01 3.111068e-01 4.816274e-01 2.081716e-02
<GCONST> 1.015586e+02
<STATE> 4
<MEAN> 39
 -1.270272e+01 -2.419175e+00 5.410781e-01 -1.163168e+00 4.346469e+00 -2.441092e+00 -1.980609e+00 -1.177408e+01 -6.760754e+00 -1.151350e+01 -1.471482e+00 -6.151632e+00 5.880054e+01 -6.743413e-01 -4.634805e-01 2.837324e-03 3.058191e-01 2.552247e-01 2.641734e-01 4.764426e-01 4.964054e-01 3.658764e-01 -1.717526e-01 -5.509537e-01 -3.624093e-01 -3.482503e-01 3.969387e-02 1.475532e-02 -2.956397e-02 -5.094242e-02 -1.497439e-02 2.598252e-02 1.439255e-03 -6.045356e-03 -1.913944e-02 5.754732e-03 1.446992e-02 -1.747106e-03 2.601247e-02
<VARIANCE> 39
 2.544377e+01 1.748014e+01 1.142744e+01 1.912722e+01 3.287823e+01 3.527380e+01 4.087484e+01 4.466061e+01 3.203819e+01 3.513754e+01 4.554990e+01 4.252526e+01 6.457239e+00 1.907355e-01 2.745419e-01 5.333701e-01 8.344406e-01 1.078567e+00 1.250808e+00 1.257730e+00 1.636492e+00 1.381398e+00 1.391710e+00 1.282754e+00 1.508063e+00 6.005916e-02 2.399997e-02 4.769893e-02 9.028033e-02 1.448137e-01 1.825109e-01 2.004868e-01 2.213499e-01 2.952100e-01 2.353107e-01 2.418190e-01 2.108203e-01 3.118062e-01 7.361775e-03
<GCONST> 8.230533e+01
<TRANSP> 5
 0.000000e+00 1.000000e+00 0.000000e+00 0.000000e+00 0.000000e+00
 0.000000e+00 9.691089e-01 3.089110e-02 0.000000e+00 0.000000e+00
 0.000000e+00 0.000000e+00 9.641603e-01 3.583975e-02 0.000000e+00
 0.000000e+00 0.000000e+00 0.000000e+00 9.585794e-01 4.142064e-02
 0.000000e+00 0.000000e+00 0.000000e+00 0.000000e+00 0.000000e+00
<ENDHMM>
