~o
<STREAMINFO> 1 39
<VECSIZE> 39<NULLD><MFCC_D_A_0><DIAGC>
~h "alarm"
<BEGINHMM>
<NUMSTATES> 20
<STATE> 2
<MEAN> 39
 -1.629388e+01 -7.371143e+00 -3.272525e+00 -4.379241e+00 3.990492e-01 -4.821157e+00 4.910021e-01 -6.300621e+00 -1.888408e-01 -6.333527e+00 -9.531174e-01 -6.935303e+00 5.740956e+01 1.904818e+00 -9.016992e-01 -1.687549e+00 -7.883384e-01 6.534063e-01 6.956817e-01 -3.392325e-01 -7.093262e-01 5.814456e-01 -8.630116e-02 -1.423886e+00 -1.008889e+00 1.717524e+00 6.805385e-01 -5.378500e-01 -6.014234e-01 -1.443495e-01 3.409472e-01 1.780412e-01 -3.330733e-01 -3.147892e-01 1.121853e-01 -1.221071e-01 -3.501396e-01 -3.807625e-01 7.780738e-01
<VARIANCE> 39
 6.901640e+00 4.513879e+00 1.484478e+01 1.352867e+01 1.162576e+01 2.212742e+01 2.435196e+01 1.330242e+01 2.587859e+01 2.004189e+01 1.433662e+01 1.123677e+01 3.428582e+00 3.106515e+00 1.787753e+00 2.778379e+00 1.976397e+00 4.093105e+00 3.136335e+00 5.060245e+00 4.551291e+00 3.792227e+00 3.706879e+00 2.796608e+00 2.278241e+00 2.274406e+00 2.288616e-01 2.204001e-01 4.304358e-01 3.484944e-01 5.554188e-01 4.520848e-01 5.365515e-01 8.173685e-01 5.542979e-01 4.533255e-01 4.700796e-01 3.065057e-01 2.137147e-01
<GCONST> 1.067861e+02
<STATE> 3
<MEAN> 39
 -3.270467e+00 -1.610083e+01 -1.397399e+01 -7.517252e+00 4.750590e+00 -1.373522e+00 -3.771875e+00 -1.283197e+01 2.233164e+00 -9.263606e+00 -8.462624e+00 -1.235581e+01 7.143967e+01 2.414572e+00 -1.253631e+00 -9.318039e-01 -3.310159e-01 -1.989207e-01 2.162549e-01 -1.072197e+00 -3.663497e-01 -4.016146e-01 -3.853812e-01 -6.565865e-01 -4.980213e-01 2.728755e+00 -6.072695e-01 5.452079e-01 7.551672e-01 1.345581e-01 -5.215185e-01 -1.995541e-01 1.283439e-01 3.954485e-01 -2.608802e-01 2.456188e-01 4.296130e-01 4.416060e-01 -6.131647e-01
<VARIANCE> 39
 2.181379e+01 1.989206e+01 4.499993e+01 2.360604e+01 8.369020e+01 5.543200e+01 1.031629e+02 1.157252e+02 8.023560e+01 9.489215e+01 4.760066e+01 2.394798e+01 2.458518e+01 2.230275e+00 4.085462e+00 5.483163e+00 3.341245e+00 5.594571e+00 3.562061e+00 3.273862e+00 1.044354e+01 3.723345e+00 5.791930e+00 4.884770e+00 3.110403e+00 3.085464e+00 3.339182e-01 5.417697e-01 3.856870e-01 4.275172e-01 6.002964e-01 5.341361e-01 6.643758e-01 1.143814e+00 7.147983e-01 8.882824e-01 4.890636e-01 5.178385e-01 3.381584e-01
<GCONST> 1.324509e+02
<STATE> 4
<MEAN> 39
 9.429036e-01 -1.541195e+01 -8.581518e+00 -1.011577e+01 7.810196e-01 -1.603051e+00 -4.180350e+00 -5.844754e+00 -2.788627e+00 -3.870274e+00 -1.790971e+00 -1.075838e+01 7.697399e+01 2.225174e-01 1.334231e+00 3.674394e-01 -5.849847e-01 -4.260149e-01 -4.968711e-01 -1.510411e-01 -1.503104e-01 1.900506e-01 6.665810e-01 4.199146e-01 3.726381e-01 -2.755600e-01 -3.816081e-02 2.825326e-01 2.301598e-02 -1.264824e-01 9.318356e-02 -1.795005e-01 -1.214955e-02 -2.534982e-01 1.406770e-01 1.440955e-01 -1.845612e-02 -7.258686e-02 -2.800703e-01
<VARIANCE> 39
 3.041927e+00 1.521003e+01 1.086213e+02 5.445014e+01 1.231658e+02 6.040039e+01 9.017069e+01 1.275992e+02 3.819838e+01 6.594337e+01 8.453254e+01 1.732663e+01 1.136803e+01 1.288430e-01 6.762436e-01 1.318121e+00 7.099774e-01 1.137584e+00 1.316088e+00 1.177054e+00 1.699102e+00 1.151773e+00 2.007459e+00 1.477255e+00 1.482070e+00 3.052558e-01 4.953805e-02 1.508712e-01 2.303867e-01 2.541978e-01 1.981530e-01 2.620888e-01 1.979782e-01 3.864434e-01 2.342019e-01 2.682276e-01 2.412187e-01 2.280391e-01 6.332247e-02
<GCONST> 9.734946e+01
<STATE> 5
<MEAN> 39
 2.114101e+00 -6.718522e+00 -9.313871e+00 -1.326746e+01 -3.651772e+00 -2.165148e+00 -6.042566e+00 -1.498360e+01 1.417740e+00 -1.326251e+00 -4.875488e+00 -1.052799e+01 7.257991e+01 1.460634e-01 9.054049e-01 1.500879e-01 -5.877067e-01 -4.463160e-02 1.337827e-01 -3.109218e-01 -4.162652e-01 1.353615e-01 6.344461e-01 8.550309e-02 -9.085768e-02 -3.475796e-01 -6.419824e-02 -3.897769e-01 -3.586752e-01 1.815941e-01 2.785113e-01 3.267103e-01 6.472504e-02 1.871923e-01 4.446677e-02 -3.565789e-01 -1.179430e-01 -7.320993e-02 1.388597e-01
<VARIANCE> 39
 2.754021e+00 8.840071e+00 4.019083e+01 2.543710e+01 9.764101e+01 9.736604e+01 6.981269e+01 1.078124e+02 4.486303e+01 5.972503e+01 1.212291e+02 1.851918e+01 5.839560e+00 1.053193e-01 5.061116e-01 1.248908e+00 8.821835e-01 1.050818e+00 1.360897e+00 7.029240e-01 1.343899e+00 1.169949e+00 1.384076e+00 1.035798e+00 6.958017e-01 1.032809e-01 1.180173e-02 4.574908e-02 1.183557e-01 1.009534e-01 1.335233e-01 1.939332e-01 1.235758e-01 3.186904e-01 2.104677e-01 2.942450e-01 2.014054e-01 2.014893e-01 1.137495e-02
<GCONST> 8.330804e+01
<STATE> 6
<MEAN> 39
 2.593585e+00 -7.609194e+00 -1.416826e+01 -1.227921e+01 2.179318e+00 -3.628737e+00 -9.484171e+00 -1.260460e+01 1.302029e+00 -7.023884e+00 -9.533257e+00 -1.015209e+01 7.227552e+01 -3.480931e-02 -8.152509e-01 -9.022754e-01 3.499536e-01 1.001429e+00 3.851668e-01 4.028750e-01 8.633496e-01 9.980699e-02 -8.542606e-01 -9.365888e-01 -3.759743e-01 3.000006e-01 -1.036176e-01 -1.081905e-01 1.759875e-01 7.685691e-02 1.505634e-02 -1.620824e-01 1.967954e-03 1.689959e-01 3.767162e-02 -4.069819e-02 -2.334949e-02 -8.295759e-02 6.134062e-02
<VARIANCE> 39
 2.199089e+00 1.332289e+01 3.824081e+01 2.198695e+01 5.451270e+01 3.384463e+01 5.447731e+01 9.107139e+01 4.316864e+01 7.360194e+01 1.523258e+02 2.808797e+01 4.258055e+00 1.792086e-01 5.885150e-01 8.128876e-01 7.414662e-01 6.295230e-01 1.480872e+00 1.877256e+00 1.952164e+00 2.998374e+00 2.294796e+00 1.035480e+00 2.299566e+00 8.376653e-02 2.934418e-02 1.476258e-01 1.429567e-01 1.112676e-01 1.471784e-01 2.275441e-01 2.330817e-01 2.069819e-01 3.312072e-01 4.326649e-01 2.795786e-01 3.373125e-01 2.115147e-02
<GCONST> 9.031136e+01
<STATE> 7
<MEAN> 39
 1.849433e+00 -1.232517e+01 -3.928717e+00 -1.242513e+01 1.241736e+01 -1.456252e+00 -1.105118e+01 4.406351e+00 -9.581592e-02 -4.143064e+00 -1.634707e+00 -1.588017e+01 7.721877e+01 -2.805271e-01 -6.620960e-01 4.398177e-01 4.350350e-01 -4.013970e-01 1.525545e-01 8.367730e-02 9.057877e-02 1.070226e-01 -2.180873e-01 -1.459331e-01 -1.429996e-01 1.918769e-01 6.419893e-03 1.234657e-01 -2.272225e-03 1.290945e-02 -3.047896e-01 -1.166895e-01 2.398892e-02 -1.743466e-01 -8.372665e-03 8.997123e-02 1.505460e-01 1.803634e-01 -8.498795e-02
<VARIANCE> 39
 1.588511e+00 9.833608e+00 7.486932e+01 1.993349e+01 6.241627e+01 2.187897e+01 4.027254e+01 1.450006e+02 2.227337e+01 3.419220e+01 6.998720e+01 3.795674e+01 6.941345e+00 1.302977e-01 3.327286e-01 4.970976e-01 6.325125e-01 1.490183e+00 1.468493e+00 1.318611e+00 1.786420e+00 8.265834e-01 2.213310e+00 9.126594e-01 9.337084e-01 9.276126e-02 2.394467e-02 5.023650e-02 6.711005e-02 8.979707e-02 1.073808e-01 2.062692e-01 2.112488e-01 3.049444e-01 1.550411e-01 1.498460e-01 1.888313e-01 1.647410e-01 1.106941e-02
<GCONST> 7.937123e+01
<STATE> 8
<MEAN> 39
 -5.488256e-01 -1.012047e+01 -1.596899e+01 -5.941338e+00 -3.728533e+00 2.324022e+00 -4.246599e+00 -1.409014e+01 3.455503e+00 -5.991904e+00 -7.894624e+00 -1.059507e+01 7.399531e+01 -1.790946e-01 -3.570518e-02 6.881375e-02 4.160224e-01 -4.674747e-01 -1.069463e+00 5.786290e-02 3.007358e-01 -1.024232e-01 -1.804156e-01 2.818917e-01 5.655264e-01 -2.326462e-01 8.798779e-02 1.437653e-01 2.190970e-01 -1.211001e-01 1.924869e-02 -3.047643e-01 9.382107e-02 1.987181e-02 -1.743751e-01 2.332254e-01 7.676328e-02 2.431665e-02 -1.296305e-01
<VARIANCE> 39
 2.240276e+00 1.784763e+01 4.519846e+01 3.826015e+01 6.415234e+01 8.751965e+01 6.891988e+01 8.467513e+01 4.892647e+01 1.656936e+02 5.337157e+01 7.134348e+01 5.284869e+00 2.138715e-01 1.679810e-01 7.943408e-01 1.048486e+00 8.926373e-01 1.742694e+00 7.074170e-01 2.919387e-01 1.550254e+00 2.342563e+00 8.448717e-01 1.187779e+00 9.730776e-02 3.495128e-02 6.891946e-02 2.293584e-01 1.804766e-01 1.665992e-01 2.168047e-01 1.499778e-01 1.467677e-01 3.141631e-01 6.611149e-01 1.599214e-01 2.858103e-01 1.359267e-02
<GCONST> 8.804903e+01
<STATE> 9
<MEAN> 39
 9.321967e-02 -9.463988e+00 -8.247394e+00 -8.077771e+00 1.240800e+00 -7.896231e+00 -7.245651e+00 -5.355010e+00 -2.103019e+00 -5.887314e+00 -2.223672e+00 -1.198018e+01 7.277650e+01 2.058355e-01 2.759177e-01 6.450373e-01 2.930757e-01 -5.721728e-01 -1.277284e+00 4.500645e-01 3.931053e-01 -6.511971e-01 1.609813e+00 8.249152e-01 -5.218079e-01 -3.832636e-01 7.799951e-02 -1.596273e-01 -8.555173e-02 2.639621e-01 3.890508e-02 1.565758e-01 -9.234959e-02 1.207017e-01 1.110572e-01 -2.578541e-02 -9.639192e-02 -1.269396e-01 1.170210e-01
<VARIANCE> 39
 3.341878e+00 1.928775e+01 9.269640e+01 2.714724e+01 4.137356e+01 1.778914e+01 3.434087e+01 1.418764e+02 4.000204e+01 9.176997e+01 9.755183e+01 5.225906e+01 9.825556e+00 1.628043e-01 1.158907e+00 1.414935e+00 1.241531e+00 1.757734e+00 1.496755e+00 5.378466e-01 2.402306e+00 2.660243e+00 2.615584e+00 1.067387e+00 1.881017e+00 3.043413e-01 2.150606e-02 3.197685e-01 2.342775e-01 1.727768e-01 4.861761e-01 2.639809e-01 2.235785e-01 4.404052e-01 4.608301e-01 6.881641e-01 2.408490e-01 2.867742e-01 9.840789e-02
<GCONST> 1.006653e+02
<STATE> 10
<MEAN> 39
 3.846262e-01 -1.172213e+01 -4.821181e+00 -4.772037e+00 -1.587112e+00 -8.178244e+00 -3.101879e+00 -3.037362e+00 2.119132e+00 1.589182e+00 -1.643003e+00 -1.357137e+01 7.241859e+01 8.394992e-02 1.231713e-01 5.234963e-01 1.275527e+00 -2.796429e-01 -1.006266e+00 3.038110e-01 4.821512e-01 1.773882e-01 -2.999452e-01 3.115254e-02 -6.244868e-01 -2.437744e-01 1.601175e-02 3.154416e-02 9.446198e-02 4.325899e-02 1.294602e-01 1.127006e-01 -1.731370e-01 1.311451e-03 -2.085702e-01 -5.211330e-01 -4.249917e-02 -7.285374e-02 1.002268e-01
<VARIANCE> 39
 7.891065e+00 1.326226e+01 8.019558e+01 3.154728e+01 3.774500e+01 3.616206e+01 6.521003e+01 8.279908e+01 1.964901e+01 4.196439e+01 7.583908e+01 2.899759e+01 1.056798e+01 8.882317e-01 3.051115e+00 9.008837e-01 7.083942e-01 3.061944e+00 2.983244e+00 2.170701e+00 2.384829e+00 2.210799e+00 2.440669e+00 1.426829e+00 2.994694e+00 1.372994e+00 1.595487e-01 4.273489e-01 1.114813e-01 1.437248e-01 4.991284e-01 7.241755e-01 3.297593e-01 1.952038e-01 2.696359e-01 4.772097e-01 3.380600e-01 5.827829e-01 1.766700e-01
<GCONST> 1.086157e+02
<STATE> 11
<MEAN> 39
 2.776937e+00 -1.353208e+01 -7.301168e+00 -4.368056e+00 -9.065793e-01 -1.259562e+01 -8.064010e+00 -1.333837e+00 -1.231292e+00 -4.482603e+00 -1.248632e+00 -1.582831e+01 7.464719e+01 -2.572995e-02 4.342520e-01 9.481498e-02 -5.074841e-01 8.665626e-02 4.909412e-01 -4.406165e-01 -5.257950e-01 -7.292291e-02 -6.123893e-01 1.934079e-01 4.090475e-01 -2.673116e-01 -7.945190e-02 4.396214e-01 1.709483e-01 -9.334515e-02 -2.677206e-02 1.186103e-01 2.105826e-02 -2.673987e-01 -7.750174e-02 6.535667e-02 1.295187e-01 1.282950e-01 -2.007830e-01
<VARIANCE> 39
 3.932776e+00 1.038723e+01 1.105494e+02 2.327437e+01 2.809865e+01 1.057866e+01 3.465629e+01 1.085173e+02 5.313385e+01 5.139666e+01 1.407337e+02 5.046268e+01 9.476116e+00 1.460782e-01 2.170530e+00 1.372880e+00 1.476541e+00 1.322642e+00 6.689600e-01 1.879226e+00 2.081790e+00 1.819831e+00 1.319359e+00 2.242700e+00 2.098174e+00 3.394308e-01 4.347539e-02 8.275975e-02 2.155959e-01 3.288300e-01 2.504979e-01 1.989740e-01 3.232642e-01 2.358402e-01 3.635332e-01 3.155437e-01 4.207294e-01 4.186629e-01 1.877671e-02
<GCONST> 9.661633e+01
<STATE> 12
<MEAN> 39
 4.706780e-01 -2.240343e+00 -5.209780e+00 -7.609874e+00 -3.481772e+00 -1.223145e+01 -1.021529e+01 -1.202535e+01 -3.294093e+00 -1.213009e+01 -8.926971e+00 -1.369825e+01 6.802946e+01 -2.898427e-01 1.612480e+00 1.501979e+00 3.928527e-01 -3.867603e-01 -3.032456e-01 -2.240431e-01 -6.778227e-01 -1.213326e+00 -8.147228e-01 2.655278e-01 -2.888671e-01 -6.706245e-01 -5.095629e-02 -1.089542e-01 -3.605703e-02 5.176910e-02 9.461722e-02 5.752810e-02 5.706937e-02 4.913177e-03 1.152790e-02 2.771102e-02 -9.354925e-02 6.322659e-02 2.817860e-02
<VARIANCE> 39
 4.057694e+00 2.539135e+01 3.586022e+01 1.380601e+01 1.649134e+01 1.445566e+01 2.742727e+01 4.262898e+01 2.018596e+01 4.567895e+01 1.060869e+02 1.400240e+01 8.565839e+00 1.522965e-01 4.487337e-01 1.043242e+00 1.046316e+00 1.546780e+00 7.243065e-01 8.308281e-01 1.932726e+00 1.169660e+00 1.816263e+00 2.438421e+00 1.526687e+00 1.081739e-01 2.476805e-02 6.542782e-02 1.722456e-01 2.154423e-01 1.735021e-01 1.397513e-01 1.412154e-01 3.067788e-01 2.481362e-01 3.135016e-01 2.693925e-01 1.949376e-01 1.211579e-02
<GCONST> 8.267728e+01
<STATE> 13
<MEAN> 39
 -8.530862e-01 3.788844e+00 2.948508e+00 -2.403327e+00 -2.366442e+00 -1.141081e+01 -9.572136e+00 -1.531411e+01 -8.328565e+00 -1.147109e+01 -2.447819e+00 -9.982269e+00 6.578476e+01 -6.570670e-01 8.516056e-01 6.033223e-01 4.093154e-01 1.936008e-01 2.887438e-01 1.457121e-01 -4.231468e-01 -1.397347e-01 -6.626975e-02 -1.964423e-02 4.914950e-01 -7.225137e-01 -9.414405e-02 -1.729523e-01 -8.921022e-02 -9.941186e-02 -1.656111e-02 3.481489e-02 1.233765e-01 2.343492e-01 2.161761e-01 2.210854e-01 7.250247e-02 -9.974898e-02 -1.411071e-02
<VARIANCE> 39
 3.925325e+00 1.263071e+01 1.011312e+01 1.554052e+01 7.118361e+00 1.290093e+01 2.298176e+01 2.460697e+01 1.041478e+01 3.136571e+01 5.086588e+01 2.209433e+01 4.117834e+00 1.386246e-01 3.816996e-01 5.564383e-01 8.370579e-01 8.889758e-01 5.436245e-01 9.849131e-01 1.913415e+00 6.770579e-01 1.006505e+00 1.314771e+00 1.182901e+00 3.154378e-02 1.370986e-02 2.507614e-02 8.077279e-02 1.858814e-01 6.188360e-02 7.963962e-02 1.576821e-01 9.041893e-02 1.100449e-01 1.429728e-01 1.362931e-01 2.694634e-01 5.242201e-03
<GCONST> 6.408493e+01
<STATE> 14
<MEAN> 39
 -5.759047e+00 3.590664e+00 4.705503e+00 1.519226e+00 3.533315e+00 -2.725374e+00 1.151168e+00 -6.842815e+00 -2.113858e+00 -6.775774e+00 3.731856e-02 -9.712698e+00 6.232246e+01 -8.404076e-01 4.872498e-01 5.320855e-01 1.790280e-02 2.863368e-01 1.025570e-02 5.804764e-02 5.782399e-01 6.329291e-01 -1.172638e-01 -2.702662e-03 4.279747e-01 -7.034607e-01 -4.082793e-02 -1.969242e-01 -7.932857e-02 -4.438619e-02 -2.074412e-01 -1.566850e-01 -4.550176e-03 -5.049931e-03 -2.180255e-02 -1.717466e-01 -1.546375e-01 -8.721928e-03 2.032566e-02
<VARIANCE> 39
 4.597187e+00 1.394861e+01 1.694791e+01 2.757558e+01 3.230734e+01 4.434774e+01 5.088605e+01 4.716796e+01 3.209211e+01 3.102196e+01 2.019618e+01 1.616415e+01 3.097173e+00 1.283167e-01 5.433293e-01 7.427862e-01 6.271746e-01 1.185547e+00 1.521738e+00 1.196616e+00 1.309849e+00 9.009504e-01 1.458786e+00 8.798988e-01 8.561248e-01 4.448549e-02 1.686428e-02 3.418109e-02 7.039911e-02 1.262511e-01 9.865802e-02 1.740331e-01 1.883705e-01 2.783988e-01 2.255212e-01 2.069970e-01 1.850748e-01 1.056385e-01 4.624985e-03
<GCONST> 7.377783e+01
<STATE> 15
<MEAN> 39
 -7.932206e+00 5.869251e+00 7.001694e+00 -2.511117e+00 -5.269886e+00 -1.292289e+01 -8.239364e+00 -1.412026e+01 -8.833020e+00 -1.596129e+01 -8.085774e+00 -1.306202e+01 6.031391e+01 -7.825929e-01 -7.325185e-03 8.566338e-01 5.996688e-01 8.611030e-02 1.820157e-01 5.321136e-01 7.282817e-02 -4.329388e-01 -4.832210e-01 -3.341302e-02 1.433899e-01 -5.093968e-01 3.099384e-02 -3.503070e-03 -4.321089e-03 1.363434e-02 3.622989e-02 9.724641e-02 3.036449e-02 -1.007721e-01 -2.055550e-01 -3.976621e-02 7.208750e-02 4.884312e-02 2.727219e-02
<VARIANCE> 39
 6.037963e+00 7.746377e+00 1.560583e+01 1.990956e+01 3.726977e+01 1.979891e+01 2.386193e+01 2.048172e+01 3.118639e+01 3.702024e+01 3.053886e+01 1.908653e+01 1.602238e+00 8.642041e-02 2.208055e-01 5.100157e-01 5.468522e-01 7.913906e-01 9.972132e-01 1.467261e+00 1.574509e+00 1.613915e+00 1.777728e+00 1.449937e+00 9.161390e-01 4.122036e-02 2.168076e-02 4.574927e-02 1.517620e-01 1.219407e-01 1.695660e-01 2.003608e-01 3.464233e-01 3.379651e-01 2.659717e-01 3.771801e-01 2.578703e-01 2.217183e-01 9.461780e-03
<GCONST> 7.520743e+01
<STATE> 16
<MEAN> 39
 -1.152317e+01 4.352480e+00 7.526116e+00 -7.536212e-01 -2.293308e+00 -7.055749e+00 -3.248216e+00 -1.445142e+01 -1.070255e+01 -1.593993e+01 -6.416800e+00 -1.057169e+01 5.817012e+01 -5.872045e-01 -3.044859e-01 2.078524e-01 4.948037e-01 4.194801e-01 5.094757e-01 1.915722e-01 -1.899177e-02 -1.446629e-01 1.585210e-01 3.477241e-01 1.841865e-01 -2.924089e-01 -1.225298e-03 -8.224817e-02 7.778665e-03 1.263868e-01 7.252257e-02 -2.115229e-01 -2.094852e-01 7.310096e-02 1.590932e-01 5.153238e-02 7.828151e-02 1.713066e-02 2.951424e-02
<VARIANCE> 39
 2.391407e+00 8.882152e+00 1.684088e+01 1.204181e+01 2.124573e+01 2.316579e+01 2.067872e+01 3.975853e+01 4.465802e+01 4.700468e+01 3.256146e+01 2.253330e+01 7.311518e-01 2.422632e-01 7.898399e-01 1.747596e+00 1.007373e+00 1.585357e+00 1.561205e+00 1.236557e+00 1.997545e+00 1.955582e+00 2.252641e+00 1.917680e+00 2.548466e+00 7.258688e-02 4.169365e-02 1.597546e-01 2.664317e-01 1.245469e-01 2.542421e-01 3.028827e-01 2.284786e-01 3.005411e-01 3.449122e-01 4.652314e-01 3.258449e-01 4.333073e-01 9.465787e-03
<GCONST> 8.595223e+01
<STATE> 17
<MEAN> 39
 -1.519543e+01 5.179221e+00 1.417891e+01 4.128116e+00 -3.617089e+00 -1.099458e+01 -2.138904e+00 -8.464274e+00 -7.225595e+00 -1.431116e+01 -2.819653e+00 -7.558705e+00 5.612767e+01 -6.264224e-01 -5.846033e-01 -1.970393e-02 2.268444e-01 1.060804e-01 -1.536757e-01 1.374853e-01 7.398311e-01 7.537978e-01 3.937489e-01 2.226815e-01 1.992746e-01 -2.742603e-01 8.109941e-02 -7.026320e-02 -1.894451e-01 -6.680539e-02 1.472332e-01 2.357046e-01 3.773309e-02 -1.273668e-01 1.877284e-02 2.097944e-01 1.760011e-01 1.296630e-01 5.567364e-02
<VARIANCE> 39
 3.519858e+00 1.388964e+01 2.986995e+01 1.112571e+01 2.398992e+01 2.119155e+01 3.551424e+01 5.331199e+01 4.944414e+01 2.861656e+01 3.800138e+01 6.981635e+01 1.503668e+00 2.321518e-01 6.512133e-01 1.121121e+00 7.326142e-01 1.673716e+00 3.050301e+00 2.076066e+00 3.736949e+00 4.190031e+00 2.165256e+00 2.782569e+00 3.320866e+00 7.849038e-02 2.452681e-02 1.381366e-01 1.921910e-01 1.143011e-01 2.361614e-01 3.817087e-01 3.658706e-01 7.552354e-01 8.514462e-01 4.721781e-01 4.290695e-01 8.277465e-01 6.201981e-03
<GCONST> 9.394592e+01
<STATE> 18
<MEAN> 39
 -1.514300e+01 -3.615684e-01 7.121167e+00 4.232131e+00 4.943599e+00 -3.404074e+00 5.827642e-01 -5.732157e+00 -2.878101e-01 -8.388843e+00 1.101409e-01 -6.032101e+00 5.707738e+01 -1.706278e-01 -3.438229e-01 -2.543631e-01 6.802804e-02 2.178967e-01 1.659200e-01 -1.321915e-01 -1.825013e-01 -6.989704e-02 2.588863e-01 4.197727e-01 3.916888e-01 -4.630568e-02 1.564807e-02 3.586497e-02 -2.464209e-02 -1.099066e-01 -8.079325e-02 -6.480795e-02 5.107862e-02 4.404461e-03 1.174581e-02 5.191551e-02 -6.050970e-02 -2.614338e-02 1.485515e-04
<VARIANCE> 39
 3.308267e+00 5.514538e+00 1.339130e+01 1.564695e+01 2.000388e+01 2.488971e+01 3.686838e+01 3.198047e+01 2.384662e+01 2.359296e+01 2.633936e+01 2.574911e+01 8.960121e-01 2.464658e-01 3.914593e-01 8.340880e-01 1.298486e+00 2.063561e+00 1.975672e+00 1.893370e+00 2.482384e+00 1.327765e+00 1.721810e+00 1.718189e+00 1.920893e+00 5.864827e-02 3.582188e-02 4.751826e-02 1.370306e-01 2.433423e-01 3.960937e-01 3.263119e-01 2.636275e-01 4.161184e-01 2.530717e-01 2.839201e-01 2.945931e-01 2.643185e-01 1.240849e-02
<GCONST> 8.222208e+01
<STATE> 19
<MEAN> 39
 -1.809484e+01 -4.885564e-01 9.496415e+00 3.697834e+00 4.038712e-01 -9.386010e+00 -4.688668e+00 -1.154751e+01 -7.394581e+00 -1.124120e+01 2.516547e-01 -6.061147e+00 5.534499e+01 -4.750897e-01 -5.237567e-01 -3.082659e-01 -2.884184e-01 -1.564140e-01 -2.188884e-01 2.834181e-01 3.906499e-01 3.961251e-01 2.440323e-01 1.840161e-01 6.333589e-01 -1.892509e-01 3.459447e-02 -9.316911e-03 -6.461500e-02 -3.796918e-02 -5.530908e-02 2.784949e-02 -2.223518e-03 9.954066e-02 7.722923e-02 -2.149715e-01 -2.302330e-01 -6.127607e-02 5.684774e-03
<VARIANCE> 39
 8.831653e+00 8.965240e+00 5.752166e+01 4.730507e+01 2.572324e+01 4.557265e+01 3.087546e+01 3.216169e+01 3.089021e+01 4.349250e+01 5.914615e+01 2.902830e+01 2.721642e+00 1.490941e-01 4.062563e-01 8.013102e-01 9.000908e-01 1.104962e+00 9.953180e-01 1.612745e+00 1.135138e+00 1.027003e+00 1.350202e+00 1.419312e+00 1.548922e+00 2.097306e-02 3.488505e-02 5.418976e-02 1.081952e-01 1.988109e-01 2.335399e-01 2.066442e-01 2.575471e-01 2.303386e-01 1.541610e-01 2.542958e-01 3.121472e-01 2.376003e-01 4.393709e-03
<GCONST> 8.116275e+01
<TRANSP> 20
 0.000000e+00 1.000000e+00 0.000000e+00 0.000000e+00 0.000000e+00 0.000000e+00 0.000000e+00 0.000000e+00 0.000000e+00 0.000000e+00 0.000000e+00 0.000000e+00 0.000000e+00 0.000000e+00 0.000000e+00 0.000000e+00 0.000000e+00 0.000000e+00 0.000000e+00 0.000000e+00
 0.000000e+00 7.335936e-01 2.664064e-01 0.000000e+00 0.000000e+00 0.000000e+00 0.000000e+00 0.000000e+00 0.000000e+00 0.000000e+00 0.000000e+00 0.000000e+00 0.000000e+00 0.000000e+00 0.000000e+00 0.000000e+00 0.000000e+00 0.000000e+00 0.000000e+00 0.000000e+00
 0.000000e+00 0.000000e+00 7.875809e-01 2.124191e-01 0.000000e+00 0.000000e+00 0.000000e+00 0.000000e+00 0.000000e+00 0.000000e+00 0.000000e+00 0.000000e+00 0.000000e+00 0.000000e+00 0.000000e+00 0.000000e+00 0.000000e+00 0.000000e+00 0.000000e+00 0.000000e+00
 0.000000e+00 0.000000e+00 0.000000e+00 7.928472e-01 2.071528e-01 0.000000e+00 0.000000e+00 0.000000e+00 0.000000e+00 0.000000e+00 0.000000e+00 0.000000e+00 0.000000e+00 0.000000e+00 0.000000e+00 0.000000e+00 0.000000e+00 0.000000e+00 0.000000e+00 0.000000e+00
 0.000000e+00 0.000000e+00 0.000000e+00 0.000000e+00 8.095009e-01 1.904990e-01 0.000000e+00 0.000000e+00 0.000000e+00 0.000000e+00 0.000000e+00 0.000000e+00 0.000000e+00 0.000000e+00 0.000000e+00 0.000000e+00 0.000000e+00 0.000000e+00 0.000000e+00 0.000000e+00
 0.000000e+00 0.000000e+00 0.000000e+00 0.000000e+00 0.000000e+00 7.582505e-01 2.417495e-01 0.000000e+00 0.000000e+00 0.000000e+00 0.000000e+00 0.000000e+00 0.000000e+00 0.000000e+00 0.000000e+00 0.000000e+00 0.000000e+00 0.000000e+00 0.000000e+00 0.000000e+00
 0.000000e+00 0.000000e+00 0.000000e+00 0.000000e+00 0.000000e+00 0.000000e+00 7.700749e-01 2.299251e-01 0.000000e+00 0.000000e+00 0.000000e+00 0.000000e+00 0.000000e+00 0.000000e+00 0.000000e+00 0.000000e+00 0.000000e+00 0.000000e+00 0.000000e+00 0.000000e+00
 0.000000e+00 0.000000e+00 0.000000e+00 0.000000e+00 0.000000e+00 0.000000e+00 0.000000e+00 7.233133e-01 2.766867e-01 0.000000e+00 0.000000e+00 0.000000e+00 0.000000e+00 0.000000e+00 0.000000e+00 0.000000e+00 0.000000e+00 0.000000e+00 0.000000e+00 0.000000e+00
 0.000000e+00 0.000000e+00 0.000000e+00 0.000000e+00 0.000000e+00 0.000000e+00 0.000000e+00 0.000000e+00 6.395422e-01 3.604578e-01 0.000000e+00 0.000000e+00 0.000000e+00 0.000000e+00 0.000000e+00 0.000000e+00 0.000000e+00 0.000000e+00 0.000000e+00 0.000000e+00
 0.000000e+00 0.000000e+00 0.000000e+00 0.000000e+00 0.000000e+00 0.000000e+00 0.000000e+00 0.000000e+00 0.000000e+00 6.680748e-01 3.319252e-01 0.000000e+00 0.000000e+00 0.000000e+00 0.000000e+00 0.000000e+00 0.000000e+00 0.000000e+00 0.000000e+00 0.000000e+00
 0.000000e+00 0.000000e+00 0.000000e+00 0.000000e+00 0.000000e+00 0.000000e+00 0.000000e+00 0.000000e+00 0.000000e+00 0.000000e+00 7.782589e-01 2.217411e-01 0.000000e+00 0.000000e+00 0.000000e+00 0.000000e+00 0.000000e+00 0.000000e+00 0.000000e+00 0.000000e+00
 0.000000e+00 0.000000e+00 0.000000e+00 0.000000e+00 0.000000e+00 0.000000e+00 0.000000e+00 0.000000e+00 0.000000e+00 0.000000e+00 0.000000e+00 8.197057e-01 1.802943e-01 0.000000e+00 0.000000e+00 0.000000e+00 0.000000e+00 0.000000e+00 0.000000e+00 0.000000e+00
 0.000000e+00 0.000000e+00 0.000000e+00 0.000000e+00 0.000000e+00 0.000000e+00 0.000000e+00 0.000000e+00 0.000000e+00 0.000000e+00 0.000000e+00 0.000000e+00 7.700134e-01 2.299866e-01 0.000000e+00 0.000000e+00 0.000000e+00 0.000000e+00 0.000000e+00 0.000000e+00
 0.000000e+00 0.000000e+00 0.000000e+00 0.000000e+00 0.000000e+00 0.000000e+00 0.000000e+00 0.000000e+00 0.000000e+00 0.000000e+00 0.000000e+00 0.000000e+00 0.000000e+00 7.046459e-01 2.953541e-01 0.000000e+00 0.000000e+00 0.000000e+00 0.000000e+00 0.000000e+00
 0.000000e+00 0.000000e+00 0.000000e+00 0.000000e+00 0.000000e+00 0.000000e+00 0.000000e+00 0.000000e+00 0.000000e+00 0.000000e+00 0.000000e+00 0.000000e+00 0.000000e+00 0.000000e+00 7.940072e-01 2.059928e-01 0.000000e+00 0.000000e+00 0.000000e+00 0.000000e+00
 0.000000e+00 0.000000e+00 0.000000e+00 0.000000e+00 0.000000e+00 0.000000e+00 0.000000e+00 0.000000e+00 0.000000e+00 0.000000e+00 0.000000e+00 0.000000e+00 0.000000e+00 0.000000e+00 0.000000e+00 7.733489e-01 2.266512e-01 0.000000e+00 0.000000e+00 0.000000e+00
 0.000000e+00 0.000000e+00 0.000000e+00 0.000000e+00 0.000000e+00 0.000000e+00 0.000000e+00 0.000000e+00 0.000000e+00 0.000000e+00 0.000000e+00 0.000000e+00 0.000000e+00 0.000000e+00 0.000000e+00 0.000000e+00 7.344528e-01 2.655472e-01 0.000000e+00 0.000000e+00
 0.000000e+00 0.000000e+00 0.000000e+00 0.000000e+00 0.000000e+00 0.000000e+00 0.000000e+00 0.000000e+00 0.000000e+00 0.000000e+00 0.000000e+00 0.000000e+00 0.000000e+00 0.000000e+00 0.000000e+00 0.000000e+00 0.000000e+00 8.301322e-01 1.698678e-01 0.000000e+00
 0.000000e+00 0.000000e+00 0.000000e+00 0.000000e+00 0.000000e+00 0.000000e+00 0.000000e+00 0.000000e+00 0.000000e+00 0.000000e+00 0.000000e+00 0.000000e+00 0.000000e+00 0.000000e+00 0.000000e+00 0.000000e+00 0.000000e+00 0.000000e+00 7.833296e-01 2.166705e-01
 0.000000e+00 0.000000e+00 0.000000e+00 0.000000e+00 0.000000e+00 0.000000e+00 0.000000e+00 0.000000e+00 0.000000e+00 0.000000e+00 0.000000e+00 0.000000e+00 0.000000e+00 0.000000e+00 0.000000e+00 0.000000e+00 0.000000e+00 0.000000e+00 0.000000e+00 0.000000e+00
<ENDHMM>
