~o
<STREAMINFO> 1 39
<VECSIZE> 39<NULLD><MFCC_D_A_0><DIAGC>
~h "belas"
<BEGINHMM>
<NUMSTATES> 5
<STATE> 2
<MEAN> 39
 -4.873997e+00 -2.600605e+00 2.940947e+00 -7.402262e+00 1.415656e+00 -6.607729e+00 -9.088311e+00 -1.035281e+01 3.103411e-01 -2.697266e+00 1.429559e+00 -1.025001e+01 6.655576e+01 7.351424e-01 1.839000e-01 -1.985017e-01 -2.302359e-01 -3.331915e-01 -1.893455e-01 -5.924806e-01 -4.114525e-01 2.489096e-01 8.334810e-02 -2.623093e-01 -2.634481e-01 7.754509e-01 -2.226362e-02 -6.130935e-02 -8.124076e-02 -5.918351e-03 -1.978570e-02 2.471156e-02 4.543813e-03 2.764684e-02 2.720189e-02 -4.355687e-02 -8.730157e-02 6.404434e-02 1.734336e-02
<VARIANCE> 39
 5.931051e+01 5.696436e+01 3.123399e+01 6.331066e+01 9.370544e+01 6.613377e+01 1.237722e+02 1.566584e+02 7.078284e+01 1.107086e+02 6.422130e+01 3.796614e+01 6.843179e+01 2.288076e+00 5.304442e+00 3.963332e+00 4.086737e+00 3.773162e+00 2.989736e+00 4.921293e+00 5.920118e+00 5.279158e+00 6.748103e+00 3.690700e+00 2.597573e+00 9.240074e-01 2.329448e-01 6.577100e-01 6.459757e-01 7.135860e-01 6.108536e-01 3.732519e-01 5.515983e-01 8.469139e-01 8.940412e-01 1.119258e+00 6.423968e-01 4.332646e-01 1.131071e-01
<GCONST> 1.354706e+02
<STATE> 3
<MEAN> 39
 -2.500279e+00 -5.775151e+00 -7.726194e+00 -7.506391e+00 -2.148013e+00 -9.831267e+00 -7.237339e+00 -8.398064e+00 3.008744e+00 -8.675192e+00 -1.396447e+01 -6.050408e+00 7.216593e+01 -9.852318e-01 7.261778e-01 -4.044690e-01 5.529351e-01 3.239506e-01 -1.904499e-01 8.894274e-01 2.345107e-01 -1.819366e-01 -4.077207e-01 -2.888058e-02 1.260121e-01 -5.751745e-02 -7.542133e-02 1.110887e-01 3.916788e-02 2.990774e-03 3.807633e-02 -2.234969e-02 1.103688e-02 -1.780007e-02 -6.586868e-02 8.375705e-02 1.271092e-01 -5.249297e-02 -3.002271e-02
<VARIANCE> 39
 5.513858e+01 6.236362e+01 2.517094e+01 4.088290e+01 6.221014e+01 1.858436e+02 8.269506e+01 1.129822e+02 5.892046e+01 5.939167e+01 4.417031e+01 5.004188e+01 1.195876e+01 1.983895e+00 3.149690e+00 1.933531e+00 1.371107e+00 1.838277e+00 1.639761e+00 1.529298e+00 2.252563e+00 2.034581e+00 2.163904e+00 2.592194e+00 1.831939e+00 3.539076e-01 1.738722e-01 2.705837e-01 3.458356e-01 1.641761e-01 2.851646e-01 2.385230e-01 2.928592e-01 3.023103e-01 3.685564e-01 3.335918e-01 3.130046e-01 2.905519e-01 5.012503e-02
<GCONST> 1.122216e+02
<STATE> 4
<MEAN> 39
 -2.428012e+01 5.848504e+00 -9.053340e+00 2.302585e+00 5.279058e+00 -5.416237e+00 7.856615e+00 -7.687193e+00 -1.465326e+00 -1.090878e+01 -2.841757e+00 -6.909256e+00 6.277613e+01 1.113140e-01 -6.786512e-01 3.867833e-01 -1.937488e-01 9.873573e-02 4.694529e-01 -9.072953e-02 1.638913e-01 -1.666264e-01 2.644286e-02 4.082643e-02 -2.309796e-02 -5.007393e-01 6.089082e-02 -8.596085e-02 2.859988e-02 -2.706344e-02 -2.588616e-02 1.517995e-03 -2.450072e-02 2.405005e-02 2.743960e-02 -4.129135e-03 -2.571971e-02 -1.226752e-02 -5.272045e-03
<VARIANCE> 39
 1.740658e+01 1.015523e+02 3.943283e+01 2.978705e+01 4.299619e+01 6.963512e+01 2.533183e+01 2.762872e+01 4.813445e+01 4.696852e+01 3.751405e+01 3.559383e+01 3.566135e+01 4.955244e-01 8.884305e-01 7.297799e-01 1.027069e+00 1.265550e+00 1.414155e+00 1.695171e+00 2.134973e+00 2.186081e+00 1.919862e+00 1.762861e+00 1.476801e+00 1.334254e-01 4.889102e-02 1.026785e-01 1.210878e-01 1.485510e-01 2.242691e-01 2.120397e-01 3.093538e-01 3.706580e-01 4.004575e-01 3.022264e-01 2.812156e-01 2.694291e-01 1.605536e-02
<GCONST> 9.706201e+01
<TRANSP> 5
 0.000000e+00 1.000000e+00 0.000000e+00 0.000000e+00 0.000000e+00
 0.000000e+00 9.519516e-01 4.804844e-02 0.000000e+00 0.000000e+00
 0.000000e+00 0.000000e+00 9.529833e-01 4.701665e-02 0.000000e+00
 0.000000e+00 0.000000e+00 0.000000e+00 9.699266e-01 3.007342e-02
 0.000000e+00 0.000000e+00 0.000000e+00 0.000000e+00 0.000000e+00
<ENDHMM>
