~o
<STREAMINFO> 1 39
<VECSIZE> 39<NULLD><MFCC_D_A_0><DIAGC>
~h "delapan"
<BEGINHMM>
<NUMSTATES> 20
<STATE> 2
<MEAN> 39
 -1.703365e+01 -6.066411e+00 -1.353902e+00 -2.534786e+00 2.482996e+00 -3.307002e+00 1.535611e+00 -5.501720e+00 8.107785e-02 -8.035439e+00 -1.473675e+00 -6.790508e+00 5.670864e+01 8.293594e-01 1.244308e+00 1.350774e+00 1.085557e+00 6.024264e-01 -5.169687e-02 -4.213161e-01 -3.387023e-01 -3.474030e-01 -8.381239e-01 -6.187170e-01 -2.974171e-01 3.783058e-01 5.485075e-01 5.307712e-01 5.292469e-01 2.323138e-01 -9.170544e-02 -2.863925e-01 -5.202571e-01 -4.086338e-01 -2.501978e-01 -1.107501e-01 -3.606663e-02 9.601950e-03 3.085768e-01
<VARIANCE> 39
 1.821815e+00 2.980044e+00 5.224231e+00 6.116014e+00 7.623155e+00 9.140878e+00 1.350919e+01 1.678627e+01 1.309592e+01 1.694151e+01 1.388143e+01 9.760478e+00 4.597364e-01 1.059334e+00 1.510779e+00 2.247210e+00 1.268557e+00 1.204900e+00 1.480977e+00 2.219112e+00 2.508945e+00 2.288201e+00 2.407385e+00 1.862644e+00 1.085114e+00 2.547205e-01 1.705877e-01 1.433839e-01 2.512612e-01 2.001981e-01 3.409133e-01 3.702494e-01 6.208884e-01 5.851479e-01 4.724136e-01 7.048662e-01 4.512785e-01 2.913675e-01 6.795217e-02
<GCONST> 8.529115e+01
<STATE> 3
<MEAN> 39
 -7.820519e+00 5.015566e+00 9.035488e+00 3.270986e+00 2.357304e+00 -6.820072e+00 -4.202343e+00 -1.206338e+01 -4.624463e+00 -1.057354e+01 -3.420250e+00 -7.903085e+00 6.116011e+01 2.149038e+00 1.220943e+00 1.053536e+00 -4.025032e-01 -1.947291e+00 -2.394830e+00 -2.328639e+00 -1.190652e+00 1.408257e-01 6.636427e-01 1.974614e-01 2.575626e-01 1.642774e+00 -8.009575e-02 -9.077375e-01 -7.091163e-01 -7.357805e-01 -6.077323e-01 -4.296635e-01 -2.488325e-01 4.535644e-01 7.569953e-01 6.613592e-01 2.513887e-01 2.557590e-01 2.760379e-01
<VARIANCE> 39
 1.695234e+01 1.779067e+01 1.084069e+01 1.114412e+01 2.161634e+01 2.628842e+01 2.449243e+01 3.041085e+01 3.030994e+01 3.608988e+01 2.414120e+01 1.845199e+01 5.181559e+00 2.118785e+00 3.478484e+00 3.154976e+00 2.537071e+00 5.937040e+00 4.094554e+00 7.479066e+00 8.037192e+00 5.468810e+00 7.647662e+00 2.416763e+00 2.402748e+00 8.208135e-01 3.164009e-01 2.669621e-01 4.582562e-01 3.022573e-01 1.366551e+00 8.376939e-01 7.604793e-01 1.006961e+00 1.000115e+00 8.335477e-01 5.757794e-01 5.466670e-01 1.373993e-01
<GCONST> 1.186348e+02
<STATE> 4
<MEAN> 39
 -1.293058e+00 -2.018132e+00 5.317875e+00 -5.357690e+00 -8.943661e+00 -1.611761e+01 -1.642478e+01 -1.231981e+01 5.136797e+00 -4.407753e+00 -4.330636e+00 -5.087449e+00 6.990376e+01 1.265365e+00 -2.017881e+00 -1.069558e+00 -1.337285e+00 -2.420886e-01 -1.557302e-02 -1.383392e+00 1.597311e-01 1.640656e+00 1.768148e+00 -3.993699e-01 1.540535e-01 1.672440e+00 -3.418782e-01 -1.145929e-01 -2.851017e-01 1.186752e-01 8.935584e-01 1.015901e+00 7.188441e-01 3.756246e-02 -4.448044e-01 -6.634219e-02 -1.038810e-01 -2.594211e-01 -3.272295e-01
<VARIANCE> 39
 7.018778e+00 2.973537e+01 6.853183e+01 3.006279e+01 1.296128e+02 6.305144e+01 8.262167e+01 8.668800e+01 8.584621e+01 1.274816e+02 6.612364e+01 5.272424e+01 8.959518e+00 1.029414e+00 2.033707e+00 4.372153e+00 3.250214e+00 1.145150e+01 9.024205e+00 4.766446e+00 5.618128e+00 7.472204e+00 3.678481e+00 4.393770e+00 4.544860e+00 1.114761e+00 1.896167e-01 5.370114e-01 8.724940e-01 4.208986e-01 8.412082e-01 1.015039e+00 9.313619e-01 1.069752e+00 7.873503e-01 9.823089e-01 4.606311e-01 6.936558e-01 9.783801e-02
<GCONST> 1.327484e+02
<STATE> 5
<MEAN> 39
 2.228250e+00 -7.445888e+00 -9.470555e-01 -1.101583e+01 1.990963e+00 -6.350923e+00 -1.669461e+01 -1.168761e+01 3.335088e+00 3.281941e+00 -1.713037e+00 -9.568114e+00 7.387875e+01 1.494132e-01 -5.103837e-01 -1.409237e+00 -1.335186e+00 1.038382e+00 1.888743e+00 7.669300e-01 2.247567e-01 -1.787647e-01 8.771308e-02 -8.611511e-01 -7.327202e-01 2.489278e-01 -1.049441e-01 4.927034e-02 4.696823e-02 8.281201e-02 -9.138720e-02 -5.685084e-02 2.171362e-01 1.802255e-01 -3.976435e-02 -4.196924e-01 -1.993585e-01 7.658650e-02 -6.224715e-02
<VARIANCE> 39
 1.854219e+00 1.960364e+01 6.187488e+01 3.904485e+01 1.586058e+02 8.686509e+01 3.770870e+01 1.338807e+02 9.288062e+01 6.421516e+01 2.054873e+02 4.348169e+01 4.589325e+00 1.990139e-01 1.276197e+00 1.547518e+00 8.983667e-01 1.081007e+00 1.398508e+00 2.229520e+00 3.962856e+00 2.630692e+00 3.438522e+00 3.153879e+00 2.088852e+00 1.964017e-01 3.187921e-02 2.527804e-01 1.548198e-01 2.297760e-01 1.755244e-01 3.091336e-01 1.930582e-01 5.892862e-01 4.308768e-01 2.450124e-01 4.881456e-01 3.184075e-01 4.849537e-02
<GCONST> 1.040628e+02
<STATE> 6
<MEAN> 39
 9.252312e-01 -1.171469e+01 -8.170274e+00 -1.679609e+01 3.624589e+00 3.096533e+00 -7.097064e+00 -8.662465e+00 2.616131e-01 -2.368841e-01 -1.018408e+01 -1.098204e+01 7.511572e+01 -9.704731e-02 -1.141220e-01 -3.490056e-01 -5.729948e-02 6.377982e-02 3.218717e-01 4.344659e-01 -2.122315e-01 -6.260701e-01 -2.064578e-01 1.844661e-01 -3.094049e-01 -1.131829e-01 3.495728e-02 3.845935e-01 2.397047e-01 1.052462e-01 -2.168314e-01 -3.530469e-01 -2.666859e-01 -2.522779e-01 7.123172e-02 2.745020e-01 4.327227e-01 -5.238926e-02 -1.863832e-01
<VARIANCE> 39
 1.490317e+00 8.865897e+00 4.940498e+01 1.110011e+01 1.501062e+02 1.161206e+02 4.221049e+01 1.729667e+02 1.245413e+02 4.252198e+01 7.472990e+01 3.799119e+01 9.297498e+00 1.338654e-01 1.056788e+00 7.840440e-01 8.938212e-01 1.676726e+00 1.249841e+00 1.547507e+00 9.782982e-01 1.264846e+00 2.468508e+00 1.560632e+00 1.519636e+00 1.937120e-01 3.365969e-02 9.059960e-02 1.645058e-01 2.006870e-01 2.570320e-01 1.936048e-01 2.218875e-01 3.275626e-01 2.326502e-01 4.540361e-01 2.169948e-01 3.227693e-01 2.237728e-02
<GCONST> 9.365492e+01
<STATE> 7
<MEAN> 39
 1.438458e+00 -7.942049e+00 -9.431594e+00 -1.696959e+01 9.249534e-01 1.282947e+00 -7.582655e+00 -1.202771e+01 1.493137e+00 1.841602e-01 -6.239799e+00 -1.289388e+01 7.217271e+01 -6.962022e-01 1.750084e+00 9.086393e-01 1.035773e+00 -5.403278e-01 -1.068259e+00 1.169207e-01 -7.059500e-02 -2.374056e-01 -6.404560e-01 1.066445e+00 4.713932e-01 -1.474680e+00 -4.630396e-01 -1.090191e-01 2.214334e-01 4.133307e-01 1.103920e-01 -2.622792e-02 1.571259e-01 1.206355e-01 -1.209113e-01 -5.187421e-01 -4.040860e-01 1.859916e-01 -2.729620e-01
<VARIANCE> 39
 1.190818e+00 1.258243e+01 3.713333e+01 9.340397e+00 6.885299e+01 9.993539e+01 5.263263e+01 1.367814e+02 7.557761e+01 2.607634e+01 8.880540e+01 5.284650e+01 9.310840e+00 5.205395e-01 4.043737e-01 1.241551e+00 8.801857e-01 1.356244e+00 8.862302e-01 6.929183e-01 3.113809e+00 2.590305e+00 3.068617e+00 2.566164e+00 1.783849e+00 2.689055e-01 1.780804e-02 1.531834e-01 1.567825e-01 1.200422e-01 2.141610e-01 2.043334e-01 1.870804e-01 2.688113e-01 2.504313e-01 3.450889e-01 2.593503e-01 3.572920e-01 3.184981e-02
<GCONST> 9.371654e+01
<STATE> 8
<MEAN> 39
 -5.587512e+00 -4.140779e+00 -6.068905e+00 -1.132190e+01 8.370124e-01 -2.508872e+00 -5.278871e+00 -1.023876e+01 -1.584063e+00 -6.830567e+00 -6.159842e+00 -1.250105e+01 6.469106e+01 -1.017766e+00 3.007843e-01 2.589082e-01 6.743935e-01 -5.306020e-02 -3.945331e-01 5.565795e-01 2.740666e-01 -3.537692e-01 -1.115044e+00 -4.007384e-02 -2.223783e-01 -9.867193e-01 1.230435e-01 -1.507656e-01 -1.204473e-01 -1.112127e-01 1.531820e-02 7.092360e-02 6.598209e-03 6.993382e-03 6.670440e-02 1.503758e-01 8.809657e-02 1.275396e-02 1.919371e-01
<VARIANCE> 39
 5.260165e+00 6.129559e+00 1.466576e+01 7.622710e+00 2.343339e+01 4.840906e+01 3.044991e+01 4.381420e+01 2.114618e+01 3.149527e+01 3.789441e+01 3.008146e+01 6.027455e+00 2.401584e-01 3.025305e-01 5.519359e-01 6.349254e-01 1.359709e+00 1.098006e+00 1.334692e+00 1.726846e+00 2.026183e+00 1.464446e+00 1.679878e+00 1.272335e+00 2.052679e-01 3.678168e-02 7.590991e-02 1.186207e-01 1.361891e-01 1.371909e-01 1.559931e-01 2.163099e-01 2.746031e-01 2.659771e-01 3.229053e-01 4.131455e-01 3.360636e-01 1.802231e-02
<GCONST> 8.214271e+01
<STATE> 9
<MEAN> 39
 -9.035063e+00 -3.879750e+00 -5.810325e+00 -8.293125e+00 -1.958734e-01 -4.893084e+00 -2.720471e+00 -9.368480e+00 -2.170178e+00 -9.905838e+00 -3.548116e+00 -1.178976e+01 6.202437e+01 1.277816e+00 -8.132069e-01 -1.345905e+00 -1.028423e+00 -1.245355e-01 9.512213e-01 -3.693412e-02 -7.447050e-01 9.628645e-01 2.198958e+00 1.204349e+00 7.995880e-02 1.340333e+00 8.837209e-01 -5.702205e-01 -6.262285e-01 -8.482397e-01 1.702519e-01 8.131976e-01 -4.416894e-01 -2.544854e-01 4.448652e-01 9.895802e-01 -3.508441e-01 -4.277699e-01 8.837628e-01
<VARIANCE> 39
 4.535369e+00 8.368243e+00 1.261960e+01 1.505753e+01 1.784169e+01 4.503612e+01 2.206328e+01 1.970086e+01 3.047845e+01 2.497694e+01 4.819985e+01 2.917053e+01 3.413099e+00 2.623083e+00 1.476649e+00 2.819481e+00 3.401309e+00 2.993312e+00 5.555614e+00 2.277634e+00 2.721703e+00 3.510618e+00 7.140543e+00 3.485426e+00 2.995043e+00 1.846277e+00 1.239915e-01 2.543716e-01 4.216649e-01 2.357127e-01 4.788484e-01 8.735771e-01 5.895441e-01 8.212853e-01 4.753348e-01 8.821090e-01 8.213863e-01 6.283696e-01 8.450994e-02
<GCONST> 1.115026e+02
<STATE> 10
<MEAN> 39
 9.002268e-01 -1.008451e+01 -1.424967e+01 -1.800873e+01 2.881300e-01 5.333607e+00 -5.125457e+00 -1.465294e+01 4.017185e+00 3.481256e+00 -4.327258e+00 -1.643075e+01 7.166635e+01 2.315257e+00 -2.766381e+00 -1.262764e+00 -1.949176e+00 6.043100e-01 2.378324e+00 -1.807977e+00 5.038065e-02 1.592674e+00 1.968624e+00 -2.051941e+00 -1.372262e+00 3.085366e+00 -7.292458e-01 7.233990e-02 1.091992e+00 1.030762e+00 9.767631e-02 -9.130214e-01 6.243109e-02 9.175994e-01 -4.052873e-01 -1.588204e+00 -6.213755e-01 6.423975e-01 -4.003139e-01
<VARIANCE> 39
 7.819996e+00 2.982472e+01 5.678071e+01 1.958236e+01 5.546106e+01 8.961872e+01 4.258009e+01 9.053724e+01 5.305581e+01 4.289796e+01 4.116136e+01 5.486273e+01 9.527147e+00 1.333461e+00 2.431820e+00 6.308078e+00 2.557741e+00 5.390995e+00 7.823169e+00 3.874659e+00 9.547136e+00 4.673519e+00 7.620073e+00 2.265895e+00 4.759931e+00 1.143069e+00 1.983480e-01 4.370784e-01 3.410860e-01 3.516698e-01 4.827768e-01 6.316592e-01 8.243272e-01 6.525499e-01 5.496359e-01 8.713064e-01 5.981080e-01 6.487545e-01 2.056599e-01
<GCONST> 1.263744e+02
<STATE> 11
<MEAN> 39
 1.445408e+00 -1.592984e+01 -8.755343e+00 -1.472859e+01 4.247761e+00 6.126992e-01 -7.366037e+00 -5.458969e+00 4.270867e+00 -2.385332e+00 -1.002559e+01 -1.584978e+01 7.685417e+01 -1.062846e-01 -1.586837e-01 9.894809e-01 1.062140e+00 3.391608e-01 -1.846934e+00 -1.866250e-01 1.620992e+00 -3.449560e-01 -1.850566e+00 -1.049826e+00 1.663198e+00 3.161857e-01 -2.864011e-01 5.683120e-01 1.878652e-01 3.700724e-01 -3.845163e-01 -4.893565e-01 1.696341e-01 -2.261041e-01 -4.328168e-01 -3.275145e-01 4.627273e-01 3.096809e-01 -5.530351e-01
<VARIANCE> 39
 1.362139e+00 1.850685e+01 1.459164e+02 1.196811e+01 5.552614e+01 1.213017e+02 3.770787e+01 1.280123e+02 8.254603e+01 5.391344e+01 6.698620e+01 4.805068e+01 9.383000e+00 1.708692e-01 2.443460e+00 2.021671e+00 1.121700e+00 1.181947e+00 2.106412e+00 2.247723e+00 3.173234e+00 1.576207e+00 4.625884e+00 1.412362e+00 1.377359e+00 8.967108e-01 1.556007e-01 2.665502e-01 5.897033e-01 3.270021e-01 3.697732e-01 6.859115e-01 6.748220e-01 1.120976e+00 3.066162e-01 8.210297e-01 2.026132e-01 5.949156e-01 8.651406e-02
<GCONST> 1.113263e+02
<STATE> 12
<MEAN> 39
 8.200743e-02 -1.605009e+01 -7.494989e+00 -9.412848e+00 -2.585651e-01 -5.177304e+00 -7.211962e+00 -3.714655e+00 -3.603813e-01 -7.444425e+00 -1.043393e+01 -3.757431e+00 7.648266e+01 -1.771244e-01 3.975823e-01 1.085807e+00 1.153257e+00 -8.099207e-01 -1.184208e+00 4.356546e-01 3.846730e-01 -5.016199e-01 -8.560297e-01 6.370675e-01 8.772499e-01 -3.491630e-01 1.277342e-02 3.845265e-01 1.610450e-03 -8.993297e-02 1.838988e-02 1.781962e-01 -6.501342e-02 -3.558307e-01 5.382145e-03 2.361579e-01 2.093622e-01 -2.333172e-01 -2.192489e-01
<VARIANCE> 39
 2.314139e+00 1.485441e+01 3.350226e+01 1.032688e+01 8.394291e+01 1.874365e+02 3.867990e+01 8.942098e+01 1.217477e+02 5.213866e+01 2.535186e+01 3.942872e+01 8.160593e+00 7.490314e-02 1.819089e+00 6.875075e-01 4.562927e-01 2.023433e+00 1.439604e+00 1.282917e+00 2.977646e+00 1.356646e+00 1.663612e+00 1.174506e+00 9.945372e-01 5.763136e-01 1.241528e-02 9.078214e-02 9.269904e-02 7.015637e-02 2.537777e-01 2.680843e-01 2.215832e-01 4.797621e-01 1.595589e-01 2.698623e-01 1.841119e-01 1.930177e-01 2.085430e-02
<GCONST> 8.920555e+01
<STATE> 13
<MEAN> 39
 -1.980150e-01 -5.590161e+00 -3.419962e-01 -5.740994e+00 -3.175694e+00 -8.748487e+00 -7.745611e+00 -7.869440e+00 -7.543704e-01 -1.009905e+01 -6.054834e+00 -5.246546e+00 7.058128e+01 -1.390206e-01 2.095164e+00 8.687018e-01 4.297847e-01 -6.929083e-02 3.339821e-01 -3.457688e-01 -1.159532e+00 -2.549815e-01 -3.839669e-01 2.353225e-01 -1.754501e-01 -1.086122e+00 1.261593e-02 -1.973255e-01 -1.486821e-01 -8.941548e-02 2.551197e-01 2.345833e-01 2.976874e-01 1.977474e-01 1.124475e-01 -5.370034e-02 -3.179766e-01 -1.649146e-01 1.517180e-01
<VARIANCE> 39
 1.654599e+00 1.284448e+01 3.422017e+01 1.008736e+01 2.699584e+01 6.708037e+01 2.228489e+01 4.279101e+01 8.038303e+01 4.346610e+01 4.496147e+01 4.795087e+01 4.717737e+00 1.633933e-01 6.133360e-01 8.565668e-01 5.495589e-01 2.136691e+00 1.685440e+00 1.345197e+00 3.253349e+00 3.594096e+00 1.227830e+00 1.226647e+00 1.315649e+00 1.456241e-01 2.175160e-02 7.683193e-02 1.165308e-01 9.627727e-02 1.133816e-01 2.598581e-01 1.886451e-01 4.315270e-01 3.599247e-01 2.431000e-01 1.777907e-01 1.642687e-01 1.519547e-02
<GCONST> 8.499218e+01
<STATE> 14
<MEAN> 39
 -5.471064e-01 1.895671e+00 2.233723e+00 -2.791421e+00 3.090419e-01 -5.896887e+00 -6.597370e+00 -1.049401e+01 -2.829737e+00 -1.394701e+01 -7.676726e+00 -7.641229e+00 6.675948e+01 -4.209308e-01 1.063704e+00 3.861211e-01 5.436237e-01 6.557736e-01 2.726531e-01 4.417681e-01 -6.327580e-01 -7.795748e-01 -5.306721e-01 -2.376466e-01 -3.918687e-01 -7.699868e-01 -1.742533e-01 -2.457724e-01 -1.189962e-01 -8.309828e-02 -4.288384e-02 -8.895056e-02 6.278666e-03 1.385540e-01 2.188433e-02 1.431554e-01 1.154528e-01 5.543786e-02 -2.134946e-02
<VARIANCE> 39
 3.488700e+00 9.820805e+00 1.863164e+01 1.622768e+01 3.634700e+01 5.163618e+01 2.179335e+01 2.262276e+01 4.949831e+01 4.622937e+01 4.514028e+01 3.754548e+01 2.687580e+00 1.405198e-01 2.971897e-01 7.278265e-01 3.406164e-01 1.171416e+00 1.302224e+00 1.466585e+00 1.286382e+00 1.254150e+00 1.491577e+00 8.393210e-01 6.355152e-01 4.856061e-02 1.277021e-02 3.506842e-02 7.345141e-02 9.094879e-02 1.655462e-01 2.288897e-01 2.240796e-01 2.124714e-01 2.497034e-01 2.019498e-01 8.396911e-02 1.079930e-01 6.386583e-03
<GCONST> 7.249847e+01
<STATE> 15
<MEAN> 39
 -6.335302e+00 2.928111e+00 1.328253e+00 -4.330258e+00 -9.314523e-01 -7.388192e+00 -5.393997e+00 -1.206974e+01 -6.533917e+00 -1.629430e+01 -7.767192e+00 -9.523779e+00 6.184439e+01 -1.127509e+00 -2.798268e-01 -1.972022e-01 -2.129680e-01 1.101918e-01 3.341913e-01 6.526062e-01 3.454002e-01 -1.480466e-02 2.249813e-01 5.681223e-01 7.568876e-02 -7.571776e-01 3.746295e-02 -9.364773e-02 -4.466498e-03 -1.284239e-02 2.816514e-02 1.082370e-01 7.025112e-02 5.562869e-02 2.882908e-03 4.121013e-02 4.983586e-02 -2.651612e-02 6.064201e-02
<VARIANCE> 39
 8.817886e+00 1.261654e+01 1.189203e+01 1.229303e+01 1.692637e+01 1.543124e+01 9.477516e+00 2.045383e+01 3.642541e+01 3.742868e+01 3.547924e+01 4.891459e+01 3.060429e+00 1.353613e-01 2.003812e-01 4.195546e-01 4.944955e-01 6.733447e-01 1.083757e+00 9.234967e-01 1.144837e+00 1.023595e+00 8.844782e-01 1.269917e+00 1.264487e+00 6.379113e-02 2.487879e-02 3.835776e-02 7.048339e-02 9.191353e-02 1.675039e-01 1.832449e-01 1.740231e-01 2.350351e-01 2.198274e-01 2.334435e-01 2.977145e-01 3.019157e-01 8.094036e-03
<GCONST> 7.131440e+01
<STATE> 16
<MEAN> 39
 -8.898840e+00 3.794683e+00 4.780056e+00 1.529696e+00 6.602784e+00 -4.131221e-01 2.905189e+00 -5.328594e+00 -4.668959e+00 -1.184838e+01 -3.366414e+00 -1.069388e+01 5.985573e+01 -6.702395e-01 -3.170524e-01 4.458221e-02 3.000588e-01 2.939704e-01 2.635450e-01 4.977280e-01 3.371364e-01 -4.641013e-01 -3.002489e-01 -2.214080e-02 -5.826384e-01 -3.943181e-01 -7.986351e-03 -1.165454e-01 -6.276338e-02 -6.846035e-03 -2.740129e-02 -2.892115e-02 -1.652545e-01 -1.606826e-01 5.725579e-02 4.630343e-02 -3.713233e-02 2.859562e-02 3.236481e-02
<VARIANCE> 39
 5.991124e+00 5.754817e+00 1.268808e+01 2.274863e+01 2.145082e+01 1.777967e+01 3.109572e+01 3.403988e+01 2.747526e+01 2.598343e+01 1.827960e+01 1.766368e+01 2.521830e+00 1.511555e-01 5.072567e-01 9.811999e-01 5.599475e-01 1.112144e+00 1.576853e+00 1.426576e+00 1.249579e+00 1.454512e+00 2.067516e+00 1.278522e+00 1.155830e+00 6.217070e-02 2.642928e-02 6.614206e-02 1.593086e-01 9.272330e-02 1.944525e-01 2.086839e-01 2.127125e-01 1.437785e-01 2.112215e-01 3.986115e-01 3.050089e-01 1.847191e-01 8.643760e-03
<GCONST> 7.639261e+01
<STATE> 17
<MEAN> 39
 -1.374689e+01 -1.140545e+00 2.838289e+00 9.467934e-01 6.708555e+00 -1.589093e-01 -3.698943e-01 -1.195661e+01 -1.119670e+01 -1.872293e+01 -9.517538e+00 -1.418291e+01 5.778929e+01 -4.796489e-01 -5.974255e-01 -2.277832e-01 -2.965551e-03 1.126942e-01 6.437333e-01 6.640663e-01 1.454228e-01 2.508056e-01 3.975246e-02 -7.760576e-02 -5.048276e-02 -1.847326e-01 6.868649e-02 5.813678e-02 -4.451349e-02 -1.505903e-01 -1.941255e-01 -5.969651e-02 1.258724e-01 2.116906e-01 1.390416e-01 -3.274440e-02 -5.795637e-02 2.982049e-02 4.023852e-02
<VARIANCE> 39
 2.775303e+00 3.460846e+00 6.598942e+00 1.785867e+01 2.330812e+01 2.290938e+01 2.638463e+01 3.956831e+01 3.506236e+01 3.516899e+01 3.839787e+01 1.178677e+01 8.491539e-01 1.714565e-01 2.313972e-01 7.276773e-01 1.097546e+00 1.421416e+00 1.741117e+00 2.348642e+00 2.183721e+00 1.738681e+00 1.935492e+00 1.845172e+00 1.030753e+00 4.874369e-02 3.842160e-02 4.823380e-02 7.043962e-02 1.749686e-01 2.300379e-01 4.012876e-01 3.909805e-01 3.249382e-01 2.188718e-01 3.141869e-01 2.696095e-01 1.100133e-01 8.482995e-03
<GCONST> 7.683571e+01
<STATE> 18
<MEAN> 39
 -1.468178e+01 -3.128228e+00 -7.138934e-01 -3.201014e+00 2.724819e+00 2.012875e-01 5.372651e+00 -3.802996e+00 -2.553881e+00 -1.137064e+01 -2.785450e+00 -1.003332e+01 5.761464e+01 -3.936588e-01 -5.594968e-01 -4.080227e-01 -2.297814e-01 -1.428224e-01 -1.808828e-01 -1.021285e-01 1.359332e-01 1.930237e-01 3.348711e-01 2.314121e-01 8.335780e-02 -1.445928e-01 -1.882936e-02 -2.460304e-02 7.737479e-02 1.478939e-01 1.775985e-01 -1.562587e-02 -1.989605e-01 -1.707132e-01 -1.257590e-01 3.984901e-02 6.393605e-02 -6.160329e-03 -1.917713e-02
<VARIANCE> 39
 1.722690e+00 4.446273e+00 5.131709e+00 1.228711e+01 1.815913e+01 1.875120e+01 1.778430e+01 2.902827e+01 5.254700e+01 7.041135e+01 3.867759e+01 3.193748e+01 4.832412e-01 2.125078e-01 4.684123e-01 5.802680e-01 1.025353e+00 1.313157e+00 1.569354e+00 8.720050e-01 1.699033e+00 1.713452e+00 2.044453e+00 1.288828e+00 9.364185e-01 5.982736e-02 2.766567e-02 7.903164e-02 1.129201e-01 1.213350e-01 1.287850e-01 2.088619e-01 1.624891e-01 3.729505e-01 3.665795e-01 3.901600e-01 3.231602e-01 2.260859e-01 8.182601e-03
<GCONST> 7.525536e+01
<STATE> 19
<MEAN> 39
 -1.784630e+01 -6.576564e+00 -2.323802e+00 -1.936374e+00 6.452263e+00 2.635720e+00 4.425861e+00 -6.452559e+00 -3.391644e+00 -9.630124e+00 -1.187834e+00 -1.036202e+01 5.602827e+01 -3.986019e-01 -3.219762e-01 7.234545e-03 4.910096e-02 2.956762e-01 4.300838e-01 3.452541e-01 7.673933e-02 -4.867703e-02 1.254278e-01 7.624079e-02 7.879993e-02 -1.747098e-01 9.170409e-02 9.591706e-02 5.142478e-02 2.441263e-02 -1.588938e-01 -1.346416e-01 6.039209e-02 5.290688e-02 2.623417e-02 -5.370982e-02 -4.574300e-02 1.101186e-01 4.556364e-02
<VARIANCE> 39
 2.125890e+00 3.447200e+00 9.945376e+00 2.349876e+01 3.893936e+01 2.944997e+01 3.177853e+01 4.290475e+01 3.890450e+01 5.064419e+01 4.108549e+01 1.670814e+01 4.929326e-01 1.560330e-01 2.372395e-01 7.560030e-01 1.041922e+00 1.831060e+00 2.393864e+00 1.487594e+00 1.806576e+00 1.326302e+00 2.492161e+00 1.364092e+00 2.364944e+00 4.939935e-02 2.248658e-02 4.134832e-02 1.626455e-01 1.788315e-01 2.459332e-01 3.277879e-01 2.130361e-01 2.751153e-01 1.751212e-01 3.469922e-01 2.380127e-01 4.195450e-01 4.925641e-03
<GCONST> 7.879488e+01
<TRANSP> 20
 0.000000e+00 1.000000e+00 0.000000e+00 0.000000e+00 0.000000e+00 0.000000e+00 0.000000e+00 0.000000e+00 0.000000e+00 0.000000e+00 0.000000e+00 0.000000e+00 0.000000e+00 0.000000e+00 0.000000e+00 0.000000e+00 0.000000e+00 0.000000e+00 0.000000e+00 0.000000e+00
 0.000000e+00 7.497800e-01 2.502201e-01 0.000000e+00 0.000000e+00 0.000000e+00 0.000000e+00 0.000000e+00 0.000000e+00 0.000000e+00 0.000000e+00 0.000000e+00 0.000000e+00 0.000000e+00 0.000000e+00 0.000000e+00 0.000000e+00 0.000000e+00 0.000000e+00 0.000000e+00
 0.000000e+00 0.000000e+00 7.501766e-01 2.498234e-01 0.000000e+00 0.000000e+00 0.000000e+00 0.000000e+00 0.000000e+00 0.000000e+00 0.000000e+00 0.000000e+00 0.000000e+00 0.000000e+00 0.000000e+00 0.000000e+00 0.000000e+00 0.000000e+00 0.000000e+00 0.000000e+00
 0.000000e+00 0.000000e+00 0.000000e+00 7.915558e-01 2.084442e-01 0.000000e+00 0.000000e+00 0.000000e+00 0.000000e+00 0.000000e+00 0.000000e+00 0.000000e+00 0.000000e+00 0.000000e+00 0.000000e+00 0.000000e+00 0.000000e+00 0.000000e+00 0.000000e+00 0.000000e+00
 0.000000e+00 0.000000e+00 0.000000e+00 0.000000e+00 8.601325e-01 1.398676e-01 0.000000e+00 0.000000e+00 0.000000e+00 0.000000e+00 0.000000e+00 0.000000e+00 0.000000e+00 0.000000e+00 0.000000e+00 0.000000e+00 0.000000e+00 0.000000e+00 0.000000e+00 0.000000e+00
 0.000000e+00 0.000000e+00 0.000000e+00 0.000000e+00 0.000000e+00 8.536653e-01 1.463347e-01 0.000000e+00 0.000000e+00 0.000000e+00 0.000000e+00 0.000000e+00 0.000000e+00 0.000000e+00 0.000000e+00 0.000000e+00 0.000000e+00 0.000000e+00 0.000000e+00 0.000000e+00
 0.000000e+00 0.000000e+00 0.000000e+00 0.000000e+00 0.000000e+00 0.000000e+00 6.633005e-01 3.366995e-01 0.000000e+00 0.000000e+00 0.000000e+00 0.000000e+00 0.000000e+00 0.000000e+00 0.000000e+00 0.000000e+00 0.000000e+00 0.000000e+00 0.000000e+00 0.000000e+00
 0.000000e+00 0.000000e+00 0.000000e+00 0.000000e+00 0.000000e+00 0.000000e+00 0.000000e+00 8.679088e-01 1.320912e-01 0.000000e+00 0.000000e+00 0.000000e+00 0.000000e+00 0.000000e+00 0.000000e+00 0.000000e+00 0.000000e+00 0.000000e+00 0.000000e+00 0.000000e+00
 0.000000e+00 0.000000e+00 0.000000e+00 0.000000e+00 0.000000e+00 0.000000e+00 0.000000e+00 0.000000e+00 7.218988e-01 2.781012e-01 0.000000e+00 0.000000e+00 0.000000e+00 0.000000e+00 0.000000e+00 0.000000e+00 0.000000e+00 0.000000e+00 0.000000e+00 0.000000e+00
 0.000000e+00 0.000000e+00 0.000000e+00 0.000000e+00 0.000000e+00 0.000000e+00 0.000000e+00 0.000000e+00 0.000000e+00 5.960075e-01 4.039926e-01 0.000000e+00 0.000000e+00 0.000000e+00 0.000000e+00 0.000000e+00 0.000000e+00 0.000000e+00 0.000000e+00 0.000000e+00
 0.000000e+00 0.000000e+00 0.000000e+00 0.000000e+00 0.000000e+00 0.000000e+00 0.000000e+00 0.000000e+00 0.000000e+00 0.000000e+00 7.409732e-01 2.590268e-01 0.000000e+00 0.000000e+00 0.000000e+00 0.000000e+00 0.000000e+00 0.000000e+00 0.000000e+00 0.000000e+00
 0.000000e+00 0.000000e+00 0.000000e+00 0.000000e+00 0.000000e+00 0.000000e+00 0.000000e+00 0.000000e+00 0.000000e+00 0.000000e+00 0.000000e+00 8.286415e-01 1.713585e-01 0.000000e+00 0.000000e+00 0.000000e+00 0.000000e+00 0.000000e+00 0.000000e+00 0.000000e+00
 0.000000e+00 0.000000e+00 0.000000e+00 0.000000e+00 0.000000e+00 0.000000e+00 0.000000e+00 0.000000e+00 0.000000e+00 0.000000e+00 0.000000e+00 0.000000e+00 7.846220e-01 2.153780e-01 0.000000e+00 0.000000e+00 0.000000e+00 0.000000e+00 0.000000e+00 0.000000e+00
 0.000000e+00 0.000000e+00 0.000000e+00 0.000000e+00 0.000000e+00 0.000000e+00 0.000000e+00 0.000000e+00 0.000000e+00 0.000000e+00 0.000000e+00 0.000000e+00 0.000000e+00 8.025241e-01 1.974759e-01 0.000000e+00 0.000000e+00 0.000000e+00 0.000000e+00 0.000000e+00
 0.000000e+00 0.000000e+00 0.000000e+00 0.000000e+00 0.000000e+00 0.000000e+00 0.000000e+00 0.000000e+00 0.000000e+00 0.000000e+00 0.000000e+00 0.000000e+00 0.000000e+00 0.000000e+00 8.077825e-01 1.922175e-01 0.000000e+00 0.000000e+00 0.000000e+00 0.000000e+00
 0.000000e+00 0.000000e+00 0.000000e+00 0.000000e+00 0.000000e+00 0.000000e+00 0.000000e+00 0.000000e+00 0.000000e+00 0.000000e+00 0.000000e+00 0.000000e+00 0.000000e+00 0.000000e+00 0.000000e+00 8.195603e-01 1.804397e-01 0.000000e+00 0.000000e+00 0.000000e+00
 0.000000e+00 0.000000e+00 0.000000e+00 0.000000e+00 0.000000e+00 0.000000e+00 0.000000e+00 0.000000e+00 0.000000e+00 0.000000e+00 0.000000e+00 0.000000e+00 0.000000e+00 0.000000e+00 0.000000e+00 0.000000e+00 7.808340e-01 2.191660e-01 0.000000e+00 0.000000e+00
 0.000000e+00 0.000000e+00 0.000000e+00 0.000000e+00 0.000000e+00 0.000000e+00 0.000000e+00 0.000000e+00 0.000000e+00 0.000000e+00 0.000000e+00 0.000000e+00 0.000000e+00 0.000000e+00 0.000000e+00 0.000000e+00 0.000000e+00 8.130078e-01 1.869921e-01 0.000000e+00
 0.000000e+00 0.000000e+00 0.000000e+00 0.000000e+00 0.000000e+00 0.000000e+00 0.000000e+00 0.000000e+00 0.000000e+00 0.000000e+00 0.000000e+00 0.000000e+00 0.000000e+00 0.000000e+00 0.000000e+00 0.000000e+00 0.000000e+00 0.000000e+00 7.879711e-01 2.120289e-01
 0.000000e+00 0.000000e+00 0.000000e+00 0.000000e+00 0.000000e+00 0.000000e+00 0.000000e+00 0.000000e+00 0.000000e+00 0.000000e+00 0.000000e+00 0.000000e+00 0.000000e+00 0.000000e+00 0.000000e+00 0.000000e+00 0.000000e+00 0.000000e+00 0.000000e+00 0.000000e+00
<ENDHMM>
