~o
<STREAMINFO> 1 39
<VECSIZE> 39<NULLD><MFCC_D_A_0><DIAGC>
~h "empat"
<BEGINHMM>
<NUMSTATES> 5
<STATE> 2
<MEAN> 39
 -5.324384e+00 2.086574e-01 6.444370e-02 -5.065017e+00 1.482850e+00 -1.945282e+00 -4.533324e+00 -1.600031e+01 -6.550932e+00 -7.141257e+00 1.582745e+00 -5.459171e+00 6.374823e+01 6.651238e-01 1.754348e-02 -3.528606e-01 -3.407744e-01 -3.519857e-02 2.364985e-01 -1.498079e-01 -3.728836e-01 -2.993379e-02 9.816757e-02 -7.650723e-02 -1.955068e-01 4.766460e-01 7.847969e-02 -1.130900e-01 -1.127290e-01 -1.091011e-01 -2.559712e-02 9.190059e-02 -5.850853e-03 4.720222e-04 1.090635e-01 9.015305e-02 -4.104624e-02 -8.071184e-02 9.026175e-02
<VARIANCE> 39
 4.280477e+01 2.958848e+01 3.134471e+01 4.468880e+01 4.364070e+01 4.150620e+01 4.632539e+01 7.274519e+01 5.190728e+01 5.239104e+01 3.085834e+01 4.055325e+01 2.297058e+01 3.805379e+00 2.034280e+00 3.480991e+00 3.827678e+00 2.299573e+00 3.666480e+00 3.280522e+00 4.599333e+00 3.339150e+00 3.924468e+00 2.227304e+00 3.070139e+00 2.290107e+00 4.518092e-01 2.228223e-01 3.987118e-01 4.985776e-01 3.946931e-01 5.278356e-01 4.875656e-01 6.263210e-01 4.202614e-01 4.932884e-01 4.156307e-01 5.012398e-01 2.717167e-01
<GCONST> 1.235596e+02
<STATE> 3
<MEAN> 39
 1.450546e+00 -1.482580e+01 -1.260262e+01 -1.158575e+01 -1.585606e+00 8.985579e-03 -5.619743e+00 -1.140814e+01 4.698757e+00 -5.434070e+00 -8.939359e+00 -1.157030e+01 7.460720e+01 -1.284357e-01 -4.073783e-01 3.846962e-01 5.815219e-01 -2.758928e-01 -8.434107e-01 -1.826510e-01 7.536603e-01 3.394196e-01 -6.809450e-01 -7.556401e-01 2.591130e-01 1.023885e-01 -3.168665e-01 3.458090e-01 3.247137e-01 2.589071e-01 5.860336e-02 -1.818499e-01 1.285894e-01 5.206056e-02 -2.834620e-01 -2.027766e-01 1.325465e-01 1.522807e-01 -3.787274e-01
<VARIANCE> 39
 5.031771e+00 2.328521e+01 9.858817e+01 4.481762e+01 7.345712e+01 9.084666e+01 6.011205e+01 1.127314e+02 4.301793e+01 1.021424e+02 5.256131e+01 6.363337e+01 1.150805e+01 1.009477e+00 3.718442e+00 2.361291e+00 2.827241e+00 2.006168e+00 3.292213e+00 1.889393e+00 3.261627e+00 3.608856e+00 4.034768e+00 2.277876e+00 2.974597e+00 2.187845e+00 2.213973e-01 2.442884e-01 5.603574e-01 7.760495e-01 3.301879e-01 7.372384e-01 4.609510e-01 6.385187e-01 5.335703e-01 8.234057e-01 4.152158e-01 5.163053e-01 7.803996e-02
<GCONST> 1.224107e+02
<STATE> 4
<MEAN> 39
 -1.062517e+01 -5.759478e+00 -4.449769e+00 -5.630807e+00 -1.775658e-01 -4.894922e+00 -4.002768e-01 -5.638327e+00 -8.323898e-01 -1.143081e+01 -6.257751e+00 -9.303210e+00 6.105237e+01 -8.042109e-01 3.079485e-01 3.944593e-01 2.641059e-01 2.104953e-01 1.724272e-01 5.141507e-01 2.791038e-01 -2.415945e-01 -8.562868e-03 4.042999e-01 1.532246e-01 -7.182126e-01 2.557702e-02 -7.420082e-02 -1.635359e-02 2.084896e-02 2.293284e-03 1.718299e-02 1.129563e-02 3.407221e-02 5.282032e-02 2.581038e-02 -6.758744e-03 5.950521e-02 6.729432e-02
<VARIANCE> 39
 2.447428e+01 8.673669e+00 2.054641e+01 2.143685e+01 1.857804e+01 2.794016e+01 4.979129e+01 3.570686e+01 2.192088e+01 2.068867e+01 3.680882e+01 3.758325e+01 1.739954e+01 1.684964e-01 4.846129e-01 6.423596e-01 8.441143e-01 9.245130e-01 1.247421e+00 1.613916e+00 1.406133e+00 1.556378e+00 1.358137e+00 1.364864e+00 1.023413e+00 1.816863e-01 2.060742e-02 5.472473e-02 7.170825e-02 1.352403e-01 1.557663e-01 2.023611e-01 2.324828e-01 2.156559e-01 2.839133e-01 2.433442e-01 2.200087e-01 1.571303e-01 1.098027e-02
<GCONST> 8.186359e+01
<TRANSP> 5
 0.000000e+00 1.000000e+00 0.000000e+00 0.000000e+00 0.000000e+00
 0.000000e+00 9.632778e-01 3.672218e-02 0.000000e+00 0.000000e+00
 0.000000e+00 0.000000e+00 9.169387e-01 8.306129e-02 0.000000e+00
 0.000000e+00 0.000000e+00 0.000000e+00 9.503621e-01 4.963785e-02
 0.000000e+00 0.000000e+00 0.000000e+00 0.000000e+00 0.000000e+00
<ENDHMM>
