~o
<STREAMINFO> 1 39
<VECSIZE> 39<NULLD><MFCC_D_A_0><DIAGC>
~h "seperempat"
<BEGINHMM>
<NUMSTATES> 5
<STATE> 2
<MEAN> 39
 -2.231572e+01 2.414570e+00 -8.536156e+00 -3.812888e-02 -8.981975e-01 -7.443254e+00 3.117911e+00 -9.050800e+00 3.246047e+00 -7.542549e+00 2.205121e+00 -5.930556e+00 6.032724e+01 5.676928e-01 1.221002e+00 -6.300608e-01 9.290363e-02 -5.783037e-01 -1.295952e+00 -7.972595e-01 -4.394982e-01 5.961586e-01 3.720323e-01 -1.688588e-01 -2.652383e-01 1.039066e+00 4.859732e-01 -1.486003e-01 5.375324e-02 -2.276053e-01 -8.203027e-05 -4.088442e-02 -3.715812e-01 -5.014057e-02 -7.517490e-04 1.526517e-01 -9.347595e-02 -1.628912e-01 1.723514e-01
<VARIANCE> 39
 2.551135e+01 4.468017e+01 2.199993e+01 2.428993e+01 2.835246e+01 4.447808e+01 3.367926e+01 2.500466e+01 2.543328e+01 3.316346e+01 2.061593e+01 2.471893e+01 1.018954e+01 8.578977e+00 2.338295e+00 2.387928e+00 3.890569e+00 2.866830e+00 4.480093e+00 8.822389e+00 2.519786e+00 2.072126e+00 2.987322e+00 3.056883e+00 2.759777e+00 7.063918e-01 8.653449e-01 4.251772e-01 4.594283e-01 5.400938e-01 4.975392e-01 7.925750e-01 1.043902e+00 5.456720e-01 3.361517e-01 3.698110e-01 5.203027e-01 5.294335e-01 8.938254e-02
<GCONST> 1.189790e+02
<STATE> 3
<MEAN> 39
 -1.754021e+00 -4.280006e+00 -6.497394e+00 -6.518127e+00 -1.047581e+00 -6.719128e+00 -5.138052e+00 -1.196068e+01 -1.450336e+00 -3.397908e+00 -8.586736e-01 -1.157308e+01 6.806960e+01 1.586444e-01 -2.783291e-01 4.785461e-02 -4.499960e-02 7.144802e-02 2.394281e-01 3.331459e-02 4.786958e-02 -9.225795e-02 -1.451818e-01 -1.643421e-01 -7.684793e-02 -4.897475e-03 -1.102315e-01 2.829511e-02 1.211643e-03 3.113848e-02 1.601111e-02 2.977724e-02 9.933151e-02 2.311290e-02 -1.290089e-02 -4.076829e-02 1.136338e-02 2.524899e-02 -6.197230e-02
<VARIANCE> 39
 2.358662e+01 6.065452e+01 5.399459e+01 2.605896e+01 5.352764e+01 7.244998e+01 7.047668e+01 6.003471e+01 5.916402e+01 8.541887e+01 6.673112e+01 4.094559e+01 2.428457e+01 2.488026e+00 2.381258e+00 3.335477e+00 2.690198e+00 2.349447e+00 2.708396e+00 3.187453e+00 3.157145e+00 2.673287e+00 4.289175e+00 2.419065e+00 2.927534e+00 1.946917e+00 4.396161e-01 2.461703e-01 5.681154e-01 5.337235e-01 4.050247e-01 4.948954e-01 6.037831e-01 5.662290e-01 4.428248e-01 7.682843e-01 4.574307e-01 5.203303e-01 2.833453e-01
<GCONST> 1.257601e+02
<STATE> 4
<MEAN> 39
 -1.159112e+01 -5.142742e+00 -4.402947e+00 -5.957994e+00 1.494041e+00 -9.403936e-01 3.117368e+00 -3.980278e+00 -4.059243e-01 -1.150474e+01 -6.866435e+00 -1.174115e+01 6.010818e+01 -7.692761e-01 1.465523e-01 2.847099e-01 1.821774e-01 2.833818e-01 3.796440e-01 7.015307e-01 3.769320e-01 -1.656389e-01 -6.724323e-02 3.337448e-01 1.527276e-01 -5.863720e-01 3.330909e-02 -6.270629e-02 2.619795e-03 2.443546e-02 -1.986257e-02 -1.930632e-02 -5.153570e-02 -2.121503e-02 1.336569e-02 2.265628e-02 2.276028e-02 5.393643e-02 5.065550e-02
<VARIANCE> 39
 2.119521e+01 6.721592e+00 1.455795e+01 1.646969e+01 2.749104e+01 2.372004e+01 3.102995e+01 2.963036e+01 2.200160e+01 3.159034e+01 3.261773e+01 2.048462e+01 1.182934e+01 1.410808e-01 4.157310e-01 5.300319e-01 8.481778e-01 1.062851e+00 1.167624e+00 1.634272e+00 1.398025e+00 1.263194e+00 1.348884e+00 1.389803e+00 1.184362e+00 1.008175e-01 2.211755e-02 4.725622e-02 7.617192e-02 1.164471e-01 1.660223e-01 1.712784e-01 2.639289e-01 2.215503e-01 2.262945e-01 1.984127e-01 2.168922e-01 2.260515e-01 7.867748e-03
<GCONST> 7.813082e+01
<TRANSP> 5
 0.000000e+00 1.000000e+00 0.000000e+00 0.000000e+00 0.000000e+00
 0.000000e+00 9.039596e-01 9.604040e-02 0.000000e+00 0.000000e+00
 0.000000e+00 0.000000e+00 9.819462e-01 1.805381e-02 0.000000e+00
 0.000000e+00 0.000000e+00 0.000000e+00 9.492332e-01 5.076683e-02
 0.000000e+00 0.000000e+00 0.000000e+00 0.000000e+00 0.000000e+00
<ENDHMM>
