~o
<STREAMINFO> 1 39
<VECSIZE> 39<NULLD><MFCC_D_A_0><DIAGC>
~h "tujuh"
<BEGINHMM>
<NUMSTATES> 20
<STATE> 2
<MEAN> 39
 -1.745011e+01 -6.652466e+00 -2.928051e+00 -4.817999e+00 -2.492448e-01 -5.072829e+00 -6.954975e-01 -7.800194e+00 -9.779117e-01 -6.471050e+00 1.924389e+00 -4.681195e+00 5.666187e+01 -3.596287e-02 8.636890e-02 1.495300e-01 -3.013514e-02 3.846334e-01 -7.663819e-01 -2.722239e-01 -3.035510e-01 3.562590e-02 2.652518e-01 -2.055741e-01 1.167969e-01 3.392707e-01 1.535407e-01 1.504963e-01 2.173520e-01 5.696625e-02 1.004883e-01 -6.398792e-01 -1.317061e-01 1.280590e-01 6.884682e-02 7.187011e-02 -2.146201e-01 1.618593e-01 3.038522e-01
<VARIANCE> 39
 1.190697e+00 2.010830e+00 5.106502e+00 8.021071e+00 1.026470e+01 1.489328e+01 1.260372e+01 1.828697e+01 1.054773e+01 1.331298e+01 1.381687e+01 1.320770e+01 2.782843e-01 1.399020e-01 3.099084e-01 6.627392e-01 1.323949e+00 2.150173e+00 4.567848e+00 1.552287e+00 3.095368e+00 1.917755e+00 3.144341e+00 2.188338e+00 2.971569e+00 4.877053e-01 1.552501e-01 1.432150e-01 1.169486e-01 3.669423e-01 6.356624e-01 1.029118e+00 4.862992e-01 4.289848e-01 3.530369e-01 5.831214e-01 4.888058e-01 5.926313e-01 1.062028e-01
<GCONST> 8.513277e+01
<STATE> 3
<MEAN> 39
 -1.708494e+01 -5.333865e+00 5.532187e-01 -5.196583e+00 3.671577e+00 -1.609702e+01 -4.036767e+00 -6.674886e+00 8.962513e-01 -5.911537e+00 -5.317680e-01 -2.185841e+00 6.177874e+01 2.380714e+00 1.977611e+00 1.363306e+00 2.750848e-01 -3.828783e-01 -5.060477e+00 -2.409662e+00 -1.220201e+00 -1.153697e-01 6.289997e-01 -8.371612e-01 1.182018e+00 2.125216e+00 9.700710e-01 5.235059e-01 1.276390e-01 7.376490e-02 -5.152659e-01 3.203872e-01 -4.938131e-01 -3.457813e-01 -3.419648e-01 8.789704e-02 2.681901e-01 -3.860424e-01 1.251732e-01
<VARIANCE> 39
 1.658333e+01 1.266532e+01 1.582669e+01 5.517004e+01 5.430624e+01 1.627989e+02 3.972110e+01 6.527162e+01 3.073368e+01 8.294583e+01 4.316064e+01 5.315452e+01 1.113263e+01 4.731787e+00 3.049659e+00 1.436825e+00 4.031281e+00 6.021393e+00 1.125717e+01 5.904362e+00 4.496774e+00 4.095579e+00 5.406848e+00 8.679811e+00 2.495807e+00 6.335105e-01 3.231682e-01 4.034797e-01 3.392145e-01 7.443233e-01 9.527193e-01 2.686392e+00 8.534465e-01 7.261636e-01 8.221253e-01 8.493294e-01 1.059674e+00 6.341701e-01 1.498615e-01
<GCONST> 1.307667e+02
<STATE> 4
<MEAN> 39
 -2.351591e+00 4.237993e+00 3.915225e+00 -3.218917e+00 -1.817533e+00 -2.656518e+01 -1.419157e+01 -1.342361e+01 -2.728535e+00 -2.045280e+00 -1.247438e-01 -2.536661e+00 6.801740e+01 2.977046e+00 1.016637e+00 3.592293e-01 -1.065603e-01 -1.312686e+00 2.516414e-01 -1.752120e+00 -2.799754e-01 -1.303459e+00 7.211007e-01 9.508409e-01 -1.627520e+00 1.379528e+00 -9.265392e-01 -9.065771e-01 -2.980957e-01 -5.982658e-02 1.578389e-01 1.267289e+00 9.662225e-01 7.771423e-01 -1.437055e-01 -2.324070e-01 1.734153e-01 -4.082035e-01 -4.180306e-01
<VARIANCE> 39
 7.164220e+00 1.225039e+01 1.878830e+01 5.177626e+01 8.210397e+01 4.840496e+01 6.509346e+01 6.284100e+01 4.181435e+01 7.835719e+01 1.621466e+02 5.837730e+01 5.914330e+00 2.248401e+00 2.920901e+00 2.427735e+00 3.761254e+00 5.398598e+00 4.041443e+00 3.472091e+00 4.952711e+00 6.818307e+00 2.782361e+00 7.767561e+00 1.546420e+00 4.455561e-01 1.566195e-01 1.557158e-01 3.208745e-01 4.874622e-01 5.268311e-01 1.027521e+00 4.072720e-01 8.021876e-01 8.891119e-01 5.639188e-01 6.408382e-01 3.209737e-01 3.903524e-02
<GCONST> 1.204886e+02
<STATE> 5
<MEAN> 39
 4.925183e-01 2.451235e+00 6.658581e+00 -1.785927e+00 -2.754689e+00 -2.125570e+01 -1.456430e+01 -6.954028e+00 -9.228129e+00 -2.620883e+00 5.754399e+00 -7.859158e+00 7.059241e+01 -1.585658e-01 -2.712846e-01 1.232187e+00 6.471041e-01 -1.033536e+00 4.261468e-01 1.020575e+00 1.086901e+00 -1.199728e+00 -9.307306e-01 3.008274e-01 -5.647548e-01 3.857457e-02 -3.366843e-01 1.371602e-01 1.359475e-01 2.006892e-02 2.151486e-01 1.105239e-01 2.508362e-01 -1.695566e-01 1.692432e-01 -1.308234e-01 -1.628493e-01 1.637189e-01 -2.719900e-01
<VARIANCE> 39
 4.186619e+00 1.289144e+01 4.233992e+01 6.812894e+01 1.596769e+02 9.133461e+01 6.869569e+01 6.523543e+01 1.099015e+02 8.305359e+01 2.552812e+02 6.651045e+01 5.484689e+00 3.515952e-01 4.732106e-01 1.382056e+00 2.413492e+00 2.533993e+00 3.767316e+00 2.206662e+00 3.362026e+00 5.611553e+00 3.447240e+00 1.599573e+00 2.038713e+00 2.558939e-01 6.408452e-02 1.337962e-01 4.124364e-01 4.152362e-01 5.547048e-01 7.380435e-01 4.553950e-01 8.452034e-01 9.202691e-01 6.635382e-01 4.750406e-01 2.398094e-01 4.504825e-02
<GCONST> 1.145048e+02
<STATE> 6
<MEAN> 39
 -2.887345e+00 3.665711e+00 1.045602e+01 -8.114263e-04 -5.450284e+00 -1.739599e+01 -5.886846e+00 -6.931020e+00 -9.836802e+00 -6.775752e+00 1.352210e+00 -9.019684e+00 6.704826e+01 -5.664895e-01 6.199006e-01 -1.041823e-01 3.309992e-01 1.094918e+00 1.568187e+00 6.451215e-01 -8.027390e-01 6.942595e-01 -4.365562e-01 -5.596889e-01 -1.488344e-01 -1.054228e+00 -4.761254e-03 4.929726e-03 -2.720389e-01 -5.529993e-02 1.415915e-01 -2.019138e-02 -2.904580e-01 -1.602758e-01 1.638088e-01 -7.483480e-03 -6.015145e-03 1.194979e-01 1.239369e-02
<VARIANCE> 39
 2.996052e+00 8.206605e+00 2.243776e+01 5.282444e+01 7.018496e+01 2.430075e+01 2.453427e+01 7.429642e+01 7.680609e+01 4.123755e+01 1.986676e+02 4.778968e+01 7.182727e+00 1.920331e-01 3.360050e-01 8.944104e-01 1.294698e+00 2.068296e+00 1.091430e+00 2.146343e+00 1.688075e+00 2.708670e+00 2.346834e+00 2.857393e+00 1.441248e+00 1.107305e-01 5.075928e-02 7.472738e-02 1.790016e-01 2.620313e-01 4.508087e-01 1.936422e-01 2.402535e-01 3.040091e-01 6.506742e-01 4.333470e-01 2.283112e-01 2.549621e-01 5.473517e-02
<GCONST> 9.596519e+01
<STATE> 7
<MEAN> 39
 -5.787800e+00 5.781547e+00 9.156549e+00 1.455691e+00 -1.192943e+00 -1.104762e+01 -5.153401e+00 -1.124743e+01 -6.011881e+00 -9.168450e+00 -1.438423e+00 -8.450501e+00 6.315512e+01 -1.602169e+00 4.409829e-02 5.585635e-02 -7.807034e-01 1.096952e+00 1.637895e+00 -6.543020e-01 6.080739e-02 5.178249e-01 -6.036334e-01 5.262965e-01 1.344677e-01 1.291852e-01 -5.086696e-01 -1.020123e-01 3.312205e-01 -3.549891e-01 -2.038886e-01 -3.100681e-02 -3.251763e-01 2.400530e-01 -4.017431e-02 -9.862399e-02 4.970908e-01 1.169673e-01 5.277734e-01
<VARIANCE> 39
 4.129082e+00 5.092801e+00 1.160576e+01 1.849792e+01 2.898815e+01 1.886708e+01 1.677704e+01 3.707938e+01 3.408008e+01 1.502385e+01 6.313622e+01 5.520243e+01 2.143371e+00 1.437897e+00 1.266804e+00 8.777632e-01 1.138110e+00 1.977800e+00 2.524080e+00 5.098157e+00 3.115585e+00 2.845236e+00 2.812982e+00 3.546190e+00 2.199143e+00 6.709203e-01 2.068501e-01 1.842052e-01 1.763681e-01 2.873524e-01 5.409362e-01 5.450605e-01 6.425166e-01 4.559347e-01 5.277759e-01 3.897698e-01 3.707468e-01 4.773002e-01 9.172697e-02
<GCONST> 1.022924e+02
<STATE> 8
<MEAN> 39
 -1.669379e+01 6.426604e+00 1.219152e+01 -5.331769e+00 9.221615e-02 -4.631185e+00 -1.197280e+01 -1.067262e+01 -4.594523e+00 -1.332102e+01 3.818904e+00 -8.133856e+00 6.893331e+01 -1.211882e+00 2.153372e-01 1.730936e+00 -2.895252e-01 -2.854570e+00 -8.271491e-01 -2.347053e-01 -2.118157e-01 -8.905503e-01 -7.097400e-01 1.393818e+00 8.750249e-01 1.881069e+00 1.243326e+00 -3.226724e-01 1.175477e-01 7.661111e-01 -1.245622e+00 -1.486233e+00 6.487162e-01 3.562305e-01 -5.720848e-01 1.534107e-01 -7.408457e-02 1.576679e-01 -2.058454e-02
<VARIANCE> 39
 2.899957e+01 3.567313e+01 2.523787e+01 4.062815e+01 7.693278e+01 7.011971e+01 8.106248e+01 1.219968e+02 4.994972e+01 2.826695e+01 6.928584e+01 7.126334e+01 1.231864e+01 6.229019e+00 1.916580e+00 2.433132e+00 4.456814e+00 5.647122e+00 1.100649e+01 6.648968e+00 6.175496e+00 3.909879e+00 2.866690e+00 2.930463e+00 3.576454e+00 5.774663e-01 6.414027e-01 5.734922e-01 5.014265e-01 4.208349e-01 5.311936e-01 1.416860e+00 1.142683e+00 1.565104e+00 5.654104e-01 6.575373e-01 6.980013e-01 5.537679e-01 1.750294e-01
<GCONST> 1.325961e+02
<STATE> 9
<MEAN> 39
 -9.473780e+00 2.077139e+00 1.853629e+01 -3.872618e-01 -1.583996e+01 -1.987264e+01 -7.422444e+00 -4.198399e+00 -1.284314e+01 -1.489178e+01 9.262197e+00 -3.524581e+00 7.433008e+01 2.363517e+00 -1.646676e+00 -4.055605e-01 1.047147e+00 -1.815172e+00 -3.203432e+00 -6.036714e-01 2.434978e+00 -1.719980e-01 -8.486690e-02 3.611849e-02 2.827505e-01 6.587075e-01 -6.028074e-03 7.782084e-02 -8.742545e-01 -3.194598e-01 1.364244e+00 8.523508e-01 -6.089519e-01 -2.475467e-01 8.074579e-01 3.019380e-01 -6.163721e-01 -4.138487e-01 -3.727891e-01
<VARIANCE> 39
 1.953917e+01 2.279976e+01 8.275348e+01 6.911231e+01 6.761104e+01 4.314209e+01 5.684985e+01 8.478679e+01 8.345534e+01 3.850441e+01 9.859615e+01 7.710088e+01 1.465813e+01 1.161258e+00 1.882422e+00 3.742414e+00 1.884477e+00 6.472910e+00 7.051655e+00 5.187752e+00 2.908176e+00 6.275120e+00 2.078482e+00 5.619353e+00 1.554335e+00 4.322463e-01 3.323290e-01 2.718906e-01 3.476135e-01 4.850706e-01 4.245652e-01 1.074538e+00 6.088675e-01 1.186265e+00 6.053500e-01 4.411005e-01 3.953967e-01 4.314751e-01 2.639308e-02
<GCONST> 1.237321e+02
<STATE> 10
<MEAN> 39
 -2.208548e+00 -2.552804e+00 1.030923e+01 -1.239780e+00 -1.073403e+01 -2.197233e+01 -1.539631e+01 -3.113499e+00 -6.415258e+00 -1.049814e+01 2.931417e+00 -8.544715e+00 7.364999e+01 8.247619e-01 2.324414e-02 -2.018936e+00 -6.526347e-01 1.795544e+00 1.228826e+00 -9.596814e-01 -2.090572e+00 8.923799e-01 1.424212e+00 -4.985780e-01 -6.766450e-01 -7.094706e-01 -3.303034e-01 1.816638e-01 9.055162e-02 -1.232506e-01 1.796806e-01 5.742993e-01 3.116035e-01 -5.496019e-01 -2.956201e-01 2.027016e-01 4.877651e-01 2.341530e-01 -1.689923e-01
<VARIANCE> 39
 6.582790e+00 2.655251e+01 7.018434e+01 3.605560e+01 5.817997e+01 1.664055e+01 4.033152e+01 6.294366e+01 5.239786e+01 4.347994e+01 1.583029e+02 5.994125e+01 1.388733e+01 6.442556e-01 1.103345e+00 1.227695e+00 1.018541e+00 2.391594e+00 2.408480e+00 1.556796e+00 2.343724e+00 1.790559e+00 2.809067e+00 3.524991e+00 2.990487e+00 1.364556e-01 2.980877e-02 1.902566e-01 2.770351e-01 2.622596e-01 4.619623e-01 4.644670e-01 2.894490e-01 8.374452e-01 3.803301e-01 4.502098e-01 6.409217e-01 3.597245e-01 1.331401e-02
<GCONST> 1.055166e+02
<STATE> 11
<MEAN> 39
 4.356412e-01 3.557091e+00 1.553606e-01 -4.024179e+00 -5.681841e+00 -1.178302e+01 -1.316545e+01 -1.777949e+01 -8.915234e+00 -2.763237e+00 9.524677e+00 -4.063792e+00 6.917471e+01 1.478104e-01 1.915391e-01 -7.459323e-01 -3.357128e-01 1.049295e+00 1.175389e+00 4.488640e-01 -1.183277e+00 -3.132012e-01 8.374049e-01 3.895336e-01 4.385385e-01 -6.736923e-01 -1.979880e-01 -4.976430e-02 2.195697e-01 2.210134e-01 -5.772415e-02 -2.565140e-01 1.711175e-01 4.155911e-01 1.081215e-01 -2.301139e-01 -1.814378e-01 1.155097e-01 -1.216257e-02
<VARIANCE> 39
 7.093865e+00 1.760130e+01 4.839612e+01 2.470206e+01 1.970827e+01 5.035983e+01 3.741389e+01 3.505128e+01 6.422977e+01 2.254519e+01 6.837834e+01 1.685193e+01 8.313057e+00 4.930837e-01 3.538767e-01 1.276756e+00 9.806342e-01 1.915692e+00 1.379985e+00 8.158105e-01 1.624802e+00 2.103452e+00 1.320507e+00 2.049943e+00 1.213358e+00 1.335672e-01 1.889579e-02 6.281833e-02 1.314894e-01 1.307128e-01 2.202132e-01 1.949806e-01 9.154411e-02 3.067096e-01 3.014725e-01 2.023187e-01 1.846894e-01 2.627007e-01 5.768671e-03
<GCONST> 8.526881e+01
<STATE> 12
<MEAN> 39
 -2.301450e+00 8.213233e-01 1.564517e+00 -1.975654e+00 -8.879817e-01 -1.096075e+01 -1.241235e+01 -1.329510e+01 -5.852515e+00 -4.916108e+00 4.276593e+00 -5.360315e+00 6.647701e+01 -5.559917e-01 -1.301634e-01 -5.846424e-01 4.542018e-01 9.876091e-01 3.311756e-01 1.763662e-01 -6.313440e-01 1.058340e+00 5.338647e-01 -7.669012e-02 1.371925e-02 -8.064125e-01 2.035472e-02 1.790142e-02 1.543302e-01 5.456744e-02 -5.785808e-02 -6.971857e-02 -2.652522e-02 -8.283716e-02 -2.594414e-02 -2.045854e-01 -1.883220e-01 -2.949930e-01 7.338371e-02
<VARIANCE> 39
 4.098941e+00 3.017585e+01 2.687564e+01 1.805348e+01 3.524167e+01 7.847363e+01 7.232442e+01 5.046774e+01 8.913925e+01 3.485040e+01 4.002394e+01 3.051739e+01 3.242051e+00 2.361195e-01 6.460311e-01 4.732904e-01 5.709620e-01 1.281191e+00 1.877023e+00 1.929886e+00 2.315501e+00 1.508508e+00 1.947748e+00 2.006216e+00 2.022296e+00 1.058091e-01 2.733779e-02 9.737126e-02 8.272756e-02 9.160092e-02 2.646473e-01 3.743763e-01 4.128828e-01 3.496386e-01 4.853306e-01 3.535728e-01 3.027231e-01 3.181553e-01 8.184086e-03
<GCONST> 9.058334e+01
<STATE> 13
<MEAN> 39
 -5.309735e+00 -1.701558e+00 -1.772787e+00 1.069899e-01 2.380601e+00 -1.440152e+01 -1.672240e+01 -2.099826e+01 -2.705438e+00 -4.979796e+00 -1.636111e+00 -1.116939e+01 6.366071e+01 -4.444108e-01 2.709205e-01 2.413216e-01 6.188768e-01 9.923269e-01 6.292002e-01 8.284347e-01 -1.782127e-01 -7.086790e-01 -8.773073e-01 -6.172218e-01 -2.973776e-01 -5.449120e-01 -4.385209e-02 -2.868906e-02 4.222835e-02 -2.217127e-01 -2.443360e-01 9.184030e-02 1.243503e-01 2.589996e-01 -6.725743e-02 -1.234736e-01 -3.458169e-02 2.019374e-01 1.627728e-02
<VARIANCE> 39
 3.637053e+00 2.308499e+01 2.414527e+01 2.970628e+01 4.205441e+01 2.288146e+01 3.787512e+01 1.686717e+01 4.334435e+01 3.148243e+01 7.249069e+01 4.630183e+01 1.782618e+00 2.070562e-01 5.525953e-01 4.460130e-01 8.493111e-01 1.362235e+00 9.046788e-01 1.541482e+00 1.783581e+00 3.334907e+00 2.416884e+00 1.897446e+00 2.196384e+00 2.888967e-02 4.671281e-02 6.145704e-02 9.331742e-02 1.193900e-01 2.061719e-01 1.476282e-01 2.518730e-01 2.939615e-01 5.758816e-01 6.480947e-01 3.655408e-01 3.641495e-01 7.959871e-03
<GCONST> 8.569797e+01
<STATE> 14
<MEAN> 39
 -5.964761e+00 2.214721e+00 1.443636e+00 1.929906e-01 6.680210e+00 -4.142872e+00 -4.349380e+00 -1.817363e+01 -2.561866e+00 -4.554725e+00 3.120580e+00 -3.100917e+00 6.141738e+01 -7.569572e-01 -2.319149e-01 -1.508150e-01 -2.946970e-01 2.563074e-01 4.732882e-01 4.394340e-01 1.354927e-01 -9.593447e-02 -5.811273e-01 -6.896057e-01 5.161689e-02 -4.807736e-01 -1.778069e-02 -4.109741e-02 -4.808832e-02 -1.803035e-02 -1.046222e-01 -1.089300e-01 -1.759103e-01 5.696995e-02 -1.538931e-02 1.201915e-02 -3.708664e-03 -8.897267e-02 2.247314e-02
<VARIANCE> 39
 5.583536e+00 1.246488e+01 1.955724e+01 3.348780e+01 1.053035e+01 2.073697e+01 2.678480e+01 4.277127e+01 2.901366e+01 3.357971e+01 8.788419e+01 3.170872e+01 2.271417e+00 1.281650e-01 4.613623e-01 7.376795e-01 7.368861e-01 8.124689e-01 1.862809e+00 1.420945e+00 1.289351e+00 1.287783e+00 1.319675e+00 1.337467e+00 9.807705e-01 2.616572e-02 2.182060e-02 5.813978e-02 1.236867e-01 1.826153e-01 1.571060e-01 3.234497e-01 1.478375e-01 2.669826e-01 2.992324e-01 1.867277e-01 2.123958e-01 1.420178e-01 5.553544e-03
<GCONST> 7.695872e+01
<STATE> 15
<MEAN> 39
 -1.081852e+01 -1.697358e+00 -1.663584e-01 -1.026939e+00 4.838851e+00 -4.673145e+00 -6.492178e+00 -1.703242e+01 -8.106649e+00 -1.092420e+01 -1.279292e+00 -7.533382e+00 5.951177e+01 -7.445641e-01 -3.696221e-01 -1.004009e-01 -2.952851e-01 -6.345775e-01 9.009083e-02 4.166718e-01 1.420203e+00 7.332359e-01 -3.952013e-01 -6.510635e-01 -2.369393e-01 -3.810500e-01 5.324485e-02 3.284343e-02 -5.226078e-02 -6.854570e-02 -7.198969e-02 -6.846320e-02 1.618513e-01 2.210161e-01 2.204740e-01 1.722677e-01 3.189908e-02 -5.236079e-02 3.700834e-02
<VARIANCE> 39
 2.804951e+00 5.414367e+00 8.711345e+00 7.949742e+00 1.322115e+01 2.813305e+01 2.182298e+01 2.435469e+01 4.147960e+01 4.156201e+01 4.401743e+01 3.718673e+01 9.959772e-01 8.565725e-02 2.386516e-01 5.425075e-01 1.122898e+00 5.840232e-01 6.214333e-01 1.047226e+00 2.204824e+00 1.846539e+00 2.172873e+00 9.986570e-01 1.225194e+00 2.663031e-02 1.499091e-02 3.998649e-02 8.201519e-02 1.660398e-01 1.084027e-01 1.350374e-01 9.902795e-02 3.613939e-01 3.416860e-01 3.022119e-01 1.793472e-01 1.914110e-01 3.652014e-03
<GCONST> 6.855678e+01
<STATE> 16
<MEAN> 39
 -1.383316e+01 -4.017806e+00 -2.695504e+00 -4.662242e+00 -2.001812e-02 -8.267941e+00 -5.491322e+00 -1.078650e+01 -2.176331e+00 -7.728993e+00 -6.135242e-01 -6.106081e+00 5.812479e+01 -5.491415e-01 -2.189329e-01 -1.300577e-01 -2.038579e-01 -5.721582e-02 7.147040e-01 9.890648e-01 9.981917e-01 5.108657e-01 3.061817e-01 -6.282085e-02 1.911728e-01 -2.734823e-01 7.249922e-02 7.619407e-02 1.696354e-01 1.919265e-01 2.461690e-01 2.703684e-01 1.675150e-01 -2.068125e-01 -8.868879e-02 6.275676e-02 4.515594e-02 3.028433e-02 1.940318e-02
<VARIANCE> 39
 3.959680e+00 6.631920e+00 1.026346e+01 5.947636e+00 1.137590e+01 2.954737e+01 2.687580e+01 3.015133e+01 1.696038e+01 2.212033e+01 2.248332e+01 2.920671e+01 8.119823e-01 8.439670e-02 3.055122e-01 5.043319e-01 5.514756e-01 8.862494e-01 1.693628e+00 1.261835e+00 1.357039e+00 1.298833e+00 1.385820e+00 1.021655e+00 1.031279e+00 3.125545e-02 1.799128e-02 3.374556e-02 1.046337e-01 1.565735e-01 1.092348e-01 2.083238e-01 2.445691e-01 2.423727e-01 1.250010e-01 3.976743e-01 1.660583e-01 1.770914e-01 8.988492e-03
<GCONST> 6.759218e+01
<STATE> 17
<MEAN> 39
 -1.331347e+01 8.559030e-03 2.040766e+00 9.057821e-01 7.789623e+00 2.450399e+00 3.380199e+00 -7.196355e+00 6.813315e-01 -6.589084e+00 -4.239750e+00 -8.190585e+00 5.758327e+01 -2.299029e-01 -1.471900e-01 4.650380e-01 5.468003e-01 1.838557e-01 4.323240e-01 1.074949e+00 1.050444e+00 1.479335e-01 2.286904e-01 2.371302e-01 -4.080928e-01 -7.027467e-02 -4.215500e-02 -9.933693e-02 -9.601701e-02 -9.238308e-02 -1.512926e-01 -2.044072e-01 -2.096040e-01 -1.082326e-01 -1.706608e-02 -7.932495e-02 -6.570534e-02 -2.679807e-02 2.471868e-03
<VARIANCE> 39
 4.113695e+00 1.118623e+01 1.332300e+01 1.962109e+01 2.388765e+01 2.494403e+01 2.291300e+01 2.894236e+01 1.982870e+01 1.729907e+01 2.598759e+01 2.042426e+01 4.836185e-01 1.767031e-01 4.418970e-01 7.384598e-01 6.985535e-01 1.170157e+00 1.719041e+00 1.630814e+00 2.143499e+00 2.046643e+00 1.650618e+00 2.073521e+00 1.271294e+00 4.651103e-02 3.438931e-02 8.931576e-02 1.422854e-01 1.859497e-01 1.664100e-01 3.458948e-01 2.773989e-01 4.303817e-01 5.213964e-01 2.600195e-01 3.447000e-01 2.539838e-01 4.538640e-03
<GCONST> 7.897505e+01
<STATE> 18
<MEAN> 39
 -1.633068e+01 -4.343541e+00 3.581222e-01 -4.448203e-01 5.640269e+00 2.265641e+00 6.179916e+00 -3.241874e+00 6.771813e-01 -8.055370e+00 -4.542709e+00 -1.042505e+01 5.681152e+01 -5.419313e-01 -7.481685e-01 -4.899028e-01 -4.861946e-01 -4.364872e-01 -1.456807e-01 2.003983e-01 1.570533e-01 3.256991e-01 4.364875e-02 -9.843036e-02 5.938637e-02 -2.141879e-01 2.395581e-02 -4.684132e-02 -1.162215e-01 -9.030367e-02 -6.503639e-02 -1.018993e-01 -1.383182e-01 -4.759766e-02 -5.508522e-02 -5.343838e-02 2.894523e-01 1.119045e-01 1.837190e-02
<VARIANCE> 39
 5.038040e+00 6.198431e+00 4.409249e+00 1.487681e+01 3.463030e+01 4.822204e+01 4.050924e+01 2.166225e+01 1.532035e+01 2.614598e+01 1.560905e+01 1.334285e+01 8.788814e-01 2.248470e-01 1.549955e-01 3.275070e-01 7.713174e-01 1.345842e+00 1.948166e+00 1.778188e+00 1.713476e+00 1.477066e+00 2.276142e+00 1.471585e+00 1.120429e+00 2.649779e-02 3.813151e-02 4.337157e-02 1.034136e-01 1.758867e-01 2.852255e-01 3.328913e-01 3.544476e-01 3.166286e-01 3.322689e-01 4.762864e-01 2.085607e-01 2.139580e-01 5.509277e-03
<GCONST> 7.502197e+01
<STATE> 19
<MEAN> 39
 -1.837085e+01 -7.662474e+00 -3.080685e+00 -3.765421e+00 1.735183e+00 -2.157067e+00 3.222492e+00 -3.816148e+00 2.024285e+00 -6.492880e+00 -6.254649e-01 -6.613683e+00 5.610098e+01 -2.072954e-01 -3.499321e-01 -2.590495e-01 -4.278534e-02 2.285815e-01 3.267389e-01 3.669569e-01 2.485732e-01 1.450697e-01 -2.523965e-01 2.063279e-01 -4.204472e-02 -7.714780e-02 7.849346e-02 9.809896e-02 6.999283e-02 5.729551e-02 9.845751e-02 5.930923e-02 3.741410e-02 -5.350137e-02 -1.025067e-01 -1.748768e-02 -5.560562e-02 1.561349e-02 3.923082e-02
<VARIANCE> 39
 2.293454e+00 4.643342e+00 5.741378e+00 1.265312e+01 1.466866e+01 2.538063e+01 2.976253e+01 2.464720e+01 1.654440e+01 1.508189e+01 1.434755e+01 2.417242e+01 4.530159e-01 1.201038e-01 3.543720e-01 6.431088e-01 1.416015e+00 1.051168e+00 8.512335e-01 1.760456e+00 2.074905e+00 1.324739e+00 1.627447e+00 1.921158e+00 1.958725e+00 2.597949e-02 1.274662e-02 4.108652e-02 8.507577e-02 2.590542e-01 1.763543e-01 2.218981e-01 4.128443e-01 4.303310e-01 2.141120e-01 3.145165e-01 2.724177e-01 2.467515e-01 3.105185e-03
<GCONST> 7.028873e+01
<TRANSP> 20
 0.000000e+00 1.000000e+00 0.000000e+00 0.000000e+00 0.000000e+00 0.000000e+00 0.000000e+00 0.000000e+00 0.000000e+00 0.000000e+00 0.000000e+00 0.000000e+00 0.000000e+00 0.000000e+00 0.000000e+00 0.000000e+00 0.000000e+00 0.000000e+00 0.000000e+00 0.000000e+00
 0.000000e+00 8.062302e-01 1.937697e-01 0.000000e+00 0.000000e+00 0.000000e+00 0.000000e+00 0.000000e+00 0.000000e+00 0.000000e+00 0.000000e+00 0.000000e+00 0.000000e+00 0.000000e+00 0.000000e+00 0.000000e+00 0.000000e+00 0.000000e+00 0.000000e+00 0.000000e+00
 0.000000e+00 0.000000e+00 6.931183e-01 3.068818e-01 0.000000e+00 0.000000e+00 0.000000e+00 0.000000e+00 0.000000e+00 0.000000e+00 0.000000e+00 0.000000e+00 0.000000e+00 0.000000e+00 0.000000e+00 0.000000e+00 0.000000e+00 0.000000e+00 0.000000e+00 0.000000e+00
 0.000000e+00 0.000000e+00 0.000000e+00 6.757955e-01 3.242046e-01 0.000000e+00 0.000000e+00 0.000000e+00 0.000000e+00 0.000000e+00 0.000000e+00 0.000000e+00 0.000000e+00 0.000000e+00 0.000000e+00 0.000000e+00 0.000000e+00 0.000000e+00 0.000000e+00 0.000000e+00
 0.000000e+00 0.000000e+00 0.000000e+00 0.000000e+00 8.150058e-01 1.849943e-01 0.000000e+00 0.000000e+00 0.000000e+00 0.000000e+00 0.000000e+00 0.000000e+00 0.000000e+00 0.000000e+00 0.000000e+00 0.000000e+00 0.000000e+00 0.000000e+00 0.000000e+00 0.000000e+00
 0.000000e+00 0.000000e+00 0.000000e+00 0.000000e+00 0.000000e+00 8.097116e-01 1.902884e-01 0.000000e+00 0.000000e+00 0.000000e+00 0.000000e+00 0.000000e+00 0.000000e+00 0.000000e+00 0.000000e+00 0.000000e+00 0.000000e+00 0.000000e+00 0.000000e+00 0.000000e+00
 0.000000e+00 0.000000e+00 0.000000e+00 0.000000e+00 0.000000e+00 0.000000e+00 7.448151e-01 2.551849e-01 0.000000e+00 0.000000e+00 0.000000e+00 0.000000e+00 0.000000e+00 0.000000e+00 0.000000e+00 0.000000e+00 0.000000e+00 0.000000e+00 0.000000e+00 0.000000e+00
 0.000000e+00 0.000000e+00 0.000000e+00 0.000000e+00 0.000000e+00 0.000000e+00 0.000000e+00 7.209348e-01 2.790652e-01 0.000000e+00 0.000000e+00 0.000000e+00 0.000000e+00 0.000000e+00 0.000000e+00 0.000000e+00 0.000000e+00 0.000000e+00 0.000000e+00 0.000000e+00
 0.000000e+00 0.000000e+00 0.000000e+00 0.000000e+00 0.000000e+00 0.000000e+00 0.000000e+00 0.000000e+00 7.448427e-01 2.551573e-01 0.000000e+00 0.000000e+00 0.000000e+00 0.000000e+00 0.000000e+00 0.000000e+00 0.000000e+00 0.000000e+00 0.000000e+00 0.000000e+00
 0.000000e+00 0.000000e+00 0.000000e+00 0.000000e+00 0.000000e+00 0.000000e+00 0.000000e+00 0.000000e+00 0.000000e+00 7.809935e-01 2.190065e-01 0.000000e+00 0.000000e+00 0.000000e+00 0.000000e+00 0.000000e+00 0.000000e+00 0.000000e+00 0.000000e+00 0.000000e+00
 0.000000e+00 0.000000e+00 0.000000e+00 0.000000e+00 0.000000e+00 0.000000e+00 0.000000e+00 0.000000e+00 0.000000e+00 0.000000e+00 7.825103e-01 2.174897e-01 0.000000e+00 0.000000e+00 0.000000e+00 0.000000e+00 0.000000e+00 0.000000e+00 0.000000e+00 0.000000e+00
 0.000000e+00 0.000000e+00 0.000000e+00 0.000000e+00 0.000000e+00 0.000000e+00 0.000000e+00 0.000000e+00 0.000000e+00 0.000000e+00 0.000000e+00 7.393678e-01 2.606322e-01 0.000000e+00 0.000000e+00 0.000000e+00 0.000000e+00 0.000000e+00 0.000000e+00 0.000000e+00
 0.000000e+00 0.000000e+00 0.000000e+00 0.000000e+00 0.000000e+00 0.000000e+00 0.000000e+00 0.000000e+00 0.000000e+00 0.000000e+00 0.000000e+00 0.000000e+00 7.205072e-01 2.794928e-01 0.000000e+00 0.000000e+00 0.000000e+00 0.000000e+00 0.000000e+00 0.000000e+00
 0.000000e+00 0.000000e+00 0.000000e+00 0.000000e+00 0.000000e+00 0.000000e+00 0.000000e+00 0.000000e+00 0.000000e+00 0.000000e+00 0.000000e+00 0.000000e+00 0.000000e+00 8.196503e-01 1.803498e-01 0.000000e+00 0.000000e+00 0.000000e+00 0.000000e+00 0.000000e+00
 0.000000e+00 0.000000e+00 0.000000e+00 0.000000e+00 0.000000e+00 0.000000e+00 0.000000e+00 0.000000e+00 0.000000e+00 0.000000e+00 0.000000e+00 0.000000e+00 0.000000e+00 0.000000e+00 7.461227e-01 2.538773e-01 0.000000e+00 0.000000e+00 0.000000e+00 0.000000e+00
 0.000000e+00 0.000000e+00 0.000000e+00 0.000000e+00 0.000000e+00 0.000000e+00 0.000000e+00 0.000000e+00 0.000000e+00 0.000000e+00 0.000000e+00 0.000000e+00 0.000000e+00 0.000000e+00 0.000000e+00 7.511541e-01 2.488459e-01 0.000000e+00 0.000000e+00 0.000000e+00
 0.000000e+00 0.000000e+00 0.000000e+00 0.000000e+00 0.000000e+00 0.000000e+00 0.000000e+00 0.000000e+00 0.000000e+00 0.000000e+00 0.000000e+00 0.000000e+00 0.000000e+00 0.000000e+00 0.000000e+00 0.000000e+00 7.445169e-01 2.554831e-01 0.000000e+00 0.000000e+00
 0.000000e+00 0.000000e+00 0.000000e+00 0.000000e+00 0.000000e+00 0.000000e+00 0.000000e+00 0.000000e+00 0.000000e+00 0.000000e+00 0.000000e+00 0.000000e+00 0.000000e+00 0.000000e+00 0.000000e+00 0.000000e+00 0.000000e+00 7.030538e-01 2.969462e-01 0.000000e+00
 0.000000e+00 0.000000e+00 0.000000e+00 0.000000e+00 0.000000e+00 0.000000e+00 0.000000e+00 0.000000e+00 0.000000e+00 0.000000e+00 0.000000e+00 0.000000e+00 0.000000e+00 0.000000e+00 0.000000e+00 0.000000e+00 0.000000e+00 0.000000e+00 7.842587e-01 2.157413e-01
 0.000000e+00 0.000000e+00 0.000000e+00 0.000000e+00 0.000000e+00 0.000000e+00 0.000000e+00 0.000000e+00 0.000000e+00 0.000000e+00 0.000000e+00 0.000000e+00 0.000000e+00 0.000000e+00 0.000000e+00 0.000000e+00 0.000000e+00 0.000000e+00 0.000000e+00 0.000000e+00
<ENDHMM>
